110
0.0	13.6	42.64	44.64	32.25	50.93	22.09	3.0	33.24	2.0	38.48	31.06	24.84	2.0	29.68	46.65	13.6	57.43	44.18	13.6	8.54	11.0	29.15	3.61	45.0	41.77	14.32	47.76	55.0	37.95	16.0	44.2	25.61	32.02	48.1	18.97	24.74	50.77	33.02	48.84	20.4	24.08	63.03	36.67	38.42	40.71	38.95	4.24	24.02	42.72	13.15	13.15	45.04	18.87	16.49	40.31	58.9	47.2	27.02	9.43	50.99	16.28	25.0	45.18	33.73	13.0	20.59	36.5	26.08	35.06	36.88	50.0	21.19	51.88	55.87	46.14	8.0	21.93	37.48	30.59	17.03	4.0	27.8	40.0	26.17	12.21	41.59	16.0	11.18	22.02	37.0	55.32	30.08	18.25	37.8	39.05	8.94	42.3	11.4	36.22	27.2	27.46	22.09	60.21	9.9	35.23	49.93	12.0	42.72	30.07	
13.6	0.0	29.07	35.01	18.79	37.48	19.1	12.08	25.06	12.04	25.3	18.97	11.31	12.53	16.12	34.54	4.24	44.78	35.11	4.47	8.0	11.4	22.47	17.03	34.93	28.28	17.72	34.93	41.4	28.02	9.43	31.38	13.0	20.0	34.83	11.18	13.15	38.48	19.42	35.61	15.0	16.4	49.82	33.29	25.55	29.12	25.81	13.6	14.76	29.83	10.3	10.2	38.08	5.39	10.63	28.46	45.34	34.48	18.36	4.24	39.56	12.08	16.12	37.66	22.02	3.16	7.28	28.44	22.2	26.0	28.16	36.4	12.65	40.16	42.45	34.18	8.54	8.6	24.08	27.8	10.82	10.63	15.23	30.08	19.7	4.47	28.23	13.6	6.0	13.04	24.33	41.77	20.0	13.04	25.06	32.28	12.37	31.14	5.0	28.86	15.0	16.28	14.87	46.69	18.03	24.33	36.36	11.7	32.25	23.77	
42.64	29.07	0.0	26.4	12.08	8.94	35.36	40.8	31.0	41.11	11.18	16.03	17.8	41.4	13.6	15.81	29.68	20.0	32.89	30.48	35.51	36.67	30.07	46.1	29.55	2.24	41.44	16.28	12.53	22.85	31.91	10.0	18.38	19.1	8.0	28.46	22.85	17.09	10.0	9.0	33.62	30.36	21.93	41.0	9.49	16.64	7.28	42.43	27.51	13.89	34.01	35.23	35.85	24.04	31.02	15.26	16.28	12.08	28.64	33.3	21.95	34.48	28.16	34.13	20.0	30.41	22.67	28.46	35.01	29.07	26.57	7.62	26.93	21.02	13.89	16.4	36.8	20.81	6.08	39.12	32.25	39.62	16.76	27.89	30.02	31.06	8.94	34.79	33.3	28.23	15.13	12.73	22.02	33.54	10.44	33.24	39.82	23.77	32.56	30.36	20.25	22.8	31.02	17.69	44.72	23.09	9.0	36.25	22.2	31.14	
44.64	35.01	26.4	0.0	31.38	26.25	25.24	41.76	51.48	44.15	35.47	17.72	27.89	42.72	29.97	12.37	32.25	21.38	56.86	39.01	36.14	34.18	16.64	48.08	54.2	24.21	34.99	42.64	33.53	7.0	43.19	17.0	23.35	39.82	22.47	25.71	38.9	15.0	28.3	22.14	47.68	46.57	30.27	20.25	17.69	9.9	19.8	46.87	43.68	39.6	31.62	45.01	10.2	33.24	28.16	11.31	33.38	16.76	46.49	38.21	10.44	46.17	44.92	8.25	41.68	38.0	33.54	9.22	22.02	50.54	8.06	30.87	23.54	12.37	28.28	11.4	43.19	28.28	22.67	22.2	44.28	43.74	21.59	51.31	19.24	33.38	34.66	29.55	41.01	43.17	38.6	30.81	15.03	46.39	17.03	10.77	47.17	48.41	40.01	10.63	37.7	40.85	46.1	33.14	40.71	45.28	34.0	33.24	4.24	16.4	
32.25	18.79	12.08	31.38	0.0	21.02	30.59	30.87	20.62	30.53	7.0	14.87	9.0	31.3	3.0	24.33	20.62	31.4	25.61	19.21	26.25	28.44	28.18	35.51	23.35	12.37	34.13	17.0	23.35	25.61	20.0	19.03	12.65	8.54	19.65	22.09	10.77	27.02	3.16	20.62	21.54	18.44	34.01	40.31	14.56	21.93	13.15	31.4	15.52	12.04	26.17	23.43	38.95	13.42	24.0	20.62	27.8	22.0	17.03	22.83	30.59	22.47	16.28	37.64	10.3	19.42	11.66	29.73	31.62	19.31	28.28	18.44	21.38	30.27	25.94	24.52	25.61	12.04	10.05	36.77	20.25	28.84	12.53	20.0	26.93	21.84	9.49	28.0	22.02	16.16	8.06	24.41	20.81	21.47	14.87	34.71	28.28	17.8	21.4	31.24	8.25	11.05	18.97	29.41	36.14	13.89	17.8	28.28	27.29	29.53	
50.93	37.48	8.94	26.25	21.02	0.0	41.11	48.92	39.2	49.5	19.1	21.93	26.17	49.58	22.47	13.93	37.64	12.65	39.62	39.2	43.42	44.1	34.53	54.45	35.9	9.22	48.3	20.62	7.28	25.02	40.82	10.0	25.81	27.66	4.0	35.36	31.78	12.81	18.87	4.12	42.54	39.22	13.0	44.01	13.93	18.03	12.53	50.99	36.4	20.22	41.34	44.1	36.4	32.65	38.08	17.0	8.54	9.49	37.36	41.73	18.6	43.42	37.0	34.48	28.28	39.05	31.4	31.02	40.02	37.05	29.02	5.83	33.54	17.03	5.0	14.87	45.45	29.0	13.45	43.29	41.18	48.1	23.85	35.13	35.17	39.05	16.0	41.59	42.01	37.16	23.09	5.1	26.93	42.49	14.87	35.23	48.6	30.41	41.23	33.02	29.15	31.62	39.92	9.43	52.15	31.06	9.43	43.57	22.56	35.36	
22.09	19.1	35.36	25.24	30.59	41.11	0.0	19.1	43.6	22.36	37.48	19.42	21.84	20.1	27.66	31.62	14.87	43.01	52.84	23.43	14.87	11.18	8.6	25.0	51.89	33.54	9.85	47.38	47.3	19.8	28.43	31.78	18.11	35.85	37.34	8.94	30.53	35.81	29.15	37.7	34.06	35.38	50.61	14.87	27.2	25.24	28.86	25.5	33.42	42.58	9.85	28.3	23.35	21.63	8.49	25.55	49.65	34.0	37.01	19.72	33.94	30.81	34.83	23.77	38.08	22.02	23.32	16.12	4.0	44.1	17.2	42.76	9.22	35.38	45.31	30.81	24.17	19.31	29.27	8.94	29.83	22.8	19.0	47.41	6.4	15.0	39.12	6.32	23.85	31.89	38.33	46.17	14.32	32.02	26.25	17.46	27.86	47.17	23.02	15.23	31.3	33.62	33.94	50.33	15.81	41.15	44.28	10.2	24.76	8.94	
3.0	12.08	40.8	41.76	30.87	48.92	19.1	0.0	33.73	3.61	37.34	28.6	23.02	1.0	28.18	44.1	11.31	55.0	44.55	13.04	5.83	8.0	26.17	6.32	45.1	39.82	11.66	46.84	53.25	35.11	16.28	41.87	23.35	31.4	45.97	16.16	24.19	48.26	31.38	46.67	21.19	24.52	60.83	33.73	36.12	38.08	36.77	6.71	24.08	41.76	10.2	13.93	42.05	17.46	13.6	37.74	57.01	44.82	27.29	8.25	48.3	17.09	25.18	42.19	33.24	12.17	19.31	33.54	23.09	35.36	33.96	48.26	18.38	49.24	53.81	43.57	8.54	20.0	35.47	27.66	17.46	5.0	25.5	40.11	23.19	9.9	40.31	13.0	11.05	22.09	36.14	53.41	27.31	18.97	35.47	36.06	10.63	42.05	11.0	33.24	26.48	27.07	22.56	58.26	8.06	35.01	48.37	9.0	39.92	27.07	
33.24	25.06	31.0	51.48	20.62	39.2	43.6	33.73	0.0	31.26	20.1	34.0	24.41	33.54	21.54	44.91	29.15	51.0	11.0	21.54	32.31	36.25	44.6	35.01	12.65	32.06	42.54	23.32	38.6	45.18	17.46	39.46	29.41	12.17	39.0	34.83	13.45	47.38	23.77	40.0	13.0	9.22	51.79	56.57	35.17	42.38	33.73	30.02	10.3	20.25	35.36	20.1	57.98	22.02	35.23	41.11	43.68	42.3	6.71	26.57	51.2	17.03	8.94	56.94	11.0	22.85	20.52	48.26	46.1	2.83	47.17	34.71	35.38	50.8	43.57	45.12	25.32	25.5	30.59	51.74	16.28	29.27	30.53	8.06	42.43	29.53	23.35	38.59	22.8	12.08	16.12	41.0	38.83	15.03	35.44	53.01	25.0	12.73	23.09	49.41	13.89	10.82	11.18	45.61	41.48	8.25	32.28	36.67	47.54	46.01	
2.0	12.04	41.11	44.15	30.53	49.5	22.36	3.61	31.26	0.0	36.67	30.02	23.35	2.83	28.02	45.65	12.53	56.3	42.19	11.7	8.06	11.18	29.02	5.0	43.0	40.31	15.26	45.88	53.41	37.36	14.0	43.01	24.41	30.08	46.75	18.44	22.8	49.74	31.4	47.51	18.44	22.09	61.72	37.11	37.2	39.81	37.64	3.16	22.02	40.85	13.0	11.18	45.0	17.2	16.12	39.36	57.38	46.04	25.02	7.81	50.16	14.32	23.0	45.04	31.78	11.18	18.87	36.22	26.31	33.06	36.5	48.41	20.62	50.99	54.45	45.18	6.0	20.52	36.07	31.05	15.03	2.0	26.63	38.0	26.02	11.18	39.82	16.12	9.22	20.02	35.11	53.81	29.41	16.28	36.62	39.0	7.21	40.31	9.49	36.06	25.3	25.5	20.1	58.73	11.4	33.24	48.26	12.17	42.06	30.0	
38.48	25.3	11.18	35.47	7.0	19.1	37.48	37.34	20.1	36.67	0.0	20.59	16.0	37.7	10.0	26.4	27.46	31.06	21.93	25.06	32.98	35.36	34.54	41.59	18.87	12.65	41.11	10.0	19.24	30.48	24.84	20.62	19.42	8.94	19.1	29.07	14.87	28.16	8.54	20.1	25.0	21.1	31.78	46.52	17.8	25.61	15.81	37.22	18.6	5.1	33.14	28.43	43.93	19.92	31.0	24.21	24.17	23.09	18.79	29.15	32.7	26.87	18.87	42.45	9.22	25.5	18.03	35.23	38.33	18.0	33.6	14.87	28.28	31.95	23.54	26.83	31.38	19.03	12.81	43.32	24.76	34.89	18.97	16.76	33.53	28.64	3.61	35.0	27.78	19.85	4.0	21.19	26.83	25.5	18.44	40.22	33.6	13.04	27.29	36.89	12.04	13.6	22.2	26.0	42.95	12.0	13.04	35.23	31.24	35.85	
31.06	18.97	16.03	17.72	14.87	21.93	19.42	28.6	34.0	30.02	20.59	0.0	10.2	29.41	12.81	15.65	17.49	26.4	40.36	22.36	22.8	22.67	14.32	34.67	38.21	14.14	26.42	29.73	27.89	11.18	26.02	13.45	6.08	22.8	18.36	13.6	21.19	19.72	12.21	18.87	30.15	28.86	32.65	26.0	8.06	10.2	9.49	32.2	25.96	25.5	19.85	28.28	24.21	16.03	16.4	9.49	30.46	16.28	28.79	22.85	20.62	29.02	27.2	23.02	24.84	21.59	16.03	14.87	19.0	33.29	13.45	23.35	11.66	21.19	26.42	15.23	27.51	11.05	10.0	23.35	27.0	29.07	4.0	34.71	14.0	18.87	21.19	19.72	24.74	25.5	22.8	26.93	6.32	29.02	7.21	19.85	31.32	32.65	23.77	16.4	20.12	23.26	28.44	31.3	30.61	28.43	25.02	22.02	14.14	15.52	
24.84	11.31	17.8	27.89	9.0	26.17	21.84	23.02	24.41	23.35	16.0	10.2	0.0	23.6	6.0	24.52	12.08	34.01	32.02	13.42	17.89	19.65	20.62	28.32	30.53	16.97	25.18	26.0	30.23	21.19	16.28	20.62	5.0	14.42	23.6	13.15	11.18	28.16	8.54	24.41	20.02	18.68	38.6	32.8	14.87	20.0	14.76	24.84	15.81	21.02	17.26	18.97	33.62	6.71	15.0	19.03	34.06	23.77	18.79	15.56	30.15	19.24	17.09	32.65	16.64	13.04	6.08	23.85	23.26	24.08	22.83	25.24	12.65	30.41	31.14	24.33	19.42	3.16	12.81	28.65	17.12	21.93	6.32	26.4	18.87	13.42	18.25	19.0	16.12	15.3	16.49	30.48	14.42	19.03	14.56	28.6	22.83	25.5	15.26	25.0	10.63	13.6	18.25	35.38	27.51	20.0	25.5	19.42	24.33	22.02	
2.0	12.53	41.4	42.72	31.3	49.58	20.1	1.0	33.54	2.83	37.7	29.41	23.6	0.0	28.65	44.94	12.04	55.8	44.41	13.15	6.71	9.0	27.17	5.39	45.04	40.46	12.53	47.13	53.82	36.06	16.12	42.64	24.08	31.58	46.67	17.09	24.33	49.09	31.91	47.38	20.88	24.33	61.55	34.71	36.88	38.95	37.48	5.83	24.02	42.06	11.18	13.6	43.05	17.89	14.56	38.59	57.63	45.61	27.17	8.54	49.19	16.76	25.08	43.19	33.38	12.37	19.7	34.53	24.08	35.23	34.93	48.83	19.31	50.12	54.49	44.42	8.25	20.62	36.12	28.64	17.26	4.47	26.25	40.05	24.19	10.63	40.72	14.0	11.0	22.02	36.4	54.04	28.23	18.68	36.24	37.05	10.0	42.11	11.05	34.23	26.68	27.17	22.36	58.9	8.6	35.06	48.88	10.0	40.85	28.07	
29.68	16.12	13.6	29.97	3.0	22.47	27.66	28.18	21.54	28.02	10.0	12.81	6.0	28.65	0.0	24.02	17.72	32.02	27.59	16.97	23.41	25.5	25.55	33.02	25.61	13.42	31.14	20.0	25.5	23.85	18.36	19.1	9.85	10.0	20.62	19.1	10.05	27.07	3.61	21.54	20.62	18.03	35.36	37.74	14.04	20.88	13.04	29.07	15.03	15.03	23.19	21.63	37.01	10.82	21.0	19.65	29.73	22.2	17.12	20.25	30.15	21.02	16.0	35.81	12.04	17.03	9.22	27.59	28.79	20.59	26.25	20.52	18.44	30.02	27.46	24.08	23.35	9.06	10.2	34.01	18.79	26.4	10.0	21.93	24.17	18.97	12.37	25.0	19.8	15.3	10.77	26.25	18.44	20.25	14.14	32.53	26.25	20.25	19.1	29.0	8.06	11.18	18.25	31.24	33.24	15.62	20.25	25.32	26.0	26.93	
46.65	34.54	15.81	12.37	24.33	13.93	31.62	44.1	44.91	45.65	26.4	15.65	24.52	44.94	24.02	0.0	33.12	11.4	48.33	37.64	38.28	37.64	23.71	50.25	45.18	13.89	40.36	31.89	21.19	12.65	40.79	5.83	21.54	32.76	10.3	28.43	34.0	4.24	21.21	9.85	44.18	42.0	19.31	31.26	10.0	6.4	11.18	47.85	39.0	29.68	34.83	43.42	22.56	31.05	31.24	6.4	21.1	4.47	41.11	38.48	6.32	43.74	40.01	20.62	34.21	37.0	30.59	18.44	29.53	43.42	16.49	18.87	26.25	6.0	16.03	1.0	43.08	26.25	14.32	31.62	41.59	44.72	19.31	43.08	25.24	34.48	24.7	33.94	40.16	39.05	30.08	18.44	17.69	43.42	10.05	22.02	46.82	39.36	39.22	20.4	32.06	35.13	42.05	21.0	45.28	37.64	22.2	36.88	9.0	24.17	
13.6	4.24	29.68	32.25	20.62	37.64	14.87	11.31	29.15	12.53	27.46	17.49	12.08	12.04	17.72	33.12	0.0	43.83	39.0	8.6	5.83	8.0	18.68	17.2	38.6	28.6	14.14	37.34	42.19	25.32	13.6	30.61	12.04	23.19	34.66	7.28	16.76	37.22	20.62	35.36	19.21	20.62	49.52	29.15	24.84	27.31	25.46	14.87	18.87	32.25	6.32	13.93	34.53	8.06	6.4	26.83	45.8	33.6	22.47	6.0	37.7	16.12	20.25	34.23	25.32	7.21	10.05	25.08	18.03	29.97	25.0	37.22	9.06	38.48	42.52	32.65	11.0	8.94	24.21	23.6	15.0	11.7	14.21	33.84	15.81	1.41	30.08	9.43	9.49	17.2	27.02	42.2	17.26	17.2	24.21	28.64	15.0	34.53	8.54	25.32	18.25	19.92	19.1	47.01	15.52	27.89	37.58	8.06	29.83	19.92	
57.43	44.78	20.0	21.38	31.4	12.65	43.01	55.0	51.0	56.3	31.06	26.4	34.01	55.8	32.02	11.4	43.83	0.0	52.17	47.42	49.2	48.84	34.99	61.03	48.51	19.1	51.74	33.24	17.8	23.71	49.98	13.42	31.91	39.05	12.0	39.62	41.98	7.21	28.64	11.0	52.63	49.82	9.0	41.48	19.24	17.8	19.31	58.31	46.87	32.76	46.01	52.92	31.06	40.72	42.45	17.69	15.0	10.3	48.37	48.88	11.05	52.81	47.68	29.07	40.0	46.96	39.92	29.15	40.82	49.04	27.31	18.38	37.48	9.06	10.63	12.21	53.24	36.24	21.84	42.54	50.6	55.23	29.68	47.52	36.62	45.22	28.28	45.28	50.09	47.3	35.06	14.21	29.07	52.2	19.72	32.02	56.8	42.95	49.19	31.02	39.62	42.43	50.22	13.89	56.57	43.05	21.93	48.1	19.31	35.36	
44.18	35.11	32.89	56.86	25.61	39.62	52.84	44.55	11.0	42.19	21.93	40.36	32.02	44.41	27.59	48.33	39.0	52.17	0.0	32.02	42.72	46.49	52.63	46.01	4.12	34.54	52.81	20.02	37.0	51.22	28.28	42.54	36.88	17.69	40.52	43.91	22.36	49.98	28.6	41.48	24.0	20.1	51.04	64.82	39.45	47.17	37.59	41.01	20.62	19.42	45.31	31.06	64.54	31.3	44.72	45.79	42.01	44.94	17.26	37.11	54.63	28.02	19.42	63.25	15.56	33.24	29.53	55.17	54.92	9.22	53.81	34.23	44.1	53.85	43.19	48.75	36.22	33.84	34.48	60.46	27.17	40.2	37.48	5.66	50.8	39.56	24.04	48.33	33.54	22.56	18.36	40.05	45.97	26.02	39.96	60.11	36.0	9.22	33.73	56.57	21.63	19.24	22.09	44.01	52.17	12.04	31.06	46.82	52.7	54.04	
13.6	4.47	30.48	39.01	19.21	39.2	23.43	13.04	21.54	11.7	25.06	22.36	13.42	13.15	16.97	37.64	8.6	47.42	32.02	0.0	10.77	14.76	26.93	16.55	32.25	30.0	21.02	34.18	42.45	32.02	5.0	34.01	16.28	18.44	36.89	15.65	11.18	41.44	20.52	37.74	10.63	12.53	51.87	37.74	28.23	32.56	28.18	12.21	11.4	29.15	14.21	6.0	42.45	6.71	15.0	31.78	46.69	37.16	14.87	5.1	42.95	7.62	12.65	41.98	20.22	1.41	7.81	32.76	26.63	22.8	32.39	37.48	17.09	43.42	44.2	37.36	6.4	11.4	26.08	32.2	6.4	9.85	18.44	27.29	24.17	8.49	28.3	17.69	2.83	9.49	23.41	43.19	24.08	8.6	27.86	36.69	9.43	29.02	2.24	33.24	13.6	14.04	10.82	48.17	20.22	22.0	37.01	15.26	36.06	28.23	
8.54	8.0	35.51	36.14	26.25	43.42	14.87	5.83	32.31	8.06	32.98	22.8	17.89	6.71	23.41	38.28	5.83	49.2	42.72	10.77	0.0	4.24	21.0	12.08	42.76	34.41	10.3	42.76	48.02	29.41	15.26	36.12	17.69	28.0	40.36	10.44	21.1	42.44	26.4	41.04	20.81	23.26	55.15	29.73	30.41	32.25	31.14	11.0	22.14	37.66	5.1	14.14	37.01	13.15	8.06	31.91	51.61	39.05	25.63	5.83	42.49	17.03	23.41	37.01	30.02	9.49	15.13	28.16	18.68	33.53	28.44	43.05	12.65	43.42	48.27	37.74	9.43	14.76	30.0	23.77	16.64	8.06	19.8	37.85	18.0	4.47	35.74	8.54	10.0	20.25	32.25	48.01	21.54	18.6	29.73	31.02	13.0	39.12	9.43	28.02	23.0	24.19	21.47	52.8	10.05	32.25	43.38	5.0	34.18	22.02	
11.0	11.4	36.67	34.18	28.44	44.1	11.18	8.0	36.25	11.18	35.36	22.67	19.65	9.0	25.5	37.64	8.0	48.84	46.49	14.76	4.24	0.0	18.25	14.14	46.32	35.36	6.32	45.28	49.19	27.73	19.42	36.12	18.36	31.14	40.8	9.22	24.52	41.87	28.16	41.4	25.0	27.29	55.32	25.96	30.61	31.4	31.62	14.32	26.0	40.2	2.83	18.38	34.06	16.03	6.4	31.24	52.48	38.9	29.55	10.0	41.34	21.26	27.31	34.23	33.24	13.42	18.03	25.71	15.13	37.34	26.25	44.28	11.4	42.44	48.83	37.01	13.6	16.49	30.89	19.92	20.81	11.7	20.25	41.48	15.3	7.07	37.85	5.0	14.21	24.17	35.01	48.88	20.25	22.8	29.83	28.07	17.0	42.43	13.6	25.32	26.17	27.66	25.55	53.54	8.06	35.69	44.94	1.0	32.65	19.1	
29.15	22.47	30.07	16.64	28.18	34.53	8.6	26.17	44.6	29.02	34.54	14.32	20.62	27.17	25.55	23.71	18.68	34.99	52.63	26.93	21.0	18.25	0.0	32.39	51.04	28.02	18.36	43.97	41.19	11.4	31.78	24.74	15.81	35.0	30.59	11.4	31.14	27.78	26.0	30.81	37.12	37.44	42.95	12.21	21.02	17.46	23.0	32.0	35.0	39.56	16.03	32.57	16.03	23.02	13.04	18.03	42.95	26.57	38.42	24.52	25.5	34.54	36.4	16.03	37.2	25.63	24.21	7.62	5.83	44.55	8.6	37.01	9.85	27.02	38.33	22.83	29.43	19.1	24.19	9.06	33.11	29.02	15.65	47.01	3.0	19.42	35.44	13.34	28.16	33.84	36.24	39.62	8.06	35.34	20.02	10.05	33.38	45.79	27.2	7.07	31.14	33.94	36.36	43.42	24.17	40.61	39.05	17.26	16.28	1.41	
3.61	17.03	46.1	48.08	35.51	54.45	25.0	6.32	35.01	5.0	41.59	34.67	28.32	5.39	33.02	50.25	17.2	61.03	46.01	16.55	12.08	14.14	32.39	0.0	47.1	45.28	16.49	50.7	58.41	41.44	18.25	47.8	29.21	34.79	51.66	22.47	27.51	54.38	36.4	52.4	22.02	26.02	66.6	39.32	42.01	44.29	42.52	5.0	26.31	45.69	16.49	15.03	48.17	22.2	19.92	43.91	62.37	50.8	29.07	12.81	54.56	18.0	27.17	48.37	36.4	16.12	23.85	39.81	29.0	37.01	40.26	53.41	24.7	55.47	59.4	49.74	10.44	25.46	41.01	33.24	19.1	6.71	31.4	42.11	29.43	15.81	44.78	19.1	13.93	24.33	39.92	58.8	33.62	20.0	41.4	42.19	10.05	44.72	14.32	39.46	30.08	30.08	24.02	63.7	11.18	37.66	53.25	15.13	46.24	33.24	
45.0	34.93	29.55	54.2	23.35	35.9	51.89	45.1	12.65	43.0	18.87	38.21	30.53	45.04	25.61	45.18	38.6	48.51	4.12	32.25	42.76	46.32	51.04	47.1	0.0	31.3	52.63	16.0	33.02	48.84	29.0	39.36	35.23	16.12	37.0	42.95	21.84	46.62	26.17	37.95	25.32	21.1	47.1	63.25	36.62	44.41	34.67	42.11	21.02	15.81	44.92	32.06	62.24	30.68	44.01	43.01	38.0	41.63	18.03	37.34	51.43	29.15	20.0	60.88	13.89	33.38	28.79	53.08	53.71	10.2	51.62	30.41	42.94	50.57	39.32	45.65	37.0	32.65	31.62	59.17	28.02	41.0	35.61	5.0	49.4	39.29	20.62	47.76	34.06	23.02	15.62	36.12	44.05	27.17	37.2	58.05	37.22	5.83	34.13	54.56	20.62	18.68	23.09	40.0	52.47	10.77	27.17	46.57	50.0	52.43	
41.77	28.28	2.24	24.21	12.37	9.22	33.54	39.82	32.06	40.31	12.65	14.14	16.97	40.46	13.42	13.89	28.6	19.1	34.54	30.0	34.41	35.36	28.02	45.28	31.3	0.0	39.92	18.44	13.93	20.62	31.76	8.06	17.0	20.0	7.28	26.93	23.09	15.52	9.85	8.25	33.84	30.81	21.95	38.83	7.28	14.42	5.1	41.77	27.89	15.81	32.65	34.99	33.62	23.43	29.55	13.04	17.2	10.44	29.27	32.53	20.12	34.44	28.64	31.91	21.1	29.83	22.2	26.25	33.06	30.27	24.35	9.22	25.3	19.31	14.21	14.42	36.24	19.85	4.47	37.05	32.2	38.9	15.23	29.41	28.07	30.0	10.82	33.24	32.8	28.46	16.49	13.6	20.0	33.62	8.25	31.02	39.41	25.5	32.02	28.16	20.62	23.35	31.32	18.44	43.42	24.33	11.05	34.89	20.0	29.07	
14.32	17.72	41.44	34.99	34.13	48.3	9.85	11.66	42.54	15.26	41.11	26.42	25.18	12.53	31.14	40.36	14.14	51.74	52.81	21.02	10.3	6.32	18.36	16.49	52.63	39.92	0.0	51.09	53.85	29.21	25.55	39.66	23.09	37.34	44.78	13.0	30.81	44.6	33.54	45.28	31.06	33.54	58.82	23.02	34.48	33.97	35.78	18.36	32.31	46.04	8.0	24.21	32.98	22.2	10.44	34.06	56.8	42.2	35.85	16.12	43.28	27.2	33.62	33.53	39.46	19.7	24.19	25.94	13.6	43.66	26.93	49.04	14.76	44.6	52.84	39.62	19.1	22.09	35.47	17.0	26.93	16.4	24.7	47.8	15.81	13.34	43.42	6.71	20.25	30.46	41.01	53.23	22.67	28.84	33.62	27.2	22.02	48.66	19.72	25.08	32.39	33.96	31.76	57.71	6.08	41.98	50.0	6.08	34.21	18.79	
47.76	34.93	16.28	42.64	17.0	20.62	47.38	46.84	23.32	45.88	10.0	29.73	26.0	47.13	20.0	31.89	37.34	33.24	20.02	34.18	42.76	45.28	43.97	50.7	16.0	18.44	51.09	0.0	17.03	38.59	33.12	26.17	29.27	16.12	22.47	39.05	23.26	32.45	18.25	23.32	32.02	27.66	31.14	55.71	25.24	32.8	23.02	46.1	25.81	5.1	43.1	36.72	51.87	29.61	41.0	31.4	22.0	27.8	24.76	38.6	37.8	34.67	25.61	50.22	15.0	34.79	27.66	43.83	48.05	20.59	42.06	14.87	38.21	36.62	23.54	32.56	40.31	29.02	20.59	52.89	32.76	44.01	28.64	16.76	43.17	38.47	8.54	45.0	36.77	27.46	10.77	20.22	36.06	33.02	26.08	48.76	42.06	11.4	36.4	45.62	20.62	21.1	29.21	24.0	52.77	15.62	11.4	45.18	38.42	45.22	
55.0	41.4	12.53	33.53	23.35	7.28	47.3	53.25	38.6	53.41	19.24	27.89	30.23	53.82	25.5	21.19	42.19	17.8	37.0	42.45	48.02	49.19	41.19	58.41	33.02	13.93	53.85	17.03	0.0	32.14	43.28	17.12	30.87	28.18	11.18	40.85	33.6	19.72	22.02	11.4	44.1	40.31	14.14	51.09	20.22	25.18	18.44	54.56	37.74	18.44	46.52	46.75	43.68	36.24	43.46	24.08	5.1	16.76	38.01	45.61	25.55	45.61	38.08	41.76	28.23	42.52	34.71	38.12	46.53	36.14	36.12	5.0	39.22	23.85	7.21	22.14	48.84	33.29	18.38	50.09	43.42	51.86	29.15	33.24	41.59	43.57	15.65	47.17	45.28	38.83	22.85	3.61	33.38	44.41	21.21	42.43	51.62	28.07	44.6	40.11	30.81	32.76	41.34	7.07	57.25	30.36	6.32	48.75	29.83	42.11	
37.95	28.02	22.85	7.0	25.61	25.02	19.8	35.11	45.18	37.36	30.48	11.18	21.19	36.06	23.85	12.65	25.32	23.71	51.22	32.02	29.41	27.73	11.4	41.44	48.84	20.62	29.21	38.59	32.14	0.0	36.22	15.03	16.49	33.84	21.02	18.97	32.31	16.55	22.67	21.0	40.79	39.85	31.95	19.0	13.42	7.0	15.65	40.02	37.0	35.0	25.08	38.01	13.45	26.31	21.54	8.06	33.06	16.12	39.92	31.26	14.14	39.2	38.28	12.04	35.81	31.0	26.68	6.0	17.2	44.42	4.0	28.64	16.76	15.62	28.16	11.7	36.22	21.38	18.03	18.97	37.34	36.88	14.87	45.61	13.45	26.48	30.23	23.32	34.01	36.4	33.24	30.0	8.06	39.46	12.53	10.44	40.2	43.14	33.02	8.0	31.3	34.44	39.29	33.24	34.67	39.41	31.32	26.83	5.0	11.66	
16.0	9.43	31.91	43.19	20.0	40.82	28.43	16.28	17.46	14.0	24.84	26.02	16.28	16.12	18.36	40.79	13.6	49.98	28.28	5.0	15.26	19.42	31.78	18.25	29.0	31.76	25.55	33.12	43.28	36.22	0.0	36.69	20.0	17.0	38.91	20.59	10.0	44.38	21.95	39.81	5.66	8.25	53.71	42.72	31.05	36.12	30.68	13.34	8.06	28.3	19.1	3.61	47.13	10.0	20.0	35.23	47.8	39.85	11.05	9.43	46.39	3.0	9.0	46.57	18.38	6.4	10.2	37.36	31.62	19.1	36.88	38.42	21.93	46.69	45.79	40.61	8.0	15.0	28.23	37.2	1.41	12.0	22.02	24.0	29.07	13.45	28.32	22.63	5.39	6.08	22.47	44.41	28.44	3.61	30.81	41.44	8.94	26.48	5.83	37.95	12.81	12.08	6.32	49.41	24.04	19.42	37.48	20.0	40.01	33.11	
44.2	31.38	10.0	17.0	19.03	10.0	31.78	41.87	39.46	43.01	20.62	13.45	20.62	42.64	19.1	5.83	30.61	13.42	42.54	34.01	36.12	36.12	24.74	47.8	39.36	8.06	39.66	26.17	17.12	15.03	36.69	0.0	18.6	27.29	6.0	27.02	29.15	8.0	16.0	6.08	39.62	37.12	19.21	34.01	5.83	8.06	6.08	44.94	34.13	23.85	33.3	39.56	26.93	27.31	29.83	7.0	18.25	3.16	36.0	35.51	12.08	39.56	35.06	25.08	28.64	33.54	26.57	21.02	30.36	37.85	19.03	13.93	25.0	11.4	13.6	6.4	39.82	22.83	9.0	33.38	37.36	41.88	16.4	37.34	25.63	32.02	18.87	33.02	36.67	34.37	24.35	15.03	17.46	39.05	6.4	25.32	43.38	33.54	35.78	23.02	27.02	30.0	37.34	18.68	44.05	32.02	17.0	35.47	13.0	25.5	
25.61	13.0	18.38	23.35	12.65	25.81	18.11	23.35	29.41	24.41	19.42	6.08	5.0	24.08	9.85	21.54	12.04	31.91	36.88	16.28	17.69	18.36	15.81	29.21	35.23	17.0	23.09	29.27	30.87	16.49	20.0	18.6	0.0	19.21	22.67	10.2	16.12	25.5	11.05	23.35	24.33	23.41	37.48	28.02	12.81	16.28	13.45	26.42	20.62	24.52	15.65	22.2	28.65	10.0	12.65	15.52	34.13	21.63	23.71	17.0	26.68	23.0	21.93	27.73	21.4	15.52	10.2	18.87	18.97	29.07	17.89	26.0	9.0	27.2	30.61	21.19	21.54	5.0	12.53	24.17	21.02	23.32	2.24	31.24	14.32	13.45	21.02	16.49	18.68	19.92	20.62	30.53	9.43	23.09	12.21	23.6	25.3	30.02	17.72	20.0	15.62	18.6	22.8	35.23	26.42	24.84	26.93	17.89	20.02	17.2	
32.02	20.0	19.1	39.82	8.54	27.66	35.85	31.4	12.17	30.08	8.94	22.8	14.42	31.58	10.0	32.76	23.19	39.05	17.69	18.44	28.0	31.14	35.0	34.79	16.12	20.0	37.34	16.12	28.18	33.84	17.0	27.29	19.21	0.0	27.07	26.93	7.28	35.23	11.7	28.07	16.28	12.21	40.52	47.2	23.09	30.46	21.59	30.08	9.9	11.4	29.43	20.59	47.01	15.13	28.16	29.15	33.11	30.15	9.85	23.19	39.05	18.6	10.0	45.8	2.24	19.24	13.15	37.54	37.59	10.77	36.24	23.77	26.83	38.64	32.28	32.98	24.35	16.55	18.44	43.05	16.64	28.16	19.8	12.04	33.29	24.08	12.53	32.02	20.88	11.4	5.66	30.08	28.28	17.03	23.41	42.45	25.94	11.4	20.62	38.9	5.0	5.0	13.45	34.93	38.01	5.66	21.95	31.26	35.78	36.4	
48.1	34.83	8.0	22.47	19.65	4.0	37.34	45.97	39.0	46.75	19.1	18.36	23.6	46.67	20.62	10.3	34.66	12.0	40.52	36.89	40.36	40.8	30.59	51.66	37.0	7.28	44.78	22.47	11.18	21.02	38.91	6.0	22.67	27.07	0.0	31.91	30.36	10.0	17.09	1.0	41.11	38.08	15.0	40.01	10.3	14.04	9.22	48.41	35.17	21.19	38.01	42.06	32.57	30.23	34.67	13.0	12.37	5.83	36.5	39.05	15.56	41.63	35.9	30.68	28.0	36.62	29.15	27.02	36.14	37.05	25.02	8.6	30.02	14.21	8.06	11.18	43.01	26.25	10.82	39.32	39.4	45.45	20.62	35.69	31.32	36.07	16.49	38.08	39.66	35.74	23.09	9.06	23.09	40.85	11.18	31.26	46.32	31.32	38.83	29.02	27.89	30.59	38.6	13.0	48.83	31.06	12.04	40.22	18.68	31.4	
18.97	11.18	28.46	25.71	22.09	35.36	8.94	16.16	34.83	18.44	29.07	13.6	13.15	17.09	19.1	28.43	7.28	39.62	43.91	15.65	10.44	9.22	11.4	22.47	42.95	26.93	13.0	39.05	40.85	18.97	20.59	27.02	10.2	26.93	31.91	0.0	21.63	32.65	21.02	32.45	26.08	26.91	46.23	22.2	21.63	22.2	22.83	21.21	24.76	34.13	6.4	21.19	27.29	12.81	2.83	22.02	43.83	29.73	28.32	13.15	32.25	23.26	26.17	27.07	29.15	14.32	14.42	18.0	11.31	35.23	18.11	36.06	2.24	33.29	39.96	27.8	18.11	10.44	22.47	16.97	21.95	18.11	11.7	38.47	8.54	8.06	31.02	6.32	16.76	23.35	29.61	40.25	11.18	24.19	20.81	21.38	22.09	38.28	15.81	18.11	22.36	24.7	25.61	44.78	17.03	32.2	37.11	8.49	23.77	12.65	
24.74	13.15	22.85	38.9	10.77	31.78	30.53	24.19	13.45	22.8	14.87	21.19	11.18	24.33	10.05	34.0	16.76	41.98	22.36	11.18	21.1	24.52	31.14	27.51	21.84	23.09	30.81	23.26	33.6	32.31	10.0	29.15	16.12	7.28	30.36	21.63	0.0	37.12	13.34	31.32	10.77	8.0	44.78	43.14	24.0	30.41	23.09	22.85	5.0	18.36	23.09	13.6	44.78	8.94	22.36	29.27	38.28	32.25	7.62	16.03	40.05	12.04	6.08	43.83	9.06	12.04	7.21	34.99	32.8	13.6	34.0	28.84	22.02	40.0	36.67	34.01	17.09	12.04	20.22	38.42	9.9	20.88	17.46	17.09	29.0	17.46	18.38	26.0	13.6	5.39	12.53	34.99	25.55	10.82	24.02	39.66	18.87	18.03	13.34	36.06	2.83	3.16	8.25	39.96	31.02	11.18	27.66	24.74	35.17	32.56	
50.77	38.48	17.09	15.0	27.02	12.81	35.81	48.26	47.38	49.74	28.16	19.72	28.16	49.09	27.07	4.24	37.22	7.21	49.98	41.44	42.44	41.87	27.78	54.38	46.62	15.52	44.6	32.45	19.72	16.55	44.38	8.0	25.5	35.23	10.0	32.65	37.12	0.0	24.0	9.22	47.52	45.1	15.52	34.71	13.34	10.63	14.04	51.88	42.11	30.87	39.05	47.13	25.08	34.79	35.47	10.63	18.68	5.1	44.0	42.49	5.83	47.3	43.05	23.09	36.5	40.85	34.21	22.14	33.62	45.71	20.25	18.38	30.48	4.24	13.6	5.0	47.01	30.08	17.0	35.47	45.12	48.76	23.26	44.92	29.41	38.59	26.0	38.18	44.01	42.3	32.02	16.55	21.93	46.87	13.6	25.32	50.7	40.85	43.08	24.04	35.01	38.0	45.28	18.25	49.52	39.81	21.93	41.11	12.37	28.18	
33.02	19.42	10.0	28.3	3.16	18.87	29.15	31.38	23.77	31.4	8.54	12.21	8.54	31.91	3.61	21.21	20.62	28.64	28.6	20.52	26.4	28.16	26.0	36.4	26.17	9.85	33.54	18.25	22.02	22.67	21.95	16.0	11.05	11.7	17.09	21.02	13.34	24.0	0.0	18.03	24.04	21.21	31.76	38.01	11.4	18.79	10.05	32.56	18.25	13.6	25.71	25.24	36.07	14.21	23.19	17.46	26.17	19.03	20.0	23.6	27.46	24.6	19.1	34.71	13.42	20.52	12.73	27.02	29.83	22.47	25.5	17.03	20.02	27.17	23.85	21.38	26.87	11.7	7.0	34.79	22.36	29.83	10.44	23.02	25.0	21.93	10.0	27.17	23.35	18.68	10.63	22.67	18.36	23.77	11.7	32.02	29.83	20.52	22.63	28.6	11.05	14.0	21.59	27.66	36.06	17.0	17.0	27.89	24.19	27.31	
48.84	35.61	9.0	22.14	20.62	4.12	37.7	46.67	40.0	47.51	20.1	18.87	24.41	47.38	21.54	9.85	35.36	11.0	41.48	37.74	41.04	41.4	30.81	52.4	37.95	8.25	45.28	23.32	11.4	21.0	39.81	6.08	23.35	28.07	1.0	32.45	31.32	9.22	18.03	0.0	42.06	39.05	14.21	40.0	10.82	14.0	9.9	49.2	36.14	22.14	38.6	42.94	32.28	31.06	35.23	13.04	12.17	5.39	37.48	39.82	14.87	42.54	36.88	30.36	29.0	37.44	30.02	27.0	36.4	38.05	25.0	9.22	30.53	13.45	7.62	10.77	43.83	27.02	11.66	39.46	40.31	46.23	21.26	36.67	31.62	36.77	17.46	38.59	40.5	36.69	24.08	9.0	23.41	41.79	11.66	31.14	47.17	32.28	39.66	29.0	28.86	31.58	39.56	12.65	49.41	32.06	12.73	40.8	18.44	31.58	
20.4	15.0	33.62	47.68	21.54	42.54	34.06	21.19	13.0	18.44	25.0	30.15	20.02	20.88	20.62	44.18	19.21	52.63	24.0	10.63	20.81	25.0	37.12	22.02	25.32	33.84	31.06	32.02	44.1	40.79	5.66	39.62	24.33	16.28	41.11	26.08	10.77	47.52	24.04	42.06	0.0	4.47	55.54	48.26	34.23	40.01	33.54	17.03	6.4	27.59	24.76	7.28	52.2	14.56	25.61	39.0	48.88	42.76	7.62	15.0	50.04	4.12	6.4	51.55	17.03	12.04	14.14	42.38	37.2	15.13	41.76	39.45	27.29	50.16	47.42	44.1	12.65	19.42	30.81	42.8	4.24	16.49	26.17	20.4	34.48	19.1	28.6	28.28	10.82	5.39	21.93	45.65	33.24	2.24	34.13	46.62	12.0	23.77	11.4	43.08	13.42	11.4	2.83	50.61	29.15	17.0	38.01	25.61	44.28	38.47	
24.08	16.4	30.36	46.57	18.44	39.22	35.38	24.52	9.22	22.09	21.1	28.86	18.68	24.33	18.03	42.0	20.62	49.82	20.1	12.53	23.26	27.29	37.44	26.02	21.1	30.81	33.54	27.66	40.31	39.85	8.25	37.12	23.41	12.21	38.08	26.91	8.0	45.1	21.21	39.05	4.47	0.0	52.2	49.04	32.0	38.33	31.06	21.02	3.0	23.35	26.63	11.0	51.89	14.42	26.91	37.22	45.18	40.2	3.16	17.46	48.04	8.06	2.24	51.08	12.73	13.89	13.42	42.05	38.21	11.0	41.23	35.78	27.8	48.0	44.01	42.01	16.12	18.79	28.16	43.86	7.07	20.1	25.0	16.12	35.0	20.81	24.7	30.0	13.6	3.61	17.8	42.05	32.7	6.08	32.02	46.53	16.12	19.31	13.93	42.94	10.2	7.62	2.0	46.96	32.28	12.53	34.13	27.78	42.95	38.83	
63.03	49.82	21.93	30.27	34.01	13.0	50.61	60.83	51.79	61.72	31.78	32.65	38.6	61.55	35.36	19.31	49.52	9.0	51.04	51.87	55.15	55.32	42.95	66.6	47.1	21.95	58.82	31.14	14.14	31.95	53.71	19.21	37.48	40.52	15.0	46.23	44.78	15.52	31.76	14.21	55.54	52.2	0.0	50.22	24.76	25.5	24.08	63.41	49.4	32.06	52.5	56.94	40.05	45.22	49.04	25.06	9.49	16.64	50.29	54.04	20.02	56.36	49.98	38.05	41.0	51.61	44.1	37.64	48.75	49.5	35.74	17.12	44.2	18.03	8.25	20.25	58.01	41.23	25.81	50.92	54.12	60.44	35.36	47.04	44.29	50.93	28.44	52.2	54.64	50.16	35.69	11.0	36.36	55.46	25.5	40.79	61.29	42.0	53.82	39.56	42.15	44.6	52.92	7.62	63.25	43.57	20.0	54.67	27.89	43.46	
36.67	33.29	41.0	20.25	40.31	44.01	14.87	33.73	56.57	37.11	46.52	26.0	32.8	34.71	37.74	31.26	29.15	41.48	64.82	37.74	29.73	25.96	12.21	39.32	63.25	38.83	23.02	55.71	51.09	19.0	42.72	34.01	28.02	47.2	40.01	22.2	43.14	34.71	38.01	40.0	48.26	49.04	50.22	0.0	31.58	26.0	33.73	40.26	46.75	51.48	24.7	42.94	12.73	34.71	22.83	27.02	52.04	35.06	50.25	34.44	30.68	45.28	48.17	14.21	49.41	36.36	36.07	13.0	11.18	56.64	15.0	47.38	21.26	32.57	47.1	30.27	39.0	31.14	35.44	6.08	44.1	37.64	27.78	59.2	14.14	29.53	47.17	21.19	38.47	45.45	48.37	49.0	19.7	46.32	30.59	9.49	42.72	57.98	37.59	11.0	43.28	46.01	47.8	52.15	29.0	52.8	49.82	25.0	22.36	10.82	
38.42	25.55	9.49	17.69	14.56	13.93	27.2	36.12	35.17	37.2	17.8	8.06	14.87	36.88	14.04	10.0	24.84	19.24	39.45	28.23	30.41	30.61	21.02	42.01	36.62	7.28	34.48	25.24	20.22	13.42	31.05	5.83	12.81	23.09	10.3	21.63	24.0	13.34	11.4	10.82	34.23	32.0	24.76	31.58	0.0	7.81	2.24	39.12	29.0	21.93	27.8	33.84	26.63	21.54	24.41	6.4	22.47	8.94	31.14	29.68	16.12	33.96	30.02	25.0	24.7	27.73	20.88	18.97	26.31	33.84	17.09	16.0	19.72	16.0	18.36	10.05	34.0	17.0	5.0	30.0	31.78	36.06	10.63	34.0	21.38	26.25	17.03	27.78	30.87	29.07	21.1	18.97	13.15	33.54	1.0	23.77	37.58	30.81	29.97	20.88	22.09	25.18	32.06	23.26	38.6	28.23	18.25	30.0	13.45	22.0	
40.71	29.12	16.64	9.9	21.93	18.03	25.24	38.08	42.38	39.81	25.61	10.2	20.0	38.95	20.88	6.4	27.31	17.8	47.17	32.56	32.25	31.4	17.46	44.29	44.41	14.42	33.97	32.8	25.18	7.0	36.12	8.06	16.28	30.46	14.04	22.2	30.41	10.63	18.79	14.0	40.01	38.33	25.5	26.0	7.81	0.0	9.9	42.15	35.36	29.7	28.6	38.47	19.24	26.17	25.0	1.41	26.08	9.22	37.85	32.89	10.44	39.12	36.5	17.49	32.2	31.78	26.02	13.0	23.26	41.23	11.0	21.84	20.0	11.18	21.21	5.66	37.64	21.21	12.81	25.71	37.05	39.0	14.14	41.68	18.87	28.64	24.76	27.59	34.93	35.13	28.84	23.0	11.31	39.01	7.21	17.26	41.48	38.6	33.96	15.0	28.86	32.02	38.12	26.31	38.95	35.78	24.7	30.61	5.66	18.03	
38.95	25.81	7.28	19.8	13.15	12.53	28.86	36.77	33.73	37.64	15.81	9.49	14.76	37.48	13.04	11.18	25.46	19.31	37.59	28.18	31.14	31.62	23.0	42.52	34.67	5.1	35.78	23.02	18.44	15.65	30.68	6.08	13.45	21.59	9.22	22.83	23.09	14.04	10.05	9.9	33.54	31.06	24.08	33.73	2.24	9.9	0.0	39.41	28.07	19.8	28.84	33.62	28.84	21.47	25.55	8.49	21.02	9.22	30.02	30.0	17.46	33.53	29.02	27.2	23.09	27.78	20.62	21.19	28.16	32.28	19.31	14.04	21.02	17.12	17.2	11.4	34.13	17.2	3.16	32.02	31.32	36.4	11.4	32.2	23.19	26.87	14.87	29.07	30.89	28.28	19.24	17.46	15.03	32.98	3.16	26.0	37.59	28.84	30.02	23.09	21.0	24.02	31.26	21.95	39.66	26.57	16.12	31.06	15.56	24.02	
4.24	13.6	42.43	46.87	31.4	50.99	25.5	6.71	30.02	3.16	37.22	32.2	24.84	5.83	29.07	47.85	14.87	58.31	41.01	12.21	11.0	14.32	32.0	5.0	42.11	41.77	18.36	46.1	54.56	40.02	13.34	44.94	26.42	30.08	48.41	21.21	22.85	51.88	32.56	49.2	17.03	21.02	63.41	40.26	39.12	42.15	39.41	0.0	21.38	41.15	16.03	10.05	48.01	18.38	19.03	41.63	58.69	48.02	24.08	9.43	52.55	13.0	22.2	48.01	31.62	12.04	19.85	39.12	29.43	32.02	39.32	49.58	23.35	53.31	55.97	47.42	5.83	22.2	37.64	34.21	14.14	3.16	28.65	37.12	29.0	13.6	40.5	19.24	9.43	19.42	35.34	55.15	32.02	15.0	38.59	42.01	5.1	39.81	10.0	39.01	25.5	25.3	19.03	60.11	14.14	32.76	49.2	15.3	44.64	33.02	
24.02	14.76	27.51	43.68	15.52	36.4	33.42	24.08	10.3	22.02	18.6	25.96	15.81	24.02	15.03	39.0	18.87	46.87	20.62	11.4	22.14	26.0	35.0	26.31	21.02	27.89	32.31	25.81	37.74	37.0	8.06	34.13	20.62	9.9	35.17	24.76	5.0	42.11	18.25	36.14	6.4	3.0	49.4	46.75	29.0	35.36	28.07	21.38	0.0	21.26	25.06	11.4	49.19	12.04	25.0	34.23	42.54	37.22	3.61	16.49	45.04	8.94	1.41	48.33	10.82	12.65	10.82	39.36	36.07	11.4	38.48	33.12	25.5	45.0	41.23	39.01	16.03	16.12	25.18	41.73	7.28	20.02	22.14	16.03	32.65	19.24	22.2	28.3	13.04	2.0	15.56	39.36	29.97	7.21	29.02	43.91	16.76	18.44	13.15	40.31	7.28	5.0	3.61	44.29	31.58	11.4	31.62	26.4	40.02	36.4	
42.72	29.83	13.89	39.6	12.04	20.22	42.58	41.76	20.25	40.85	5.1	25.5	21.02	42.06	15.03	29.68	32.25	32.76	19.42	29.15	37.66	40.2	39.56	45.69	15.81	15.81	46.04	5.1	18.44	35.0	28.3	23.85	24.52	11.4	21.19	34.13	18.36	30.87	13.6	22.14	27.59	23.35	32.06	51.48	21.93	29.7	19.8	41.15	21.26	0.0	38.05	31.91	48.41	24.52	36.01	28.28	23.54	25.94	20.62	33.53	35.85	30.0	21.21	46.86	10.63	29.73	22.56	39.96	43.42	17.72	38.28	15.0	33.38	34.89	24.0	30.23	35.34	24.0	17.03	48.38	28.02	39.0	24.04	15.0	38.6	33.38	5.0	40.01	31.78	22.8	5.83	21.1	31.78	28.43	22.67	44.94	37.22	10.2	31.38	41.68	15.65	16.4	24.76	25.5	47.68	12.08	12.17	40.11	35.36	40.85	
13.15	10.3	34.01	31.62	26.17	41.34	9.85	10.2	35.36	13.0	33.14	19.85	17.26	11.18	23.19	34.83	6.32	46.01	45.31	14.21	5.1	2.83	16.03	16.49	44.92	32.65	8.0	43.1	46.52	25.08	19.1	33.3	15.65	29.43	38.01	6.4	23.09	39.05	25.71	38.6	24.76	26.63	52.5	24.7	27.8	28.6	28.84	16.03	25.06	38.05	0.0	18.6	32.0	14.32	3.61	28.43	49.74	36.07	28.65	10.0	38.59	21.26	26.42	32.06	31.58	12.81	16.28	23.35	13.6	36.25	23.77	41.63	8.6	39.66	46.04	34.21	14.32	14.14	28.18	18.79	20.52	13.15	17.49	40.16	13.04	5.83	35.51	3.61	14.21	23.32	33.02	46.14	17.49	22.63	27.02	26.0	18.03	40.79	13.45	23.09	24.52	26.25	25.0	50.77	10.82	34.21	42.38	2.24	29.97	17.0	
13.15	10.2	35.23	45.01	23.43	44.1	28.3	13.93	20.1	11.18	28.43	28.28	18.97	13.6	21.63	43.42	13.93	52.92	31.06	6.0	14.14	18.38	32.57	15.03	32.06	34.99	24.21	36.72	46.75	38.01	3.61	39.56	22.2	20.59	42.06	21.19	13.6	47.13	25.24	42.94	7.28	11.0	56.94	42.94	33.84	38.47	33.62	10.05	11.4	31.91	18.6	0.0	48.27	12.37	20.12	37.66	51.22	42.72	14.04	8.6	48.84	3.16	12.17	47.85	21.93	7.07	13.0	38.64	31.76	22.0	38.33	41.87	22.8	49.24	49.09	43.17	5.39	17.26	31.3	37.22	4.12	9.22	24.33	27.07	29.73	13.42	31.89	22.2	4.47	9.49	26.08	47.8	30.07	5.1	33.53	42.45	5.39	29.83	5.39	39.05	16.4	15.65	9.0	52.8	21.93	22.8	41.01	19.1	42.05	33.84	
45.04	38.08	35.85	10.2	38.95	36.4	23.35	42.05	57.98	45.0	43.93	24.21	33.62	43.05	37.01	22.56	34.53	31.06	64.54	42.45	37.01	34.06	16.03	48.17	62.24	33.62	32.98	51.87	43.68	13.45	47.13	26.93	28.65	47.01	32.57	27.29	44.78	25.08	36.07	32.28	52.2	51.89	40.05	12.73	26.63	19.24	28.84	48.01	49.19	48.41	32.0	48.27	0.0	37.7	29.07	20.59	43.57	26.93	52.35	40.45	20.02	50.0	50.54	2.0	49.04	41.23	38.48	9.85	19.42	57.43	10.82	40.85	25.5	22.02	38.47	21.59	45.4	33.11	31.4	17.0	48.38	45.04	27.46	58.9	19.03	35.36	43.6	29.07	43.93	48.33	46.67	41.0	19.24	50.6	25.81	6.0	49.37	56.57	42.95	9.22	44.1	47.17	51.08	43.29	39.05	52.63	43.86	33.06	13.93	15.0	
18.87	5.39	24.04	33.24	13.42	32.65	21.63	17.46	22.02	17.2	19.92	16.03	6.71	17.89	10.82	31.05	8.06	40.72	31.3	6.71	13.15	16.03	23.02	22.2	30.68	23.43	22.2	29.61	36.24	26.31	10.0	27.31	10.0	15.13	30.23	12.81	8.94	34.79	14.21	31.06	14.56	14.42	45.22	34.71	21.54	26.17	21.47	18.38	12.04	24.52	14.32	12.37	37.7	0.0	13.42	25.32	40.31	30.46	15.56	9.43	36.5	13.0	13.45	37.0	17.26	6.4	2.0	27.86	24.08	22.47	27.2	31.24	13.45	36.88	37.64	30.81	12.81	5.0	19.42	29.73	11.05	15.62	12.04	26.0	20.62	9.0	22.85	17.09	9.43	10.82	19.1	36.77	18.68	13.15	21.19	32.2	16.12	26.48	8.6	28.64	10.2	12.08	13.42	41.73	23.19	19.92	31.06	16.12	30.02	24.41	
16.49	10.63	31.02	28.16	24.0	38.08	8.49	13.6	35.23	16.12	31.0	16.4	15.0	14.56	21.0	31.24	6.4	42.45	44.72	15.0	8.06	6.4	13.04	19.92	44.01	29.55	10.44	41.0	43.46	21.54	20.0	29.83	12.65	28.16	34.67	2.83	22.36	35.47	23.19	35.23	25.61	26.91	49.04	22.83	24.41	25.0	25.55	19.03	25.0	36.01	3.61	20.12	29.07	13.42	0.0	24.84	46.53	32.56	28.6	11.7	34.99	22.47	26.4	29.0	30.36	13.6	15.23	20.1	11.66	35.85	20.4	38.63	5.0	36.06	42.72	30.61	16.49	12.04	25.08	17.2	21.4	16.0	14.32	39.4	10.05	6.71	33.14	4.0	15.65	23.43	31.26	42.94	13.89	23.6	23.6	23.09	20.4	39.56	14.76	20.0	23.41	25.5	25.46	47.51	14.21	33.24	39.56	5.66	26.4	14.14	
40.31	28.46	15.26	11.31	20.62	17.0	25.55	37.74	41.11	39.36	24.21	9.49	19.03	38.59	19.65	6.4	26.83	17.69	45.79	31.78	31.91	31.24	18.03	43.91	43.01	13.04	34.06	31.4	24.08	8.06	35.23	7.0	15.52	29.15	13.0	22.02	29.27	10.63	17.46	13.04	39.0	37.22	25.06	27.02	6.4	1.41	8.49	41.63	34.23	28.28	28.43	37.66	20.59	25.32	24.84	0.0	25.18	8.54	36.67	32.31	11.18	38.21	35.36	18.87	30.87	31.05	25.08	14.04	23.77	39.92	12.04	20.62	19.85	11.7	20.4	5.83	37.0	20.4	11.4	26.48	36.12	38.48	13.34	40.31	19.24	28.18	23.35	27.59	34.21	34.06	27.46	22.02	11.4	38.05	5.83	18.44	40.8	37.2	33.24	16.03	27.66	30.81	37.05	25.5	38.9	34.44	23.41	30.48	7.07	18.68	
58.9	45.34	16.28	33.38	27.8	8.54	49.65	57.01	43.68	57.38	24.17	30.46	34.06	57.63	29.73	21.1	45.8	15.0	42.01	46.69	51.61	52.48	42.95	62.37	38.0	17.2	56.8	22.0	5.1	33.06	47.8	18.25	34.13	33.11	12.37	43.83	38.28	18.68	26.17	12.17	48.88	45.18	9.49	52.04	22.47	26.08	21.02	58.69	42.54	23.54	49.74	51.22	43.57	40.31	46.53	25.18	0.0	17.0	42.95	49.58	24.35	50.22	42.94	41.59	33.24	46.67	38.9	39.05	48.51	41.23	37.05	9.43	42.05	22.47	5.1	22.09	53.04	37.01	21.63	51.62	48.01	55.9	32.25	38.33	43.68	47.2	20.62	50.09	49.52	43.57	27.86	3.61	35.44	49.09	23.41	43.01	55.97	33.14	48.8	41.05	35.51	37.59	46.14	2.0	60.54	35.44	11.4	51.97	30.07	43.74	
47.2	34.48	12.08	16.76	22.0	9.49	34.0	44.82	42.3	46.04	23.09	16.28	23.77	45.61	22.2	4.47	33.6	10.3	44.94	37.16	39.05	38.9	26.57	50.8	41.63	10.44	42.2	27.8	16.76	16.12	39.85	3.16	21.63	30.15	5.83	29.73	32.25	5.1	19.03	5.39	42.76	40.2	16.64	35.06	8.94	9.22	9.22	48.02	37.22	25.94	36.07	42.72	26.93	30.46	32.56	8.54	17.0	0.0	39.01	38.59	10.0	42.72	38.12	25.0	31.4	36.67	29.73	22.09	32.31	40.61	20.1	14.42	27.66	8.94	12.04	5.39	42.94	25.94	12.04	34.93	40.52	44.94	19.42	39.85	27.73	35.0	21.02	35.61	39.81	37.48	26.93	14.14	19.72	42.2	9.43	26.02	46.52	35.85	38.91	24.08	30.07	33.02	40.45	17.12	46.75	34.71	17.8	38.21	13.15	27.2	
27.02	18.36	28.64	46.49	17.03	37.36	37.01	27.29	6.71	25.02	18.79	28.79	18.79	27.17	17.12	41.11	22.47	48.37	17.26	14.87	25.63	29.55	38.42	29.07	18.03	29.27	35.85	24.76	38.01	39.92	11.05	36.0	23.71	9.85	36.5	28.32	7.62	44.0	20.0	37.48	7.62	3.16	50.29	50.25	31.14	37.85	30.02	24.08	3.61	20.62	28.65	14.04	52.35	15.56	28.6	36.67	42.95	39.01	0.0	19.92	47.27	11.18	2.24	51.43	10.0	16.16	14.21	42.54	39.62	8.06	41.59	33.62	29.0	47.1	42.06	41.19	19.03	19.42	27.0	45.28	10.0	23.02	25.08	13.04	36.12	22.83	22.36	31.91	16.28	5.39	15.26	39.92	33.12	9.22	31.26	47.17	19.24	16.16	16.49	43.57	9.06	6.0	5.1	44.78	34.93	9.43	31.76	29.97	42.72	39.82	
9.43	4.24	33.3	38.21	22.83	41.73	19.72	8.25	26.57	7.81	29.15	22.85	15.56	8.54	20.25	38.48	6.0	48.88	37.11	5.1	5.83	10.0	24.52	12.81	37.34	32.53	16.12	38.6	45.61	31.26	9.43	35.51	17.0	23.19	39.05	13.15	16.03	42.49	23.6	39.82	15.0	17.46	54.04	34.44	29.68	32.89	30.0	9.43	16.49	33.53	10.0	8.6	40.45	9.43	11.7	32.31	49.58	38.59	19.92	0.0	43.32	11.31	17.72	40.2	25.08	4.0	11.18	31.06	23.26	27.89	31.0	40.61	15.03	44.01	46.69	38.08	5.0	12.81	28.32	28.65	10.82	6.4	19.24	32.39	21.59	5.1	32.2	13.6	4.24	14.56	27.89	46.01	23.19	12.81	29.15	34.53	9.0	34.0	3.61	31.26	18.25	19.0	15.65	50.93	15.13	27.02	40.5	10.63	35.69	25.71	
50.99	39.56	21.95	10.44	30.59	18.6	33.94	48.3	51.2	50.16	32.7	20.62	30.15	49.19	30.15	6.32	37.7	11.05	54.63	42.95	42.49	41.34	25.5	54.56	51.43	20.12	43.28	37.8	25.55	14.14	46.39	12.08	26.68	39.05	15.56	32.25	40.05	5.83	27.46	14.87	50.04	48.04	20.02	30.68	16.12	10.44	17.46	52.55	45.04	35.85	38.59	48.84	20.02	36.5	34.99	11.18	24.35	10.0	47.27	43.32	0.0	49.37	46.1	18.03	40.52	42.2	36.22	18.87	31.24	49.73	17.2	24.08	30.02	2.0	19.31	6.08	48.08	31.58	20.62	32.25	47.27	49.4	24.52	49.4	27.59	39.0	30.89	37.2	45.35	45.0	36.4	22.36	21.1	49.16	16.03	21.19	51.92	45.62	44.38	20.59	38.21	41.3	48.0	23.77	48.6	43.97	27.59	40.5	9.22	25.61	
16.28	12.08	34.48	46.17	22.47	43.42	30.81	17.09	17.03	14.32	26.87	29.02	19.24	16.76	21.02	43.74	16.12	52.81	28.02	7.62	17.03	21.26	34.54	18.0	29.15	34.44	27.2	34.67	45.61	39.2	3.0	39.56	23.0	18.6	41.63	23.26	12.04	47.3	24.6	42.54	4.12	8.06	56.36	45.28	33.96	39.12	33.53	13.0	8.94	30.0	21.26	3.16	50.0	13.0	22.47	38.21	50.22	42.72	11.18	11.31	49.37	0.0	9.49	49.48	19.72	8.94	13.15	40.26	34.13	19.03	39.81	40.8	24.7	49.65	48.37	43.57	8.54	18.0	31.02	39.66	2.24	12.37	25.02	24.19	31.78	15.81	30.41	24.84	7.07	7.21	24.21	46.87	31.4	2.0	33.73	44.27	8.06	27.2	7.81	40.8	14.87	13.6	6.08	51.87	25.08	20.25	39.7	21.93	43.01	35.85	
25.0	16.12	28.16	44.92	16.28	37.0	34.83	25.18	8.94	23.0	18.87	27.2	17.09	25.08	16.0	40.01	20.25	47.68	19.42	12.65	23.41	27.31	36.4	27.17	20.0	28.64	33.62	25.61	38.08	38.28	9.0	35.06	21.93	10.0	35.9	26.17	6.08	43.05	19.1	36.88	6.4	2.24	49.98	48.17	30.02	36.5	29.02	22.2	1.41	21.21	26.42	12.17	50.54	13.45	26.4	35.36	42.94	38.12	2.24	17.72	46.1	9.49	0.0	49.66	10.63	13.93	12.21	40.71	37.48	10.2	39.81	33.54	26.91	46.01	41.79	40.05	17.0	17.49	26.08	43.14	8.06	21.0	23.41	15.0	34.06	20.59	22.47	29.68	14.14	3.16	15.62	39.81	31.3	7.62	30.07	45.28	17.46	17.72	14.32	41.68	8.06	5.39	3.61	44.72	32.76	10.77	31.91	27.73	41.23	37.8	
