100
0.0	31.83	39.46	37.01	33.11	6.71	18.44	19.85	27.02	13.89	35.23	29.21	24.7	34.67	32.14	30.89	27.31	17.2	34.13	22.8	33.02	41.23	44.1	21.0	26.57	38.33	9.22	31.76	47.85	25.5	23.41	21.38	39.05	40.85	41.3	42.72	32.57	43.66	32.39	40.72	20.25	19.21	25.18	17.72	38.33	7.81	13.34	37.34	22.47	35.85	20.62	46.17	22.47	24.84	33.97	44.05	23.02	30.41	33.84	35.61	33.84	46.1	25.5	19.92	22.2	19.7	39.22	40.31	32.0	21.93	45.88	47.01	20.12	34.06	16.16	31.4	22.02	43.29	49.77	50.61	36.8	17.8	16.55	44.28	12.73	18.03	18.36	38.9	43.17	25.5	11.0	15.3	21.0	8.6	44.38	46.1	11.4	19.1	40.8	28.16	
31.83	0.0	33.62	7.0	12.04	30.53	44.78	39.05	44.28	18.6	29.97	4.0	10.05	42.58	27.86	38.33	49.24	15.26	28.64	9.43	42.3	37.59	34.06	22.09	32.14	19.85	32.65	10.0	48.75	28.16	31.0	27.02	48.66	41.23	26.17	19.7	15.81	42.49	29.73	42.72	13.0	13.04	26.17	28.44	24.08	32.25	27.51	16.4	46.17	10.3	40.02	23.77	14.14	42.43	3.0	33.3	42.95	10.3	42.43	6.08	15.62	35.38	18.25	44.94	19.03	31.26	39.0	25.46	25.08	38.47	44.29	46.96	43.01	27.73	41.23	42.11	40.79	27.66	48.37	52.8	48.26	14.21	17.0	18.44	34.54	14.76	41.11	18.6	38.59	42.3	25.06	20.62	49.19	23.43	24.19	20.4	32.7	36.88	20.25	26.68	
39.46	33.62	0.0	30.68	21.93	33.14	37.0	27.51	26.63	36.72	4.47	35.81	26.17	16.4	7.62	15.0	33.84	29.68	5.83	34.66	17.69	4.12	5.83	47.43	14.32	16.12	32.0	23.71	15.52	14.04	17.12	18.11	21.02	9.06	11.18	21.02	17.89	9.22	7.07	11.18	27.8	30.0	14.32	22.02	11.05	33.02	26.17	19.42	34.44	25.3	27.86	20.62	41.11	26.42	32.2	6.4	29.07	23.32	17.03	30.08	18.38	7.62	17.8	35.47	45.61	21.1	7.28	11.05	9.22	24.7	10.77	13.6	32.31	6.4	34.21	19.1	27.31	11.7	14.76	19.65	22.47	34.41	38.28	25.02	30.15	28.84	31.62	18.11	5.0	25.55	42.54	41.68	41.79	33.84	17.46	25.18	30.02	25.96	18.0	11.4	
37.01	7.0	30.68	0.0	9.06	34.71	48.02	41.23	45.61	24.6	27.66	11.0	12.81	42.0	26.17	38.05	51.26	19.85	26.48	15.81	42.05	34.79	30.02	29.07	32.25	15.26	36.4	8.06	46.17	28.28	31.78	28.16	48.01	39.05	21.63	13.6	13.15	39.85	28.16	40.79	16.97	17.8	26.31	30.46	20.12	36.24	30.53	11.66	48.75	5.39	42.15	17.49	21.1	43.97	4.0	29.15	44.94	9.22	42.01	1.41	12.37	31.06	18.44	47.89	26.02	32.89	36.88	21.1	23.19	40.16	41.44	44.27	45.62	25.5	44.42	42.19	42.72	22.8	45.31	50.29	48.04	20.12	23.41	11.7	37.74	19.1	43.83	13.6	35.47	43.68	31.38	27.2	52.7	28.43	18.44	13.6	36.06	39.0	14.87	26.02	
33.11	12.04	21.93	9.06	0.0	29.41	41.23	33.62	37.34	23.09	18.68	15.0	9.06	33.02	17.12	29.15	43.38	16.49	17.46	16.49	33.14	26.0	22.02	30.81	23.54	8.06	30.48	2.24	37.34	19.65	23.41	20.12	39.0	30.08	14.21	10.05	4.12	31.02	19.1	31.78	13.34	15.13	17.72	23.02	12.04	30.61	24.04	5.1	41.34	4.12	34.48	14.0	23.09	35.85	10.3	21.26	37.12	3.0	33.06	8.25	3.61	23.35	10.3	40.8	28.16	25.06	27.89	13.45	14.14	32.2	32.7	35.47	38.28	16.49	37.64	33.38	34.89	15.81	36.67	41.44	39.12	19.0	23.02	11.18	31.14	15.52	36.62	7.28	26.83	35.47	30.15	27.02	46.1	24.7	13.34	13.0	29.7	31.38	9.22	17.12	
6.71	30.53	33.14	34.71	29.41	0.0	15.13	13.89	21.1	15.03	29.02	28.64	21.93	28.02	26.0	24.19	22.56	15.26	28.0	22.47	26.4	34.71	38.0	24.74	19.92	33.62	3.16	28.43	41.15	19.1	16.76	15.03	32.56	34.18	35.9	38.47	28.18	37.0	26.08	34.01	17.8	17.49	19.0	11.18	32.98	2.0	7.0	33.12	18.11	32.65	14.76	41.63	24.08	18.87	32.2	38.01	17.46	27.02	27.2	33.3	29.53	40.0	20.62	16.0	25.18	13.0	32.57	34.93	26.17	15.62	39.22	40.31	15.3	28.02	12.0	24.84	16.12	37.85	43.08	43.91	30.41	17.72	18.03	40.5	6.71	15.81	13.34	34.44	36.67	19.42	15.23	18.25	18.97	8.06	39.56	42.19	5.0	12.81	36.25	22.0	
18.44	44.78	37.0	48.02	41.23	15.13	0.0	9.49	13.34	30.15	34.01	43.32	35.36	25.02	31.76	23.19	9.9	29.73	33.54	37.36	23.02	36.88	42.72	39.2	22.85	43.28	12.37	40.8	39.12	24.7	20.59	22.02	26.93	34.13	43.57	48.84	38.9	37.12	30.87	33.02	31.78	31.95	25.81	18.38	41.05	13.15	17.49	43.84	5.0	45.0	9.22	51.22	39.2	12.04	46.07	43.08	9.06	39.41	24.02	46.65	40.31	44.6	31.14	2.24	40.01	17.2	33.38	42.72	33.29	12.37	39.05	39.01	5.0	34.0	3.61	21.02	10.05	45.28	42.01	40.61	24.04	32.76	33.14	51.62	10.3	30.08	5.39	44.6	38.83	13.04	29.27	33.02	5.0	23.19	48.6	53.04	12.08	11.18	46.1	28.3	
19.85	39.05	27.51	41.23	33.62	13.89	9.49	0.0	7.21	27.66	24.6	38.33	29.12	16.49	22.47	14.0	10.2	25.02	24.19	33.02	14.56	27.46	33.24	38.28	13.42	34.66	10.82	33.54	30.59	15.62	11.4	13.6	19.72	25.0	34.41	40.36	30.81	28.0	21.47	24.08	26.31	27.07	16.97	10.77	32.02	12.21	12.0	35.61	7.81	37.59	1.0	42.45	36.35	5.0	39.85	33.62	4.0	32.2	15.52	39.92	32.2	35.11	23.32	8.06	38.33	8.6	24.08	33.6	24.21	3.0	30.02	30.27	5.0	24.7	7.0	12.65	2.24	36.06	33.24	32.57	17.2	29.07	30.59	43.42	7.21	25.08	4.12	36.12	29.43	5.66	29.07	31.62	14.32	20.88	39.7	44.69	8.94	2.24	37.48	19.21	
27.02	44.28	26.63	45.61	37.34	21.1	13.34	7.21	0.0	34.48	24.76	44.01	34.23	12.17	23.43	11.66	7.21	31.14	24.76	39.12	10.2	25.5	32.45	45.31	14.42	36.89	18.03	37.64	26.0	17.89	13.93	17.46	13.6	21.84	35.38	42.72	34.01	24.74	21.93	20.4	32.0	33.06	19.7	16.0	33.42	19.42	18.44	38.47	9.0	41.44	6.4	44.2	42.95	2.24	44.72	33.02	4.47	36.4	11.18	44.38	35.34	34.13	27.2	11.18	45.22	13.04	21.54	34.71	25.81	6.08	26.48	26.08	8.54	25.5	12.53	8.25	5.0	36.77	29.07	27.29	10.77	35.51	37.36	46.14	14.42	31.06	9.43	38.59	27.31	2.0	36.24	38.63	17.0	27.86	41.23	47.17	16.12	8.54	39.66	21.1	
13.89	18.6	36.72	24.6	23.09	15.03	30.15	27.66	34.48	0.0	32.25	15.56	14.04	38.01	29.15	33.6	37.22	7.28	30.89	9.22	36.89	39.66	39.92	11.4	27.66	30.07	18.0	21.21	48.84	24.76	25.0	21.26	43.57	41.11	34.71	33.14	24.08	43.42	30.23	41.73	10.05	8.0	23.43	19.72	31.78	17.03	16.16	28.02	33.02	24.74	28.64	37.05	9.06	32.28	21.1	39.56	31.58	20.1	37.44	23.26	25.02	41.79	19.31	31.02	10.77	22.83	39.05	33.73	27.73	28.46	45.61	47.51	30.07	30.41	27.02	35.85	29.83	36.67	49.82	52.33	42.06	4.47	3.0	33.73	21.1	8.25	28.07	30.0	41.34	32.57	7.07	5.0	33.73	7.0	36.01	35.69	19.1	25.96	32.0	25.81	
35.23	29.97	4.47	27.66	18.68	29.02	34.01	24.6	24.76	32.25	0.0	31.91	22.02	16.16	3.16	13.6	31.89	25.24	1.41	30.41	17.0	7.81	9.06	43.01	11.18	14.14	28.07	20.25	18.79	10.05	13.6	14.0	21.59	11.4	10.82	19.65	14.56	12.53	3.16	13.15	23.43	25.61	10.05	18.03	9.49	29.02	22.02	17.0	31.91	22.36	25.06	20.12	36.8	24.21	28.79	9.22	26.63	19.7	16.55	26.93	15.3	11.05	13.45	32.65	41.23	17.46	9.22	10.3	5.0	21.95	14.42	17.0	29.53	2.24	31.02	18.03	24.7	12.04	18.6	22.85	22.47	30.0	33.84	23.54	26.48	24.41	28.64	16.12	9.22	23.43	38.08	37.22	38.91	29.41	17.0	24.04	26.17	22.85	16.49	7.07	
29.21	4.0	35.81	11.0	15.0	28.64	43.32	38.33	44.01	15.56	31.91	0.0	10.44	43.42	29.53	39.05	48.51	13.6	30.53	6.4	42.95	39.66	36.77	18.11	32.76	23.02	31.02	12.81	50.61	28.86	31.26	27.17	49.48	42.94	29.21	23.41	18.38	44.42	31.3	44.28	12.04	11.4	26.93	28.02	26.91	30.46	26.48	19.72	45.12	13.93	39.32	27.51	10.2	42.05	7.0	36.07	42.3	12.73	43.17	10.05	18.44	38.21	19.31	43.68	15.03	31.0	40.71	28.43	26.93	38.05	46.32	48.88	41.98	29.68	39.85	42.58	40.2	30.81	50.48	54.59	48.84	11.4	13.6	22.36	33.24	13.34	40.02	21.95	40.8	42.01	21.63	17.0	47.54	21.1	27.73	24.33	31.32	36.22	23.71	27.86	
24.7	10.05	26.17	12.81	9.06	21.93	35.36	29.12	34.23	14.04	22.02	10.44	0.0	32.98	19.42	28.64	39.29	7.62	20.62	8.6	32.56	29.83	28.02	22.47	22.36	16.28	23.6	7.28	40.5	18.44	21.02	17.0	39.05	32.76	21.54	19.1	10.44	34.41	21.1	34.0	4.47	6.08	16.49	18.44	18.79	23.43	17.89	14.0	36.4	11.18	30.08	23.02	15.26	32.39	10.77	27.46	32.98	6.08	32.76	11.4	11.18	29.68	8.94	35.34	20.12	21.21	30.53	20.62	17.03	28.44	36.4	38.83	33.24	19.85	31.76	32.25	30.81	23.41	40.61	44.42	38.47	10.05	14.14	19.92	25.06	6.71	31.38	16.03	31.14	32.25	21.1	18.11	39.96	16.12	22.09	21.84	23.32	26.93	18.03	17.46	
34.67	42.58	16.4	42.0	33.02	28.02	25.02	16.49	12.17	38.01	16.16	43.42	32.98	0.0	16.28	4.47	18.97	32.65	16.76	39.92	2.0	14.21	21.93	49.41	10.77	30.08	25.55	34.01	14.14	14.56	13.04	17.0	6.08	9.85	26.83	35.74	29.07	12.65	14.32	8.25	32.31	34.01	16.49	18.44	25.63	26.93	22.63	32.56	21.1	37.05	16.28	36.25	45.18	13.0	42.19	22.67	16.0	33.06	1.0	41.01	30.15	23.35	24.33	23.0	48.55	15.56	10.0	26.4	19.24	13.6	14.32	14.0	20.02	17.72	23.35	4.0	15.13	27.78	17.0	16.16	6.32	37.59	40.5	39.56	22.36	32.2	20.22	32.02	15.81	12.0	41.73	42.8	29.07	32.56	33.11	40.16	23.32	16.16	32.57	16.03	
32.14	27.86	7.62	26.17	17.12	26.0	31.76	22.47	23.43	29.15	3.16	29.53	19.42	16.28	0.0	13.0	30.41	22.2	2.0	27.66	16.76	10.63	12.0	40.0	9.22	13.93	25.18	18.44	21.1	7.28	11.18	11.05	22.09	13.42	12.04	19.7	13.04	15.0	2.0	14.87	20.52	22.67	7.0	15.13	10.0	26.08	19.0	16.28	30.0	21.02	23.02	20.81	33.94	22.63	26.93	12.04	24.84	17.72	16.49	25.32	14.0	14.0	10.63	30.53	38.29	14.87	11.18	11.31	3.0	20.0	17.03	19.42	27.46	2.24	28.64	17.46	22.8	13.6	21.26	25.06	22.56	27.02	30.81	23.41	23.77	21.4	26.42	15.81	12.21	21.93	34.93	34.13	36.72	26.25	17.8	24.17	23.35	20.59	16.55	4.0	
30.89	38.33	15.0	38.05	29.15	24.19	23.19	14.0	11.66	33.6	13.6	39.05	28.64	4.47	13.0	0.0	18.87	28.18	13.89	35.47	4.0	13.93	20.81	45.0	6.32	26.93	21.93	30.02	17.09	10.2	8.6	12.53	10.44	11.0	24.41	32.7	25.32	14.0	11.18	10.2	27.86	29.55	12.17	14.14	22.83	23.26	18.44	29.12	19.92	33.24	14.04	33.62	40.71	11.7	38.05	21.4	14.56	29.0	4.12	37.01	26.48	22.47	20.1	21.38	44.1	11.4	10.2	23.85	15.81	11.0	16.03	16.49	18.25	14.76	21.0	4.47	13.15	25.61	19.42	19.72	10.0	33.12	36.06	36.4	18.97	27.73	18.03	28.79	15.81	10.77	37.48	38.42	27.66	28.28	30.53	37.16	19.7	13.15	29.55	12.04	
27.31	49.24	33.84	51.26	43.38	22.56	9.9	10.2	7.21	37.22	31.89	48.51	39.29	18.97	30.41	18.87	0.0	35.13	31.83	43.1	17.09	32.65	39.66	47.3	21.26	43.6	19.42	43.46	32.25	24.41	20.25	23.26	19.0	28.79	42.43	49.41	40.31	31.62	29.0	27.2	36.5	37.22	26.08	20.88	40.36	20.62	22.09	44.94	5.0	47.42	9.22	51.09	46.1	7.81	50.0	40.22	6.32	42.15	18.03	49.98	41.68	41.34	33.11	7.81	47.68	18.38	28.64	41.73	32.65	11.18	33.24	32.56	7.28	32.53	11.18	15.23	8.54	43.86	35.51	33.0	16.0	39.0	40.2	52.7	16.12	35.23	9.22	45.22	34.44	8.49	37.64	40.79	11.7	30.27	48.17	53.82	18.11	12.37	46.4	27.8	
17.2	15.26	29.68	19.85	16.49	15.26	29.73	25.02	31.14	7.28	25.24	13.6	7.62	32.65	22.2	28.18	35.13	0.0	23.85	8.0	31.78	32.8	32.7	17.8	21.95	23.0	17.46	14.87	42.45	18.6	19.7	15.65	38.48	34.66	27.46	26.48	17.0	36.8	23.43	35.47	3.16	2.24	17.03	15.3	24.52	17.0	13.04	21.21	31.58	18.79	26.02	30.27	12.53	29.07	17.03	32.31	29.02	13.6	32.2	18.44	18.03	34.54	12.08	30.08	16.28	18.44	32.53	26.48	20.59	25.08	38.95	41.01	28.44	23.32	26.25	31.02	27.0	29.43	43.19	46.1	37.34	5.0	8.6	27.51	19.65	1.0	26.48	23.09	34.41	29.15	14.04	12.08	34.01	8.6	29.02	29.41	17.72	23.0	25.08	19.1	
34.13	28.64	5.83	26.48	17.46	28.0	33.54	24.19	24.76	30.89	1.41	30.53	20.62	16.76	2.0	13.89	31.83	23.85	0.0	29.0	17.46	9.22	10.0	41.62	10.82	13.34	27.17	18.97	20.12	9.22	13.0	13.04	22.36	12.65	10.63	18.97	13.34	13.89	2.83	14.32	22.02	24.21	9.0	17.12	8.94	28.07	21.0	16.03	31.62	21.21	24.7	19.72	35.38	24.08	27.51	10.05	26.4	18.38	17.09	25.71	14.14	12.0	12.04	32.25	39.82	16.76	10.44	10.0	3.61	21.63	15.81	18.36	29.15	1.0	30.46	18.36	24.41	12.04	20.0	24.17	23.09	28.6	32.45	22.8	25.71	23.02	28.18	15.3	10.63	23.35	36.77	35.85	38.47	28.16	16.64	23.41	25.32	22.36	15.81	6.0	
22.8	9.43	34.66	15.81	16.49	22.47	37.36	33.02	39.12	9.22	30.41	6.4	8.6	39.92	27.66	35.47	43.1	8.0	29.0	0.0	39.22	38.21	36.62	14.32	29.15	24.35	25.0	14.32	48.6	25.5	27.2	23.09	45.88	40.8	29.97	26.17	18.79	42.64	29.21	41.88	7.62	6.08	23.71	23.19	27.29	24.35	21.02	21.59	39.46	17.0	34.01	30.27	6.71	37.05	12.08	36.06	37.01	13.6	39.56	14.56	19.31	38.28	17.03	37.85	11.7	26.31	38.6	29.07	25.46	33.06	44.69	47.01	36.35	28.28	33.96	38.6	35.0	31.78	48.92	52.43	44.92	5.0	7.62	26.02	27.46	8.06	34.37	23.77	39.6	37.12	15.65	11.4	41.44	14.76	29.83	28.02	25.5	31.0	25.71	25.24	
33.02	42.3	17.69	42.05	33.14	26.4	23.02	14.56	10.2	36.89	17.0	42.95	32.56	2.0	16.76	4.0	17.09	31.78	17.46	39.22	0.0	15.81	23.35	48.26	10.2	30.68	23.85	34.01	16.12	14.14	12.08	16.16	6.71	11.7	27.78	36.4	29.27	14.56	14.87	10.2	31.62	33.24	16.12	17.2	26.4	25.24	21.26	32.98	19.1	37.22	14.32	37.12	44.28	11.0	42.05	24.04	14.0	33.0	1.0	41.01	30.41	24.84	24.08	21.0	47.51	14.21	11.66	27.29	19.65	11.7	16.28	16.0	18.03	18.38	21.38	2.0	13.15	28.84	19.0	18.03	6.0	36.67	39.45	40.16	20.59	31.38	18.25	32.57	17.49	10.0	40.36	41.62	27.07	31.24	34.0	40.85	21.63	14.32	33.24	16.03	
41.23	37.59	4.12	34.79	26.0	34.71	36.88	27.46	25.5	39.66	7.81	39.66	29.83	14.21	10.63	13.93	32.65	32.8	9.22	38.21	15.81	0.0	8.06	50.61	15.03	20.22	33.24	27.73	11.4	15.81	18.11	19.92	18.03	5.39	15.03	25.0	21.93	5.1	9.43	7.62	31.14	33.3	16.55	23.54	15.13	34.37	27.89	23.54	33.84	29.41	27.66	24.33	44.55	25.63	36.25	8.94	28.46	27.29	15.0	34.18	22.47	9.22	21.21	35.17	48.92	22.09	4.24	15.0	12.81	24.52	6.71	9.49	32.02	10.0	34.37	17.49	26.93	15.3	10.82	15.52	19.85	37.64	41.4	29.0	31.02	32.02	31.58	22.2	2.0	24.7	45.18	44.65	41.48	36.25	21.21	29.07	31.14	26.17	22.02	13.89	
44.1	34.06	5.83	30.02	22.02	38.0	42.72	33.24	32.45	39.92	9.06	36.77	28.02	21.93	12.0	20.81	39.66	32.7	10.0	36.62	23.35	8.06	0.0	50.12	19.92	14.76	37.12	24.08	18.03	19.1	22.56	23.02	26.08	13.42	8.54	18.44	18.38	12.37	12.17	15.65	30.41	32.65	19.0	27.07	10.0	38.05	31.0	18.36	40.25	24.7	33.62	17.0	43.27	32.25	32.2	1.0	34.89	24.04	22.63	29.68	18.44	2.0	20.62	41.23	48.02	26.48	12.21	8.94	12.37	30.46	13.04	16.03	38.08	10.05	39.85	24.84	33.11	8.06	16.12	22.0	27.8	37.12	41.15	22.36	35.51	31.78	37.34	16.55	7.28	31.38	46.17	44.78	47.54	37.85	14.04	22.09	35.23	31.62	15.81	16.0	
21.0	22.09	47.43	29.07	30.81	24.74	39.2	38.28	45.31	11.4	43.01	18.11	22.47	49.41	40.0	45.0	47.3	17.8	41.62	14.32	48.26	50.61	50.12	0.0	39.05	38.6	27.89	28.64	60.11	36.07	36.4	32.65	54.92	52.35	44.01	40.45	32.89	54.56	41.23	53.04	19.72	17.49	34.66	31.06	41.23	26.68	27.29	35.9	42.76	31.14	39.22	44.55	8.0	43.08	25.08	49.65	42.06	27.89	48.83	28.02	33.53	51.88	29.68	40.45	3.16	34.13	50.25	43.08	38.28	39.4	56.73	58.73	40.02	41.05	36.5	47.17	40.5	45.88	60.96	63.66	53.34	13.04	9.22	40.05	31.32	18.6	38.08	38.08	52.2	43.46	10.0	6.71	42.0	17.46	44.15	42.05	29.41	36.77	40.02	36.88	
26.57	32.14	14.32	32.25	23.54	19.92	22.85	13.42	14.42	27.66	11.18	32.76	22.36	10.77	9.22	6.32	21.26	21.95	10.82	29.15	10.2	15.03	19.92	39.05	0.0	22.47	18.25	24.19	21.63	4.0	3.16	6.4	16.76	14.32	21.26	28.3	19.92	17.09	8.06	14.42	21.54	23.26	6.0	8.94	19.1	19.42	13.42	24.17	20.81	27.66	13.89	29.83	34.48	13.45	32.0	20.25	15.62	23.09	10.44	31.14	21.19	21.84	14.0	21.47	38.01	7.07	12.65	20.52	11.4	10.82	19.31	20.59	18.36	11.4	19.92	10.0	13.6	22.8	23.26	24.84	16.12	26.93	30.0	31.76	16.0	21.47	17.46	24.19	17.03	12.81	32.02	32.56	27.73	22.8	26.91	32.76	16.12	11.7	25.24	6.71	
38.33	19.85	16.12	15.26	8.06	33.62	43.28	34.66	36.89	30.07	14.14	23.02	16.28	30.08	13.93	26.93	43.6	23.0	13.34	24.35	30.68	20.22	14.76	38.6	22.47	0.0	34.0	10.3	31.58	19.21	23.43	21.26	35.69	25.02	6.4	5.83	6.0	25.32	15.81	27.0	20.02	22.09	17.69	25.0	5.1	34.44	27.29	3.61	42.45	10.0	35.38	8.06	31.02	35.81	17.69	13.89	37.64	10.77	30.36	15.0	5.1	15.81	13.0	42.45	36.06	26.17	23.0	5.83	11.18	32.65	26.68	29.61	39.6	12.37	39.82	31.38	35.47	7.81	30.36	35.69	36.4	26.31	30.41	9.49	33.84	22.0	38.21	2.0	20.62	35.23	37.01	34.37	48.27	30.41	6.08	10.3	32.76	32.53	2.83	15.81	
9.22	32.65	32.0	36.4	30.48	3.16	12.37	10.82	18.03	18.0	28.07	31.02	23.6	25.55	25.18	21.93	19.42	17.46	27.17	25.0	23.85	33.24	37.12	27.89	18.25	34.0	0.0	29.7	39.0	18.03	15.13	14.14	29.83	32.28	35.74	39.12	28.84	35.17	25.02	31.95	19.72	19.7	18.25	10.05	32.89	1.41	6.71	33.84	15.03	33.94	11.66	42.06	27.02	15.81	34.13	37.22	14.32	28.28	24.7	35.0	30.23	39.12	21.1	13.04	28.28	11.18	30.81	34.79	25.71	12.73	37.36	38.28	12.17	27.29	9.06	22.2	13.04	37.64	41.11	41.59	27.59	20.4	21.0	41.4	3.61	17.89	10.2	34.99	35.23	16.4	18.38	21.38	16.55	11.0	39.81	43.01	2.24	9.9	36.72	21.21	
31.76	10.0	23.71	8.06	2.24	28.43	40.8	33.54	37.64	21.21	20.25	12.81	7.28	34.01	18.44	30.02	43.46	14.87	18.97	14.32	34.01	27.73	24.08	28.64	24.19	10.3	29.7	0.0	39.0	20.22	23.77	20.25	40.05	31.62	16.4	12.0	5.83	32.7	20.4	33.24	11.7	13.34	18.25	22.83	14.14	29.73	23.43	7.28	41.18	4.24	34.44	16.03	20.88	36.06	8.54	23.35	37.16	1.41	34.0	7.0	5.66	25.46	10.44	40.5	25.96	25.08	29.41	15.62	15.52	32.31	34.44	37.16	38.08	18.03	37.2	34.13	34.93	18.03	38.47	43.08	40.01	17.03	21.0	12.65	30.61	13.93	36.36	9.49	28.65	35.74	28.28	25.0	45.61	23.26	15.52	14.56	29.07	31.3	11.4	18.0	
47.85	48.75	15.52	46.17	37.34	41.15	39.12	30.59	26.0	48.84	18.79	50.61	40.5	14.14	21.1	17.09	32.25	42.45	20.12	48.6	16.12	11.4	18.03	60.11	21.63	31.58	39.0	39.0	0.0	24.08	24.7	27.8	13.6	7.81	26.08	36.12	33.24	6.32	19.42	7.21	41.23	43.28	25.46	30.53	26.48	40.31	34.99	34.93	35.0	40.8	30.41	35.01	54.67	27.07	47.54	19.03	30.07	38.48	15.13	45.54	33.84	18.25	31.62	37.05	58.73	28.18	10.0	26.17	23.71	27.66	5.0	2.0	34.13	21.02	37.48	18.11	29.27	26.0	3.61	4.12	16.49	47.42	50.91	40.11	36.06	41.77	34.37	33.54	11.05	26.08	53.6	53.81	43.0	44.41	32.0	40.01	36.77	30.08	33.24	23.43	
25.5	28.16	14.04	28.28	19.65	19.1	24.7	15.62	17.89	24.76	10.05	28.86	18.44	14.56	7.28	10.2	24.41	18.6	9.22	25.5	14.14	15.81	19.1	36.07	4.0	19.21	18.03	20.22	24.08	0.0	4.24	4.12	20.62	16.4	18.87	25.0	16.16	18.87	7.0	16.97	17.89	19.72	2.0	8.0	16.4	19.0	12.17	20.59	23.35	23.77	16.28	26.87	31.06	16.64	28.0	19.24	18.44	19.1	14.32	27.17	17.46	21.1	10.0	23.6	34.83	7.62	14.42	18.03	8.6	13.45	21.1	22.8	20.62	9.49	21.47	14.0	16.28	20.59	25.24	27.59	20.1	23.6	26.91	28.3	16.49	18.03	19.42	20.81	17.72	16.12	29.68	29.73	29.68	20.59	24.08	29.41	16.12	13.6	22.02	3.61	
23.41	31.0	17.12	31.78	23.41	16.76	20.59	11.4	13.93	25.0	13.6	31.26	21.02	13.04	11.18	8.6	20.25	19.7	13.0	27.2	12.08	18.11	22.56	36.4	3.16	23.43	15.13	23.77	24.7	4.24	0.0	4.12	18.79	17.46	23.02	29.21	20.12	20.25	10.44	17.49	19.65	21.19	5.83	5.83	20.62	16.28	10.3	24.7	19.1	27.51	12.04	31.11	32.2	12.53	31.14	22.8	14.21	22.56	12.53	30.59	21.47	24.52	13.34	19.42	35.51	4.0	15.81	22.2	12.81	9.22	22.47	23.71	16.4	13.42	17.46	11.4	12.04	24.7	26.4	27.8	17.72	24.6	27.46	32.45	13.04	19.31	15.26	25.0	20.1	12.08	29.07	29.83	25.55	19.85	28.32	33.6	13.04	9.43	26.25	7.81	
21.38	27.02	18.11	28.16	20.12	15.03	22.02	13.6	17.46	21.26	14.0	27.17	17.0	17.0	11.05	12.53	23.26	15.65	13.04	23.09	16.16	19.92	23.02	32.65	6.4	21.26	14.14	20.25	27.8	4.12	4.12	0.0	22.85	20.25	21.93	26.87	17.2	22.83	11.05	20.62	15.52	17.09	4.12	4.12	19.24	15.03	8.06	22.02	21.4	24.17	14.42	29.21	28.18	15.81	27.29	23.09	17.0	18.97	16.55	26.93	18.6	25.02	9.85	21.21	31.62	5.0	18.36	21.02	11.7	12.08	25.06	26.63	18.44	13.15	18.6	15.52	14.76	23.77	29.15	31.14	21.84	20.59	23.6	29.83	13.0	15.23	16.97	22.63	21.84	15.52	25.81	26.17	27.02	16.64	26.63	31.14	12.37	11.4	24.08	7.07	
39.05	48.66	21.02	48.01	39.0	32.56	26.93	19.72	13.6	43.57	21.59	49.48	39.05	6.08	22.09	10.44	19.0	38.48	22.36	45.88	6.71	18.03	26.08	54.92	16.76	35.69	29.83	40.05	13.6	20.62	18.79	22.85	0.0	12.81	31.95	41.23	35.01	14.87	20.1	10.63	38.28	39.92	22.56	23.85	31.05	31.24	27.8	38.33	22.36	43.01	19.24	41.44	50.99	15.23	48.26	26.93	18.03	39.12	6.32	47.04	36.06	27.2	30.41	24.74	54.2	20.81	13.89	31.62	25.08	17.2	15.81	14.32	22.14	23.35	26.0	7.81	17.89	32.7	17.09	14.0	3.0	43.38	46.14	45.12	26.4	38.08	22.85	37.66	19.21	14.32	46.86	48.26	30.27	37.8	38.28	45.61	27.66	20.0	38.08	22.09	
40.85	41.23	9.06	39.05	30.08	34.18	34.13	25.0	21.84	41.11	11.4	42.94	32.76	9.85	13.42	11.0	28.79	34.66	12.65	40.8	11.7	5.39	13.42	52.35	14.32	25.02	32.28	31.62	7.81	16.4	17.46	20.25	12.81	0.0	20.22	30.07	25.96	3.0	11.66	2.24	33.42	35.47	17.69	23.26	20.0	33.53	27.73	28.16	30.59	33.73	25.02	29.61	46.86	22.36	40.16	14.32	25.32	31.02	10.77	38.33	26.68	14.42	23.85	32.25	50.93	21.19	2.24	20.1	16.16	22.0	5.1	6.4	29.15	13.6	32.0	13.6	24.08	20.62	8.94	11.66	14.87	39.62	43.14	34.06	29.61	33.97	29.02	27.02	6.4	21.38	46.04	46.1	38.47	36.89	26.48	34.23	30.08	24.08	27.02	15.62	
41.3	26.17	11.18	21.63	14.21	35.9	43.57	34.41	35.38	34.71	10.82	29.21	21.54	26.83	12.04	24.41	42.43	27.46	10.63	29.97	27.78	15.03	8.54	44.01	21.26	6.4	35.74	16.4	26.08	18.87	23.02	21.93	31.95	20.22	0.0	10.05	11.18	20.0	13.45	22.36	24.74	26.93	17.89	26.0	3.0	36.4	29.12	10.0	42.01	16.4	35.0	9.49	36.67	34.66	24.08	7.62	36.88	16.64	27.29	21.4	10.82	9.43	16.0	42.44	41.63	26.42	18.44	1.0	10.3	32.02	21.1	24.08	39.41	9.9	40.31	28.84	34.83	2.0	24.52	30.15	33.11	31.32	35.44	14.04	34.93	26.48	38.28	8.06	15.03	33.94	41.44	39.29	48.55	34.0	6.32	14.04	34.18	32.45	7.28	15.26	
42.72	19.7	21.02	13.6	10.05	38.47	48.84	40.36	42.72	33.14	19.65	23.41	19.1	35.74	19.7	32.7	49.41	26.48	18.97	26.17	36.4	25.0	18.44	40.45	28.3	5.83	39.12	12.0	36.12	25.0	29.21	26.87	41.23	30.07	10.05	0.0	10.3	30.02	21.54	32.14	23.35	25.18	23.43	30.48	10.2	39.45	32.45	5.39	48.17	9.49	41.11	4.12	32.56	41.62	17.0	17.46	43.42	13.04	36.06	13.89	8.94	18.97	18.03	48.08	37.66	31.83	28.16	10.0	17.0	38.42	31.14	34.13	45.28	18.03	45.34	37.16	41.23	10.44	34.53	40.2	42.06	29.02	33.0	4.0	39.2	25.5	43.84	4.24	25.08	41.05	40.2	37.0	53.81	34.48	5.0	4.47	38.01	38.21	3.16	21.63	
32.57	15.81	17.89	13.15	4.12	28.18	38.9	30.81	34.01	24.08	14.56	18.38	10.44	29.07	13.04	25.32	40.31	17.0	13.34	18.79	29.27	21.93	18.38	32.89	19.92	6.0	28.84	5.83	33.24	16.16	20.12	17.2	35.01	25.96	11.18	10.3	0.0	26.93	15.03	27.66	14.04	16.12	14.32	20.52	8.6	29.15	22.2	5.0	38.6	8.0	31.62	13.6	25.5	32.65	14.32	17.69	34.13	5.66	29.15	12.37	1.41	19.85	7.81	38.29	30.46	22.2	23.77	10.3	10.05	29.15	28.64	31.38	35.61	12.37	35.36	29.61	31.91	13.0	32.65	37.34	35.23	20.4	24.52	12.73	29.07	16.0	34.06	6.32	22.83	32.2	31.02	28.44	43.84	24.52	12.04	14.21	27.8	28.6	8.25	13.34	
43.66	42.49	9.22	39.85	31.02	37.0	37.12	28.0	24.74	43.42	12.53	44.42	34.41	12.65	15.0	14.0	31.62	36.8	13.89	42.64	14.56	5.1	12.37	54.56	17.09	25.32	35.17	32.7	6.32	18.87	20.25	22.83	14.87	3.0	20.0	30.02	26.93	0.0	13.45	4.47	35.38	37.48	20.0	26.0	20.22	36.4	30.46	28.64	33.54	34.48	28.02	29.15	48.84	25.32	41.23	13.34	28.28	32.2	13.6	39.22	27.51	13.0	25.61	35.23	53.04	24.04	4.47	20.02	17.49	25.0	2.24	4.47	32.14	14.76	35.0	16.49	27.07	20.1	6.4	10.44	17.2	41.73	45.34	34.01	32.56	36.07	32.02	27.29	5.1	24.33	48.55	48.41	41.44	39.45	26.08	34.01	32.98	27.07	27.07	17.69	
32.39	29.73	7.07	28.16	19.1	26.08	30.87	21.47	21.93	30.23	3.16	31.3	21.1	14.32	2.0	11.18	29.0	23.43	2.83	29.21	14.87	9.43	12.17	41.23	8.06	15.81	25.02	20.4	19.42	7.0	10.44	11.05	20.1	11.66	13.45	21.54	15.03	13.45	0.0	13.0	21.93	24.04	7.28	15.0	11.66	26.0	19.1	18.25	28.84	23.02	21.95	22.47	35.38	21.26	28.86	12.37	23.6	19.65	14.56	27.29	16.0	14.14	12.21	29.53	39.62	14.32	9.43	12.81	5.0	18.87	15.56	17.8	26.42	3.61	27.86	15.65	21.63	14.87	19.8	23.32	20.62	28.32	32.02	25.3	23.35	22.67	25.5	17.72	11.18	20.52	35.78	35.23	35.78	26.93	19.42	26.0	23.09	19.7	18.38	4.47	
40.72	42.72	11.18	40.79	31.78	34.01	33.02	24.08	20.4	41.73	13.15	44.28	34.0	8.25	14.87	10.2	27.2	35.47	14.32	41.88	10.2	7.62	15.65	53.04	14.42	27.0	31.95	33.24	7.21	16.97	17.49	20.62	10.63	2.24	22.36	32.14	27.66	4.47	13.0	0.0	34.41	36.4	18.44	23.32	22.02	33.24	27.78	30.07	29.27	35.51	24.02	31.78	47.8	21.1	41.76	16.55	24.08	32.57	9.22	40.02	28.44	16.64	25.06	31.06	51.74	21.02	4.0	22.2	17.72	21.1	6.08	6.32	28.02	15.3	31.06	12.17	23.0	22.8	9.22	10.63	12.81	40.46	43.86	36.12	29.12	34.83	28.02	29.0	8.6	20.1	46.4	46.69	37.22	37.2	28.64	36.35	29.73	23.35	29.07	16.64	
20.25	13.0	27.8	16.97	13.34	17.8	31.78	26.31	32.0	10.05	23.43	12.04	4.47	32.31	20.52	27.86	36.5	3.16	22.02	7.62	31.62	31.14	30.41	19.72	21.54	20.02	19.72	11.7	41.23	17.89	19.65	15.52	38.28	33.42	24.74	23.35	14.04	35.38	21.93	34.41	0.0	2.24	16.12	16.0	21.84	19.42	14.56	18.11	33.24	15.65	27.29	27.17	13.45	30.02	14.42	29.97	30.27	10.44	31.95	15.56	15.0	32.2	10.0	31.95	17.8	19.03	31.24	23.77	18.6	26.02	37.48	39.7	30.08	21.4	28.23	31.05	28.16	26.68	41.73	45.0	37.36	6.71	10.77	24.35	21.54	2.24	28.16	20.02	32.65	30.0	17.0	14.56	36.24	11.66	26.0	26.25	19.7	24.19	22.02	17.8	
19.21	13.04	30.0	17.8	15.13	17.49	31.95	27.07	33.06	8.0	25.61	11.4	6.08	34.01	22.67	29.55	37.22	2.24	24.21	6.08	33.24	33.3	32.65	17.49	23.26	22.09	19.7	13.34	43.28	19.72	21.19	17.09	39.92	35.47	26.93	25.18	16.12	37.48	24.04	36.4	2.24	0.0	18.03	17.12	24.04	19.24	15.13	20.02	33.73	17.09	28.07	29.07	11.4	31.02	14.87	32.2	31.06	12.17	33.62	16.4	17.03	34.44	12.21	32.28	15.62	20.22	33.3	25.96	20.81	27.02	39.6	41.77	30.59	23.6	28.46	32.57	29.02	28.86	43.84	47.01	38.9	4.47	8.54	25.96	21.84	2.0	28.64	22.0	34.83	31.06	15.03	12.37	36.25	10.63	28.02	27.89	19.92	25.02	24.0	19.85	
25.18	26.17	14.32	26.31	17.72	19.0	25.81	16.97	19.7	23.43	10.05	26.93	16.49	16.49	7.0	12.17	26.08	17.03	9.0	23.71	16.12	16.55	19.0	34.66	6.0	17.69	18.25	18.25	25.46	2.0	5.83	4.12	22.56	17.69	17.89	23.43	14.32	20.0	7.28	18.44	16.12	18.03	0.0	8.25	15.26	19.1	12.0	18.87	24.76	21.84	17.69	25.5	29.41	18.36	26.0	19.03	20.0	17.12	16.28	25.18	15.65	21.0	8.0	24.84	33.3	8.6	15.62	17.0	7.62	15.0	22.2	24.08	21.93	9.06	22.47	16.0	17.8	19.7	26.4	29.07	22.09	22.02	25.46	26.63	17.09	16.4	20.62	19.21	18.38	17.89	28.65	28.43	30.81	19.7	22.8	27.8	16.49	14.87	20.52	3.0	
17.72	28.44	22.02	30.46	23.02	11.18	18.38	10.77	16.0	19.72	18.03	28.02	18.44	18.44	15.13	14.14	20.88	15.3	17.12	23.19	17.2	23.54	27.07	31.06	8.94	25.0	10.05	22.83	30.53	8.0	5.83	4.12	23.85	23.26	26.0	30.48	20.52	26.0	15.0	23.32	16.0	17.12	8.25	0.0	23.26	11.0	4.47	25.46	18.36	26.93	11.7	33.02	27.51	14.04	29.12	27.17	14.56	21.47	17.8	29.15	21.93	29.07	12.81	17.8	30.41	3.16	21.54	25.08	15.81	10.05	28.23	29.53	15.26	17.26	14.87	16.12	12.37	27.86	32.2	33.6	22.36	19.92	22.36	33.24	8.94	15.13	13.6	26.25	25.5	14.0	23.35	24.41	23.35	14.14	30.53	34.66	8.25	8.54	27.8	11.18	
38.33	24.08	11.05	20.12	12.04	32.98	41.05	32.02	33.42	31.78	9.49	26.91	18.79	25.63	10.0	22.83	40.36	24.52	8.94	27.29	26.4	15.13	10.0	41.23	19.1	5.1	32.89	14.14	26.48	16.4	20.62	19.24	31.05	20.0	3.0	10.2	8.6	20.22	11.66	22.02	21.84	24.04	15.26	23.26	0.0	33.53	26.25	8.54	39.7	14.76	32.65	10.82	34.0	32.56	22.2	9.22	34.66	14.21	26.0	19.72	8.49	11.31	13.0	40.0	38.91	23.85	18.03	2.0	7.81	29.73	21.59	24.52	37.01	8.06	37.74	27.29	32.56	5.0	25.3	30.59	31.95	28.46	32.57	14.14	32.2	23.54	35.81	7.07	15.52	31.89	38.47	36.4	46.04	31.0	7.81	14.56	31.38	30.0	7.07	12.81	
7.81	32.25	33.02	36.24	30.61	2.0	13.15	12.21	19.42	17.03	29.02	30.46	23.43	26.93	26.08	23.26	20.62	17.0	28.07	24.35	25.24	34.37	38.05	26.68	19.42	34.44	1.41	29.73	40.31	19.0	16.28	15.03	31.24	33.53	36.4	39.45	29.15	36.4	26.0	33.24	19.42	19.24	19.1	11.0	33.53	0.0	7.28	34.13	16.12	33.97	13.04	42.49	26.08	17.2	33.84	38.12	15.65	28.32	26.08	34.83	30.53	40.05	21.47	14.0	27.17	12.37	32.02	35.44	26.48	14.14	38.6	39.56	13.34	28.16	10.0	23.6	14.42	38.33	42.38	42.94	29.0	19.65	20.02	41.62	5.0	17.49	11.4	35.36	36.35	17.8	17.09	20.22	17.09	10.05	40.31	43.27	3.61	11.31	37.12	22.09	
13.34	27.51	26.17	30.53	24.04	7.0	17.49	12.0	18.44	16.16	22.02	26.48	17.89	22.63	19.0	18.44	22.09	13.04	21.0	21.02	21.26	27.89	31.0	27.29	13.42	27.29	6.71	23.43	34.99	12.17	10.3	8.06	27.8	27.73	29.12	32.45	22.2	30.46	19.1	27.78	14.56	15.13	12.0	4.47	26.25	7.28	0.0	27.2	18.68	27.66	13.0	35.36	24.52	16.28	28.64	31.02	16.0	22.02	21.93	29.15	23.6	33.0	14.42	17.46	26.93	7.07	26.0	28.16	19.24	12.37	32.7	34.0	15.52	21.02	13.89	20.0	14.04	31.05	36.67	38.01	26.08	17.12	18.97	34.83	7.21	13.15	13.6	28.3	29.83	16.49	19.1	20.59	22.2	10.0	33.11	36.4	5.66	10.05	30.02	15.0	
37.34	16.4	19.42	11.66	5.1	33.12	43.84	35.61	38.47	28.02	17.0	19.72	14.0	32.56	16.28	29.12	44.94	21.21	16.03	21.59	32.98	23.54	18.36	35.9	24.17	3.61	33.84	7.28	34.93	20.59	24.7	22.02	38.33	28.16	10.0	5.39	5.0	28.64	18.25	30.07	18.11	20.02	18.87	25.46	8.54	34.13	27.2	0.0	43.42	6.4	36.4	9.06	28.16	37.22	14.14	17.49	38.83	8.06	32.76	11.4	3.61	19.42	12.81	43.19	33.24	27.02	26.08	9.43	13.34	33.84	30.08	32.98	40.46	15.03	40.31	33.53	36.62	11.31	33.84	39.05	38.83	24.02	28.07	7.81	34.06	20.22	38.95	2.24	24.04	36.72	35.06	32.06	48.8	29.12	8.25	9.22	32.8	33.42	4.12	17.46	
22.47	46.17	34.44	48.75	41.34	18.11	5.0	7.81	9.0	33.02	31.91	45.12	36.4	21.1	30.0	19.92	5.0	31.58	31.62	39.46	19.1	33.84	40.25	42.76	20.81	42.45	15.03	41.18	35.0	23.35	19.1	21.4	22.36	30.59	42.01	48.17	38.6	33.54	28.84	29.27	33.24	33.73	24.76	18.36	39.7	16.12	18.68	43.42	0.0	45.28	7.07	50.21	42.0	8.25	47.17	40.71	5.39	39.82	20.1	47.42	40.0	42.05	31.06	2.83	43.29	16.4	30.08	41.23	31.89	10.0	35.36	35.06	3.16	32.2	6.32	17.12	7.21	43.6	38.05	36.22	19.42	35.13	36.01	51.22	12.04	31.78	5.1	43.93	35.74	9.22	32.98	36.35	8.0	26.02	47.42	52.5	14.04	10.0	45.28	26.91	
35.85	10.3	25.3	5.39	4.12	32.65	45.0	37.59	41.44	24.74	22.36	13.93	11.18	37.05	21.02	33.24	47.42	18.79	21.21	17.0	37.22	29.41	24.7	31.14	27.66	10.0	33.94	4.24	40.8	23.77	27.51	24.17	43.01	33.73	16.4	9.49	8.0	34.48	23.02	35.51	15.65	17.09	21.84	26.93	14.76	33.97	27.66	6.4	45.28	0.0	38.47	13.6	23.19	39.92	7.81	23.85	41.15	5.66	37.12	5.0	7.07	25.81	14.32	44.65	28.28	29.07	31.58	15.81	18.03	36.25	36.06	38.9	42.19	20.22	41.4	37.48	38.91	17.69	39.92	44.92	43.19	20.4	24.19	9.06	34.83	17.89	40.5	8.49	30.08	39.56	31.78	28.16	49.82	27.29	13.89	11.05	33.3	35.36	10.0	21.21	
20.62	40.02	27.86	42.15	34.48	14.76	9.22	1.0	6.4	28.64	25.06	39.32	30.08	16.28	23.02	14.04	9.22	26.02	24.7	34.01	14.32	27.66	33.62	39.22	13.89	35.38	11.66	34.44	30.41	16.28	12.04	14.42	19.24	25.02	35.0	41.11	31.62	28.02	21.95	24.02	27.29	28.07	17.69	11.7	32.65	13.04	13.0	36.4	7.07	38.47	0.0	43.14	37.34	4.24	40.8	34.01	3.0	33.11	15.3	40.85	33.02	35.47	24.19	7.62	39.29	9.43	24.19	34.21	24.84	3.16	30.0	30.15	4.47	25.24	7.07	12.37	1.41	36.62	33.14	32.28	16.64	30.07	31.58	44.2	8.06	26.08	4.0	36.88	29.61	5.0	29.97	32.57	13.93	21.84	40.36	45.45	9.85	3.16	38.21	19.85	
46.17	23.77	20.62	17.49	14.0	41.63	51.22	42.45	44.2	37.05	20.12	27.51	23.02	36.25	20.81	33.62	51.09	30.27	19.72	30.27	37.12	24.33	17.0	44.55	29.83	8.06	42.06	16.03	35.01	26.87	31.11	29.21	41.44	29.61	9.49	4.12	13.6	29.15	22.47	31.78	27.17	29.07	25.5	33.02	10.82	42.49	35.36	9.06	50.21	13.6	43.14	0.0	36.67	43.28	21.02	16.0	45.28	17.0	36.67	17.89	12.37	17.12	21.02	50.33	41.77	34.06	27.89	9.85	18.44	40.31	30.02	33.02	47.42	18.87	47.8	38.08	43.14	9.06	33.06	39.0	42.54	33.0	37.01	6.4	41.88	29.27	46.1	7.28	24.08	42.64	44.1	41.01	56.22	38.08	3.16	5.39	40.82	40.36	5.39	23.35	
22.47	14.14	41.11	21.1	23.09	24.08	39.2	36.35	42.95	9.06	36.8	10.2	15.26	45.18	33.94	40.71	46.1	12.53	35.38	6.71	44.28	44.55	43.27	8.0	34.48	31.02	27.02	20.88	54.67	31.06	32.2	28.18	50.99	46.86	36.67	32.56	25.5	48.84	35.38	47.8	13.45	11.4	29.41	27.51	34.0	26.08	24.52	28.16	42.0	23.19	37.34	36.67	0.0	40.79	17.12	42.72	40.31	20.25	44.72	20.02	26.0	44.94	23.35	40.05	5.1	30.68	44.69	35.78	31.89	36.88	50.93	53.15	39.01	34.71	36.06	43.46	38.47	38.48	55.17	58.41	49.77	7.62	6.08	32.06	30.02	13.04	37.01	30.36	46.01	41.0	12.81	7.81	42.76	16.03	36.4	34.06	28.02	34.53	32.28	31.24	
24.84	42.43	26.42	43.97	35.85	18.87	12.04	5.0	2.24	32.28	24.21	42.05	32.39	13.0	22.63	11.7	7.81	29.07	24.08	37.05	11.0	25.63	32.25	43.08	13.45	35.81	15.81	36.06	27.07	16.64	12.53	15.81	15.23	22.36	34.66	41.62	32.65	25.32	21.26	21.1	30.02	31.02	18.36	14.04	32.56	17.2	16.28	37.22	8.25	39.92	4.24	43.28	40.79	0.0	42.95	32.76	3.0	34.79	12.0	42.72	34.0	34.0	25.63	10.0	43.01	11.18	21.84	33.94	24.84	4.0	27.17	27.0	7.07	24.76	10.77	9.0	2.83	36.12	30.0	28.64	12.53	33.38	35.17	44.94	12.21	29.02	7.62	37.44	27.51	1.0	34.0	36.4	16.12	25.63	40.36	46.04	13.89	6.32	38.6	20.0	
33.97	3.0	32.2	4.0	10.3	32.2	46.07	39.85	44.72	21.1	28.79	7.0	10.77	42.19	26.93	38.05	50.0	17.03	27.51	12.08	42.05	36.25	32.2	25.08	32.0	17.69	34.13	8.54	47.54	28.0	31.14	27.29	48.26	40.16	24.08	17.0	14.32	41.23	28.86	41.76	14.42	14.87	26.0	29.12	22.2	33.84	28.64	14.14	47.17	7.81	40.8	21.02	17.12	42.95	0.0	31.4	43.68	9.22	42.11	3.16	13.89	33.42	18.0	46.1	22.02	31.78	37.95	23.43	24.04	39.05	42.95	45.69	44.01	26.57	42.49	42.0	41.48	25.46	46.96	51.62	48.04	16.64	19.7	15.52	35.78	16.4	42.15	16.28	37.12	42.76	27.73	23.41	50.61	25.46	21.63	17.46	34.0	37.64	17.8	26.17	
44.05	33.3	6.4	29.15	21.26	38.01	43.08	33.62	33.02	39.56	9.22	36.07	27.46	22.67	12.04	21.4	40.22	32.31	10.05	36.06	24.04	8.94	1.0	49.65	20.25	13.89	37.22	23.35	19.03	19.24	22.8	23.09	26.93	14.32	7.62	17.46	17.69	13.34	12.37	16.55	29.97	32.2	19.03	27.17	9.22	38.12	31.02	17.49	40.71	23.85	34.01	16.0	42.72	32.76	31.4	0.0	35.36	23.35	23.35	28.84	17.69	2.24	20.25	41.63	47.51	26.68	13.04	8.06	12.17	30.87	14.04	17.03	38.48	10.0	40.16	25.5	33.54	7.07	17.12	23.0	28.6	36.67	40.72	21.38	35.69	31.38	37.7	15.65	8.25	31.91	45.88	44.38	47.93	37.66	13.04	21.1	35.36	31.95	14.87	16.03	
23.02	42.95	29.07	44.94	37.12	17.46	9.06	4.0	4.47	31.58	26.63	42.3	32.98	16.0	24.84	14.56	6.32	29.02	26.4	37.01	14.0	28.46	34.89	42.06	15.62	37.64	14.32	37.16	30.07	18.44	14.21	17.0	18.03	25.32	36.88	43.42	34.13	28.28	23.6	24.08	30.27	31.06	20.0	14.56	34.66	15.65	16.0	38.83	5.39	41.15	3.0	45.28	40.31	3.0	43.68	35.36	0.0	35.85	15.0	43.66	35.51	36.67	26.83	7.0	42.2	12.08	24.74	36.12	26.87	5.0	30.15	30.0	4.12	27.02	8.06	12.0	2.24	38.42	33.0	31.58	15.23	33.06	34.53	46.62	10.77	29.07	5.0	39.2	30.36	4.0	32.7	35.44	13.15	24.74	42.43	47.8	12.65	6.08	40.46	21.93	
30.41	10.3	23.32	9.22	3.0	27.02	39.41	32.2	36.4	20.1	19.7	12.73	6.08	33.06	17.72	29.0	42.15	13.6	18.38	13.6	33.0	27.29	24.04	27.89	23.09	10.77	28.28	1.41	38.48	19.1	22.56	18.97	39.12	31.02	16.64	13.04	5.66	32.2	19.65	32.57	10.44	12.17	17.12	21.47	14.21	28.32	22.02	8.06	39.82	5.66	33.11	17.0	20.25	34.79	9.22	23.35	35.85	0.0	33.02	8.06	5.83	25.5	9.22	39.12	25.3	23.77	28.79	15.81	14.87	31.02	34.0	36.67	36.72	17.46	35.81	33.06	33.62	18.36	38.08	42.54	39.0	16.0	20.02	13.93	29.21	12.65	34.99	10.2	28.3	34.48	27.17	24.02	44.2	21.93	16.28	15.81	27.66	29.97	12.17	17.03	
33.84	42.43	17.03	42.01	33.06	27.2	24.02	15.52	11.18	37.44	16.55	43.17	32.76	1.0	16.49	4.12	18.03	32.2	17.09	39.56	1.0	15.0	22.63	48.83	10.44	30.36	24.7	34.0	15.13	14.32	12.53	16.55	6.32	10.77	27.29	36.06	29.15	13.6	14.56	9.22	31.95	33.62	16.28	17.8	26.0	26.08	21.93	32.76	20.1	37.12	15.3	36.67	44.72	12.0	42.11	23.35	15.0	33.02	0.0	41.0	30.27	24.08	24.19	22.0	48.02	14.87	10.82	26.83	19.42	12.65	15.3	15.0	19.03	18.03	22.36	3.0	14.14	28.3	18.0	17.09	6.08	37.12	39.96	39.85	21.47	31.78	19.24	32.28	16.64	11.0	41.04	42.2	28.07	31.89	33.54	40.5	22.47	15.23	32.89	16.0	
35.61	6.08	30.08	1.41	8.25	33.3	46.65	39.92	44.38	23.26	26.93	10.05	11.4	41.01	25.32	37.01	49.98	18.44	25.71	14.56	41.01	34.18	29.68	28.02	31.14	15.0	35.0	7.0	45.54	27.17	30.59	26.93	47.04	38.33	21.4	13.89	12.37	39.22	27.29	40.02	15.56	16.4	25.18	29.15	19.72	34.83	29.15	11.4	47.42	5.0	40.85	17.89	20.02	42.72	3.16	28.84	43.66	8.06	41.0	0.0	11.7	30.81	17.26	46.53	25.0	31.62	36.14	20.81	22.36	38.9	40.85	43.66	44.28	24.74	43.05	41.11	41.44	22.67	44.78	49.65	47.01	18.79	22.14	12.37	36.36	17.69	42.49	13.45	34.93	42.45	30.08	25.96	51.31	27.02	18.6	14.32	34.67	37.7	14.87	25.0	
33.84	15.62	18.38	12.37	3.61	29.53	40.31	32.2	35.34	25.02	15.3	18.44	11.18	30.15	14.0	26.48	41.68	18.03	14.14	19.31	30.41	22.47	18.44	33.53	21.19	5.1	30.23	5.66	33.84	17.46	21.47	18.6	36.06	26.68	10.82	8.94	1.41	27.51	16.0	28.44	15.0	17.03	15.65	21.93	8.49	30.53	23.6	3.61	40.0	7.07	33.02	12.37	26.0	34.0	13.89	17.69	35.51	5.83	30.27	11.7	0.0	19.8	9.22	39.7	31.02	23.6	24.52	10.0	11.0	30.53	29.15	31.95	37.01	13.15	36.77	30.81	33.29	12.53	33.11	37.95	36.35	21.21	25.32	11.31	30.48	17.03	35.47	5.1	23.26	33.54	32.0	29.27	45.25	25.71	11.0	12.81	29.21	30.0	7.07	14.56	
46.1	35.38	7.62	31.06	23.35	40.0	44.6	35.11	34.13	41.79	11.05	38.21	29.68	23.35	14.0	22.47	41.34	34.54	12.0	38.28	24.84	9.22	2.0	51.88	21.84	15.81	39.12	25.46	18.25	21.1	24.52	25.02	27.2	14.42	9.43	18.97	19.85	13.0	14.14	16.64	32.2	34.44	21.0	29.07	11.31	40.05	33.0	19.42	42.05	25.81	35.47	17.12	44.94	34.0	33.42	2.24	36.67	25.5	24.08	30.81	19.8	0.0	22.47	43.08	49.74	28.44	13.45	10.0	14.32	32.31	13.34	16.28	39.92	12.04	41.76	26.4	34.93	8.54	16.0	22.09	29.07	38.91	42.95	22.8	37.48	33.62	39.22	17.49	8.06	33.12	48.08	46.62	49.4	39.81	14.32	22.36	37.22	33.53	16.55	18.0	
25.5	18.25	17.8	18.44	10.3	20.62	31.14	23.32	27.2	19.31	13.45	19.31	8.94	24.33	10.63	20.1	33.11	12.08	12.04	17.03	24.08	21.21	20.62	29.68	14.0	13.0	21.1	10.44	31.62	10.0	13.34	9.85	30.41	23.85	16.0	18.03	7.81	25.61	12.21	25.06	10.0	12.21	8.0	12.81	13.0	21.47	14.42	12.81	31.06	14.32	24.19	21.02	23.35	25.63	18.0	20.25	26.83	9.22	24.19	17.26	9.22	22.47	0.0	30.61	27.8	14.76	21.63	15.0	8.6	21.93	27.66	30.0	28.02	11.4	27.59	24.0	24.6	18.0	31.89	35.51	30.07	16.64	20.59	20.52	21.26	11.18	26.4	13.89	22.67	25.3	25.71	24.17	36.07	18.0	18.97	22.02	20.0	21.1	15.65	8.54	
19.92	44.94	35.47	47.89	40.8	16.0	2.24	8.06	11.18	31.02	32.65	43.68	35.34	23.0	30.53	21.38	7.81	30.08	32.25	37.85	21.0	35.17	41.23	40.45	21.47	42.45	13.04	40.5	37.05	23.6	19.42	21.21	24.74	32.25	42.44	48.08	38.29	35.23	29.53	31.06	31.95	32.28	24.84	17.8	40.0	14.0	17.46	43.19	2.83	44.65	7.62	50.33	40.05	10.0	46.1	41.63	7.0	39.12	22.0	46.53	39.7	43.08	30.61	0.0	41.11	16.28	31.58	41.62	32.2	10.77	37.12	37.0	3.16	32.76	4.0	19.0	8.25	44.1	40.0	38.47	21.84	33.38	34.01	50.99	10.44	30.36	4.24	43.84	37.11	11.0	30.59	34.13	6.32	24.02	47.63	52.35	12.37	10.0	45.28	27.2	
22.2	19.03	45.61	26.02	28.16	25.18	40.01	38.33	45.22	10.77	41.23	15.03	20.12	48.55	38.29	44.1	47.68	16.28	39.82	11.7	47.51	48.92	48.02	3.16	38.01	36.06	28.28	25.96	58.73	34.83	35.51	31.62	54.2	50.93	41.63	37.66	30.46	53.04	39.62	51.74	17.8	15.62	33.3	30.41	38.91	27.17	26.93	33.24	43.29	28.28	39.29	41.77	5.1	43.01	22.02	47.51	42.2	25.3	48.02	25.0	31.02	49.74	27.8	41.11	0.0	33.54	48.8	40.72	36.4	39.22	55.17	57.28	40.45	39.2	37.12	46.53	40.52	43.46	59.41	62.37	52.77	11.31	8.06	37.12	31.58	16.97	38.47	35.44	50.45	43.32	11.4	7.0	43.1	17.46	41.48	39.12	29.61	36.69	37.36	35.36	
19.7	31.26	21.1	32.89	25.06	13.0	17.2	8.6	13.04	22.83	17.46	31.0	21.21	15.56	14.87	11.4	18.38	18.44	16.76	26.31	14.21	22.09	26.48	34.13	7.07	26.17	11.18	25.08	28.18	7.62	4.0	5.0	20.81	21.19	26.42	31.83	22.2	24.04	14.32	21.02	19.03	20.22	8.6	3.16	23.85	12.37	7.07	27.02	16.4	29.07	9.43	34.06	30.68	11.18	31.78	26.68	12.08	23.77	14.87	31.62	23.6	28.44	14.76	16.28	33.54	0.0	19.65	25.55	16.12	7.28	26.25	27.31	13.45	17.09	13.89	13.04	9.85	28.18	30.08	31.06	19.24	23.09	25.5	34.83	9.06	18.25	12.04	27.59	24.08	11.05	26.17	27.46	22.2	17.03	31.4	36.12	9.06	6.4	29.0	11.18	
39.22	39.0	7.28	36.88	27.89	32.57	33.38	24.08	21.54	39.05	9.22	40.71	30.53	10.0	11.18	10.2	28.64	32.53	10.44	38.6	11.66	4.24	12.21	50.25	12.65	23.0	30.81	29.41	10.0	14.42	15.81	18.36	13.89	2.24	18.44	28.16	23.77	4.47	9.43	4.0	31.24	33.3	15.62	21.54	18.03	32.02	26.0	26.08	30.08	31.58	24.19	27.89	44.69	21.84	37.95	13.04	24.74	28.79	10.82	36.14	24.52	13.45	21.63	31.58	48.8	19.65	0.0	18.25	13.93	21.1	6.71	8.49	28.44	11.4	31.06	13.42	23.35	18.97	10.82	13.89	15.62	37.48	41.04	32.14	28.28	31.83	28.16	25.0	5.83	20.88	44.1	44.05	37.85	34.99	24.74	32.39	28.64	23.0	25.08	13.45	
40.31	25.46	11.05	21.1	13.45	34.93	42.72	33.6	34.71	33.73	10.3	28.43	20.62	26.4	11.31	23.85	41.73	26.48	10.0	29.07	27.29	15.0	8.94	43.08	20.52	5.83	34.79	15.62	26.17	18.03	22.2	21.02	31.62	20.1	1.0	10.0	10.3	20.02	12.81	22.2	23.77	25.96	17.0	25.08	2.0	35.44	28.16	9.43	41.23	15.81	34.21	9.85	35.78	33.94	23.43	8.06	36.12	15.81	26.83	20.81	10.0	10.0	15.0	41.62	40.72	25.55	18.25	0.0	9.43	31.24	21.21	24.19	38.6	9.22	39.45	28.3	34.06	3.0	24.74	30.27	32.7	30.36	34.48	14.0	34.01	25.5	37.44	7.62	15.13	33.24	40.45	38.33	47.71	33.0	6.71	14.14	33.24	31.62	7.07	14.42	
32.0	25.08	9.22	23.19	14.14	26.17	33.29	24.21	25.81	27.73	5.0	26.93	17.03	19.24	3.0	15.81	32.65	20.59	3.61	25.46	19.65	12.81	12.37	38.28	11.4	11.18	25.71	15.52	23.71	8.6	12.81	11.7	25.08	16.16	10.3	17.0	10.05	17.49	5.0	17.72	18.6	20.81	7.62	15.81	7.81	26.48	19.24	13.34	31.89	18.03	24.84	18.44	31.89	24.84	24.04	12.17	26.87	14.87	19.42	22.36	11.0	14.32	8.6	32.2	36.4	16.12	13.93	9.43	0.0	21.93	19.42	21.95	29.21	2.83	30.02	20.25	24.76	12.08	23.6	27.73	25.5	25.24	29.15	20.62	24.7	19.72	28.02	13.0	14.14	24.21	33.84	32.65	38.28	25.5	15.56	21.47	24.04	22.2	13.89	5.0	
21.93	38.47	24.7	40.16	32.2	15.62	12.37	3.0	6.08	28.46	21.95	38.05	28.44	13.6	20.0	11.0	11.18	25.08	21.63	33.06	11.7	24.52	30.46	39.4	10.82	32.65	12.73	32.31	27.66	13.45	9.22	12.08	17.2	22.0	32.02	38.42	29.15	25.0	18.87	21.1	26.02	27.02	15.0	10.05	29.73	14.14	12.37	33.84	10.0	36.25	3.16	40.31	36.88	4.0	39.05	30.87	5.0	31.02	12.65	38.9	30.53	32.31	21.93	10.77	39.22	7.28	21.1	31.24	21.93	0.0	27.02	27.29	7.62	22.2	10.0	9.85	2.83	33.6	30.27	29.73	14.87	29.43	31.32	41.62	9.22	25.02	7.07	34.21	26.48	4.12	30.53	32.7	17.09	21.93	37.48	42.8	10.63	2.83	35.47	16.97	
