150
0.0	28.02	28.28	43.17	12.21	16.55	52.09	24.7	66.21	56.46	56.57	76.03	55.32	67.03	23.02	38.33	69.84	31.78	73.93	46.1	46.53	20.88	24.35	72.11	67.19	51.48	67.45	67.6	23.43	52.17	17.12	31.91	67.23	62.36	56.73	58.42	3.16	40.8	30.48	70.33	27.2	17.46	20.59	38.48	32.06	47.3	15.13	26.17	34.41	11.18	45.31	46.04	23.6	20.0	32.06	31.4	29.15	65.55	48.7	20.59	34.71	8.06	46.69	34.71	25.5	35.13	47.01	30.0	76.69	15.03	75.61	23.02	10.0	33.14	5.66	18.03	32.76	45.22	67.19	32.02	19.31	40.85	11.4	28.3	64.07	41.4	5.0	25.06	18.97	75.47	9.22	34.06	46.53	58.42	65.51	66.03	7.0	18.44	12.37	20.1	67.91	46.27	60.02	45.28	72.72	31.24	9.22	68.43	39.92	65.49	7.81	71.87	59.01	28.86	76.01	66.85	20.0	67.9	65.19	18.03	27.59	37.12	2.24	15.0	23.32	7.62	45.34	27.51	50.16	59.41	33.29	43.57	34.0	19.1	38.05	19.03	35.85	18.6	57.28	38.59	45.0	64.03	34.89	57.49	24.33	36.4	46.17	17.03	10.05	61.03	
28.02	0.0	13.0	29.07	17.09	16.03	44.41	15.65	44.28	36.01	29.41	53.15	29.07	55.15	49.04	28.43	46.32	21.93	50.0	49.4	42.43	44.15	31.78	52.01	63.25	38.48	49.25	44.15	8.25	48.8	42.38	12.53	43.42	59.46	30.41	51.61	25.0	17.03	4.0	46.57	32.57	41.76	33.06	12.0	16.64	45.34	25.02	19.24	12.37	28.64	26.68	36.62	9.49	11.0	29.68	3.61	48.01	45.01	30.81	41.44	34.99	21.02	33.54	24.08	40.11	22.47	21.84	17.46	55.33	22.02	73.66	48.38	36.67	31.06	22.47	44.38	41.76	53.31	54.08	17.49	10.3	15.03	38.95	47.01	52.0	17.12	28.64	4.12	42.2	50.92	18.87	17.8	34.0	44.94	48.84	54.23	22.63	13.0	26.31	25.32	50.49	41.04	44.64	18.03	48.38	47.17	25.96	45.71	14.04	51.24	29.73	51.09	48.3	32.31	51.26	66.48	45.88	61.29	56.44	43.66	4.24	43.46	29.15	17.89	11.7	24.84	19.31	17.2	30.15	45.88	13.0	31.38	29.21	14.56	30.41	44.6	19.24	12.04	30.0	17.26	17.03	54.12	8.0	31.3	12.04	13.42	29.41	42.72	19.85	42.19	
28.28	13.0	0.0	42.05	21.84	23.71	57.14	26.87	56.0	48.37	37.95	64.28	38.83	68.15	51.24	41.05	57.31	34.21	60.67	60.44	54.67	48.04	40.71	64.12	75.8	51.48	61.81	55.23	19.1	61.07	45.04	25.5	54.33	71.84	40.02	64.35	25.18	29.27	16.76	57.43	42.19	45.0	40.5	13.89	4.47	57.31	31.95	7.28	25.3	33.54	39.56	49.4	20.52	20.0	41.04	15.3	54.13	57.14	43.68	46.39	46.1	24.19	46.52	36.62	47.43	9.9	33.02	4.47	67.01	29.15	86.05	51.09	38.21	42.45	24.0	46.27	51.0	63.29	67.07	5.0	10.44	14.87	39.62	53.15	65.0	29.15	31.0	10.0	46.04	61.19	21.1	6.32	46.96	57.94	61.61	67.23	21.38	10.0	32.02	34.0	63.15	53.41	57.57	27.46	58.86	54.41	30.41	57.08	14.21	64.2	33.06	63.03	61.27	42.44	61.39	78.57	48.17	74.09	69.35	46.1	17.0	53.54	30.15	13.6	22.63	22.14	30.07	29.07	42.76	58.87	26.0	44.29	41.04	9.22	42.8	47.1	32.2	20.25	38.28	30.08	24.35	67.08	12.37	41.0	4.0	9.22	42.38	45.1	18.25	54.74	
43.17	29.07	42.05	0.0	32.14	27.17	16.4	19.03	25.46	15.62	30.07	35.38	26.0	26.25	54.2	6.4	30.61	11.4	34.83	29.0	17.46	46.86	26.17	29.53	35.47	9.49	24.35	28.6	24.52	22.85	48.26	16.55	28.84	32.45	27.02	23.35	41.59	16.64	25.55	31.4	24.08	46.62	31.24	36.07	45.65	21.38	29.55	47.76	17.2	35.34	7.0	8.94	23.35	26.08	15.62	27.46	44.2	23.6	7.21	42.52	18.79	35.51	4.47	8.54	35.47	51.48	19.65	46.52	34.67	28.46	46.23	52.63	46.52	15.81	38.47	51.31	30.41	36.35	25.5	46.53	35.9	38.9	49.66	43.42	23.09	17.49	40.16	32.31	45.61	37.2	36.12	46.65	5.0	16.28	22.36	25.3	42.11	38.83	32.7	25.06	24.74	15.52	17.03	25.5	34.41	40.5	35.11	28.32	38.18	23.09	39.0	29.68	19.24	22.02	38.01	40.31	51.61	32.65	27.46	49.65	25.08	28.46	42.72	42.3	22.09	45.1	21.54	16.03	10.77	17.26	16.12	3.16	12.81	41.0	8.94	50.22	9.85	27.02	31.06	13.45	30.02	25.06	33.42	27.07	40.5	40.61	4.47	49.09	41.0	18.36	
12.21	17.09	21.84	32.14	0.0	5.0	43.17	13.15	54.23	44.6	44.6	63.98	43.19	57.22	31.95	28.07	57.71	21.0	61.77	41.23	38.63	27.29	19.85	60.44	60.01	41.0	56.09	55.47	11.31	44.78	25.3	19.72	55.07	55.46	44.6	50.0	9.85	28.6	18.87	58.18	21.93	24.74	18.79	28.64	26.25	40.25	10.3	23.02	22.2	12.0	33.53	36.35	11.4	7.81	23.77	20.12	32.39	53.76	37.11	25.0	27.78	4.24	36.01	24.0	25.63	30.87	34.83	25.08	64.85	7.81	69.35	31.32	19.72	25.08	6.71	27.31	30.0	42.64	57.04	26.57	11.4	31.4	22.2	31.4	54.15	29.21	11.66	15.13	25.32	63.29	4.0	28.16	36.0	48.0	54.45	56.22	10.0	12.53	10.2	13.45	56.72	37.95	49.16	33.42	60.54	32.57	9.06	56.36	30.41	55.01	12.65	60.08	49.37	22.8	63.81	61.06	28.79	59.77	56.29	26.57	15.81	33.24	12.73	12.81	11.18	13.0	33.24	16.12	38.28	49.0	21.1	33.0	25.0	14.42	28.44	27.51	24.04	6.4	45.34	26.42	33.62	54.74	24.74	45.34	18.03	28.0	34.71	25.63	9.49	49.48	
16.55	16.03	23.71	27.17	5.0	0.0	38.33	8.25	49.66	39.92	41.4	59.48	39.62	52.24	34.0	23.09	53.34	16.0	57.45	37.48	34.01	28.46	17.0	55.66	55.46	36.0	51.2	51.11	8.54	40.25	27.29	15.62	50.77	51.0	41.04	45.22	14.56	24.76	16.76	53.85	18.6	26.4	17.26	28.02	28.18	35.85	9.0	26.17	18.38	13.0	28.79	31.4	8.06	5.1	19.24	18.44	32.0	49.04	32.28	25.5	23.6	8.54	31.02	19.0	24.33	33.29	31.11	27.46	60.17	6.0	65.0	33.11	22.67	20.59	11.4	29.68	27.29	39.66	52.04	28.65	13.6	31.0	25.46	31.0	49.16	25.46	14.87	15.3	26.57	59.08	9.0	29.97	31.0	43.0	49.5	51.24	15.0	15.56	10.44	10.3	51.79	33.24	44.18	30.53	56.3	31.4	10.82	51.88	30.0	50.01	15.0	55.36	44.41	19.1	59.64	56.86	30.89	55.03	51.42	28.65	13.6	30.0	16.64	17.0	7.07	18.0	29.83	11.18	33.62	44.0	17.03	28.0	20.25	17.69	23.54	29.53	19.31	4.0	42.2	22.2	31.38	49.82	24.02	41.73	20.25	28.44	29.83	27.78	14.32	44.64	
52.09	44.41	57.14	16.4	43.17	38.33	0.0	31.38	32.02	25.0	44.64	40.31	40.26	15.81	56.65	16.12	38.08	23.26	41.76	18.87	7.21	49.04	29.43	31.38	19.1	10.05	24.7	36.67	38.47	8.06	51.92	32.02	37.48	16.12	41.0	7.21	51.35	33.02	41.23	39.05	26.48	50.0	34.71	52.35	61.03	10.0	37.01	62.18	33.24	42.05	22.36	7.81	37.12	39.0	20.02	43.28	43.05	28.46	19.92	44.6	18.44	45.54	12.53	20.59	35.85	66.85	35.34	61.59	37.22	37.22	29.83	54.78	52.47	19.0	48.51	55.08	27.78	27.46	17.0	61.85	49.66	55.23	55.58	42.54	13.42	33.84	48.0	47.17	48.38	44.64	47.07	62.2	11.66	11.66	20.81	14.87	52.95	52.39	40.0	32.02	23.6	6.32	15.65	41.68	42.2	38.28	43.01	35.17	54.49	17.03	46.04	32.65	8.06	24.33	45.61	24.17	54.71	17.0	13.15	53.16	40.22	23.6	51.01	55.03	35.34	55.9	37.59	28.64	23.77	12.21	31.89	13.45	18.25	54.63	14.87	53.45	25.5	39.56	45.61	29.83	46.32	12.04	49.52	40.79	55.07	56.64	18.79	52.89	52.63	22.8	
24.7	15.65	26.87	19.03	13.15	8.25	31.38	0.0	41.59	31.78	35.36	51.48	33.02	44.55	40.0	15.52	45.49	8.25	49.65	33.84	28.02	33.62	17.0	47.43	49.4	28.07	42.95	43.27	7.81	34.41	33.42	8.94	43.01	45.22	34.41	38.48	22.8	18.03	14.32	46.04	17.26	32.2	19.65	26.93	31.14	30.48	13.6	31.06	12.08	19.1	20.62	24.04	6.4	7.62	14.21	16.49	34.93	40.85	24.04	29.97	19.42	16.76	23.02	11.18	26.31	36.77	24.41	31.14	52.0	11.31	59.41	38.83	29.83	15.62	19.65	36.12	26.48	37.7	44.18	31.83	18.36	30.08	32.8	33.96	41.44	18.87	22.47	17.03	31.91	51.4	17.12	32.65	23.09	35.06	41.3	43.57	23.09	21.02	16.28	11.4	43.57	26.93	36.06	25.3	48.6	33.14	17.8	43.91	29.12	42.01	22.02	47.17	36.88	16.76	52.01	51.74	37.01	48.33	44.27	34.83	11.7	27.86	24.6	23.77	4.24	26.08	23.71	3.0	25.5	36.06	10.3	20.1	14.21	23.26	16.55	35.61	11.18	8.25	36.24	14.87	27.29	42.45	23.09	35.0	24.21	29.07	21.59	34.06	22.02	36.4	
66.21	44.28	56.0	25.46	54.23	49.66	32.02	41.59	0.0	10.0	23.32	10.0	19.7	26.93	79.51	31.83	6.08	35.81	9.85	50.33	37.7	72.25	51.62	8.94	45.28	22.85	11.18	5.1	43.97	40.02	73.41	34.79	6.32	45.0	19.24	35.06	64.08	27.29	40.31	7.07	49.52	71.84	56.64	44.55	58.14	41.44	54.08	63.03	32.98	59.91	21.1	29.53	43.32	46.82	41.04	41.11	69.53	4.12	18.44	67.94	43.6	58.18	24.41	33.42	60.88	63.39	23.02	60.03	11.05	52.48	55.11	77.99	71.02	41.11	60.93	76.4	55.22	58.69	24.04	59.14	53.94	46.1	74.09	68.77	25.32	27.17	64.01	48.37	70.94	12.65	57.94	58.31	25.24	21.1	14.56	26.68	63.57	56.89	57.14	50.0	13.42	35.85	17.03	29.43	10.2	65.6	59.17	3.16	45.89	20.62	63.29	7.28	27.02	47.42	13.6	53.04	76.84	39.62	33.38	74.81	41.77	52.48	66.19	61.39	43.08	66.41	26.08	38.95	16.12	21.02	33.53	27.02	38.21	58.69	34.06	75.43	30.41	48.1	23.85	28.16	33.96	30.27	44.1	18.36	56.14	50.49	21.26	74.2	61.68	9.22	
56.46	36.01	48.37	15.62	44.6	39.92	25.0	31.78	10.0	0.0	21.63	20.0	17.2	25.0	69.53	22.02	15.0	25.81	19.21	42.2	29.61	62.29	41.73	16.12	41.11	15.03	13.6	13.04	34.71	33.02	63.41	25.5	13.42	39.81	17.49	29.61	54.42	19.1	32.02	15.81	39.7	61.85	46.69	38.28	50.99	33.54	44.1	55.15	24.08	49.93	11.18	20.88	33.96	37.36	31.24	33.14	59.82	9.22	8.49	58.0	34.13	48.47	15.23	23.43	51.09	56.52	16.55	52.61	20.25	42.54	51.62	68.01	61.06	31.4	51.26	66.4	45.79	50.29	22.67	51.97	45.18	40.31	64.14	59.03	22.47	19.24	54.12	40.0	60.96	21.63	48.38	51.42	16.16	16.16	14.42	24.41	54.12	48.17	47.17	40.0	15.23	27.66	13.04	23.71	18.87	56.04	49.24	12.73	39.92	19.1	53.34	15.52	22.14	37.64	22.47	48.05	66.84	36.25	29.97	64.82	33.06	43.38	56.36	52.47	33.53	57.01	19.7	29.07	6.32	16.55	24.33	17.49	28.43	50.09	24.41	65.44	20.62	38.6	22.47	19.1	28.65	26.83	37.11	17.0	48.04	43.97	11.31	64.2	52.39	6.71	
56.57	29.41	37.95	30.07	44.6	41.4	44.64	35.36	23.32	21.63	0.0	28.64	4.47	46.62	75.17	35.06	21.84	34.21	24.19	59.03	47.38	68.96	50.92	32.25	62.24	34.79	33.3	20.25	33.3	52.17	68.51	26.42	18.97	60.41	4.24	50.33	53.76	17.46	26.25	21.59	50.0	67.42	54.63	24.52	38.83	51.35	48.88	45.22	23.32	54.08	23.09	38.47	33.42	36.88	42.76	25.81	69.64	26.4	24.74	65.3	47.38	48.84	32.56	33.54	60.75	43.29	11.4	41.23	32.89	46.32	72.92	74.09	64.03	43.57	50.91	71.03	58.25	66.07	44.2	39.81	39.66	25.08	66.71	68.71	44.1	16.55	56.08	33.29	67.23	24.0	47.38	38.47	33.54	37.59	35.38	46.04	51.86	42.19	51.31	46.52	35.38	45.4	34.67	11.4	22.09	67.05	52.2	22.85	25.18	40.61	56.4	30.41	43.38	48.51	24.02	68.62	72.11	57.71	51.48	69.89	29.0	57.43	57.31	47.17	34.41	54.2	11.66	34.01	20.88	38.08	25.06	33.14	40.45	43.42	38.05	70.72	26.93	38.29	1.0	21.19	13.6	48.37	25.63	5.0	39.4	30.41	26.31	69.07	49.2	27.66	
76.03	53.15	64.28	35.38	63.98	59.48	40.31	51.48	10.0	20.0	28.64	0.0	26.08	32.02	89.5	41.73	7.0	45.8	5.0	59.03	46.53	82.22	61.55	10.0	51.09	31.91	16.28	9.06	53.49	48.1	83.41	44.38	10.0	51.62	25.18	42.2	73.82	36.4	49.24	7.07	59.4	81.84	66.6	52.01	66.03	50.09	64.07	71.45	42.38	69.89	31.06	38.83	52.92	56.46	50.91	49.82	79.31	12.21	28.43	77.9	53.26	67.98	34.06	43.42	70.72	71.01	31.4	68.12	5.83	62.43	60.07	87.97	80.99	50.93	70.68	86.4	64.82	67.54	29.02	67.03	63.06	53.15	84.06	78.57	31.26	36.14	73.93	57.27	80.92	7.21	67.62	66.0	34.83	28.79	20.4	32.06	73.16	65.97	67.12	60.0	18.11	44.78	24.7	37.01	7.21	75.29	69.12	7.62	53.08	26.17	73.25	8.06	34.21	57.28	8.06	59.3	86.83	45.01	39.12	84.81	50.96	61.85	76.06	70.6	52.8	75.96	34.23	48.88	26.08	28.46	43.08	36.8	48.08	67.68	43.86	85.43	40.31	57.78	28.86	37.7	41.05	36.22	52.09	24.19	64.78	58.01	31.24	84.2	71.17	18.03	
55.32	29.07	38.83	26.0	43.19	39.62	40.26	33.02	19.7	17.2	4.47	26.08	0.0	42.2	73.01	31.26	19.1	31.02	22.02	55.0	43.19	66.57	47.93	28.64	57.78	30.36	29.21	17.26	31.89	47.85	66.4	24.21	16.12	55.97	1.41	45.88	52.63	15.0	25.55	19.03	46.82	65.22	51.88	26.02	40.2	47.17	46.62	46.1	21.26	52.01	19.0	34.23	31.83	35.38	39.29	25.5	66.71	22.47	20.4	62.77	43.74	47.42	28.28	30.08	57.78	45.01	8.6	42.43	29.83	44.2	68.45	71.85	62.29	40.02	49.68	69.03	54.82	62.2	39.82	41.19	39.36	27.07	65.07	65.8	39.66	14.21	54.45	33.11	64.9	22.36	46.23	40.05	29.27	33.12	31.11	41.62	51.04	42.05	49.2	43.91	31.24	41.19	30.23	11.4	20.1	63.91	50.33	19.65	27.02	36.24	54.56	26.93	38.91	45.22	22.56	64.2	70.0	53.24	47.01	67.8	28.02	53.76	55.9	46.96	32.56	53.54	10.0	31.38	16.49	33.62	22.8	29.02	36.88	43.46	34.23	68.6	23.77	36.8	5.39	18.36	15.0	43.91	26.48	2.24	39.85	32.02	22.09	67.01	48.55	23.35	
67.03	55.15	68.15	26.25	57.22	52.24	15.81	44.55	26.93	25.0	46.62	32.02	42.2	0.0	72.45	29.15	32.56	36.35	35.13	32.65	22.85	64.85	45.12	22.02	19.1	16.76	16.12	32.02	50.7	20.62	67.72	42.72	33.24	20.25	42.44	12.73	66.01	40.5	51.48	33.54	42.2	65.8	50.45	60.75	71.59	24.7	52.15	74.0	42.95	57.43	29.15	21.0	49.48	51.97	35.23	53.23	58.59	22.8	25.24	60.41	34.21	60.03	21.84	33.38	51.62	77.39	40.36	72.62	27.29	52.01	28.28	70.58	68.07	34.37	63.03	70.88	43.38	41.04	3.0	72.5	62.1	63.25	71.2	58.14	3.16	41.05	63.2	58.52	64.2	38.12	61.2	72.45	21.59	10.3	12.37	1.0	67.19	65.0	55.23	47.17	14.04	22.14	12.04	47.51	36.35	53.71	58.14	29.61	62.68	6.32	61.4	24.0	8.06	40.02	39.12	27.46	70.52	13.0	7.28	68.96	51.26	38.95	66.12	68.25	48.05	70.18	43.28	41.59	27.66	9.43	42.15	24.52	33.06	67.19	29.0	69.26	36.06	52.77	47.43	38.47	52.5	5.0	58.67	41.88	66.73	65.86	25.94	68.68	66.48	19.24	
23.02	49.04	51.24	54.2	31.95	34.0	56.65	40.0	79.51	69.53	75.17	89.5	73.01	72.45	0.0	48.01	84.22	43.86	88.46	43.19	49.65	7.62	28.3	83.49	66.27	60.03	77.7	82.07	42.49	53.37	6.71	48.83	82.04	61.29	74.4	61.13	26.08	58.01	50.57	84.9	30.89	7.81	23.02	60.44	55.08	48.51	26.4	49.04	51.87	21.1	58.73	53.24	42.06	38.91	39.12	52.0	16.12	77.8	61.07	12.08	38.48	28.16	56.3	46.1	20.88	58.03	64.4	53.01	88.81	28.84	72.06	2.0	13.04	39.45	27.46	5.0	29.61	38.12	73.54	55.04	41.77	63.06	12.17	16.03	70.01	58.82	20.62	46.84	8.6	90.52	30.81	57.08	55.76	66.19	74.79	71.51	30.02	41.3	23.85	29.7	77.52	50.33	68.96	64.5	87.69	21.02	23.26	82.22	62.1	72.92	19.31	83.82	64.62	33.12	91.22	63.03	3.16	69.05	68.41	5.39	47.42	34.53	21.1	38.01	40.82	30.07	63.51	41.87	63.7	67.08	50.22	53.25	41.88	42.11	46.32	4.47	50.25	37.58	76.01	54.82	65.31	68.31	56.61	75.0	47.27	59.03	58.26	6.32	33.06	72.42	
38.33	28.43	41.05	6.4	28.07	23.09	16.12	15.52	31.83	22.02	35.06	41.73	31.26	29.15	48.01	0.0	37.01	7.28	41.23	24.33	14.42	40.61	19.85	35.51	34.83	13.15	29.97	35.0	22.36	20.62	42.19	16.28	35.23	31.11	32.39	23.32	37.05	19.65	25.46	37.8	17.69	40.5	25.0	37.2	45.0	17.89	24.04	46.07	18.03	29.73	12.65	8.54	21.02	23.09	9.22	27.59	37.8	29.83	13.6	36.24	12.65	31.02	8.54	4.47	29.07	50.8	24.02	45.49	40.8	23.35	45.28	46.4	40.85	9.43	34.01	45.28	24.17	31.02	29.0	45.8	33.62	40.22	44.01	37.01	26.08	20.62	34.93	31.06	39.41	43.6	32.06	46.23	8.25	20.1	27.51	28.16	38.05	36.4	27.2	19.31	30.08	12.81	21.84	28.86	40.8	34.13	29.83	34.71	39.41	27.17	33.53	35.81	21.38	15.62	44.41	38.42	45.49	33.12	28.79	43.57	24.21	22.56	37.66	39.29	19.31	41.05	25.32	12.65	17.0	21.1	16.4	5.39	6.4	38.63	3.0	44.1	10.3	23.77	36.06	15.81	32.89	26.93	34.06	32.56	38.95	41.04	10.82	43.05	37.34	24.41	
69.84	46.32	57.31	30.61	57.71	53.34	38.08	45.49	6.08	15.0	21.84	7.0	19.1	32.56	84.22	37.01	0.0	40.36	4.24	56.3	43.66	77.08	56.64	12.21	51.16	28.79	16.49	2.24	47.01	46.1	77.99	38.01	3.0	51.01	18.25	41.11	67.54	29.73	42.45	1.0	54.67	76.49	61.52	45.01	59.03	47.43	58.41	64.5	35.85	64.2	25.5	35.34	46.52	50.09	46.23	42.95	74.81	10.0	23.43	72.84	49.09	61.77	30.02	38.18	66.07	64.01	24.52	61.13	11.18	56.61	60.83	82.76	75.21	46.4	64.41	80.92	60.75	64.62	29.61	60.03	56.32	46.17	78.24	74.03	31.14	29.41	67.96	50.45	75.69	6.71	61.27	59.0	30.89	27.17	20.22	32.39	66.71	59.2	61.4	54.56	18.68	41.79	23.09	30.02	4.12	71.03	63.25	3.0	46.1	26.31	67.42	10.0	33.06	52.63	7.62	59.01	81.47	45.4	39.2	79.4	44.27	58.18	69.97	63.89	46.53	69.46	27.29	43.01	20.52	27.07	36.67	32.45	43.42	60.88	39.41	80.06	34.41	51.43	22.14	31.3	34.06	36.12	45.1	17.26	57.87	51.01	26.25	78.75	64.62	15.3	
31.78	21.93	34.21	11.4	21.0	16.0	23.26	8.25	35.81	25.81	34.21	45.8	31.02	36.35	43.86	7.28	40.36	0.0	44.6	28.23	20.52	36.8	17.0	40.72	41.62	20.0	35.74	38.21	15.26	26.91	37.64	10.77	38.18	37.64	32.31	30.41	30.27	17.12	19.42	41.04	15.81	36.12	21.4	31.76	38.29	23.43	18.36	38.95	13.34	24.19	14.87	15.81	13.89	15.81	9.06	21.63	35.78	34.48	17.49	32.65	14.32	24.19	15.03	3.0	26.83	44.05	22.8	38.6	45.65	17.09	51.86	42.43	35.36	10.2	27.17	40.61	24.19	33.54	36.06	39.05	26.4	34.89	38.47	34.89	33.24	18.11	28.79	24.21	35.36	46.67	25.0	39.62	15.0	27.0	33.73	35.36	31.0	29.15	21.47	14.21	36.14	19.21	28.28	26.0	43.84	32.89	23.77	38.42	34.0	34.01	27.73	40.71	28.64	14.32	47.38	44.55	41.11	40.25	36.06	39.05	17.69	24.08	31.32	32.02	12.08	34.0	23.19	5.39	19.85	28.0	11.4	12.0	7.62	31.38	8.6	39.7	7.28	16.49	35.17	13.15	29.27	34.21	28.3	32.7	31.91	35.0	14.76	38.42	30.15	29.55	
73.93	50.0	60.67	34.83	61.77	57.45	41.76	49.65	9.85	19.21	24.19	5.0	22.02	35.13	88.46	41.23	4.24	44.6	0.0	60.17	47.54	81.32	60.88	13.6	54.01	32.7	19.03	6.4	50.99	49.73	82.22	42.06	6.71	54.15	21.0	44.41	71.59	33.62	46.17	3.61	58.9	80.72	65.76	48.04	62.2	51.26	62.63	67.9	39.81	68.41	29.73	39.36	50.54	54.12	50.45	46.57	79.03	13.34	27.66	77.08	53.25	65.86	34.13	42.43	70.29	67.03	28.16	64.38	10.63	60.8	63.39	87.0	79.4	50.61	68.48	85.15	64.9	68.54	32.14	63.2	60.08	49.01	82.42	78.24	34.0	33.24	72.11	54.12	79.93	3.0	65.3	62.07	34.99	30.59	23.0	35.06	70.68	62.94	65.6	58.8	21.1	45.69	26.48	33.24	2.24	75.21	67.42	6.71	49.0	29.02	71.61	11.4	36.35	56.85	4.0	62.03	85.7	48.09	42.01	83.63	48.1	62.27	74.09	67.68	50.61	73.41	30.81	47.2	24.76	30.41	40.71	36.62	47.63	64.56	43.6	84.29	38.6	55.47	24.33	35.36	37.01	39.0	48.37	20.0	61.39	54.04	30.48	82.98	68.54	18.97	
46.1	49.4	60.44	29.0	41.23	37.48	18.87	33.84	50.33	42.2	59.03	59.03	55.0	32.65	43.19	24.33	56.3	28.23	60.17	0.0	12.65	36.01	21.95	50.25	23.09	27.51	43.57	54.71	41.62	12.04	40.05	39.0	55.36	18.11	56.01	20.0	46.53	43.93	47.41	57.25	19.42	38.05	25.63	59.93	64.82	8.94	31.91	63.64	41.44	34.93	36.0	21.38	40.22	40.46	19.72	49.65	27.66	47.01	35.23	32.02	14.42	41.88	27.29	27.2	23.09	70.29	48.26	64.54	56.08	33.6	29.83	41.19	42.95	18.36	44.42	43.01	14.14	8.6	34.66	65.44	50.93	63.07	45.71	27.46	31.11	44.91	41.23	50.8	36.01	62.97	44.41	66.4	26.31	30.53	39.66	31.89	49.4	53.04	34.0	27.8	42.44	14.56	34.48	53.15	60.41	22.56	37.12	53.49	62.17	35.47	38.63	51.48	26.25	18.44	63.91	20.88	42.01	26.25	26.93	41.01	45.28	9.22	44.38	54.04	38.01	51.97	49.65	32.25	39.2	31.06	39.56	26.02	20.62	55.17	21.38	41.0	34.21	40.36	60.03	40.02	57.01	27.8	56.36	56.04	57.38	62.77	33.06	41.05	50.22	41.23	
46.53	42.43	54.67	17.46	38.63	34.01	7.21	28.02	37.7	29.61	47.38	46.53	43.19	22.85	49.65	14.42	43.66	20.52	47.54	12.65	0.0	42.06	23.02	38.01	21.47	14.87	31.4	42.06	35.61	6.4	45.12	30.61	42.72	17.2	44.1	12.0	46.1	33.62	39.7	44.6	20.02	43.17	28.16	51.61	58.8	4.0	31.4	59.08	32.45	36.06	24.33	9.0	34.21	35.51	14.87	41.87	35.85	34.44	23.0	37.64	12.0	40.52	15.0	18.44	28.79	64.54	37.11	59.03	43.83	32.02	31.4	47.76	46.1	13.6	43.42	48.27	20.59	21.02	24.19	59.55	46.32	54.64	49.16	35.36	20.59	34.54	42.19	44.69	41.48	50.33	42.38	60.14	14.0	18.44	27.66	21.93	48.08	48.88	34.23	26.48	30.48	2.0	22.2	42.72	47.76	31.06	37.34	40.85	53.82	24.21	40.05	39.12	15.26	18.0	51.26	24.08	47.8	21.38	19.1	46.32	38.18	16.4	45.28	50.99	32.2	50.96	38.9	25.61	27.0	19.1	30.81	14.32	13.89	51.11	12.04	46.57	24.7	35.85	48.37	29.97	47.01	18.68	48.41	44.05	52.2	55.32	21.1	46.1	48.1	28.64	
20.88	44.15	48.04	46.86	27.29	28.46	49.04	33.62	72.25	62.29	68.96	82.22	66.57	64.85	7.62	40.61	77.08	36.8	81.32	36.01	42.06	0.0	20.81	76.03	59.08	52.48	70.18	74.95	37.0	45.89	5.0	42.54	74.97	54.08	67.96	53.6	23.54	51.62	45.22	77.78	23.32	3.61	15.62	55.9	52.15	41.0	20.12	46.87	45.65	15.52	51.62	45.65	36.4	33.53	31.62	46.84	10.3	70.43	53.81	4.47	30.87	24.02	48.83	38.9	13.34	55.73	57.98	50.36	81.4	22.85	65.28	5.83	11.66	31.91	24.08	7.28	22.2	31.58	65.92	52.24	38.01	58.69	12.73	9.85	62.39	52.48	17.12	42.43	2.0	83.45	27.0	54.15	48.26	58.59	67.23	63.91	27.66	38.05	18.03	22.8	69.97	42.72	61.4	58.6	80.62	14.56	18.25	75.01	57.71	65.31	15.0	76.4	57.01	25.55	84.17	56.22	6.0	61.66	60.88	5.39	42.06	27.17	18.68	35.51	34.93	28.46	57.31	35.23	56.57	59.48	43.91	45.8	34.41	39.2	38.83	5.1	43.42	32.28	69.84	48.26	59.81	60.73	51.97	68.51	44.05	55.15	50.99	5.83	30.41	65.0	
24.35	31.78	40.71	26.17	19.85	17.0	29.43	17.0	51.62	41.73	50.92	61.55	47.93	45.12	28.3	19.85	56.64	17.0	60.88	21.95	23.02	20.81	0.0	55.22	42.95	31.76	49.4	54.56	23.54	28.16	22.85	25.32	54.67	38.08	49.24	35.01	24.6	33.53	31.14	57.38	3.0	21.02	5.39	43.57	45.18	23.19	10.0	42.8	28.44	13.34	31.4	25.08	22.36	21.19	10.82	33.24	18.79	49.68	33.24	16.4	11.05	20.0	28.02	18.6	9.85	50.25	39.56	44.42	60.61	12.04	51.26	26.63	23.09	11.18	22.47	26.0	10.3	22.8	45.88	45.65	30.53	46.69	26.17	17.89	42.45	34.48	19.65	31.95	19.72	63.13	22.67	46.96	27.46	38.08	46.53	44.15	27.46	32.2	12.08	6.71	49.24	23.19	40.71	41.77	60.31	16.28	15.23	54.45	45.71	44.94	17.26	55.61	37.11	5.1	63.89	42.54	25.94	44.1	42.11	24.17	28.28	13.45	22.8	32.53	20.22	30.02	39.56	17.26	36.24	39.0	26.48	25.0	13.6	34.21	18.03	24.6	24.17	20.62	51.87	29.73	44.18	41.44	39.62	49.66	37.22	44.92	30.41	23.77	28.43	44.2	
72.11	52.01	64.12	29.53	60.44	55.66	31.38	47.43	8.94	16.12	32.25	10.0	28.64	22.02	83.49	35.51	12.21	40.72	13.6	50.25	38.01	76.03	55.22	0.0	41.11	24.04	6.71	12.73	50.8	38.91	77.7	41.59	14.14	41.77	28.18	32.57	70.21	35.0	48.01	13.04	52.8	76.01	60.46	53.15	66.48	41.34	59.03	71.03	40.2	64.85	26.93	31.11	50.01	53.37	44.41	49.01	72.18	7.0	23.41	71.61	46.01	64.2	27.2	38.01	63.89	71.85	31.4	68.26	5.83	57.78	50.09	81.84	76.03	44.2	67.05	80.78	57.28	58.83	19.03	67.48	61.29	54.82	79.16	71.51	21.38	35.01	69.46	56.04	74.89	16.49	64.29	66.75	27.8	19.72	10.77	22.09	70.09	64.28	62.17	54.59	8.25	36.4	15.81	38.08	15.23	67.88	64.47	9.9	54.57	16.28	68.45	2.24	24.7	50.61	17.46	49.37	80.99	35.01	29.15	79.08	49.16	53.91	71.87	68.59	49.48	73.01	34.53	44.6	22.36	19.24	40.45	30.23	41.62	66.19	37.2	79.61	36.4	54.57	32.76	35.23	42.72	26.31	52.47	27.29	64.0	59.03	26.0	78.55	68.45	11.18	
67.19	63.25	75.8	35.47	60.01	55.46	19.1	49.4	45.28	41.11	62.24	51.09	57.78	19.1	66.27	34.83	51.16	41.62	54.01	23.09	21.47	59.08	42.95	41.11	0.0	27.78	35.0	50.36	56.86	15.23	63.0	50.99	51.48	5.0	58.31	12.21	67.05	52.01	60.21	52.15	40.02	61.0	47.52	71.45	79.81	19.92	52.2	80.45	52.33	56.29	41.05	26.87	55.47	56.94	36.25	62.29	50.64	41.19	38.08	55.01	32.57	61.68	31.4	39.2	46.0	85.6	53.85	80.21	46.39	53.14	10.82	64.28	65.38	34.93	64.51	66.01	37.0	29.41	22.09	80.6	67.74	74.33	68.26	50.49	20.02	52.8	62.59	65.8	59.01	57.01	63.69	81.06	30.61	25.0	31.02	19.03	69.29	70.33	54.82	47.43	33.02	22.47	28.64	60.46	55.08	45.54	57.97	48.17	73.59	25.0	60.21	43.05	18.97	38.33	58.01	8.54	65.07	6.32	12.0	64.01	59.03	32.0	65.73	72.45	53.54	72.11	56.3	46.87	41.59	24.74	50.93	32.56	35.36	72.56	33.02	64.03	44.55	57.31	63.16	48.92	65.22	15.03	68.59	57.94	73.5	75.69	37.44	64.0	69.46	36.67	
51.48	38.48	51.48	9.49	41.0	36.0	10.05	28.07	22.85	15.03	34.79	31.91	30.36	16.76	60.03	13.15	28.79	20.0	32.7	27.51	14.87	52.48	31.76	24.04	27.78	0.0	17.8	27.2	33.96	18.0	54.56	26.0	27.89	25.63	31.05	15.65	50.16	24.76	34.89	29.73	29.15	52.77	37.12	44.82	55.01	18.68	37.11	57.25	26.42	42.72	13.45	7.07	32.76	35.36	21.02	36.72	48.17	19.72	10.3	48.02	22.02	44.1	5.1	17.0	40.0	60.83	26.08	55.95	29.73	36.5	38.59	58.31	53.76	20.59	47.1	57.7	33.24	35.85	16.12	55.9	45.35	47.51	56.92	47.51	13.6	25.46	48.05	41.79	51.48	35.47	45.0	55.95	5.0	7.0	14.76	15.81	51.0	48.27	40.26	32.28	17.49	13.0	8.94	32.8	32.89	43.84	42.95	26.0	46.86	14.04	46.57	24.84	10.0	26.93	36.4	33.84	57.71	24.08	18.44	55.9	34.54	30.0	50.8	51.62	31.4	54.0	28.6	25.08	13.93	8.0	25.5	8.0	18.38	50.45	13.93	56.36	19.31	36.22	35.74	22.2	37.64	15.81	42.44	30.81	49.98	49.65	9.9	55.46	50.09	13.89	
67.45	49.25	61.81	24.35	56.09	51.2	24.7	42.95	11.18	13.6	33.3	16.28	29.21	16.12	77.7	29.97	16.49	35.74	19.03	43.57	31.4	70.18	49.4	6.71	35.0	17.8	0.0	16.16	47.1	32.2	72.07	38.01	17.46	35.36	29.07	25.96	65.73	32.56	45.28	17.46	46.87	70.33	54.71	51.87	64.54	34.67	53.85	68.47	37.05	59.62	23.02	24.84	46.17	49.37	38.59	46.53	65.95	7.21	19.1	65.73	39.82	59.67	21.47	32.89	57.8	70.09	30.08	66.1	12.53	52.81	44.41	76.01	70.77	38.28	62.59	75.18	50.93	52.15	13.15	65.51	58.0	53.85	73.93	65.3	15.03	32.76	64.51	53.15	69.12	22.02	60.02	65.0	21.95	13.04	4.12	16.03	65.92	61.0	57.01	49.24	2.24	29.83	9.22	37.16	20.22	61.55	59.46	13.6	53.49	10.0	63.32	8.25	18.03	44.65	23.02	43.1	75.29	29.07	23.0	73.43	46.04	47.42	67.05	65.07	45.4	68.88	33.24	40.02	19.1	12.53	37.0	24.6	35.85	63.01	31.38	73.93	32.25	50.49	33.97	32.06	42.05	20.02	50.7	28.32	61.29	57.57	21.38	72.95	64.5	7.07	
67.6	44.15	55.23	28.6	55.47	51.11	36.67	43.27	5.1	13.04	20.25	9.06	17.26	32.02	82.07	35.0	2.24	38.21	6.4	54.71	42.06	74.95	54.56	12.73	50.36	27.2	16.16	0.0	44.78	44.72	75.82	35.78	1.41	50.01	16.49	40.01	65.3	27.51	40.26	2.83	52.63	74.33	59.41	43.05	57.01	45.88	56.22	62.39	33.62	62.01	23.35	33.62	44.28	47.85	44.2	40.79	72.8	9.22	21.4	70.72	47.17	59.54	28.18	36.07	64.03	62.03	22.36	59.08	12.65	54.41	60.21	80.62	73.01	44.41	62.18	78.75	58.83	62.97	29.12	58.01	54.12	44.28	76.03	72.01	30.41	27.2	65.73	48.27	73.55	8.6	59.03	57.01	29.07	26.02	19.65	31.78	64.47	57.01	59.2	52.4	18.38	40.16	22.0	28.0	5.83	69.07	61.03	2.83	44.18	25.71	65.22	10.63	32.0	50.61	9.43	58.08	79.31	44.72	38.47	77.23	42.06	56.36	67.74	61.68	44.29	67.23	25.18	40.8	18.38	26.0	34.44	30.53	41.4	58.69	37.44	77.9	32.2	49.19	20.62	29.07	32.14	35.36	43.05	15.52	55.73	49.04	24.21	76.58	62.39	14.04	
23.43	8.25	19.1	24.52	11.31	8.54	38.47	7.81	43.97	34.71	33.3	53.49	31.89	50.7	42.49	22.36	47.01	15.26	50.99	41.62	35.61	37.0	23.54	50.8	56.86	33.96	47.1	44.78	0.0	42.01	35.78	9.22	44.28	52.8	33.3	45.65	20.81	17.49	8.25	47.42	24.35	34.93	25.0	20.1	23.35	38.21	17.26	23.71	11.18	21.54	24.08	30.87	1.41	3.61	22.02	10.05	40.11	43.93	28.02	33.96	27.2	15.56	28.86	17.89	32.02	29.0	23.6	23.43	54.82	14.32	67.01	41.63	30.81	23.43	17.8	38.08	33.53	45.19	50.01	24.04	11.4	23.19	33.42	39.12	47.54	18.03	22.8	9.22	35.11	52.35	14.42	24.84	29.12	40.79	46.01	49.73	19.7	14.32	18.97	17.12	48.01	34.41	41.19	22.2	49.65	39.05	19.24	45.88	22.2	47.52	23.32	50.22	43.32	24.17	52.84	59.46	39.36	55.47	51.08	37.12	5.1	35.34	24.04	18.0	3.61	22.47	21.93	10.0	28.44	41.77	10.44	26.25	21.93	16.49	23.85	38.01	15.03	5.0	34.06	15.81	22.85	49.04	16.12	34.06	16.64	21.54	26.02	36.24	17.72	40.2	
52.17	48.8	61.07	22.85	44.78	40.25	8.06	34.41	40.02	33.02	52.17	48.1	47.85	20.62	53.37	20.62	46.1	26.91	49.73	12.04	6.4	45.89	28.16	38.91	15.23	18.0	32.2	44.72	42.01	0.0	49.37	36.88	45.54	10.82	48.66	8.06	51.92	39.36	46.01	47.07	25.18	47.38	33.02	57.8	65.19	5.0	37.11	65.46	38.6	41.44	29.41	13.93	40.61	41.88	21.02	48.17	38.63	36.4	27.46	41.59	17.46	46.49	19.65	24.76	32.56	70.94	42.38	65.44	44.72	37.95	25.0	51.42	51.01	19.7	49.34	52.47	23.77	20.52	22.63	65.95	52.7	60.8	54.0	38.28	19.1	40.25	47.68	51.09	45.54	52.63	48.47	66.53	18.68	19.31	28.18	19.85	54.08	55.23	39.81	32.28	30.89	7.81	23.41	48.33	50.22	33.62	42.95	43.17	60.0	23.6	45.4	40.31	14.42	23.35	53.6	17.8	51.79	16.0	15.23	50.49	44.55	18.97	50.8	57.25	38.6	56.92	44.38	32.02	31.4	19.7	37.01	19.7	20.25	57.45	18.38	50.64	30.81	42.19	53.15	35.85	52.77	15.81	54.67	48.51	58.6	61.62	25.96	50.36	54.23	30.81	
17.12	42.38	45.04	48.26	25.3	27.29	51.92	33.42	73.41	63.41	68.51	83.41	66.4	67.72	6.71	42.19	77.99	37.64	82.22	40.05	45.12	5.0	22.85	77.7	63.0	54.56	72.07	75.82	35.78	49.37	0.0	42.2	75.74	58.0	67.8	56.89	20.02	51.4	43.86	78.64	25.63	2.0	17.46	53.85	49.0	44.41	19.85	43.29	45.22	14.42	52.5	47.93	35.36	32.2	33.54	45.31	15.26	71.85	55.0	8.06	33.53	21.59	50.61	40.0	17.0	52.24	57.8	47.04	82.93	22.2	69.58	6.08	7.28	34.01	21.1	3.16	26.0	36.14	68.62	49.01	35.36	56.52	7.81	14.76	65.15	52.2	14.14	40.26	4.12	84.22	24.33	51.0	50.12	60.93	69.32	66.76	24.08	35.06	17.2	23.43	72.01	45.61	63.51	57.8	81.39	19.31	16.55	76.06	55.54	67.78	12.65	77.94	59.77	27.86	84.9	60.53	3.61	65.28	64.13	1.41	40.72	31.0	15.03	32.06	34.13	24.52	56.86	35.38	57.49	61.85	43.6	47.51	36.24	36.0	40.71	2.24	43.84	30.87	69.34	48.27	58.6	63.79	50.0	68.41	41.05	52.61	52.2	1.0	27.02	66.57	
31.91	12.53	25.5	16.55	19.72	15.62	32.02	8.94	34.79	25.5	26.42	44.38	24.21	42.72	48.83	16.28	38.01	10.77	42.06	39.0	30.61	42.54	25.32	41.59	50.99	26.0	38.01	35.78	9.22	36.88	42.2	0.0	35.36	47.38	25.61	39.2	29.53	9.22	9.22	38.47	25.02	41.05	28.46	21.1	29.15	33.84	22.47	31.32	3.16	27.8	15.0	24.21	8.54	12.08	19.65	11.31	43.68	34.71	19.03	38.91	25.0	23.85	21.02	12.21	34.93	34.99	15.62	29.97	45.61	20.0	61.52	47.71	38.18	20.88	26.42	44.82	34.01	44.15	41.76	30.02	20.02	24.19	41.04	42.72	39.56	10.0	30.48	15.81	40.82	43.57	23.26	30.23	21.47	32.57	37.12	41.79	28.79	23.02	25.0	20.25	39.01	29.07	32.56	16.49	40.82	41.59	26.17	36.77	23.32	39.05	30.41	41.0	35.78	24.02	44.1	54.67	45.8	48.83	43.91	43.6	8.54	34.53	32.2	27.07	8.6	31.62	14.76	8.06	19.24	33.53	1.41	18.87	18.38	25.08	18.6	44.41	6.71	13.42	27.29	6.71	19.0	41.59	17.8	26.25	24.04	24.76	17.26	42.8	26.93	31.06	
67.23	43.42	54.33	28.84	55.07	50.77	37.48	43.01	6.32	13.42	18.97	10.0	16.12	33.24	82.04	35.23	3.0	38.18	6.71	55.36	42.72	74.97	54.67	14.14	51.48	27.89	17.46	1.41	44.28	45.54	75.74	35.36	0.0	51.04	15.3	41.0	64.88	26.93	39.56	3.16	52.8	74.28	59.46	42.01	56.04	46.57	56.08	61.52	33.11	61.85	23.35	34.18	43.83	47.41	44.41	40.02	73.01	10.44	21.63	70.77	47.51	59.17	28.64	36.12	64.2	61.01	21.59	58.14	13.93	54.2	61.39	80.61	72.8	44.65	61.77	78.64	59.17	63.57	30.36	57.04	53.45	43.19	75.8	72.2	31.58	26.57	65.46	47.54	73.54	8.49	58.59	56.0	29.55	27.0	20.88	32.98	63.98	56.32	59.03	52.35	19.7	40.8	23.02	27.02	5.66	69.34	60.8	4.24	43.1	26.93	65.0	12.04	33.02	50.8	9.22	59.14	79.25	45.89	39.62	77.16	41.44	56.8	67.42	61.03	43.91	66.71	24.33	40.61	18.44	27.02	34.0	30.89	41.62	57.97	37.74	77.83	32.02	48.76	19.31	28.65	31.06	36.5	42.11	14.32	54.92	48.01	24.41	76.49	61.85	15.0	
62.36	59.46	71.84	32.45	55.46	51.0	16.12	45.22	45.0	39.81	60.41	51.62	55.97	20.25	61.29	31.11	51.01	37.64	54.15	18.11	17.2	54.08	38.08	41.77	5.0	25.63	35.36	50.01	52.8	10.82	58.0	47.38	51.04	0.0	56.61	10.2	62.3	49.09	56.57	52.01	35.17	56.0	42.58	68.12	75.93	15.23	47.43	76.28	48.92	51.42	38.47	23.6	51.4	52.7	31.76	58.69	45.71	41.01	35.85	50.01	27.86	57.01	28.65	35.38	41.0	81.69	51.43	76.22	47.3	48.47	14.21	59.3	60.41	30.41	59.81	61.01	32.0	24.7	23.09	76.69	63.51	71.06	63.29	45.54	20.4	49.93	57.72	61.85	54.01	57.14	59.09	77.23	27.78	24.08	31.26	19.92	64.62	66.04	50.0	42.72	33.54	18.44	28.02	57.8	55.04	40.61	53.16	48.01	70.29	25.5	55.32	43.57	18.03	33.53	58.14	8.25	60.07	9.22	13.0	59.01	55.23	27.0	60.88	68.0	49.41	67.42	53.71	42.8	39.56	24.02	47.42	29.41	31.06	68.26	29.07	59.03	41.11	53.0	61.35	45.8	62.43	15.52	65.12	56.32	69.4	72.14	34.89	59.0	64.88	36.06	
56.73	30.41	40.02	27.02	44.6	41.04	41.0	34.41	19.24	17.49	4.24	25.18	1.41	42.44	74.4	32.39	18.25	32.31	21.0	56.01	44.1	67.96	49.24	28.18	58.31	31.05	29.07	16.49	33.3	48.66	67.8	25.61	15.3	56.61	0.0	46.49	54.04	16.4	26.93	18.11	48.1	66.61	53.24	27.07	41.3	48.09	48.01	47.3	22.67	53.41	20.02	35.13	33.24	36.8	40.52	26.83	68.03	22.2	21.21	64.14	44.91	48.84	29.15	31.32	59.09	46.04	10.0	43.57	29.12	45.61	68.94	73.24	63.7	41.23	51.09	70.43	56.04	63.29	40.0	42.3	40.71	28.02	66.48	67.12	39.96	15.62	55.87	34.44	66.29	21.21	47.63	41.11	30.15	33.54	31.14	41.88	52.43	43.38	50.61	45.28	31.14	42.11	30.53	12.65	19.03	65.19	51.74	18.97	28.0	36.4	55.97	26.4	39.4	46.49	21.38	64.85	71.4	53.67	47.41	69.2	29.41	54.92	57.31	48.3	33.97	54.92	11.4	32.76	17.26	34.0	24.21	30.0	38.08	44.78	35.36	70.0	25.08	38.21	5.0	19.72	16.03	44.29	27.66	1.0	41.11	33.06	23.02	68.41	49.93	23.43	
58.42	51.61	64.35	23.35	50.0	45.22	7.21	38.48	35.06	29.61	50.33	42.2	45.88	12.73	61.13	23.32	41.11	30.41	44.41	20.0	12.0	53.6	35.01	32.57	12.21	15.65	25.96	40.01	45.65	8.06	56.89	39.2	41.0	10.2	46.49	0.0	57.87	39.82	48.41	42.11	32.02	54.92	40.11	59.4	68.24	12.65	43.29	69.35	40.36	48.04	28.84	15.0	44.29	46.1	26.48	50.45	46.62	31.14	25.94	49.24	24.0	52.17	19.21	27.78	40.26	74.06	41.68	68.8	38.28	43.74	23.02	59.2	58.08	25.32	55.11	60.02	31.62	28.32	15.0	69.07	56.8	62.24	61.13	46.24	11.66	40.61	54.15	54.38	53.15	47.38	53.85	69.4	18.44	14.0	21.84	12.04	59.67	59.51	46.17	38.33	24.35	12.17	18.03	48.26	45.18	41.63	49.25	38.12	61.52	16.55	52.04	34.21	8.06	30.0	48.37	18.44	59.44	9.85	7.28	58.05	47.43	26.93	57.22	62.03	42.49	62.59	44.1	35.78	29.55	14.04	39.05	20.52	25.0	61.74	21.93	58.25	32.65	46.62	51.26	36.8	53.01	7.81	56.64	46.17	62.27	63.78	25.24	57.87	59.48	26.0	
3.16	25.0	25.18	41.59	9.85	14.56	51.35	22.8	64.08	54.42	53.76	73.82	52.63	66.01	26.08	37.05	67.54	30.27	71.59	46.53	46.1	23.54	24.6	70.21	67.05	50.16	65.73	65.3	20.81	51.92	20.02	29.53	64.88	62.3	54.04	57.87	0.0	38.28	27.59	68.0	27.31	20.22	21.4	35.34	29.02	47.13	14.87	23.35	31.91	12.04	43.32	45.01	21.1	17.49	31.4	28.43	31.3	63.57	46.84	22.85	34.48	6.08	45.28	33.24	26.91	32.25	44.41	27.02	74.67	14.14	75.77	26.0	13.04	32.56	3.16	21.1	33.6	46.23	66.03	29.0	16.16	37.7	14.56	30.41	63.0	38.83	6.71	21.95	21.59	73.06	6.4	31.02	45.18	57.14	63.95	65.01	4.12	15.3	12.53	19.65	66.29	45.71	58.55	42.43	70.33	33.02	9.43	66.21	36.77	64.2	9.43	69.89	58.03	28.79	73.57	67.12	23.02	67.47	64.5	21.0	24.76	37.74	5.0	12.04	21.02	5.66	42.64	25.71	48.1	58.14	30.89	42.19	33.14	16.03	37.01	22.0	33.84	16.12	54.45	36.24	42.01	63.2	31.76	54.82	21.21	33.24	44.38	20.0	7.0	59.2	
40.8	17.03	29.27	16.64	28.6	24.76	33.02	18.03	27.29	19.1	17.46	36.4	15.0	40.5	58.01	19.65	29.73	17.12	33.62	43.93	33.62	51.62	33.53	35.0	52.01	24.76	32.56	27.51	17.49	39.36	51.4	9.22	26.93	49.09	16.4	39.82	38.28	0.0	13.04	30.08	32.76	50.22	37.16	20.25	32.02	37.34	31.62	36.06	6.4	37.01	11.4	25.55	17.2	20.81	26.02	14.04	52.2	28.0	15.26	47.89	31.02	32.8	20.62	17.03	43.32	37.64	6.4	33.54	38.33	29.21	62.8	56.86	47.38	27.0	35.23	54.04	41.3	50.16	38.95	32.98	26.68	22.8	50.21	51.26	37.44	1.0	39.62	21.1	49.93	34.89	31.91	32.57	21.4	30.23	32.57	39.66	37.12	29.61	34.21	29.07	33.96	31.78	29.07	9.22	32.2	49.73	35.38	28.86	22.2	35.78	39.62	34.06	34.71	31.4	35.36	56.94	55.0	48.8	43.19	52.8	14.56	41.0	41.23	34.21	17.69	39.81	6.08	16.55	13.6	31.06	7.81	19.72	24.02	31.4	22.56	53.6	10.0	22.2	18.38	4.0	13.42	40.46	18.38	17.03	29.0	25.5	14.87	52.01	34.93	25.5	
30.48	4.0	16.76	25.55	18.87	16.76	41.23	14.32	40.31	32.02	26.25	49.24	25.55	51.48	50.57	25.46	42.45	19.42	46.17	47.41	39.7	45.22	31.14	48.01	60.21	34.89	45.28	40.26	8.25	46.01	43.86	9.22	39.56	56.57	26.93	48.41	27.59	13.04	0.0	42.72	31.58	43.08	33.06	12.65	20.12	42.8	25.5	23.19	8.54	29.73	22.8	33.42	9.06	11.7	27.73	2.24	48.26	41.01	26.93	42.2	33.11	23.02	30.02	21.26	40.01	25.94	18.03	21.19	51.35	22.56	70.72	49.77	38.59	29.07	24.84	46.07	40.79	51.87	50.33	21.02	13.93	15.81	41.05	47.27	48.33	13.15	30.53	8.06	43.32	47.17	21.26	21.1	30.53	41.23	44.91	50.57	25.61	16.76	27.2	25.0	46.53	38.21	40.8	14.87	44.6	47.0	27.31	41.77	14.87	47.43	31.3	47.1	44.78	31.05	47.54	63.78	47.42	58.01	53.0	45.19	3.16	42.06	31.4	21.54	11.0	28.02	15.65	15.23	26.17	42.15	9.43	28.02	26.93	18.44	27.66	46.1	15.81	13.0	26.91	13.34	14.76	50.61	8.94	27.78	16.03	15.62	25.63	44.28	23.02	38.21	
70.33	46.57	57.43	31.4	58.18	53.85	39.05	46.04	7.07	15.81	21.59	7.07	19.03	33.54	84.9	37.8	1.0	41.04	3.61	57.25	44.6	77.78	57.38	13.04	52.15	29.73	17.46	2.83	47.42	47.07	78.64	38.47	3.16	52.01	18.11	42.11	68.0	30.08	42.72	0.0	55.44	77.16	62.24	45.0	59.08	48.38	59.03	64.63	36.25	64.82	26.17	36.25	46.96	50.54	47.01	43.17	75.6	11.0	24.21	73.55	49.93	62.27	30.89	38.9	66.84	64.0	24.74	61.2	11.66	57.2	61.81	83.45	75.8	47.2	64.88	81.57	61.59	65.55	30.59	60.07	56.61	46.1	78.82	74.81	32.14	29.73	68.51	50.7	76.38	5.83	61.72	59.01	31.76	28.16	21.21	33.38	67.12	59.48	62.01	55.23	19.65	42.72	24.08	30.07	3.16	71.85	63.82	4.0	46.04	27.29	68.01	10.82	34.06	53.41	6.71	60.01	82.13	46.39	40.2	80.06	44.6	59.06	70.49	64.2	47.01	69.86	27.46	43.6	21.21	28.07	37.12	33.29	44.2	61.13	40.22	80.72	35.0	51.88	21.84	31.76	34.01	37.12	45.18	17.12	58.05	51.0	27.02	79.4	65.0	16.28	
27.2	32.57	42.19	24.08	21.93	18.6	26.48	17.26	49.52	39.7	50.0	59.4	46.82	42.2	30.89	17.69	54.67	15.81	58.9	19.42	20.02	23.32	3.0	52.8	40.02	29.15	46.87	52.63	24.35	25.18	25.63	25.02	52.8	35.17	48.1	32.02	27.31	32.76	31.58	55.44	0.0	23.77	8.25	44.15	46.65	20.22	12.53	44.69	28.07	16.28	29.68	22.36	23.09	22.36	8.49	33.73	20.25	47.42	31.24	18.87	8.06	22.47	25.61	17.0	11.4	51.87	38.6	46.04	58.26	14.21	48.47	29.15	26.08	8.6	25.06	28.79	9.22	21.1	43.01	47.17	32.2	47.3	29.15	19.42	39.56	33.73	22.56	33.11	22.36	61.22	25.0	48.37	25.0	35.34	43.91	41.23	30.02	34.06	14.87	8.49	46.65	20.22	38.08	41.3	58.41	17.09	18.03	52.4	46.32	42.15	20.22	53.26	34.21	2.24	62.01	39.81	28.64	41.11	39.12	26.93	28.86	11.4	25.71	34.71	20.88	32.65	38.83	17.0	34.41	36.25	26.08	22.67	11.31	36.12	15.62	27.31	23.09	21.95	50.96	28.86	44.01	38.47	40.26	48.47	38.83	45.88	28.43	26.57	30.81	41.87	
17.46	41.76	45.0	46.62	24.74	26.4	50.0	32.2	71.84	61.85	67.42	81.84	65.22	65.8	7.81	40.5	76.49	36.12	80.72	38.05	43.17	3.61	21.02	76.01	61.0	52.77	70.33	74.33	34.93	47.38	2.0	41.05	74.28	56.0	66.61	54.92	20.22	50.22	43.08	77.16	23.77	0.0	15.65	53.37	49.04	42.43	18.6	43.57	44.1	13.42	50.99	46.1	34.44	31.38	31.76	44.6	13.6	70.21	53.41	6.08	31.62	21.21	48.88	38.42	15.0	52.47	56.61	47.17	81.27	21.1	67.6	6.71	8.06	32.2	21.0	5.1	24.0	34.21	66.73	49.09	35.13	56.09	9.22	13.04	63.25	51.04	14.0	39.81	2.24	82.76	24.08	51.04	48.37	59.09	67.54	64.85	24.33	35.0	16.12	21.93	70.24	43.68	61.72	56.82	79.93	17.46	15.81	74.52	55.11	65.92	12.17	76.28	57.87	26.0	83.45	58.55	5.0	63.29	62.17	3.16	39.92	29.0	15.3	32.25	33.12	25.0	55.76	34.06	55.97	60.01	42.44	45.79	34.48	36.06	38.95	3.61	42.45	30.08	68.26	47.01	57.78	61.85	49.48	67.2	41.0	52.35	50.61	3.0	27.17	64.9	
20.59	33.06	40.5	31.24	18.79	17.26	34.71	19.65	56.64	46.69	54.63	66.6	51.88	50.45	23.02	25.0	61.52	21.4	65.76	25.63	28.16	15.62	5.39	60.46	47.52	37.12	54.71	59.41	25.0	33.02	17.46	28.46	59.46	42.58	53.24	40.11	21.4	37.16	33.06	62.24	8.25	15.65	0.0	45.04	44.94	28.02	8.54	41.68	31.62	9.43	36.12	30.46	24.02	22.09	16.12	35.01	15.3	54.82	38.21	11.31	16.28	17.8	33.29	23.35	7.07	49.66	43.38	43.86	65.8	11.4	55.36	21.4	18.0	16.55	19.8	20.62	12.21	24.84	51.24	45.31	30.08	48.09	21.02	14.32	47.8	38.08	15.65	32.56	14.42	67.94	20.81	46.82	32.76	43.46	51.88	49.48	24.76	31.3	9.22	8.25	54.59	28.44	46.07	44.92	65.12	14.14	12.04	59.41	47.1	50.33	13.0	60.8	42.45	10.44	68.68	46.49	20.59	49.01	47.27	18.79	30.02	16.55	18.79	30.81	22.09	27.02	43.08	20.62	41.04	44.38	29.73	30.23	18.87	33.12	23.32	19.24	28.3	21.21	55.54	33.54	46.87	46.69	41.05	53.71	36.77	45.71	35.38	18.38	26.25	49.41	
38.48	12.0	13.89	36.07	28.64	28.02	52.35	26.93	44.55	38.28	24.52	52.01	26.02	60.75	60.44	37.2	45.01	31.76	48.04	59.93	51.61	55.9	43.57	53.15	71.45	44.82	51.87	43.05	20.1	57.8	53.85	21.1	42.01	68.12	27.07	59.4	35.34	20.25	12.65	45.0	44.15	53.37	45.04	0.0	14.32	54.92	37.01	21.02	19.21	40.45	31.62	44.6	21.21	23.0	40.31	10.44	60.01	46.32	35.51	53.34	45.69	32.28	40.36	33.29	52.09	19.0	21.84	16.76	55.33	34.01	82.13	59.91	47.76	41.63	33.24	55.66	53.37	64.51	59.17	15.3	19.24	3.16	49.77	59.01	57.69	19.72	39.85	13.6	53.94	48.26	29.73	14.04	41.04	50.48	52.39	59.91	32.25	20.81	38.21	37.22	53.49	50.0	49.24	15.13	46.1	59.14	37.66	45.18	2.24	55.95	41.23	51.79	54.82	43.68	48.37	75.6	57.28	68.68	63.25	55.08	15.3	54.71	39.92	25.61	23.35	33.84	18.68	27.86	33.54	51.31	20.81	38.9	39.36	21.26	39.66	56.04	27.02	24.02	24.74	22.67	11.05	60.61	4.0	28.07	16.28	6.0	35.0	54.12	29.15	44.94	
32.06	16.64	4.47	45.65	26.25	28.18	61.03	31.14	58.14	50.99	38.83	66.03	40.2	71.59	55.08	45.0	59.03	38.29	62.2	64.82	58.8	52.15	45.18	66.48	79.81	55.01	64.54	57.01	23.35	65.19	49.0	29.15	56.04	75.93	41.3	68.24	29.02	32.02	20.12	59.08	46.65	49.04	44.94	14.32	0.0	61.52	36.4	7.81	28.64	37.85	42.72	53.25	24.76	24.41	45.34	18.38	58.46	59.54	46.82	50.64	50.45	28.44	50.12	40.61	51.87	5.83	35.13	2.83	69.07	33.62	90.14	55.01	42.05	46.75	28.07	50.09	55.47	67.74	70.38	1.0	14.87	14.32	43.29	57.49	68.45	31.78	35.06	14.14	50.16	62.51	25.32	2.0	50.61	61.33	64.56	70.68	25.08	14.14	36.4	38.47	65.97	57.49	60.75	29.02	60.3	58.82	34.71	59.01	13.93	67.42	37.22	65.28	64.88	46.87	62.65	82.76	52.04	77.94	73.06	50.01	20.81	57.98	34.01	17.12	26.91	25.5	32.06	33.24	45.61	62.24	29.53	48.02	45.25	13.0	46.86	51.01	35.85	24.7	39.05	33.24	25.32	70.71	14.04	42.3	8.25	8.54	45.69	49.01	22.02	57.49	
47.3	45.34	57.31	21.38	40.25	35.85	10.0	30.48	41.44	33.54	51.35	50.09	47.17	24.7	48.51	17.89	47.43	23.43	51.26	8.94	4.0	41.0	23.19	41.34	19.92	18.68	34.67	45.88	38.21	5.0	44.41	33.84	46.57	15.23	48.09	12.65	47.13	37.34	42.8	48.38	20.22	42.43	28.02	54.92	61.52	0.0	32.28	61.4	35.85	36.5	28.28	13.0	36.8	37.8	16.64	45.0	34.01	38.08	27.0	36.67	12.65	41.79	19.0	21.63	27.66	67.21	41.0	61.62	47.17	33.24	29.15	46.57	46.01	15.26	44.6	47.52	18.97	17.49	26.4	62.24	48.6	57.98	49.0	33.62	22.8	38.28	42.76	47.38	40.61	54.08	43.86	62.94	18.0	21.63	30.81	23.85	49.4	51.04	34.93	27.51	33.6	6.0	25.55	46.49	51.55	29.07	38.08	44.6	57.14	26.87	40.45	42.54	17.69	18.44	55.03	21.26	46.87	21.0	19.92	45.54	41.11	14.32	45.89	52.84	34.71	52.2	42.72	28.28	31.0	22.2	34.13	18.25	16.28	53.25	15.26	45.71	28.18	38.01	52.35	33.62	50.7	20.12	51.61	48.04	54.67	58.41	25.08	45.4	49.66	32.31	
