100
0.0	32.25	8.06	25.3	37.11	37.7	26.83	37.12	13.89	22.36	6.4	18.44	30.0	19.92	18.79	31.38	7.62	29.43	12.04	29.97	36.01	39.41	7.0	38.47	15.13	14.56	45.61	26.48	42.8	39.29	32.2	22.67	7.07	29.27	19.24	31.02	5.1	36.22	24.02	15.81	35.38	27.73	7.07	34.71	30.46	35.69	40.01	34.01	12.04	28.18	47.43	43.91	33.24	30.36	35.85	36.67	18.68	4.0	16.64	14.42	26.93	7.81	47.17	10.44	48.08	13.93	37.64	47.01	18.44	33.96	38.64	17.72	31.06	19.72	38.01	29.43	46.32	20.62	38.01	45.28	37.16	48.83	18.36	13.89	28.02	8.06	10.2	41.23	21.19	9.43	22.56	25.0	18.03	26.83	9.49	18.25	19.7	19.7	21.1	14.42	
32.25	0.0	37.64	24.33	27.59	23.6	40.79	21.02	46.14	10.0	31.89	32.06	12.81	23.77	26.4	4.12	32.28	26.42	23.35	3.16	35.23	16.76	29.41	40.5	26.02	24.08	20.0	34.48	11.66	43.91	13.45	11.05	38.91	34.54	21.02	5.1	35.81	31.24	17.46	33.02	10.77	5.0	38.08	39.36	4.0	39.82	36.12	16.16	43.46	4.24	23.02	22.8	24.84	39.22	18.03	29.0	23.09	35.78	19.1	46.65	36.4	39.96	24.19	31.58	18.97	25.81	8.06	15.81	14.56	9.43	30.41	23.71	14.87	12.53	34.83	21.02	23.19	25.63	36.4	15.81	6.08	24.0	19.0	35.23	5.0	33.24	26.68	44.94	12.04	29.0	21.84	23.35	24.6	17.89	41.59	21.47	12.81	26.0	11.18	20.4	
8.06	37.64	0.0	25.0	45.12	45.54	33.84	38.33	11.05	27.66	5.83	26.17	37.22	20.1	18.0	36.06	15.13	37.48	14.76	35.0	44.0	46.65	15.03	46.27	23.19	22.56	52.7	34.23	48.8	46.87	39.45	29.21	9.22	37.12	20.62	35.51	3.0	44.28	25.96	23.35	42.2	32.8	10.82	42.43	35.23	43.42	48.04	36.14	13.04	33.42	54.71	51.43	41.23	37.85	43.38	44.72	26.68	8.54	24.17	11.0	34.53	5.83	54.59	18.11	54.67	14.32	43.86	53.04	25.0	37.58	46.69	18.25	38.47	25.46	46.04	30.15	53.71	20.0	46.0	51.74	41.88	56.08	26.0	20.88	33.94	15.3	18.25	48.84	25.81	9.49	23.19	25.02	18.11	34.54	9.43	19.65	24.84	19.0	26.87	21.93	
25.3	24.33	25.0	0.0	46.49	44.15	48.17	13.93	36.01	18.44	20.22	38.21	32.56	5.39	7.0	20.62	30.89	41.59	13.89	21.21	50.61	40.01	28.3	54.92	31.83	29.73	44.18	44.69	35.44	57.2	34.37	24.04	31.78	46.4	7.07	19.65	25.18	48.33	7.0	37.01	34.0	20.02	32.28	52.2	20.4	53.01	53.23	13.45	36.67	21.02	47.1	46.04	42.72	49.58	39.46	47.17	32.2	29.12	26.63	36.0	46.01	30.15	48.01	32.45	43.17	11.4	32.39	39.22	22.36	18.36	49.04	7.62	34.71	19.31	51.43	5.83	47.01	5.0	52.35	40.02	25.08	48.17	28.3	36.89	24.02	31.76	28.43	58.82	15.52	16.28	3.61	1.0	7.28	34.18	33.38	7.81	17.09	6.0	19.92	25.61	
37.11	27.59	45.12	46.49	0.0	5.1	24.19	48.01	47.85	28.23	41.3	22.2	15.0	43.17	44.72	31.24	31.38	8.06	37.12	29.21	10.0	14.56	30.36	15.13	22.14	22.56	19.0	17.2	26.93	19.1	14.14	22.47	40.31	14.76	40.26	32.02	42.2	5.0	39.92	25.24	18.03	28.84	38.48	16.12	30.61	16.03	8.94	43.01	42.54	28.02	18.25	13.15	4.0	19.31	10.3	2.0	18.44	38.28	22.0	48.75	18.87	43.66	16.49	28.64	25.08	41.19	23.32	28.86	24.52	36.88	2.83	41.77	12.81	27.2	8.25	45.62	16.28	45.12	10.2	24.52	32.65	19.42	20.0	28.84	24.41	31.78	26.93	19.42	31.02	41.01	43.01	45.54	42.76	12.37	42.95	40.02	29.41	44.91	26.57	24.02	
37.7	23.6	45.54	44.15	5.1	0.0	28.23	44.42	49.4	25.71	41.23	24.76	11.7	41.3	43.1	27.46	32.76	10.82	36.06	25.55	15.03	9.49	31.3	20.22	23.32	23.26	14.04	21.02	21.93	24.19	10.3	20.22	41.68	18.97	38.33	28.3	42.72	10.05	37.36	27.59	13.45	25.5	39.96	21.02	26.93	21.0	13.93	39.45	44.41	24.6	13.6	8.54	5.83	23.77	5.66	7.07	19.24	39.36	21.59	50.25	22.85	44.72	12.08	30.23	20.02	40.01	18.6	23.77	23.0	33.02	7.62	40.11	9.49	25.18	13.34	42.72	11.7	43.29	15.3	19.42	28.28	14.87	19.65	31.14	21.02	33.29	27.73	24.52	28.64	40.45	40.79	43.17	41.11	11.18	44.42	38.21	27.29	43.19	24.33	23.77	
26.83	40.79	33.84	48.17	24.19	28.23	0.0	55.95	31.0	34.93	33.12	10.0	30.0	43.14	43.19	42.72	19.24	17.72	34.66	40.52	16.28	35.9	20.81	15.23	16.64	18.87	41.76	7.28	46.04	14.14	31.06	30.36	25.5	9.43	41.11	43.01	31.02	20.0	43.83	11.4	36.06	38.9	23.54	11.18	41.76	12.08	20.62	51.43	25.0	38.6	41.79	36.77	22.47	5.83	30.81	22.47	18.03	25.3	23.26	32.0	5.39	29.61	40.31	16.64	47.07	38.29	41.0	49.25	28.64	47.76	23.6	41.01	29.07	32.2	19.1	50.22	39.92	44.55	17.8	45.54	46.87	43.08	22.47	13.0	35.9	18.79	19.8	16.12	36.24	35.23	44.69	47.51	41.73	24.0	27.17	40.36	34.0	43.86	32.7	23.32	
37.12	21.02	38.33	13.93	48.01	44.42	55.95	0.0	49.16	21.4	33.06	46.07	33.02	18.25	20.62	17.0	41.23	45.25	25.08	18.87	54.45	37.7	38.33	59.41	39.36	37.12	40.02	51.04	29.15	62.37	34.13	26.91	44.05	52.01	18.0	16.12	38.05	51.09	13.15	45.69	31.78	19.21	44.18	57.49	17.49	58.14	56.08	5.0	49.04	20.0	43.17	43.66	44.82	56.04	38.95	49.2	38.28	41.11	32.76	49.25	52.7	43.05	44.64	42.06	37.12	24.08	28.16	32.0	27.46	11.7	50.8	20.1	35.23	23.85	54.56	8.25	43.68	18.68	55.9	34.23	18.25	43.93	33.84	46.49	23.6	42.2	37.34	63.7	19.72	29.07	15.13	13.6	20.22	36.8	46.0	19.0	21.95	19.65	23.6	32.65	
13.89	46.14	11.05	36.01	47.85	49.4	31.0	49.16	0.0	36.24	16.12	26.25	43.14	31.02	29.02	45.19	16.64	39.81	24.74	43.83	44.38	52.4	18.44	45.4	26.08	26.4	58.73	33.73	56.61	45.04	45.28	36.4	7.81	36.88	31.26	44.78	11.18	45.88	36.5	23.09	48.84	41.59	9.43	41.3	44.28	42.3	48.76	46.69	6.0	42.06	60.31	56.4	44.29	36.12	48.41	47.01	30.23	10.63	29.7	1.0	33.38	6.32	59.82	19.24	61.62	25.08	51.4	60.8	32.2	47.43	48.85	29.07	43.93	33.62	46.84	41.05	59.03	31.02	46.32	58.9	50.99	61.72	31.14	19.65	41.88	16.12	22.02	47.04	34.93	20.1	34.06	36.0	29.02	39.2	5.0	30.27	33.54	30.02	34.99	27.59	
22.36	10.0	27.66	18.44	28.23	25.71	34.93	21.4	36.24	0.0	21.93	25.3	14.14	16.03	18.25	9.22	23.19	24.21	13.6	7.62	33.42	22.2	20.22	38.21	18.68	16.49	27.2	29.68	21.26	41.04	16.03	5.83	29.15	30.61	13.04	9.06	25.81	30.53	11.7	25.5	16.49	5.39	28.46	36.12	8.25	36.8	35.51	16.64	33.84	5.83	29.83	28.07	24.6	34.67	21.1	29.07	17.0	26.0	11.7	36.72	31.38	30.02	30.41	23.0	27.78	16.55	16.64	25.5	6.32	13.15	30.87	15.3	16.28	3.0	33.84	17.49	29.43	18.03	35.0	24.7	14.87	31.05	12.53	27.07	6.71	24.19	18.0	42.43	3.0	19.21	15.13	17.46	16.28	16.12	31.78	13.15	2.83	18.11	2.24	12.17	
6.4	31.89	5.83	20.22	41.3	41.23	33.12	33.06	16.12	21.93	0.0	24.35	32.2	15.03	13.34	30.23	13.89	34.01	8.94	29.21	41.3	41.59	12.65	44.15	20.1	19.0	47.51	32.28	43.14	45.22	34.44	23.85	11.7	34.93	15.13	29.68	5.0	41.0	20.4	21.93	36.89	27.02	12.53	40.52	29.41	41.48	45.1	30.59	16.49	27.66	49.65	46.62	37.34	36.4	38.63	41.11	23.02	9.43	19.65	16.28	32.89	10.0	49.66	16.55	49.2	9.0	38.29	47.38	19.72	31.78	43.1	13.0	33.62	19.85	43.1	25.0	48.75	15.3	43.29	46.23	36.06	51.0	21.59	20.25	28.32	14.42	15.13	47.13	20.0	4.0	18.0	20.1	13.04	30.08	13.15	14.14	19.1	14.32	21.26	17.46	
18.44	32.06	26.17	38.21	22.2	24.76	10.0	46.07	26.25	25.3	24.35	0.0	22.8	33.24	33.42	33.54	11.05	14.21	24.84	31.4	18.25	30.41	11.7	20.1	6.71	8.94	36.72	8.06	38.83	20.88	24.35	21.21	19.24	11.0	31.14	33.73	23.19	19.7	33.84	3.16	29.12	29.61	17.26	16.28	32.56	17.26	22.56	41.63	20.62	29.43	37.44	32.8	19.1	12.08	25.55	21.1	9.0	18.0	13.6	27.2	8.54	23.09	36.4	8.06	41.23	28.6	33.54	42.45	18.97	38.33	22.83	31.14	22.47	22.47	20.62	40.22	35.81	34.71	20.22	39.22	38.12	38.83	13.15	6.71	27.07	11.0	10.0	22.8	26.4	25.94	34.71	37.54	31.89	17.09	21.59	30.41	24.17	34.06	23.09	13.42	
30.0	12.81	37.22	32.56	15.0	11.7	30.0	33.02	43.14	14.14	32.2	22.8	0.0	30.02	32.02	16.28	27.02	13.93	25.71	14.21	22.47	9.43	24.76	27.78	18.36	17.2	15.62	23.09	16.12	31.3	2.24	9.06	35.36	22.56	27.02	17.03	34.67	18.44	25.71	24.7	6.32	13.89	33.97	26.93	15.62	27.31	23.35	28.02	39.05	13.04	17.49	14.56	12.04	27.46	7.0	16.28	14.32	32.56	13.45	43.86	25.08	37.64	17.46	25.24	18.87	29.43	11.0	19.65	12.65	21.93	17.8	29.02	2.24	14.04	22.02	31.02	16.55	32.02	23.6	16.55	18.36	18.87	12.04	27.73	9.43	27.8	21.26	32.25	17.12	30.68	29.27	31.58	30.02	6.0	38.18	27.0	16.0	32.0	13.0	15.62	
19.92	23.77	20.1	5.39	43.17	41.3	43.14	18.25	31.02	16.03	15.03	33.24	30.02	0.0	2.83	20.59	25.55	37.7	8.6	20.62	46.52	38.21	23.02	50.61	27.02	25.0	42.95	40.0	35.34	52.7	32.0	21.1	26.48	41.88	3.0	19.72	20.02	44.6	7.07	31.89	32.39	18.97	26.93	47.71	20.12	48.55	49.4	16.55	31.4	19.92	45.71	44.1	39.29	44.82	37.01	43.68	27.78	23.77	22.36	31.06	41.23	25.02	46.39	27.2	42.72	6.08	31.62	39.36	18.68	19.8	45.61	2.24	32.06	16.12	47.54	10.05	45.4	2.0	48.33	39.56	25.81	46.87	24.17	31.62	22.36	26.42	23.35	54.38	13.04	11.05	3.16	5.1	2.0	30.81	28.16	3.16	14.04	2.24	17.03	21.1	
18.79	26.4	18.0	7.0	44.72	43.1	43.19	20.62	29.02	18.25	13.34	33.42	32.02	2.83	0.0	23.32	25.0	38.9	8.6	23.26	47.54	40.45	22.67	51.43	27.46	25.55	45.35	40.5	38.01	53.34	34.06	23.0	25.0	42.54	5.39	22.47	18.25	45.88	9.9	31.83	34.71	21.54	25.63	48.37	22.83	49.24	50.6	19.24	29.83	22.47	48.05	46.27	40.79	45.22	39.01	45.12	28.64	22.47	23.41	29.0	41.62	23.19	48.66	26.91	45.31	5.0	34.18	42.06	20.22	22.63	47.07	3.0	34.0	18.0	48.7	12.37	47.68	2.0	49.4	42.15	28.6	49.24	25.3	31.24	24.74	25.81	23.43	55.07	15.3	9.49	5.83	7.07	2.0	32.39	26.48	5.1	16.03	1.0	19.03	21.93	
31.38	4.12	36.06	20.62	31.24	27.46	42.72	17.0	45.19	9.22	30.23	33.54	16.28	20.59	23.32	0.0	32.39	29.41	21.4	2.24	38.42	20.88	29.43	43.6	27.17	25.08	24.02	36.77	14.87	46.87	17.2	12.37	38.28	37.12	18.03	1.0	34.48	34.66	13.93	34.13	14.87	4.0	37.64	42.19	1.0	42.72	39.6	12.08	43.01	4.12	27.07	26.93	28.28	41.63	21.95	32.56	24.74	35.11	20.1	45.62	38.63	38.91	28.28	32.06	22.56	23.35	12.0	18.79	15.0	5.66	34.06	20.81	18.44	12.17	38.21	17.0	27.29	22.36	39.7	19.42	5.83	28.02	20.4	36.0	7.21	33.38	27.07	48.01	10.3	27.02	18.38	19.65	21.63	20.81	40.85	18.6	11.7	22.83	11.05	21.0	
7.62	32.28	15.13	30.89	31.38	32.76	19.24	41.23	16.64	23.19	13.89	11.05	27.02	25.55	25.0	32.39	0.0	23.41	17.0	30.59	29.07	36.07	3.0	31.14	9.43	9.9	42.45	19.1	41.59	31.78	29.07	21.54	8.94	22.02	24.17	32.25	12.17	29.83	28.16	8.25	33.02	28.44	7.21	27.29	31.4	28.28	33.24	37.48	12.04	28.64	43.86	39.82	27.73	22.8	31.89	30.68	13.6	7.07	13.89	17.49	19.42	12.37	43.28	3.0	45.8	20.0	36.24	45.65	17.72	36.01	32.57	23.32	27.59	20.22	31.26	34.18	42.52	26.63	31.06	43.27	37.85	45.28	15.0	6.4	27.51	1.0	5.83	33.73	23.0	16.28	27.73	30.41	23.85	22.67	11.66	23.26	21.02	25.81	21.38	12.08	
29.43	26.42	37.48	41.59	8.06	10.82	17.72	45.25	39.81	24.21	34.01	14.21	13.93	37.7	38.9	29.41	23.41	0.0	30.81	27.2	9.22	18.25	22.56	14.21	14.32	15.03	24.04	10.44	29.15	17.49	14.32	18.44	32.31	9.0	34.93	30.0	34.53	7.07	35.51	17.2	19.24	26.25	30.46	13.0	28.6	13.42	11.7	40.31	34.48	25.61	24.17	19.24	5.0	14.0	13.15	7.28	11.0	30.36	15.52	40.72	12.37	35.74	22.83	20.62	29.43	34.93	24.52	32.0	19.24	35.0	9.22	36.06	12.37	22.47	9.85	41.62	22.36	39.56	10.82	28.07	32.2	25.5	13.6	20.81	22.2	23.77	19.24	18.6	26.63	34.13	38.01	40.71	37.0	8.6	34.93	34.54	24.7	39.22	22.2	17.26	
12.04	23.35	14.76	13.89	37.12	36.06	34.66	25.08	24.74	13.6	8.94	24.84	25.71	8.6	8.6	21.4	17.0	30.81	0.0	20.52	39.22	34.79	14.42	42.95	18.87	17.0	40.31	31.91	34.83	44.78	27.89	16.76	19.0	34.0	7.28	20.81	13.6	37.85	12.0	23.35	29.55	18.38	19.1	39.82	20.62	40.71	42.45	22.09	24.0	19.1	42.72	40.26	33.14	36.62	32.56	37.34	20.25	16.03	15.3	25.0	33.02	18.44	43.01	18.6	41.34	4.12	30.23	39.05	13.15	22.85	39.32	6.4	27.46	12.08	40.52	17.46	42.06	9.9	41.11	38.28	27.2	44.01	17.26	23.02	20.25	17.89	14.87	46.53	11.31	5.66	10.77	13.42	7.07	25.0	21.1	6.32	10.82	9.22	13.42	13.6	
29.97	3.16	35.0	21.21	29.21	25.55	40.52	18.87	43.83	7.62	29.21	31.4	14.21	20.62	23.26	2.24	30.59	27.2	20.52	0.0	36.24	19.42	27.66	41.4	25.08	23.02	23.02	34.54	14.76	44.65	15.26	10.2	36.77	34.89	17.89	2.83	33.29	32.53	14.32	32.06	13.34	2.24	36.06	39.96	1.41	40.5	37.48	13.89	41.44	2.0	26.0	25.5	26.17	39.4	20.12	30.48	22.56	33.62	18.03	44.29	36.4	37.59	27.07	30.15	22.14	22.8	11.18	18.87	13.04	7.81	32.02	20.59	16.4	10.44	36.07	18.11	26.08	22.47	37.54	18.97	7.28	27.02	18.25	34.01	5.0	31.58	25.18	45.8	9.22	26.17	18.68	20.22	21.47	18.6	39.4	18.36	10.3	22.85	9.22	19.03	
36.01	35.23	44.0	50.61	10.0	15.03	16.28	54.45	44.38	33.42	41.3	18.25	22.47	46.52	47.54	38.42	29.07	9.22	39.22	36.24	0.0	24.33	29.02	5.39	21.21	22.56	29.0	10.77	36.4	9.22	22.36	27.66	37.48	7.62	43.83	39.05	41.0	5.0	44.65	21.38	26.93	35.38	35.51	6.32	37.64	6.08	4.47	49.5	38.6	34.71	28.16	23.09	10.77	10.63	19.65	8.0	18.97	36.12	24.17	45.35	11.66	41.3	26.31	26.08	35.06	43.32	32.31	38.64	28.3	44.05	8.25	44.78	20.59	31.62	2.83	50.8	26.17	48.33	2.0	34.37	40.82	29.27	22.36	24.74	31.24	29.15	26.17	9.85	35.81	41.98	47.01	49.74	45.69	17.69	39.81	43.38	33.84	47.93	31.4	25.63	
39.41	16.76	46.65	40.01	14.56	9.49	35.9	37.7	52.4	22.2	41.59	30.41	9.43	38.21	40.45	20.88	36.07	18.25	34.79	19.42	24.33	0.0	33.97	29.61	27.02	26.17	6.4	28.64	12.53	33.54	7.21	18.03	44.6	27.17	35.23	21.84	44.1	19.42	33.02	32.76	6.08	20.1	43.14	30.07	20.62	30.15	23.41	32.89	48.1	19.1	8.06	6.08	14.0	32.14	5.1	16.49	22.8	41.87	22.8	53.15	30.59	47.01	8.25	34.06	11.18	38.33	10.0	14.32	21.93	26.0	17.09	37.48	8.49	22.8	22.8	37.48	7.28	40.2	24.74	10.05	20.25	9.43	21.26	36.06	16.0	36.8	30.41	33.96	25.18	39.92	37.01	39.01	38.47	13.6	47.42	35.36	24.52	40.31	21.59	25.0	
7.0	29.41	15.03	28.3	30.36	31.3	20.81	38.33	18.44	20.22	12.65	11.7	24.76	23.02	22.67	29.43	3.0	22.56	14.42	27.66	29.02	33.97	0.0	31.58	8.25	8.06	40.31	19.65	38.95	32.57	26.87	18.79	10.63	22.36	21.47	29.27	12.04	29.27	25.3	9.43	30.61	25.5	9.22	27.89	28.44	28.86	33.02	34.53	14.42	25.71	41.87	38.01	26.57	23.77	30.0	29.83	12.08	8.06	11.4	19.21	20.25	13.42	41.4	4.24	43.42	17.69	33.62	43.05	14.87	33.02	31.78	20.81	25.5	17.26	31.02	31.38	40.61	24.21	31.02	40.8	34.93	43.28	12.73	8.6	24.7	4.0	3.61	34.48	20.0	14.42	25.06	27.78	21.4	20.81	13.45	20.59	18.03	23.43	18.44	9.43	
38.47	40.5	46.27	54.92	15.13	20.22	15.23	59.41	45.4	38.21	44.15	20.1	27.78	50.61	51.43	43.6	31.14	14.21	42.95	41.4	5.39	29.61	31.58	0.0	24.35	26.0	34.06	12.04	41.76	4.0	27.73	32.53	39.01	9.22	48.02	44.2	43.29	10.2	49.2	23.02	32.31	40.46	37.01	4.12	42.8	3.16	7.28	54.49	39.46	39.82	33.02	28.0	16.16	9.49	25.0	13.15	22.83	38.05	28.3	46.39	12.04	43.0	31.06	28.16	40.2	47.01	37.7	43.93	32.8	49.2	13.0	48.76	25.94	36.24	7.0	55.44	31.02	52.35	5.0	39.62	46.14	34.06	26.63	26.02	36.4	31.06	29.12	4.47	40.46	45.22	51.31	54.08	49.65	22.8	41.11	47.51	38.42	51.88	36.12	29.53	
15.13	26.02	23.19	31.83	22.14	23.32	16.64	39.36	26.08	18.68	20.1	6.71	18.36	27.02	27.46	27.17	9.43	14.32	18.87	25.08	21.21	27.02	8.25	24.35	0.0	2.24	33.42	13.04	33.84	25.94	20.25	15.0	18.36	15.23	24.76	27.29	20.22	21.1	27.2	7.0	24.6	23.19	16.64	21.02	26.17	21.93	25.02	34.93	21.26	23.09	34.66	30.48	18.38	17.8	22.63	21.59	4.24	16.16	7.07	26.93	14.21	21.54	33.97	7.07	37.22	22.83	28.46	37.7	12.37	31.78	23.54	25.0	18.6	15.81	23.02	33.6	33.24	28.6	23.19	34.89	32.0	36.07	7.07	9.49	21.02	10.0	5.0	27.73	19.7	20.88	28.28	31.11	25.81	13.45	21.1	24.08	17.46	28.02	16.49	6.71	
14.56	24.08	22.56	29.73	22.56	23.26	18.87	37.12	26.4	16.49	19.0	8.94	17.2	25.0	25.55	25.08	9.9	15.03	17.0	23.02	22.56	26.17	8.06	26.0	2.24	0.0	32.56	15.0	32.31	27.78	19.21	13.04	18.6	17.0	22.67	25.18	19.65	22.0	25.0	9.06	23.32	21.1	17.03	22.83	24.08	23.71	26.17	32.7	21.93	21.02	33.97	30.0	18.68	19.85	22.02	22.2	4.12	16.12	5.0	27.2	16.28	21.47	33.42	8.06	36.06	21.02	26.93	36.25	10.2	29.61	24.19	23.02	17.69	13.6	24.19	31.4	32.65	26.63	24.52	33.62	30.02	35.38	5.39	11.18	19.1	10.63	4.47	29.53	17.46	19.42	26.17	29.0	23.85	12.81	21.4	22.02	15.23	26.08	14.32	4.47	
45.61	20.0	52.7	44.18	19.0	14.04	41.76	40.02	58.73	27.2	47.51	36.72	15.62	42.95	45.35	24.02	42.45	24.04	40.31	23.02	29.0	6.4	40.31	34.06	33.42	32.56	0.0	34.48	11.66	38.05	13.45	23.71	50.93	32.76	40.02	25.02	50.22	24.0	37.22	39.12	10.77	24.19	49.5	35.06	24.0	35.01	27.29	35.51	54.49	23.19	3.16	6.32	19.42	37.66	11.18	21.0	29.21	48.17	29.07	59.46	36.4	53.26	5.0	40.46	6.32	43.66	12.04	11.4	27.78	28.44	21.1	42.45	14.87	28.23	27.07	41.01	4.24	44.91	29.07	7.07	21.84	4.0	27.59	42.44	20.62	43.19	36.77	38.21	30.08	45.62	41.44	43.19	43.42	20.0	53.76	40.26	29.73	45.12	26.93	31.24	
26.48	34.48	34.23	44.69	17.2	21.02	7.28	51.04	33.73	29.68	32.28	8.06	23.09	40.0	40.5	36.77	19.1	10.44	31.91	34.54	10.77	28.64	19.65	12.04	13.04	15.0	34.48	0.0	39.0	13.0	24.0	24.6	27.07	3.16	37.64	37.16	31.26	13.45	39.62	11.0	29.0	33.11	25.08	8.25	35.85	9.22	15.23	46.32	27.89	32.7	34.54	29.55	15.23	5.0	23.54	15.62	12.81	26.02	18.44	34.71	2.0	31.02	33.11	16.12	39.81	35.85	34.06	42.11	23.6	42.05	16.97	38.01	22.0	27.2	13.42	46.01	32.7	41.62	12.65	38.33	40.52	35.85	17.2	14.14	29.73	19.03	17.46	14.87	31.4	33.62	41.11	43.93	38.83	17.12	29.27	37.01	29.21	41.05	27.46	19.1	
42.8	11.66	48.8	35.44	26.93	21.93	46.04	29.15	56.61	21.26	43.14	38.83	16.12	35.34	38.01	14.87	41.59	29.15	34.83	14.76	36.4	12.53	38.95	41.76	33.84	32.31	11.66	39.0	0.0	45.61	15.0	20.25	49.09	38.12	32.65	15.81	46.75	31.62	28.79	40.52	10.0	16.64	48.02	41.77	15.23	41.98	35.85	25.0	53.34	15.81	14.76	16.97	25.71	43.1	16.76	28.79	30.08	46.04	27.73	57.2	41.0	50.61	16.64	40.31	8.0	37.44	5.39	4.24	24.41	18.03	29.55	35.36	17.0	23.35	35.11	31.4	15.81	37.16	37.0	5.1	11.0	15.23	26.93	43.32	14.87	42.49	35.78	46.17	23.6	40.46	33.24	34.48	36.24	22.09	51.87	33.12	24.08	37.58	21.93	29.53	
39.29	43.91	46.87	57.2	19.1	24.19	14.14	62.37	45.04	41.04	45.22	20.88	31.3	52.7	53.34	46.87	31.78	17.49	44.78	44.65	9.22	33.54	32.57	4.0	25.94	27.78	38.05	13.0	45.61	0.0	31.38	35.47	39.12	10.82	50.22	47.43	43.93	14.14	51.74	23.54	36.06	43.6	37.12	5.0	46.04	4.24	11.18	57.49	39.05	43.01	37.01	32.0	19.92	9.06	28.86	17.12	25.0	38.47	30.61	46.04	12.37	43.19	35.06	28.86	44.18	48.76	41.44	47.85	35.38	52.43	17.0	50.77	29.55	38.9	11.0	58.05	35.01	54.38	9.0	43.57	49.65	38.05	29.07	26.17	39.66	31.58	30.46	2.0	43.14	46.62	53.6	56.4	51.62	26.08	41.01	49.65	41.04	53.85	38.9	31.62	
32.2	13.45	39.45	34.37	14.14	10.3	31.06	34.13	45.28	16.03	34.44	24.35	2.24	32.0	34.06	17.2	29.07	14.32	27.89	15.26	22.36	7.21	26.87	27.73	20.25	19.21	13.45	24.0	15.0	31.38	0.0	11.18	37.48	23.19	29.0	18.03	36.89	18.03	27.46	26.4	5.0	15.23	36.07	27.2	16.64	27.51	22.8	29.15	41.11	14.32	15.26	12.37	11.66	28.16	5.1	15.62	16.12	34.71	15.62	46.01	26.0	39.82	15.23	27.2	17.0	31.58	10.2	18.25	14.87	22.8	16.97	31.06	2.0	16.12	21.63	32.57	14.32	34.0	23.32	14.87	18.6	16.64	14.14	29.53	10.77	29.83	23.35	32.2	19.03	32.89	31.14	33.38	32.06	7.28	40.31	29.02	18.03	34.01	15.03	17.8	
22.67	11.05	29.21	24.04	22.47	20.22	30.36	26.91	36.4	5.83	23.85	21.21	9.06	21.1	23.0	12.37	21.54	18.44	16.76	10.2	27.66	18.03	18.79	32.53	15.0	13.04	23.71	24.6	20.25	35.47	11.18	0.0	28.84	25.24	18.11	12.65	26.91	24.7	17.46	22.0	13.04	8.54	27.78	30.61	11.4	31.24	29.68	22.02	33.12	8.25	26.0	23.54	18.79	29.53	16.03	23.26	12.37	25.81	8.06	37.01	26.4	30.48	26.25	20.62	25.5	20.4	15.0	24.41	4.24	17.46	25.08	20.0	11.0	5.0	28.02	23.32	25.3	23.09	29.21	22.63	17.0	27.31	8.06	24.19	6.08	22.47	15.81	36.8	8.54	21.93	20.62	23.09	21.0	10.3	31.62	18.03	7.07	23.02	4.12	9.49	
7.07	38.91	9.22	31.78	40.31	41.68	25.5	44.05	7.81	29.15	11.7	19.24	35.36	26.48	25.0	38.28	8.94	32.31	19.0	36.77	37.48	44.6	10.63	39.01	18.36	18.6	50.93	27.07	49.09	39.12	37.48	28.84	0.0	30.15	26.08	37.95	7.21	38.6	31.0	16.12	41.11	34.54	2.0	35.0	37.34	36.0	41.77	41.05	5.0	34.93	52.5	48.6	36.67	30.07	40.61	39.56	22.47	3.16	21.93	8.6	27.0	4.12	52.01	11.7	53.91	20.4	43.83	53.25	24.7	41.0	41.44	24.33	36.12	26.4	39.81	36.22	51.22	26.93	39.46	51.22	44.01	53.91	23.35	13.0	34.48	8.54	14.21	41.11	28.16	15.52	29.27	31.58	24.52	31.4	2.83	25.08	26.57	25.96	27.73	19.85	
29.27	34.54	37.12	46.4	14.76	18.97	9.43	52.01	36.88	30.61	34.93	11.0	22.56	41.88	42.54	37.12	22.02	9.0	34.0	34.89	7.62	27.17	22.36	9.22	15.23	17.0	32.76	3.16	38.12	10.82	23.19	25.24	30.15	0.0	39.41	37.59	34.13	10.63	41.04	14.04	28.16	33.62	28.16	5.83	36.24	6.71	12.08	47.2	31.05	33.12	32.57	27.51	13.34	5.0	22.09	13.04	14.21	29.0	19.85	37.85	4.24	34.06	31.02	19.03	38.33	38.01	33.38	41.0	24.76	42.54	14.21	39.96	21.21	28.32	10.3	47.38	30.68	43.57	9.49	37.05	40.5	33.84	18.38	17.26	29.97	22.0	19.92	12.53	32.56	36.06	42.8	45.61	40.82	16.76	32.39	38.83	30.41	43.05	28.43	20.81	
19.24	21.02	20.62	7.07	40.26	38.33	41.11	18.0	31.26	13.04	15.13	31.14	27.02	3.0	5.39	18.03	24.17	34.93	7.28	17.89	43.83	35.23	21.47	48.02	24.76	22.67	40.02	37.64	32.65	50.22	29.0	18.11	26.08	39.41	0.0	17.2	20.1	41.79	5.39	30.0	29.43	16.16	26.31	45.22	17.49	46.04	46.62	15.52	31.06	17.09	42.76	41.11	36.4	42.52	34.01	40.8	25.24	23.19	19.72	31.4	38.95	25.08	43.42	25.55	39.92	6.32	28.79	36.72	15.81	17.8	42.72	2.83	29.07	13.15	44.78	10.2	42.43	5.0	45.62	36.77	23.43	43.93	21.47	30.02	19.42	25.08	21.4	51.87	10.05	11.18	3.61	6.4	3.61	27.89	28.0	1.0	11.05	5.1	14.04	18.6	
31.02	5.1	35.51	19.65	32.02	28.3	43.01	16.12	44.78	9.06	29.68	33.73	17.03	19.72	22.47	1.0	32.25	30.0	20.81	2.83	39.05	21.84	29.27	44.2	27.29	25.18	25.02	37.16	15.81	47.43	18.03	12.65	37.95	37.59	17.2	0.0	34.0	35.36	13.0	34.23	15.81	4.12	37.36	42.72	1.41	43.27	40.31	11.18	42.72	4.47	28.07	27.89	29.0	42.05	22.83	33.3	25.0	34.79	20.22	45.19	39.0	38.48	29.27	32.02	23.54	22.63	13.0	19.7	15.03	5.0	34.83	20.0	19.21	12.04	38.9	16.0	28.28	21.47	40.36	20.4	6.4	29.02	20.62	36.01	7.81	33.24	27.02	48.6	9.85	26.4	17.46	18.68	20.81	21.4	40.5	17.8	11.4	21.95	11.0	21.02	
5.1	35.81	3.0	25.18	42.2	42.72	31.02	38.05	11.18	25.81	5.0	23.19	34.67	20.02	18.25	34.48	12.17	34.53	13.6	33.29	41.0	44.1	12.04	43.29	20.22	19.65	50.22	31.26	46.75	43.93	36.89	26.91	7.21	34.13	20.1	34.0	0.0	41.3	25.32	20.4	39.82	31.06	8.49	39.46	33.62	40.45	45.04	35.51	11.7	31.62	52.15	48.76	38.33	34.93	40.71	41.77	23.77	5.83	21.47	11.4	31.58	5.0	51.97	15.13	52.4	14.0	41.73	50.99	22.67	36.4	43.74	18.0	35.85	23.43	43.05	30.0	51.11	20.22	43.0	49.52	40.31	53.54	23.26	18.03	31.89	12.37	15.3	45.89	24.19	9.0	23.0	25.08	18.03	31.78	8.25	19.1	23.02	19.24	24.84	19.24	
36.22	31.24	44.28	48.33	5.0	10.05	20.0	51.09	45.88	30.53	41.0	19.7	18.44	44.6	45.88	34.66	29.83	7.07	37.85	32.53	5.0	19.42	29.27	10.2	21.1	22.0	24.0	13.45	31.62	14.14	18.03	24.7	38.6	10.63	41.79	35.36	41.3	0.0	42.06	22.85	22.36	31.89	36.69	11.18	33.94	11.05	5.0	46.1	40.31	31.14	23.19	18.11	6.4	14.76	14.87	3.0	18.03	36.88	22.56	46.82	14.87	42.2	21.38	26.93	30.07	41.98	27.73	33.73	26.0	40.31	3.61	43.01	16.4	29.07	3.61	48.02	21.21	46.49	5.39	29.43	36.62	24.33	20.62	26.4	27.59	30.08	26.08	14.56	33.12	41.19	44.78	47.42	43.97	14.42	41.11	41.44	31.3	46.17	28.65	24.33	
24.02	17.46	25.96	7.0	39.92	37.36	43.83	13.15	36.5	11.7	20.4	33.84	25.71	7.07	9.9	13.93	28.16	35.51	12.0	14.32	44.65	33.02	25.3	49.2	27.2	25.0	37.22	39.62	28.79	51.74	27.46	17.46	31.0	41.04	5.39	13.0	25.32	42.06	0.0	33.12	27.0	13.04	31.06	46.75	13.6	47.51	47.01	10.2	36.0	14.04	40.11	39.05	36.25	44.6	32.56	40.72	26.87	28.02	21.21	36.67	41.11	30.27	41.01	29.15	36.4	11.7	25.5	32.7	16.4	12.73	42.54	8.06	27.89	13.04	45.28	6.4	40.01	8.6	46.32	33.24	18.87	41.19	22.67	33.62	17.03	29.12	24.6	53.26	8.94	16.49	4.47	6.0	8.6	27.73	33.06	6.32	10.82	9.22	13.42	20.62	
15.81	33.02	23.35	37.01	25.24	27.59	11.4	45.69	23.09	25.5	21.93	3.16	24.7	31.89	31.83	34.13	8.25	17.2	23.35	32.06	21.38	32.76	9.43	23.02	7.0	9.06	39.12	11.0	40.52	23.54	26.4	22.0	16.12	14.04	30.0	34.23	20.4	22.85	33.12	0.0	31.02	30.15	14.14	19.1	33.14	20.1	25.71	41.44	17.46	30.07	40.0	35.47	22.02	14.56	28.02	24.19	10.44	15.03	14.04	24.04	11.18	20.02	39.05	5.39	43.38	26.91	35.17	44.27	19.24	38.64	25.94	29.73	24.6	22.56	23.77	39.45	38.42	33.24	23.35	41.23	39.0	41.4	14.04	3.61	28.02	8.06	8.6	25.5	26.25	23.85	33.6	36.4	30.41	19.24	18.44	29.21	24.04	32.53	23.35	13.34	
35.38	10.77	42.2	34.0	18.03	13.45	36.06	31.78	48.84	16.49	36.89	29.12	6.32	32.39	34.71	14.87	33.02	19.24	29.55	13.34	26.93	6.08	30.61	32.31	24.6	23.32	10.77	29.0	10.0	36.06	5.0	13.04	41.11	28.16	29.43	15.81	39.82	22.36	27.0	31.02	0.0	14.04	39.82	32.02	14.56	32.28	26.93	26.93	45.0	13.04	13.34	12.17	16.16	33.14	7.81	19.72	20.62	38.21	19.21	49.52	31.0	43.14	14.04	31.38	12.81	32.89	5.39	13.34	17.2	20.12	20.81	31.78	7.0	17.46	25.94	31.4	13.04	34.37	27.73	10.3	14.87	14.56	18.03	34.01	10.05	33.84	27.2	36.77	19.42	34.89	31.06	33.0	32.76	12.17	43.93	29.61	18.97	34.53	16.16	21.26	
27.73	5.0	32.8	20.02	28.84	25.5	38.9	19.21	41.59	5.39	27.02	29.61	13.89	18.97	21.54	4.0	28.44	26.25	18.38	2.24	35.38	20.1	25.5	40.46	23.19	21.1	24.19	33.11	16.64	43.6	15.23	8.54	34.54	33.62	16.16	4.12	31.06	31.89	13.04	30.15	14.04	0.0	33.84	38.83	3.0	39.41	36.88	14.21	39.22	1.0	27.07	26.17	25.61	38.01	20.25	30.0	20.88	31.38	16.12	42.06	34.93	35.36	28.0	28.07	23.77	20.81	12.65	20.81	11.0	8.94	31.62	18.79	16.12	8.25	35.38	17.46	27.0	20.88	36.77	20.62	9.49	28.16	16.49	32.0	4.47	29.43	23.09	44.82	7.07	24.04	17.26	19.03	19.7	17.69	37.16	16.55	8.06	21.19	7.07	17.0	
7.07	38.08	10.82	32.28	38.48	39.96	23.54	44.18	9.43	28.46	12.53	17.26	33.97	26.93	25.63	37.64	7.21	30.46	19.1	36.06	35.51	43.14	9.22	37.01	16.64	17.03	49.5	25.08	48.02	37.12	36.07	27.78	2.0	28.16	26.31	37.36	8.49	36.69	31.06	14.14	39.82	33.84	0.0	33.0	36.69	34.0	39.81	41.0	5.39	34.18	50.99	47.01	34.89	28.07	39.05	37.7	20.81	3.16	20.62	10.3	25.0	6.08	50.45	9.85	52.63	20.88	42.72	52.15	23.71	40.61	39.56	24.74	34.66	25.63	37.85	36.5	49.68	27.51	37.48	50.0	43.32	52.4	21.93	11.0	33.54	6.71	12.73	39.12	27.66	16.16	29.61	32.02	25.0	29.83	4.47	25.32	25.96	26.57	26.93	18.6	
34.71	39.36	42.43	52.2	16.12	21.02	11.18	57.49	41.3	36.12	40.52	16.28	26.93	47.71	48.37	42.19	27.29	13.0	39.82	39.96	6.32	30.07	27.89	4.12	21.02	22.83	35.06	8.25	41.77	5.0	27.2	30.61	35.0	5.83	45.22	42.72	39.46	11.18	46.75	19.1	32.02	38.83	33.0	0.0	41.34	1.0	10.0	52.63	35.36	38.28	34.37	29.27	16.12	5.39	25.18	14.14	20.0	34.13	25.61	42.3	8.0	39.01	32.56	24.33	41.0	43.83	37.36	44.28	30.41	47.71	14.56	45.79	25.3	33.94	8.94	53.08	32.39	49.4	7.21	40.11	45.19	35.51	24.08	22.0	34.99	27.17	25.63	6.71	38.18	41.79	48.6	51.4	46.65	21.47	37.05	44.65	36.07	48.88	33.97	26.63	
30.46	4.0	35.23	20.4	30.61	26.93	41.76	17.49	44.28	8.25	29.41	32.56	15.62	20.12	22.83	1.0	31.4	28.6	20.62	1.41	37.64	20.62	28.44	42.8	26.17	24.08	24.0	35.85	15.23	46.04	16.64	11.4	37.34	36.24	17.49	1.41	33.62	33.94	13.6	33.14	14.56	3.0	36.69	41.34	0.0	41.88	38.9	12.53	42.06	3.16	27.02	26.68	27.59	40.72	21.47	31.89	23.77	34.18	19.1	44.72	37.7	38.01	28.16	31.06	22.8	22.67	12.04	19.24	14.0	6.4	33.42	20.25	17.8	11.18	37.48	17.03	27.17	21.93	38.95	19.65	6.71	28.0	19.42	35.0	6.4	32.39	26.08	47.2	9.43	26.25	18.03	19.42	21.1	20.0	39.92	18.03	10.77	22.36	10.05	20.0	
35.69	39.82	43.42	53.01	16.03	21.0	12.08	58.14	42.3	36.8	41.48	17.26	27.31	48.55	49.24	42.72	28.28	13.42	40.71	40.5	6.08	30.15	28.86	3.16	21.93	23.71	35.01	9.22	41.98	4.24	27.51	31.24	36.0	6.71	46.04	43.27	40.45	11.05	47.51	20.1	32.28	39.41	34.0	1.0	41.88	0.0	9.43	53.26	36.35	38.83	34.23	29.15	16.28	6.32	25.32	14.04	20.81	35.13	26.4	43.29	9.0	40.01	32.39	25.32	41.01	44.72	37.64	44.41	31.14	48.26	14.32	46.65	25.63	34.66	8.54	53.81	32.25	50.25	6.71	40.2	45.62	35.36	24.84	23.0	35.51	28.16	26.57	5.83	38.9	42.72	49.41	52.2	47.51	21.95	38.05	45.49	36.8	49.74	34.66	27.46	
40.01	36.12	48.04	53.23	8.94	13.93	20.62	56.08	48.76	35.51	45.1	22.56	23.35	49.4	50.6	39.6	33.24	11.7	42.45	37.48	4.47	23.41	33.02	7.28	25.02	26.17	27.29	15.23	35.85	11.18	22.8	29.68	41.77	12.08	46.62	40.31	45.04	5.0	47.01	25.71	26.93	36.88	39.81	10.0	38.9	9.43	0.0	51.09	43.01	36.12	26.02	21.1	11.31	14.87	19.24	7.21	22.36	40.31	27.2	49.73	16.12	45.54	24.0	30.27	33.54	46.57	32.25	37.64	30.87	45.25	6.32	47.76	21.26	34.0	2.0	53.0	24.02	51.26	2.83	33.24	41.4	27.0	25.3	29.12	32.56	33.38	30.02	11.0	38.08	45.54	49.66	52.33	48.7	19.42	44.15	46.24	36.24	50.92	33.62	28.86	
34.01	16.16	36.14	13.45	43.01	39.45	51.43	5.0	46.69	16.64	30.59	41.63	28.02	16.55	19.24	12.08	37.48	40.31	22.09	13.89	49.5	32.89	34.53	54.49	34.93	32.7	35.51	46.32	25.0	57.49	29.15	22.02	41.05	47.2	15.52	11.18	35.51	46.1	10.2	41.44	26.93	14.21	41.0	52.63	12.53	53.26	51.09	0.0	46.04	15.0	38.64	38.9	39.82	51.31	34.0	44.2	33.62	38.01	28.18	46.87	48.02	40.45	40.02	38.08	33.0	21.84	23.54	28.16	22.83	7.07	45.8	18.03	30.23	19.24	49.58	7.81	39.05	17.49	50.93	30.02	14.0	39.46	29.15	42.45	18.6	38.47	33.24	58.8	15.23	26.68	13.42	12.81	18.38	31.83	43.19	16.49	17.46	18.36	18.87	28.23	
12.04	43.46	13.04	36.67	42.54	44.41	25.0	49.04	6.0	33.84	16.49	20.62	39.05	31.4	29.83	43.01	12.04	34.48	24.0	41.44	38.6	48.1	14.42	39.46	21.26	21.93	54.49	27.89	53.34	39.05	41.11	33.12	5.0	31.05	31.06	42.72	11.7	40.31	36.0	17.46	45.0	39.22	5.39	35.36	42.06	36.35	43.01	46.04	0.0	39.56	55.87	51.74	39.12	30.15	43.86	41.59	25.5	8.06	25.81	7.0	27.46	7.21	55.23	14.21	57.8	25.32	48.02	57.45	29.07	45.89	43.38	29.27	39.62	31.02	41.11	41.19	54.49	31.78	40.52	55.22	48.7	57.28	27.02	13.93	38.91	11.31	17.8	41.05	32.98	20.4	34.23	36.5	29.43	34.66	3.61	30.07	31.32	30.81	32.31	23.85	
28.18	4.24	33.42	21.02	28.02	24.6	38.6	20.0	42.06	5.83	27.66	29.43	13.04	19.92	22.47	4.12	28.64	25.61	19.1	2.0	34.71	19.1	25.71	39.82	23.09	21.02	23.19	32.7	15.81	43.01	14.32	8.25	34.93	33.12	17.09	4.47	31.62	31.14	14.04	30.07	13.04	1.0	34.18	38.28	3.16	38.83	36.12	15.0	39.56	0.0	26.08	25.18	24.84	37.58	19.31	29.21	20.62	31.78	16.03	42.54	34.54	35.85	27.0	28.16	22.85	21.63	11.7	20.0	11.05	9.43	30.81	19.7	15.26	8.54	34.66	18.44	26.0	21.84	36.07	19.7	9.22	27.17	16.28	32.02	3.61	29.61	23.19	44.2	7.81	24.76	18.25	20.02	20.62	17.03	37.58	17.46	8.6	22.14	7.28	17.03	
47.43	23.02	54.71	47.1	18.25	13.6	41.79	43.17	60.31	29.83	49.65	37.44	17.49	45.71	48.05	27.07	43.86	24.17	42.72	26.0	28.16	8.06	41.87	33.02	34.66	33.97	3.16	34.54	14.76	37.01	15.26	26.0	52.5	32.57	42.76	28.07	52.15	23.19	40.11	40.0	13.34	27.07	50.99	34.37	27.02	34.23	26.02	38.64	55.87	26.08	0.0	5.1	19.31	37.36	12.04	20.22	30.41	49.82	30.81	61.07	36.4	55.0	2.24	41.73	8.6	46.17	15.13	14.14	29.97	31.58	20.02	45.12	16.4	30.68	26.02	44.05	2.0	47.68	28.02	10.0	25.0	1.41	29.21	43.42	23.35	44.55	38.29	37.01	32.76	47.93	44.28	46.1	46.1	21.21	55.32	42.95	32.28	47.85	29.41	33.02	
43.91	22.8	51.43	46.04	13.15	8.54	36.77	43.66	56.4	28.07	46.62	32.8	14.56	44.1	46.27	26.93	39.82	19.24	40.26	25.5	23.09	6.08	38.01	28.0	30.48	30.0	6.32	29.55	16.97	32.0	12.37	23.54	48.6	27.51	41.11	27.89	48.76	18.11	39.05	35.47	12.17	26.17	47.01	29.27	26.68	29.15	21.1	38.9	51.74	25.18	5.1	0.0	14.32	32.28	8.06	15.13	26.25	46.04	27.29	57.2	31.38	51.31	3.61	37.54	12.65	43.93	15.65	17.49	27.2	31.95	15.0	43.29	13.0	28.44	21.0	43.57	3.16	46.1	23.0	13.04	25.94	6.32	25.55	38.95	22.02	40.46	34.41	32.06	31.06	45.22	43.0	45.04	44.28	17.2	51.4	41.19	30.27	46.17	27.29	29.53	
33.24	24.84	41.23	42.72	4.0	5.83	22.47	44.82	44.29	24.6	37.34	19.1	12.04	39.29	40.79	28.28	27.73	5.0	33.14	26.17	10.77	14.0	26.57	16.16	18.38	18.68	19.42	15.23	25.71	19.92	11.66	18.79	36.67	13.34	36.4	29.0	38.33	6.4	36.25	22.02	16.16	25.61	34.89	16.12	27.59	16.28	11.31	39.82	39.12	24.84	19.31	14.32	0.0	18.25	9.06	4.47	14.56	34.54	18.0	45.18	17.09	39.92	17.89	25.06	25.08	37.22	21.54	28.16	20.62	33.94	6.32	37.85	10.0	23.41	10.0	42.06	17.46	41.23	11.66	24.02	30.23	20.62	16.0	25.61	21.26	28.18	23.09	20.62	27.31	37.01	39.22	41.79	38.83	8.54	39.36	36.14	25.63	41.0	22.85	20.02	
30.36	39.22	37.85	49.58	19.31	23.77	5.83	56.04	36.12	34.67	36.4	12.08	27.46	44.82	45.22	41.63	22.8	14.0	36.62	39.4	10.63	32.14	23.77	9.49	17.8	19.85	37.66	5.0	43.1	9.06	28.16	29.53	30.07	5.0	42.52	42.05	34.93	14.76	44.6	14.56	33.14	38.01	28.07	5.39	40.72	6.32	14.87	51.31	30.15	37.58	37.36	32.28	18.25	0.0	27.07	17.46	17.8	29.43	23.43	37.12	3.61	34.13	35.74	19.92	43.29	40.5	38.33	46.0	28.6	46.96	18.36	42.8	26.17	32.2	13.45	50.99	35.44	46.4	12.04	42.05	45.22	38.6	22.2	17.12	34.54	22.56	21.95	11.05	36.4	38.01	46.01	48.84	43.6	21.59	32.0	41.87	34.21	45.8	32.45	24.04	
35.85	18.03	43.38	39.46	10.3	5.66	30.81	38.95	48.41	21.1	38.63	25.55	7.0	37.01	39.01	21.95	31.89	13.15	32.56	20.12	19.65	5.1	30.0	25.0	22.63	22.02	11.18	23.54	16.76	28.86	5.1	16.03	40.61	22.09	34.01	22.83	40.71	14.87	32.56	28.02	7.81	20.25	39.05	25.18	21.47	25.32	19.24	34.0	43.86	19.31	12.04	8.06	9.06	27.07	0.0	12.08	18.38	38.01	19.24	49.2	25.5	43.27	11.4	29.7	16.28	36.35	13.04	19.1	19.42	27.46	13.04	36.01	5.1	21.02	18.38	37.64	10.63	39.01	20.25	15.0	22.63	13.45	17.49	31.4	15.81	32.56	26.4	29.41	24.08	37.36	36.22	38.47	37.01	9.22	43.42	34.0	23.0	39.0	20.0	21.47	
36.67	29.0	44.72	47.17	2.0	7.07	22.47	49.2	47.01	29.07	41.11	21.1	16.28	43.68	45.12	32.56	30.68	7.28	37.34	30.48	8.0	16.49	29.83	13.15	21.59	22.2	21.0	15.62	28.79	17.12	15.62	23.26	39.56	13.04	40.8	33.3	41.77	3.0	40.72	24.19	19.72	30.0	37.7	14.14	31.89	14.04	7.21	44.2	41.59	29.21	20.22	15.13	4.47	17.46	12.08	0.0	18.11	37.64	22.09	47.93	17.2	43.01	18.44	27.86	27.07	41.44	25.06	30.81	25.0	38.21	2.0	42.2	14.14	27.86	6.32	46.53	18.25	45.61	8.25	26.48	34.21	21.38	20.1	27.78	25.61	31.02	26.48	17.46	31.78	41.01	43.66	46.24	43.17	13.0	42.15	40.52	30.08	45.35	27.31	24.02	
18.68	23.09	26.68	32.2	18.44	19.24	18.03	38.28	30.23	17.0	23.02	9.0	14.32	27.78	28.64	24.74	13.6	11.0	20.25	22.56	18.97	22.8	12.08	22.83	4.24	4.12	29.21	12.81	30.08	25.0	16.12	12.37	22.47	14.21	25.24	25.0	23.77	18.03	26.87	10.44	20.62	20.88	20.81	20.0	23.77	20.81	22.36	33.62	25.5	20.62	30.41	26.25	14.56	17.8	18.38	18.11	0.0	20.12	5.66	31.06	14.42	25.5	29.73	11.31	33.12	24.35	24.74	33.84	10.82	29.73	20.1	25.94	14.42	14.42	20.4	33.24	29.0	29.53	20.88	30.87	29.15	31.83	4.47	13.42	18.11	14.21	8.54	26.63	18.6	23.19	28.6	31.4	26.83	9.22	25.24	24.7	16.4	29.07	14.76	6.71	
4.0	35.78	8.54	29.12	38.28	39.36	25.3	41.11	10.63	26.0	9.43	18.0	32.56	23.77	22.47	35.11	7.07	30.36	16.03	33.62	36.12	41.87	8.06	38.05	16.16	16.12	48.17	26.02	46.04	38.47	34.71	25.81	3.16	29.0	23.19	34.79	5.83	36.88	28.02	15.03	38.21	31.38	3.16	34.13	34.18	35.13	40.31	38.01	8.06	31.78	49.82	46.04	34.54	29.43	38.01	37.64	20.12	0.0	19.1	11.31	26.17	5.39	49.41	10.05	50.99	17.72	40.8	50.22	21.63	37.85	39.56	21.59	33.42	23.26	38.33	33.38	48.6	24.35	38.12	48.27	40.85	51.22	20.62	12.37	31.38	7.0	11.66	40.45	25.0	13.0	26.48	28.86	21.84	28.84	5.83	22.2	23.41	23.41	24.6	16.97	
16.64	19.1	24.17	26.63	22.0	21.59	23.26	32.76	29.7	11.7	19.65	13.6	13.45	22.36	23.41	20.1	13.89	15.52	15.3	18.03	24.17	22.8	11.4	28.3	7.07	5.0	29.07	18.44	27.73	30.61	15.62	8.06	21.93	19.85	19.72	20.22	21.47	22.56	21.21	14.04	19.21	16.12	20.62	25.61	19.1	26.4	27.2	28.18	25.81	16.03	30.81	27.29	18.0	23.43	19.24	22.09	5.66	19.1	0.0	30.41	20.0	24.21	30.53	12.65	32.02	19.42	22.36	31.76	5.39	24.74	24.08	20.62	14.42	8.94	25.3	27.59	29.68	24.17	26.0	29.41	25.02	32.2	2.0	16.12	14.14	14.76	8.06	32.2	13.04	19.03	23.02	25.81	21.54	10.44	24.76	19.24	10.82	23.77	9.49	2.24	
14.42	46.65	11.0	36.0	48.75	50.25	32.0	49.25	1.0	36.72	16.28	27.2	43.86	31.06	29.0	45.62	17.49	40.72	25.0	44.29	45.35	53.15	19.21	46.39	26.93	27.2	59.46	34.71	57.2	46.04	46.01	37.01	8.6	37.85	31.4	45.19	11.4	46.82	36.67	24.04	49.52	42.06	10.3	42.3	44.72	43.29	49.73	46.87	7.0	42.54	61.07	57.2	45.18	37.12	49.2	47.93	31.06	11.31	30.41	0.0	34.37	6.71	60.61	20.12	62.29	25.18	52.01	61.4	32.8	47.76	49.77	29.15	44.69	34.13	47.8	41.11	59.82	31.0	47.3	59.55	51.43	62.48	31.89	20.62	42.44	17.0	22.8	48.04	35.34	20.22	34.13	36.01	29.07	40.0	5.83	30.41	34.0	30.0	35.51	28.28	
26.93	36.4	34.53	46.01	18.87	22.85	5.39	52.7	33.38	31.38	32.89	8.54	25.08	41.23	41.62	38.63	19.42	12.37	33.02	36.4	11.66	30.59	20.25	12.04	14.21	16.28	36.4	2.0	41.0	12.37	26.0	26.4	27.0	4.24	38.95	39.0	31.58	14.87	41.11	11.18	31.0	34.93	25.0	8.0	37.7	9.0	16.12	48.02	27.46	34.54	36.4	31.38	17.09	3.61	25.5	17.2	14.42	26.17	20.0	34.37	0.0	31.02	34.93	16.49	41.77	36.89	36.06	44.1	25.24	43.86	18.44	39.2	24.0	28.84	14.42	47.51	34.54	42.8	13.42	40.31	42.45	37.7	18.87	14.0	31.62	19.24	18.36	14.32	33.02	34.44	42.45	45.28	40.0	19.1	29.07	38.29	30.81	42.2	29.15	20.52	
7.81	39.96	5.83	30.15	43.66	44.72	29.61	43.05	6.32	30.02	10.0	23.09	37.64	25.02	23.19	38.91	12.37	35.74	18.44	37.59	41.3	47.01	13.42	43.0	21.54	21.47	53.26	31.02	50.61	43.19	39.82	30.48	4.12	34.06	25.08	38.48	5.0	42.2	30.27	20.02	43.14	35.36	6.08	39.01	38.01	40.01	45.54	40.45	7.21	35.85	55.0	51.31	39.92	34.13	43.27	43.01	25.5	5.39	24.21	6.71	31.02	0.0	54.64	15.3	55.87	19.0	45.45	54.82	26.25	41.11	44.92	23.0	38.6	27.46	43.57	35.0	53.82	25.18	43.29	53.08	44.72	56.4	25.81	17.03	35.81	12.17	17.0	45.18	28.64	14.0	28.0	30.07	23.02	34.13	3.61	24.08	27.29	24.19	28.84	22.02	
47.17	24.19	54.59	48.01	16.49	12.08	40.31	44.64	59.82	30.41	49.66	36.4	17.46	46.39	48.66	28.28	43.28	22.83	43.01	27.07	26.31	8.25	41.4	31.06	33.97	33.42	5.0	33.11	16.64	35.06	15.23	26.25	52.01	31.02	43.42	29.27	51.97	21.38	41.01	39.05	14.04	28.0	50.45	32.56	28.16	32.39	24.0	40.02	55.23	27.0	2.24	3.61	17.89	35.74	11.4	18.44	29.73	49.41	30.53	60.61	34.93	54.64	0.0	41.04	10.82	46.57	16.49	16.28	30.08	32.98	18.11	45.71	16.12	31.05	24.08	45.18	1.0	48.37	26.08	12.04	26.57	3.0	28.84	42.52	24.08	43.93	37.8	35.0	33.38	48.1	45.1	47.01	46.69	20.62	54.82	43.57	32.76	48.51	29.83	32.76	
10.44	31.58	18.11	32.45	28.64	30.23	16.64	42.06	19.24	23.0	16.55	8.06	25.24	27.2	26.91	32.06	3.0	20.62	18.6	30.15	26.08	34.06	4.24	28.16	7.07	8.06	40.46	16.12	40.31	28.86	27.2	20.62	11.7	19.03	25.55	32.02	15.13	26.93	29.15	5.39	31.38	28.07	9.85	24.33	31.06	25.32	30.27	38.08	14.21	28.16	41.73	37.54	25.06	19.92	29.7	27.86	11.31	10.05	12.65	20.12	16.49	15.3	41.04	0.0	44.1	21.93	34.93	44.28	17.12	36.06	29.73	25.0	25.61	20.0	28.28	35.34	40.31	28.43	28.07	41.68	37.34	43.14	13.42	4.47	26.68	3.16	5.0	30.81	23.19	18.6	29.15	31.91	25.61	20.52	14.32	24.7	21.1	27.66	21.02	11.18	
48.08	18.97	54.67	43.17	25.08	20.02	47.07	37.12	61.62	27.78	49.2	41.23	18.87	42.72	45.31	22.56	45.8	29.43	41.34	22.14	35.06	11.18	43.42	40.2	37.22	36.06	6.32	39.81	8.0	44.18	17.0	25.5	53.91	38.33	39.92	23.54	52.4	30.07	36.4	43.38	12.81	23.77	52.63	41.0	22.8	41.01	33.54	33.0	57.8	22.85	8.6	12.65	25.08	43.29	16.28	27.07	33.12	50.99	32.02	62.29	41.77	55.87	10.82	44.1	0.0	44.29	11.18	5.83	29.73	26.02	27.29	42.54	18.79	29.41	33.24	39.32	10.3	44.6	35.23	3.16	19.0	8.49	30.81	46.53	21.1	46.62	40.0	44.41	30.41	46.87	40.8	42.2	43.46	24.17	56.73	40.31	30.53	44.94	28.02	34.06	
13.93	25.81	14.32	11.4	41.19	40.01	38.29	24.08	25.08	16.55	9.0	28.6	29.43	6.08	5.0	23.35	20.0	34.93	4.12	22.8	43.32	38.33	17.69	47.01	22.83	21.02	43.66	35.85	37.44	48.76	31.58	20.4	20.4	38.01	6.32	22.63	14.0	41.98	11.7	26.91	32.89	20.81	20.88	43.83	22.67	44.72	46.57	21.84	25.32	21.63	46.17	43.93	37.22	40.5	36.35	41.44	24.35	17.72	19.42	25.18	36.89	19.0	46.57	21.93	44.29	0.0	33.12	41.62	17.03	23.85	43.42	4.0	31.26	15.52	44.64	16.0	45.61	6.71	45.22	41.18	29.0	47.43	21.38	26.25	23.26	20.81	18.6	50.54	13.89	5.0	9.0	11.18	4.12	29.02	22.09	5.39	13.93	5.83	16.76	17.72	
37.64	8.06	43.86	32.39	23.32	18.6	41.0	28.16	51.4	16.64	38.29	33.54	11.0	31.62	34.18	12.0	36.24	24.52	30.23	11.18	32.31	10.0	33.62	37.7	28.46	26.93	12.04	34.06	5.39	41.44	10.2	15.0	43.83	33.38	28.79	13.0	41.73	27.73	25.5	35.17	5.39	12.65	42.72	37.36	12.04	37.64	32.25	23.54	48.02	11.7	15.13	15.65	21.54	38.33	13.04	25.06	24.74	40.8	22.36	52.01	36.06	45.45	16.49	34.93	11.18	33.12	0.0	9.43	19.21	16.49	26.08	31.38	12.17	18.44	31.3	29.0	15.52	33.53	33.11	8.06	10.3	16.03	21.54	37.95	10.0	37.12	30.41	42.15	19.24	35.81	29.83	31.4	32.31	17.0	46.62	29.15	19.42	33.84	17.03	24.19	
47.01	15.81	53.04	39.22	28.86	23.77	49.25	32.0	60.8	25.5	47.38	42.45	19.65	39.36	42.06	18.79	45.65	32.0	39.05	18.87	38.64	14.32	43.05	43.93	37.7	36.25	11.4	42.11	4.24	47.85	18.25	24.41	53.25	41.0	36.72	19.7	50.99	33.73	32.7	44.27	13.34	20.81	52.15	44.28	19.24	44.41	37.64	28.16	57.45	20.0	14.14	17.49	28.16	46.0	19.1	30.81	33.84	50.22	31.76	61.4	44.1	54.82	16.28	44.28	5.83	41.62	9.43	0.0	28.6	21.38	31.32	39.45	20.22	27.59	37.11	34.93	15.62	41.15	39.05	4.47	14.32	14.21	30.87	47.17	19.1	46.53	39.82	48.27	27.8	44.69	37.16	38.28	40.31	25.5	56.04	37.22	28.32	41.59	26.17	33.62	
18.44	14.56	25.0	22.36	24.52	23.0	28.64	27.46	32.2	6.32	19.72	18.97	12.65	18.68	20.22	15.0	17.72	19.24	13.15	13.04	28.3	21.93	14.87	32.8	12.37	10.2	27.78	23.6	24.41	35.38	14.87	4.24	24.7	24.76	15.81	15.03	22.67	26.0	16.4	19.24	17.2	11.0	23.71	30.41	14.0	31.14	30.87	22.83	29.07	11.05	29.97	27.2	20.62	28.6	19.42	25.0	10.82	21.63	5.39	32.8	25.24	26.25	30.08	17.12	29.73	17.03	19.21	28.6	0.0	19.42	26.93	17.26	14.32	3.61	29.07	22.67	29.15	20.62	30.02	26.87	20.22	31.3	6.4	21.0	9.85	18.68	12.17	36.88	7.81	18.03	18.79	21.47	18.25	12.17	27.46	15.52	5.66	20.4	4.12	6.0	
33.96	9.43	37.58	18.36	36.88	33.02	47.76	11.7	47.43	13.15	31.78	38.33	21.93	19.8	22.63	5.66	36.01	35.0	22.85	7.81	44.05	26.0	33.02	49.2	31.78	29.61	28.44	42.05	18.03	52.43	22.8	17.46	41.0	42.54	17.8	5.0	36.4	40.31	12.73	38.64	20.12	8.94	40.61	47.71	6.4	48.26	45.25	7.07	45.89	9.43	31.58	31.95	33.94	46.96	27.46	38.21	29.73	37.85	24.74	47.76	43.86	41.11	32.98	36.06	26.02	23.85	16.49	21.38	19.42	0.0	39.7	20.62	24.08	16.12	43.86	13.6	32.02	21.26	45.34	23.0	7.07	32.39	25.3	40.2	12.81	37.01	31.06	53.6	13.04	28.18	17.03	17.49	21.26	26.4	43.42	18.6	15.0	21.93	15.3	25.32	
