140
0.0	52.17	36.69	35.0	24.19	47.0	48.1	60.21	18.03	23.09	69.64	32.06	49.04	66.6	67.42	25.02	19.24	31.3	60.88	15.03	31.38	23.71	59.82	48.3	45.49	21.19	45.28	20.88	62.65	19.03	37.48	37.7	5.0	21.93	23.32	42.19	44.41	37.64	1.0	9.22	40.11	61.74	12.65	58.42	65.19	52.39	38.05	27.73	37.16	49.82	50.0	25.24	17.03	65.73	67.42	27.29	36.0	33.24	59.91	12.17	66.19	59.68	36.12	32.25	57.07	19.24	51.0	63.98	24.7	36.8	44.91	21.84	42.05	14.04	64.33	34.71	53.0	13.15	38.21	34.23	18.79	8.06	47.1	35.36	17.69	33.84	64.14	20.62	66.04	24.19	50.01	37.85	7.62	56.52	31.02	29.02	36.88	46.07	48.3	49.24	32.39	24.04	38.08	53.85	64.07	4.47	21.02	37.01	52.4	70.68	9.85	32.2	50.33	20.0	36.06	33.94	10.82	44.69	51.35	42.19	36.24	41.44	52.15	61.22	47.68	24.19	29.83	26.93	38.01	55.01	6.08	27.78	26.08	16.97	60.01	35.34	28.23	27.29	4.12	26.83	
52.17	0.0	46.65	39.41	30.41	11.7	27.2	29.61	57.8	45.35	27.2	57.01	25.32	33.02	37.0	27.86	34.06	23.19	8.94	58.14	36.12	30.0	26.31	13.6	19.1	44.91	29.73	45.89	22.83	33.53	51.97	44.1	47.68	36.89	40.02	18.6	55.8	32.45	51.2	52.92	61.29	15.81	41.79	8.06	24.33	32.14	55.95	41.44	42.72	34.41	4.24	30.15	40.05	13.6	17.69	57.28	56.8	27.59	22.02	53.01	20.62	8.25	17.0	58.87	5.0	32.98	35.51	17.46	28.07	27.78	7.28	30.41	57.98	55.9	26.83	49.65	11.18	53.04	61.27	59.62	34.13	55.15	8.94	29.53	45.79	45.18	22.36	31.58	24.52	55.54	10.05	14.32	46.17	24.33	22.0	55.03	24.21	33.53	33.96	3.0	19.92	55.61	14.14	9.06	25.08	55.08	59.36	56.36	32.25	23.02	58.52	22.2	29.27	47.43	45.28	44.2	45.04	24.76	5.0	36.25	32.76	11.18	18.38	27.17	19.42	64.35	47.54	50.25	16.4	10.77	50.25	39.22	38.6	39.01	13.6	41.68	42.72	36.12	48.05	41.11	
36.69	46.65	0.0	58.52	40.16	50.21	24.08	34.37	53.94	13.6	48.04	13.34	60.8	40.02	78.64	36.77	26.68	27.02	52.0	51.42	53.45	26.0	36.06	34.54	28.79	15.52	20.1	15.81	67.36	34.93	5.39	3.0	32.76	44.91	15.03	28.18	10.3	14.32	36.4	44.91	14.87	45.89	39.01	54.71	44.0	67.12	9.49	10.05	4.12	20.4	42.54	23.26	22.0	56.65	53.15	17.0	11.05	48.75	39.05	26.42	48.26	54.59	40.61	15.3	51.0	32.98	68.1	47.68	28.64	18.87	42.01	30.68	11.4	50.01	70.77	4.12	54.67	25.55	15.3	15.03	27.66	31.76	48.17	17.2	48.01	3.0	44.05	31.32	45.0	17.8	51.74	37.48	38.21	65.12	30.0	13.42	49.74	63.53	65.37	44.1	36.62	58.14	36.77	41.79	42.01	41.11	56.89	10.2	24.33	53.24	46.49	27.66	64.07	51.01	1.41	60.42	26.48	23.77	49.41	62.24	13.89	41.73	33.73	37.12	56.08	60.64	7.21	58.08	43.42	55.61	30.68	11.4	13.34	23.02	45.35	5.0	9.0	49.73	34.71	11.05	
35.0	39.41	58.52	0.0	18.44	28.32	54.45	63.32	27.17	47.85	65.76	60.9	20.25	68.62	35.13	22.2	31.95	35.0	47.51	29.61	5.1	32.76	61.03	45.54	47.07	46.07	54.08	46.53	36.06	23.77	62.03	57.72	33.94	14.42	44.01	43.74	68.62	50.16	34.21	28.64	68.43	54.71	23.35	41.04	62.17	20.0	64.47	48.7	56.52	60.07	40.31	35.69	38.01	50.91	57.01	57.69	63.51	12.65	58.31	44.6	59.68	43.14	25.3	61.91	42.52	25.63	17.26	56.6	30.41	46.01	34.0	27.89	68.15	27.89	35.9	58.87	32.65	45.34	67.12	63.63	31.02	42.52	30.61	46.1	17.89	55.66	60.37	27.2	62.61	54.64	31.11	30.36	27.66	28.16	32.02	57.8	15.26	13.0	15.03	37.74	26.31	21.1	31.32	46.53	62.24	34.48	27.0	63.98	60.41	62.43	34.18	35.01	19.24	16.76	57.28	5.0	37.2	50.36	35.47	8.06	49.25	29.97	51.55	62.3	23.02	31.14	54.23	14.14	24.17	34.83	38.18	47.13	45.22	36.67	52.48	54.57	49.98	8.94	32.56	47.76	
24.19	30.41	40.16	18.44	0.0	23.19	37.64	47.85	27.46	30.23	53.15	43.6	25.5	53.71	44.29	4.12	13.89	17.46	39.36	27.73	13.34	14.32	46.14	31.4	31.3	28.6	36.67	29.21	38.47	6.4	43.86	39.29	20.88	7.21	25.94	27.73	50.33	32.0	23.19	22.8	50.77	43.19	12.04	35.44	49.04	30.0	46.53	30.46	38.08	42.58	29.41	17.26	20.62	43.86	47.43	41.04	45.79	10.0	44.41	30.02	48.1	37.0	13.42	44.82	34.93	7.81	29.7	45.34	12.04	28.16	23.32	9.49	50.09	25.5	40.26	40.72	29.15	30.53	49.65	46.4	13.04	29.73	23.77	28.02	15.62	37.34	47.51	8.94	49.68	38.18	26.31	17.03	17.0	32.57	14.87	40.61	13.0	24.76	26.87	27.78	11.31	26.25	17.69	34.71	48.6	26.02	29.21	46.14	43.42	51.86	28.64	17.72	27.46	17.69	38.9	21.0	21.63	33.53	28.46	22.47	31.02	19.24	36.89	47.51	23.54	34.21	36.24	22.36	14.56	31.26	24.7	28.79	26.93	19.21	41.11	36.14	31.78	10.0	20.4	29.55	
47.0	11.7	50.21	28.32	23.19	0.0	35.11	40.05	49.4	45.65	38.9	58.52	14.0	44.1	28.84	22.02	31.32	23.6	19.21	50.29	25.61	28.23	37.0	22.36	26.57	44.72	36.67	45.62	17.49	28.02	55.23	48.1	43.1	28.46	40.31	24.6	60.14	37.01	46.0	45.89	64.03	27.51	35.23	13.04	35.9	21.02	58.9	43.01	46.69	42.15	14.04	29.53	38.28	22.67	28.84	57.71	59.2	17.49	33.14	50.45	32.31	15.0	11.4	60.21	14.21	28.16	24.08	29.15	25.63	32.02	9.49	26.68	61.55	48.08	20.62	52.5	6.0	50.7	63.6	61.29	31.05	51.48	3.0	33.3	37.34	48.17	33.96	27.46	36.14	55.46	3.16	12.81	40.11	15.26	21.1	56.08	13.6	21.84	22.36	11.05	15.81	46.14	13.45	20.22	36.5	49.16	50.57	59.03	40.8	34.48	51.79	22.8	18.0	38.48	48.8	33.24	41.98	31.78	7.21	24.6	36.88	8.49	28.16	38.01	8.0	55.46	49.41	40.22	9.06	8.06	46.39	40.8	39.66	37.0	25.3	45.25	44.41	26.42	43.01	42.44	
48.1	27.2	24.08	54.45	37.64	35.11	0.0	12.21	61.29	30.08	24.33	37.01	48.51	18.6	63.51	33.53	30.0	20.25	30.0	60.0	49.65	26.08	12.65	13.6	8.54	30.87	4.0	31.78	49.93	35.78	29.27	21.1	43.14	44.6	26.42	11.05	31.02	11.7	47.38	53.41	38.64	22.14	43.57	34.71	20.1	55.54	33.38	24.35	20.02	7.21	23.02	23.6	31.24	34.13	29.41	39.46	35.13	42.11	15.0	42.54	24.19	33.94	30.02	39.01	30.41	34.0	57.87	23.77	26.83	11.31	25.63	30.41	34.21	58.01	53.85	28.02	37.59	42.06	39.32	39.01	30.81	46.87	32.31	12.81	51.43	24.02	20.0	31.76	21.1	39.05	35.34	25.08	45.61	50.16	22.8	36.22	41.01	54.33	55.58	25.55	28.16	62.61	24.08	19.85	18.25	52.33	63.81	34.23	6.0	29.15	57.31	19.92	52.39	54.13	23.02	58.05	37.64	4.12	31.38	55.01	13.0	27.66	10.3	13.93	42.72	68.51	28.28	59.81	32.14	37.74	43.42	22.85	23.71	31.14	21.93	20.02	25.0	47.3	44.55	24.7	
60.21	29.61	34.37	63.32	47.85	40.05	12.21	0.0	72.8	42.05	14.32	47.68	54.04	6.4	66.48	43.83	41.77	31.06	28.65	71.7	58.82	37.64	3.61	18.11	16.55	42.94	15.65	43.83	51.87	46.87	39.12	31.4	55.23	55.01	38.59	20.12	39.2	23.71	59.46	65.19	48.0	17.8	55.0	35.47	11.18	61.07	43.05	36.25	30.59	14.04	26.17	35.38	43.42	31.4	24.08	50.7	45.18	50.7	8.6	54.71	17.2	34.01	38.08	49.65	31.02	45.22	64.0	18.38	38.01	23.43	31.02	41.62	43.05	69.66	55.97	38.47	40.79	54.2	49.04	49.37	42.52	59.08	37.05	25.0	62.43	34.93	12.21	43.01	12.08	50.6	39.32	32.98	57.38	53.94	33.12	47.3	48.84	61.13	62.03	29.15	37.34	73.57	32.02	20.62	8.94	64.38	75.21	44.1	10.05	21.47	69.3	30.53	58.03	65.0	33.54	67.36	49.82	15.56	34.53	62.65	25.06	34.23	12.04	3.61	48.04	80.0	39.56	70.21	39.62	40.26	55.61	34.89	35.85	43.28	18.87	31.05	36.77	57.01	56.59	36.67	
18.03	57.8	53.94	27.17	27.46	49.4	61.29	72.8	0.0	40.45	79.93	50.09	46.17	79.03	62.29	30.61	31.38	41.87	66.73	3.61	26.08	35.23	71.7	58.0	56.73	38.47	59.17	38.33	61.66	26.17	55.23	54.57	21.21	21.02	39.56	53.15	62.2	52.33	18.0	9.06	58.14	70.43	17.8	62.24	75.66	47.1	56.01	44.38	53.85	64.41	56.86	37.74	32.57	71.12	74.89	45.28	54.01	32.28	70.72	30.15	75.29	63.98	40.82	50.25	62.18	27.66	44.41	72.62	34.83	50.25	50.77	31.24	60.01	4.0	62.2	52.35	55.03	31.14	56.22	52.24	30.53	25.5	50.57	49.24	12.08	50.99	74.28	29.83	76.38	42.19	52.55	44.41	16.16	54.23	40.31	47.04	36.4	40.11	42.19	55.23	38.6	7.81	45.0	62.01	74.97	14.32	3.0	55.0	66.37	79.2	10.3	42.52	46.0	11.18	53.15	23.77	27.46	57.43	55.46	35.23	50.99	46.65	62.97	73.11	47.07	7.21	47.38	13.93	41.59	57.25	24.0	43.97	42.06	31.95	68.41	51.92	45.12	23.54	19.24	43.42	
23.09	45.35	13.6	47.85	30.23	45.65	30.08	42.05	40.45	0.0	54.12	13.45	53.81	48.3	72.47	27.66	16.4	22.47	52.47	37.85	42.94	17.8	42.72	36.0	31.14	2.0	26.4	2.24	63.13	24.19	15.03	14.76	19.24	33.62	5.39	29.0	22.02	18.38	22.8	31.4	20.59	49.16	26.48	53.16	49.73	59.41	16.76	5.83	14.42	29.41	41.77	16.12	9.85	57.43	56.04	12.08	15.65	39.82	44.38	13.45	52.61	53.6	34.67	14.87	50.22	22.47	59.67	51.24	20.62	20.22	39.22	21.26	20.62	36.5	66.04	12.0	50.99	12.73	19.42	16.28	17.2	18.6	44.28	18.25	35.36	10.77	49.24	21.4	50.7	10.2	47.85	33.11	25.0	59.41	24.6	10.63	41.73	54.82	56.85	42.45	30.23	45.0	32.7	43.05	48.08	27.51	43.42	16.16	32.76	57.56	32.89	23.41	56.57	38.33	13.0	49.04	13.04	27.89	46.82	52.7	17.09	37.58	37.48	44.01	50.0	47.07	7.0	45.54	37.44	52.39	17.09	7.28	7.0	11.18	48.04	12.81	5.66	38.91	21.21	5.39	
69.64	27.2	48.04	65.76	53.15	38.9	24.33	14.32	79.93	54.12	0.0	61.2	52.39	11.4	61.13	49.52	50.48	38.6	22.0	79.4	61.91	46.04	12.0	21.93	24.19	54.71	28.28	55.66	46.1	53.81	53.0	45.04	64.66	60.31	49.98	27.46	53.46	35.9	68.8	73.25	62.07	11.4	62.37	30.02	4.47	59.03	57.01	48.51	44.1	28.07	25.5	44.42	53.67	22.56	13.6	63.79	59.01	53.34	9.85	65.92	7.0	28.0	41.05	63.2	26.17	52.5	62.59	10.05	45.61	34.18	31.76	49.04	57.22	77.23	50.16	52.09	37.48	65.55	63.01	63.07	51.04	69.78	36.06	36.06	68.62	48.26	5.66	50.45	3.61	63.35	37.11	36.4	65.6	50.16	39.7	60.53	50.54	60.73	61.13	28.23	41.87	79.4	35.61	19.24	6.08	73.5	82.02	58.0	24.08	8.6	78.01	37.8	56.29	70.84	47.1	70.33	59.94	26.25	32.02	63.32	37.11	35.85	17.49	11.05	46.57	86.98	52.61	75.0	41.68	36.22	65.76	46.84	47.43	53.24	13.6	44.28	49.24	61.03	65.73	48.76	
32.06	57.01	13.34	60.9	43.6	58.52	37.01	47.68	50.09	13.45	61.2	0.0	67.21	53.37	85.8	41.11	29.83	34.99	63.32	47.01	56.08	31.14	49.25	46.1	40.61	15.0	33.02	14.42	76.01	37.44	9.43	16.28	29.61	46.53	18.44	39.29	14.42	26.17	32.14	41.19	8.06	58.31	38.63	65.0	57.08	72.86	7.21	15.65	17.12	33.73	53.14	29.21	23.02	68.15	65.49	5.39	4.47	53.26	52.01	20.0	61.03	65.19	47.8	2.0	61.68	35.81	73.11	60.21	33.97	29.83	51.43	34.71	10.77	46.1	79.06	9.22	63.63	19.0	6.32	2.83	30.61	25.08	56.94	27.89	47.13	13.0	57.01	34.83	58.08	8.06	60.54	45.79	36.14	72.62	37.44	3.16	55.17	68.25	70.29	54.23	43.42	55.73	45.28	53.37	55.15	36.0	53.08	5.83	37.66	66.03	41.05	35.85	70.01	50.0	14.14	61.74	24.35	36.12	59.03	66.03	25.32	50.25	46.17	50.36	63.25	56.01	9.49	57.28	50.61	64.88	26.17	17.89	18.87	24.41	57.56	17.0	14.32	51.97	31.58	16.12	
49.04	25.32	60.8	20.25	25.5	14.0	48.51	54.04	46.17	53.81	52.39	67.21	0.0	58.08	18.87	26.63	37.8	33.84	31.38	48.01	20.1	36.07	51.0	36.22	40.02	52.5	49.65	53.26	15.81	31.76	65.44	59.08	46.24	27.46	48.8	37.64	71.03	48.76	48.08	45.28	73.59	41.0	36.4	23.71	49.65	7.07	68.77	52.4	57.69	55.36	28.02	38.21	45.0	33.62	41.23	65.44	68.62	15.81	47.1	55.47	45.61	25.94	20.25	68.68	26.57	32.76	10.2	42.45	33.24	43.83	23.19	32.8	71.84	46.0	16.03	62.48	15.23	55.95	72.84	70.04	37.2	55.15	17.0	44.78	35.01	58.41	47.68	33.02	49.82	62.8	15.3	24.17	41.48	8.06	30.81	64.44	12.53	9.22	8.94	25.02	24.21	41.0	25.08	34.13	50.36	50.01	46.53	68.68	54.34	47.17	51.24	33.29	4.0	35.06	59.41	25.08	47.01	44.92	20.4	13.6	48.37	20.88	42.11	52.01	6.0	50.99	58.73	34.21	17.49	17.0	50.16	50.33	48.84	43.6	38.83	56.04	53.81	23.02	45.54	51.66	
66.6	33.02	40.02	68.62	53.71	44.1	18.6	6.4	79.03	48.3	11.4	53.37	58.08	0.0	69.23	49.74	48.1	37.2	30.36	77.99	64.26	43.93	7.62	23.09	22.47	49.24	21.95	50.12	54.34	53.01	44.55	37.11	61.62	60.9	44.94	26.08	44.0	30.02	65.86	71.51	53.15	18.97	61.22	37.85	10.3	65.03	48.37	42.49	36.4	19.65	30.07	41.73	49.82	32.2	23.85	56.61	50.64	55.97	11.0	61.06	16.64	36.14	43.32	55.32	33.54	51.4	68.18	18.79	44.2	29.83	35.51	47.8	48.04	75.93	58.46	44.15	44.1	60.54	54.33	54.92	48.84	65.46	41.11	31.4	68.51	40.8	12.08	49.2	10.82	56.65	43.0	38.28	63.7	57.22	39.12	53.16	53.85	65.62	66.37	33.06	42.95	79.61	37.34	24.0	8.54	70.77	81.4	49.5	15.81	19.8	75.66	36.62	62.07	71.02	39.29	72.8	56.22	21.93	38.01	67.47	31.38	39.05	17.09	6.32	52.09	86.21	45.54	76.06	44.64	43.29	62.01	41.18	42.19	49.68	20.62	37.0	42.95	62.65	62.97	42.94	
67.42	37.0	78.64	35.13	44.29	28.84	63.51	66.48	62.29	72.47	61.13	85.8	18.87	69.23	0.0	45.49	56.61	51.66	39.2	64.63	36.88	54.67	63.06	50.16	55.01	71.22	65.37	72.01	15.03	50.61	83.49	76.69	64.88	45.54	67.36	53.34	88.73	65.8	66.48	62.82	91.93	50.49	54.78	31.4	59.54	15.3	86.98	70.72	75.29	70.66	40.85	56.64	63.82	39.01	48.0	84.2	87.0	34.44	58.46	74.3	54.15	33.24	38.18	87.32	35.69	51.62	18.0	51.24	51.86	60.8	38.08	51.61	89.87	62.8	11.0	80.62	26.0	74.79	91.29	88.62	56.04	73.82	31.38	62.01	52.17	76.42	57.56	51.87	59.41	81.61	28.18	41.23	59.81	13.6	48.8	83.1	31.38	22.2	20.1	38.08	42.45	56.01	42.01	45.88	60.83	68.01	62.07	86.98	68.94	54.01	68.66	50.99	17.09	51.62	77.23	39.0	65.86	60.42	32.31	27.07	65.6	37.2	55.36	63.79	22.63	66.0	77.1	49.01	35.36	26.25	68.88	68.59	67.21	62.43	48.66	73.76	72.14	40.52	64.08	70.04	
25.02	27.86	36.77	22.2	4.12	22.02	33.53	43.83	30.61	27.66	49.52	41.11	26.63	49.74	45.49	0.0	11.31	13.34	36.77	30.53	17.12	10.77	42.19	27.66	27.29	26.17	32.56	26.87	38.33	6.0	40.71	35.74	21.1	11.18	23.02	23.71	47.01	28.02	24.02	25.08	48.01	39.82	13.93	33.54	45.34	31.83	43.57	27.29	34.48	38.47	26.42	13.6	18.44	41.44	44.42	38.95	43.01	12.21	40.61	29.15	44.69	34.93	11.18	42.45	32.57	6.32	32.02	42.01	8.25	24.08	20.62	6.4	47.01	28.3	40.5	37.59	28.02	29.55	47.01	43.93	10.63	29.61	22.09	24.0	19.1	34.01	43.86	6.4	46.01	36.24	25.0	13.89	18.44	33.11	10.77	38.21	14.21	27.2	29.21	25.08	8.06	30.0	14.42	31.4	44.82	27.46	32.56	43.27	39.29	48.6	30.68	13.6	29.07	21.4	35.47	25.02	20.62	29.41	26.48	25.5	27.07	16.76	33.02	43.57	23.77	37.54	33.29	26.4	13.0	30.0	24.52	25.5	23.71	17.03	37.8	32.57	28.65	14.04	21.0	26.42	
19.24	34.06	26.68	31.95	13.89	31.32	30.0	41.77	31.38	16.4	50.48	29.83	37.8	48.1	56.61	11.31	0.0	12.08	42.43	30.0	26.93	4.47	41.04	29.07	26.4	14.87	27.78	15.56	48.47	8.25	30.08	26.17	14.32	18.25	12.08	23.02	36.69	21.19	18.36	23.43	36.89	42.54	13.93	41.05	46.04	43.14	32.65	16.76	25.08	33.11	31.4	6.4	7.21	47.38	48.38	27.66	31.91	23.43	40.8	19.24	46.96	42.0	19.92	31.14	39.05	6.32	43.28	44.78	6.0	18.87	27.0	5.0	36.25	28.02	50.99	26.93	37.11	19.42	35.81	32.65	1.0	21.1	30.59	17.89	22.56	23.77	44.94	5.0	46.87	25.0	33.96	20.02	15.62	43.91	12.17	26.91	25.5	38.42	40.46	31.06	15.52	33.53	20.0	34.79	45.0	23.02	34.0	32.25	34.99	51.48	27.66	13.0	40.36	25.5	25.5	33.73	11.0	26.25	34.13	36.36	19.92	24.19	33.02	42.45	34.48	38.59	22.36	32.14	22.47	38.83	16.28	15.3	13.34	5.83	40.85	23.09	18.03	23.09	15.26	15.81	
31.3	23.19	27.02	35.0	17.46	23.6	20.25	31.06	41.87	22.47	38.6	34.99	33.84	37.2	51.66	13.34	12.08	0.0	31.02	41.01	30.02	7.62	29.83	17.0	14.87	21.84	19.24	22.8	41.05	15.81	31.83	25.24	26.4	24.35	17.09	11.31	37.2	15.52	30.41	34.71	40.46	30.46	24.08	30.81	34.21	40.31	35.38	19.42	23.85	25.18	20.0	7.0	17.03	36.01	36.4	34.54	35.61	23.35	29.07	30.07	34.89	31.4	13.6	36.72	28.16	14.21	41.63	32.7	7.07	11.05	16.76	10.63	38.21	38.9	44.2	29.0	28.65	30.02	40.0	37.74	12.53	32.76	21.95	11.4	31.38	24.76	33.02	12.04	35.0	32.57	25.55	10.82	27.02	38.18	3.16	32.65	23.41	37.34	39.0	20.22	9.85	42.54	10.3	22.8	33.3	34.99	44.2	35.47	25.96	39.4	39.41	1.0	37.22	34.0	25.61	38.21	22.56	16.16	24.35	36.88	14.87	15.26	21.26	31.24	29.07	49.04	25.81	39.56	16.4	29.97	28.16	17.2	16.12	16.12	28.79	22.2	20.81	27.29	27.29	18.87	
60.88	8.94	52.0	47.51	39.36	19.21	30.0	28.65	66.73	52.47	22.0	63.32	31.38	30.36	39.2	36.77	42.43	31.02	0.0	67.08	44.55	38.21	25.06	17.46	23.26	52.24	33.29	53.24	24.19	42.38	57.38	49.24	56.29	45.79	47.27	24.04	60.42	37.7	59.91	61.85	66.85	11.4	50.7	8.06	20.4	37.64	61.47	48.05	47.93	36.88	11.05	38.01	48.04	5.0	9.85	64.13	62.63	36.12	20.12	61.07	15.0	6.0	25.94	65.25	5.0	41.76	41.44	12.04	36.5	33.53	16.16	39.05	63.07	64.85	28.28	55.36	16.16	61.03	67.07	65.8	42.58	63.51	16.97	35.44	54.71	50.92	18.44	40.26	20.22	62.65	16.64	23.09	55.03	28.28	30.27	61.61	32.53	40.25	40.31	11.7	28.79	64.4	22.8	10.3	21.84	63.89	68.26	62.03	33.94	15.81	67.42	30.02	35.11	56.3	50.7	52.4	53.34	28.65	12.04	43.57	38.28	20.12	19.85	25.5	25.94	73.25	53.85	58.9	25.24	14.56	58.69	45.89	45.54	47.1	9.85	47.17	49.24	44.82	56.75	47.85	
15.03	58.14	51.42	29.61	27.73	50.29	60.0	71.7	3.61	37.85	79.4	47.01	48.01	77.99	64.63	30.53	30.0	41.01	67.08	0.0	28.02	34.06	70.77	57.49	55.87	35.9	57.69	35.69	63.29	25.61	52.47	52.2	18.68	21.84	37.34	52.33	59.41	50.61	15.13	6.71	55.04	70.21	17.03	62.97	75.07	49.37	53.08	42.06	51.55	62.77	56.94	36.4	30.46	71.59	74.95	42.11	51.01	33.54	70.04	27.02	75.0	64.62	41.15	47.1	62.65	26.91	46.87	72.42	33.94	48.83	51.0	30.41	57.08	2.24	64.03	49.65	56.04	28.02	53.08	49.09	29.21	22.2	51.26	47.71	13.15	48.51	73.76	29.0	75.82	39.05	53.45	44.42	14.42	56.04	39.7	44.0	37.66	42.43	44.55	55.47	38.59	11.31	44.94	61.85	74.28	11.05	6.32	52.04	64.9	79.06	6.71	41.73	48.09	13.04	50.7	26.57	25.0	56.22	56.08	37.66	49.24	46.96	62.24	72.18	48.51	9.22	44.72	17.0	42.15	58.24	21.1	41.79	39.92	29.97	68.24	49.65	42.72	25.08	16.76	41.11	
31.38	36.12	53.45	5.1	13.34	25.61	49.65	58.82	26.08	42.94	61.91	56.08	20.1	64.26	36.88	17.12	26.93	30.02	44.55	28.02	0.0	27.66	56.65	41.23	42.45	41.18	49.16	41.68	35.69	18.79	57.01	52.63	29.83	9.9	39.0	39.05	63.57	45.1	30.53	25.96	63.53	51.04	19.21	38.6	58.18	21.59	59.51	43.66	51.42	55.15	36.62	30.59	33.12	48.27	53.81	53.01	58.59	8.6	54.13	40.31	56.04	40.61	21.02	57.14	39.62	20.62	19.7	53.01	25.32	41.0	30.23	22.8	63.16	26.08	36.12	53.85	30.53	41.01	62.27	58.83	26.0	38.6	27.59	41.05	15.3	50.6	56.44	22.14	58.67	50.0	28.6	26.0	23.85	28.16	27.07	53.0	12.04	14.87	17.09	34.21	21.59	21.19	26.93	42.72	58.14	31.38	26.48	59.03	55.58	59.03	31.78	30.07	20.1	15.0	52.2	8.54	32.65	45.54	32.56	10.82	44.18	26.08	47.17	57.94	21.54	31.05	49.24	14.76	20.25	32.76	34.06	42.06	40.16	31.76	48.83	49.48	44.94	4.24	28.6	42.72	
23.71	30.0	26.0	32.76	14.32	28.23	26.08	37.64	35.23	17.8	46.04	31.14	36.07	43.93	54.67	10.77	4.47	7.62	38.21	34.06	27.66	0.0	36.77	24.6	22.02	16.64	24.17	17.49	45.62	10.2	30.02	25.0	18.79	20.02	12.73	18.6	36.25	18.25	22.83	27.59	37.64	38.08	17.49	37.22	41.62	41.87	33.02	16.64	23.77	29.73	27.17	3.0	10.2	43.19	43.97	29.68	32.65	22.83	36.4	23.02	42.49	38.05	17.0	32.65	35.0	8.25	42.44	40.31	2.83	15.23	23.09	5.0	36.36	32.02	48.37	26.93	33.84	23.09	36.8	33.97	5.0	25.32	27.2	14.56	25.63	23.26	40.5	6.08	42.44	27.29	30.68	16.28	19.8	41.62	8.0	28.43	24.21	37.74	39.66	27.0	12.53	36.77	16.12	30.36	40.61	27.46	37.74	32.8	31.3	47.01	32.02	8.54	38.95	28.46	24.7	35.13	15.13	22.2	30.41	36.25	17.12	20.62	28.6	38.18	32.2	42.44	22.8	34.71	19.72	35.44	20.62	14.76	13.04	9.06	36.4	21.84	18.03	24.19	19.72	15.81	
59.82	26.31	36.06	61.03	46.14	37.0	12.65	3.61	71.7	42.72	12.0	49.25	51.0	7.62	63.06	42.19	41.04	29.83	25.06	70.77	56.65	36.77	0.0	15.52	15.0	43.46	16.49	44.38	48.38	45.61	41.0	33.06	54.82	53.34	38.91	18.6	41.59	24.35	59.03	64.35	50.09	14.21	53.91	31.95	8.25	58.01	45.01	37.0	32.14	16.12	23.02	34.71	43.27	27.8	20.62	51.97	47.01	48.38	5.0	55.01	13.89	30.46	35.74	51.24	27.51	44.05	61.03	14.87	36.88	23.32	28.16	40.46	45.28	68.68	52.5	40.11	37.48	54.56	51.01	51.09	41.73	59.17	34.0	25.06	61.03	36.35	8.94	41.87	9.22	51.66	36.12	30.68	56.57	50.64	31.62	48.66	46.32	58.31	59.14	26.02	35.34	72.11	29.73	17.26	6.08	63.89	74.03	46.0	12.17	18.38	68.68	29.21	55.0	63.51	35.13	65.19	49.65	15.26	31.26	60.02	25.63	31.58	9.49	1.41	45.0	78.87	40.79	68.48	37.11	36.88	55.47	35.47	36.25	43.01	15.26	32.39	37.64	55.04	56.08	37.34	
48.3	13.6	34.54	45.54	31.4	22.36	13.6	18.11	58.0	36.0	21.93	46.1	36.22	23.09	50.16	27.66	29.07	17.0	17.46	57.49	41.23	24.6	15.52	0.0	5.83	36.06	16.28	37.05	36.36	31.89	39.92	31.78	43.38	38.6	31.06	7.0	43.05	20.25	47.41	51.4	49.4	13.6	40.46	21.21	17.69	43.29	44.01	31.14	30.46	20.81	9.43	23.41	33.24	22.14	20.1	47.27	45.22	32.89	13.04	46.1	17.89	20.62	20.25	48.05	17.03	30.61	46.04	15.81	23.85	16.28	13.04	27.2	45.62	55.32	40.31	37.95	24.17	45.89	49.65	48.51	29.53	49.34	19.42	18.25	46.75	33.53	16.28	28.6	18.38	46.04	22.14	15.23	43.83	37.0	17.8	44.55	30.81	43.05	44.0	12.08	20.25	57.63	14.32	7.28	17.2	51.97	60.11	44.6	18.79	22.47	56.3	16.12	40.2	49.04	33.24	49.77	39.22	11.4	17.89	44.55	20.88	16.12	6.08	16.76	30.27	65.05	36.67	53.54	21.59	24.19	44.94	29.07	29.0	32.57	12.17	29.73	32.25	39.82	44.29	31.06	
45.49	19.1	28.79	47.07	31.3	26.57	8.54	16.55	56.73	31.14	24.19	40.61	40.02	22.47	55.01	27.29	26.4	14.87	23.26	55.87	42.45	22.02	15.0	5.83	0.0	31.4	10.63	32.39	41.62	30.61	34.18	26.0	40.5	38.47	26.48	3.61	37.22	14.56	44.65	49.52	43.66	18.03	38.95	26.91	19.72	47.07	38.28	26.0	24.7	15.65	14.87	20.25	29.55	27.86	25.02	42.05	39.56	34.53	14.42	42.06	21.59	26.4	22.09	42.58	22.8	29.07	49.5	20.1	21.93	11.0	17.09	25.5	39.81	53.76	45.49	32.28	29.15	41.76	43.97	42.95	27.02	45.69	23.77	13.0	46.04	27.89	18.79	26.91	20.59	41.01	26.83	17.03	41.77	41.63	16.64	39.2	33.06	46.1	47.27	17.2	20.88	57.14	16.03	13.0	18.6	49.41	59.03	38.9	14.32	26.48	54.04	14.21	43.93	48.55	27.51	50.96	35.78	5.66	23.02	47.04	15.3	19.24	6.71	16.4	34.21	63.89	31.26	53.67	24.0	29.41	41.59	24.02	24.19	29.07	17.03	24.04	27.02	40.5	41.62	26.02	
21.19	44.91	15.52	46.07	28.6	44.72	30.87	42.94	38.47	2.0	54.71	15.0	52.5	49.24	71.22	26.17	14.87	21.84	52.24	35.9	41.18	16.64	43.46	36.06	31.4	0.0	27.29	1.0	62.18	22.47	17.03	16.55	17.26	31.78	5.0	29.07	24.02	19.24	20.88	29.43	22.36	49.37	24.52	52.63	50.29	57.98	18.68	7.07	16.12	30.61	41.44	15.23	8.06	57.22	56.14	13.04	17.46	38.29	44.92	12.04	52.95	53.15	33.62	16.28	49.82	20.81	58.14	51.48	19.42	20.62	38.6	19.8	22.56	34.53	65.0	14.0	50.16	11.4	21.1	17.8	15.62	17.03	43.46	18.68	33.38	12.65	49.73	19.85	51.24	10.77	47.01	32.31	23.0	58.25	23.77	12.04	40.31	53.26	55.32	41.98	29.15	43.0	31.95	43.0	48.7	25.63	41.44	18.03	33.84	57.87	31.02	22.8	55.17	36.35	14.87	47.17	11.05	28.46	46.17	51.04	17.89	36.77	37.85	44.78	48.83	45.12	9.0	43.57	36.36	51.62	15.23	8.06	7.28	9.43	48.17	14.42	7.21	37.12	19.24	6.4	
45.28	29.73	20.1	54.08	36.67	36.67	4.0	15.65	59.17	26.4	28.28	33.02	49.65	21.95	65.37	32.56	27.78	19.24	33.29	57.69	49.16	24.17	16.49	16.28	10.63	27.29	0.0	28.18	52.2	34.18	25.32	17.12	40.36	43.42	23.02	12.08	27.31	8.06	44.6	51.04	34.71	25.96	41.59	37.48	24.08	56.61	29.43	20.62	16.03	6.0	25.5	21.47	28.28	37.59	33.24	35.51	31.14	42.01	19.0	39.12	28.16	36.88	30.41	35.01	33.3	32.31	58.69	27.66	25.3	8.94	27.29	28.79	30.36	55.76	56.04	24.02	39.66	38.59	35.36	35.01	28.65	43.6	34.0	10.0	49.77	20.02	24.0	30.08	25.08	35.17	37.22	25.71	43.27	51.88	22.09	32.25	41.3	54.92	56.29	27.8	28.02	60.93	24.74	23.02	22.2	49.58	61.77	30.27	7.21	33.14	54.67	19.1	53.45	52.55	19.03	57.43	34.66	5.0	33.6	55.23	9.43	28.79	13.93	17.72	44.01	66.37	24.33	58.52	32.76	40.0	40.36	19.24	20.25	28.32	25.63	16.03	21.19	46.53	41.87	21.02	
20.88	45.89	15.81	46.53	29.21	45.62	31.78	43.83	38.33	2.24	55.66	14.42	53.26	50.12	72.01	26.87	15.56	22.8	53.24	35.69	41.68	17.49	44.38	37.05	32.39	1.0	28.18	0.0	63.06	23.02	17.0	17.0	17.12	32.2	6.0	30.07	24.0	20.12	20.62	29.27	21.93	50.36	24.74	53.6	51.24	58.69	18.44	7.81	16.64	31.4	42.43	16.16	8.6	58.22	57.14	12.21	17.09	38.95	45.88	11.31	53.94	54.13	34.48	15.62	50.8	21.4	58.8	52.47	20.25	21.59	39.56	20.52	22.36	34.37	65.86	14.04	51.08	10.63	20.59	17.2	16.28	16.4	44.38	19.65	33.54	13.0	50.7	20.52	52.2	9.85	47.93	33.24	23.02	59.08	24.7	11.4	41.04	53.91	55.97	42.95	30.02	43.01	32.89	44.0	49.65	25.3	41.3	17.72	34.67	58.86	30.68	23.77	55.9	36.5	15.23	47.54	11.0	29.41	47.13	51.61	18.79	37.7	38.83	45.69	49.65	44.91	9.06	43.74	37.22	52.55	14.87	8.94	8.25	10.0	49.16	15.0	7.81	37.59	19.1	7.21	
62.65	22.83	67.36	36.06	38.47	17.49	49.93	51.87	61.66	63.13	46.1	76.01	15.81	54.34	15.03	38.33	48.47	41.05	24.19	63.29	35.69	45.62	48.38	36.36	41.62	62.18	52.2	63.06	0.0	44.15	72.47	65.12	59.23	42.0	57.8	40.46	77.1	53.74	61.66	60.0	81.4	35.51	50.25	16.49	44.55	18.44	76.22	60.46	63.7	57.14	26.93	47.01	55.54	24.08	33.02	75.18	76.61	30.0	43.68	67.36	39.12	18.25	28.64	77.7	20.88	44.64	22.67	36.22	42.95	48.8	25.46	43.66	78.75	61.2	4.12	69.81	12.73	67.68	81.02	78.77	48.1	67.91	19.21	50.25	50.16	65.44	42.58	44.27	44.41	72.9	15.62	30.23	55.33	8.06	38.59	73.57	26.02	24.19	23.02	24.41	33.11	56.75	30.81	31.38	45.89	64.2	62.17	76.4	55.07	39.05	66.0	40.22	17.49	50.49	65.95	40.85	58.82	47.2	18.6	29.07	53.76	25.81	41.15	49.04	15.03	66.71	66.85	50.0	26.0	12.21	62.82	58.25	57.14	54.23	33.73	62.37	61.85	38.21	58.86	59.91	
19.03	33.53	34.93	23.77	6.4	28.02	35.78	46.87	26.17	24.19	53.81	37.44	31.76	53.01	50.61	6.0	8.25	15.81	42.38	25.61	18.79	10.2	45.61	31.89	30.61	22.47	34.18	23.02	44.15	0.0	38.28	34.37	15.13	10.05	20.25	27.02	44.92	28.44	18.03	19.72	44.78	44.65	8.6	39.46	49.52	36.4	40.72	25.0	33.24	39.85	31.78	13.15	14.42	47.13	49.65	34.71	39.82	16.4	44.55	23.71	49.41	40.79	17.12	38.6	38.33	2.0	36.07	46.87	8.94	25.3	26.25	5.39	44.38	23.43	46.17	35.11	34.01	24.19	43.57	40.22	7.28	23.77	28.07	24.74	15.65	32.02	48.17	4.12	50.25	31.83	31.0	19.31	12.65	38.63	14.14	34.41	19.24	31.11	33.24	30.68	13.6	26.83	19.7	36.36	48.8	21.59	28.43	40.25	41.23	53.54	25.08	16.4	33.84	18.38	33.73	25.5	15.26	31.76	32.39	28.6	27.29	22.56	36.8	47.01	29.41	33.3	30.46	24.52	19.0	36.0	18.68	23.54	21.59	13.04	42.72	31.26	26.25	14.87	15.0	24.04	
37.48	51.97	5.39	62.03	43.86	55.23	29.27	39.12	55.23	15.03	53.0	9.43	65.44	44.55	83.49	40.71	30.08	31.83	57.38	52.47	57.01	30.02	41.0	39.92	34.18	17.03	25.32	17.0	72.47	38.28	0.0	8.25	34.06	48.08	18.03	33.54	7.0	19.7	37.34	46.17	9.49	51.2	41.44	60.03	49.04	71.61	4.12	13.42	9.49	25.08	47.89	27.46	24.52	62.03	58.46	14.14	6.08	52.84	44.18	26.25	53.46	59.94	45.34	11.18	56.36	36.4	72.4	52.95	32.76	24.19	47.2	34.44	6.4	51.24	75.82	3.16	59.82	25.3	10.05	10.44	31.02	31.62	53.26	22.47	50.36	7.07	49.16	34.93	50.04	15.81	56.85	42.45	40.01	70.01	34.71	10.63	54.08	67.74	69.64	49.4	41.23	60.01	41.77	47.17	47.01	41.77	58.22	5.0	29.07	58.42	47.07	32.53	68.6	53.34	6.71	63.6	28.0	29.12	54.64	66.19	19.24	46.75	39.05	42.01	60.88	61.66	8.06	60.53	48.17	60.8	31.4	15.26	17.0	25.71	50.7	10.3	12.08	53.14	36.06	14.32	
37.7	44.1	3.0	57.72	39.29	48.1	21.1	31.4	54.57	14.76	45.04	16.28	59.08	37.11	76.69	35.74	26.17	25.24	49.24	52.2	52.63	25.0	33.06	31.78	26.0	16.55	17.12	17.0	65.12	34.37	8.25	0.0	33.53	44.41	15.13	25.55	12.04	11.66	37.34	45.61	17.72	42.95	39.05	52.15	41.0	65.51	12.37	10.2	1.41	17.46	39.96	22.14	22.2	53.85	50.22	19.7	14.04	47.54	36.06	28.02	45.28	51.97	38.83	18.25	48.37	32.39	66.65	44.72	27.51	16.4	39.7	29.83	13.89	50.7	68.59	7.07	52.4	27.2	18.25	18.03	27.17	33.29	45.97	14.87	48.04	4.24	41.05	30.59	42.0	20.25	49.52	35.47	38.64	63.13	28.3	16.16	48.3	62.17	63.95	41.62	34.99	58.42	34.71	39.0	39.01	42.15	57.49	13.15	21.38	50.25	47.54	25.81	62.43	51.04	2.24	59.84	27.2	20.88	47.01	61.1	11.4	39.62	30.81	34.13	54.2	61.4	9.22	58.0	41.62	53.26	31.78	11.0	13.0	23.09	42.45	3.16	9.49	49.03	35.44	11.18	
5.0	47.68	32.76	33.94	20.88	43.1	43.14	55.23	21.21	19.24	64.66	29.61	46.24	61.62	64.88	21.1	14.32	26.4	56.29	18.68	29.83	18.79	54.82	43.38	40.5	17.26	40.36	17.12	59.23	15.13	34.06	33.53	0.0	20.0	18.79	37.22	41.05	32.8	4.24	12.17	37.66	56.86	10.63	54.15	60.21	50.12	35.06	23.41	32.89	45.0	45.35	20.25	12.21	61.19	62.63	25.3	33.24	30.46	54.92	10.82	61.27	55.33	32.0	30.08	52.61	15.0	49.09	59.09	19.92	31.83	40.45	17.26	39.05	17.26	61.13	31.14	49.09	11.66	35.9	32.02	13.93	8.94	43.0	30.41	17.89	29.83	59.17	16.12	61.06	22.14	46.04	33.38	6.71	53.45	26.25	26.48	33.84	44.1	46.32	44.72	28.07	26.17	33.54	49.04	59.08	9.22	24.19	34.13	47.51	65.8	14.42	27.31	47.85	20.62	32.02	33.6	6.32	39.7	47.1	40.61	31.4	37.12	47.17	56.22	44.38	27.89	26.17	27.86	34.06	51.04	4.24	23.26	21.47	12.04	55.15	31.02	24.04	25.61	2.0	22.47	
21.93	36.89	44.91	14.42	7.21	28.46	44.6	55.01	21.02	33.62	60.31	46.53	27.46	60.9	45.54	11.18	18.25	24.35	45.79	21.84	9.9	20.02	53.34	38.6	38.47	31.78	43.42	32.2	42.0	10.05	48.08	44.41	20.0	0.0	30.08	34.89	54.82	38.21	21.02	18.0	54.13	50.21	9.43	41.23	56.22	30.46	50.33	34.93	43.29	49.24	36.24	23.02	23.77	50.12	54.2	43.27	49.24	12.0	51.61	30.41	55.15	42.95	20.0	47.51	41.18	12.04	29.15	52.35	18.25	34.71	30.0	15.03	54.08	19.65	43.19	44.92	34.21	31.11	52.77	49.24	17.26	28.84	29.55	34.37	8.94	41.98	54.67	14.0	56.85	40.22	31.62	24.04	14.32	35.23	21.93	43.42	16.03	24.19	26.42	34.41	18.44	19.1	24.76	41.73	55.8	22.56	22.47	49.77	50.29	58.8	24.0	24.7	28.46	10.63	43.74	15.52	22.8	40.5	34.44	20.62	37.12	25.81	44.1	54.71	27.02	27.46	40.16	15.23	20.59	36.4	24.21	33.54	31.58	22.47	48.1	41.3	36.14	5.66	18.87	33.96	
23.32	40.02	15.03	44.01	25.94	40.31	26.42	38.59	39.56	5.39	49.98	18.44	48.8	44.94	67.36	23.02	12.08	17.09	47.27	37.34	39.0	12.73	38.91	31.06	26.48	5.0	23.02	6.0	57.8	20.25	18.03	15.13	18.79	30.08	0.0	24.08	24.74	15.0	22.83	30.68	25.0	44.41	24.0	47.8	45.54	54.56	20.59	5.0	14.32	26.87	36.5	10.82	7.07	52.24	51.16	17.46	20.0	35.23	40.16	16.12	48.05	48.27	29.41	20.0	44.91	18.38	55.0	46.53	15.56	15.81	33.84	16.64	24.17	35.74	60.75	14.87	45.62	15.65	24.08	21.26	13.0	20.62	38.91	13.93	33.0	12.04	44.92	17.0	46.49	15.52	42.49	27.73	23.54	54.2	19.24	15.81	36.88	50.22	52.2	37.11	25.0	43.29	27.31	38.0	44.01	27.78	42.45	20.25	29.83	52.95	33.12	18.03	51.66	36.0	14.0	45.61	12.53	23.77	41.44	48.37	13.6	32.2	32.98	40.25	44.82	46.49	10.3	43.05	32.2	47.01	17.8	4.47	2.83	8.0	43.19	12.37	6.08	35.11	20.62	4.0	
42.19	18.6	28.18	43.74	27.73	24.6	11.05	20.12	53.15	29.0	27.46	39.29	37.64	26.08	53.34	23.71	23.02	11.31	24.04	52.33	39.05	18.6	18.6	7.0	3.61	29.07	12.08	30.07	40.46	27.02	33.54	25.55	37.22	34.89	24.08	0.0	37.2	13.89	41.34	46.01	42.95	20.4	35.38	26.63	23.02	44.64	37.58	24.19	24.19	17.72	14.42	17.0	26.57	28.86	27.07	40.31	38.63	31.26	17.8	39.29	24.35	26.42	19.0	41.23	22.83	25.5	46.87	22.56	18.38	9.49	15.26	21.93	39.45	50.21	44.2	31.38	27.8	39.05	43.08	41.76	23.6	42.72	21.95	11.4	42.44	26.93	21.95	23.35	23.85	39.05	25.24	14.04	38.29	39.82	13.04	37.66	30.0	43.29	44.55	16.28	17.46	53.54	13.04	14.14	22.02	46.04	55.44	38.08	17.03	29.12	50.61	10.63	41.48	44.94	26.83	47.54	32.7	7.28	21.93	44.0	14.32	16.76	10.0	20.0	31.95	60.31	29.83	50.09	21.1	28.32	38.48	22.09	22.0	26.0	19.1	23.26	25.32	37.0	38.28	24.08	
44.41	55.8	10.3	68.62	50.33	60.14	31.02	39.2	62.2	22.02	53.46	14.42	71.03	44.0	88.73	47.01	36.69	37.2	60.42	59.41	63.57	36.25	41.59	43.05	37.22	24.02	27.31	24.0	77.1	44.92	7.0	12.04	41.05	54.82	24.74	37.2	0.0	23.43	44.28	53.15	9.85	53.14	48.37	63.82	49.82	77.39	7.21	19.92	13.45	25.5	51.61	33.54	31.4	64.85	60.41	19.72	10.0	59.03	45.35	32.98	54.82	63.51	50.8	15.62	59.91	43.01	78.39	54.71	38.91	28.32	51.66	40.85	4.47	58.22	80.61	10.05	64.38	32.02	11.66	14.14	37.64	38.33	57.98	26.87	57.31	13.0	50.22	41.44	50.8	21.93	61.52	47.51	47.01	75.17	40.22	16.55	60.03	73.82	75.66	53.41	46.87	67.01	46.75	50.12	47.68	48.66	65.19	8.6	29.43	59.67	53.94	37.8	74.33	60.3	11.66	70.34	35.0	31.76	58.9	72.5	23.35	51.66	41.23	42.43	66.22	68.59	15.03	67.48	53.6	65.19	38.33	21.54	23.41	32.56	52.92	15.0	18.68	59.77	43.05	20.88	
37.64	32.45	14.32	50.16	32.0	37.01	11.7	23.71	52.33	18.38	35.9	26.17	48.76	30.02	65.8	28.02	21.19	15.52	37.7	50.61	45.1	18.25	24.35	20.25	14.56	19.24	8.06	20.12	53.74	28.44	19.7	11.66	32.8	38.21	15.0	13.89	23.43	0.0	37.01	43.91	29.15	32.14	35.11	40.5	31.58	55.46	23.77	12.65	10.3	12.21	28.3	15.3	20.62	42.38	39.32	28.07	25.0	38.83	26.31	31.06	35.01	40.31	28.64	28.16	36.72	26.48	57.01	34.06	20.02	5.0	28.28	23.19	25.55	48.76	57.31	17.72	41.01	30.53	29.41	28.44	22.14	35.61	34.71	4.12	43.68	13.34	31.26	24.33	32.56	27.46	38.21	24.7	36.24	52.2	18.68	25.0	38.9	52.81	54.42	30.0	25.3	54.71	23.85	27.51	29.83	42.01	55.04	24.35	14.87	40.01	47.2	15.81	52.33	46.57	13.0	53.0	26.91	10.0	35.47	52.39	1.41	28.6	20.02	25.63	43.57	59.48	17.0	52.95	31.3	41.77	32.53	11.18	12.21	20.81	31.4	9.49	13.34	42.0	34.41	13.0	
1.0	51.2	36.4	34.21	23.19	46.0	47.38	59.46	18.0	22.8	68.8	32.14	48.08	65.86	66.48	24.02	18.36	30.41	59.91	15.13	30.53	22.83	59.03	47.41	44.65	20.88	44.6	20.62	61.66	18.03	37.34	37.34	4.24	21.02	22.83	41.34	44.28	37.01	0.0	9.06	40.2	60.84	11.7	57.43	64.35	51.48	38.01	27.31	36.77	49.2	49.04	24.41	16.4	64.76	66.48	27.46	36.01	32.28	59.08	12.37	65.3	58.69	35.13	32.39	56.09	18.25	50.12	63.07	23.77	36.07	43.93	20.88	42.01	14.0	63.35	34.53	52.0	13.34	38.33	34.37	17.89	8.6	46.1	34.66	17.03	33.53	63.29	19.65	65.19	24.33	49.01	36.88	6.71	55.54	30.08	29.07	35.9	45.18	47.41	48.27	31.4	23.77	37.11	52.92	63.25	5.0	21.0	37.0	51.74	69.78	10.3	31.3	49.4	19.42	35.74	33.24	10.3	43.93	50.36	41.34	35.61	40.45	51.31	60.44	46.69	24.33	29.61	26.42	37.01	54.01	6.0	27.29	25.55	16.28	59.09	34.93	27.86	26.42	3.16	26.4	
9.22	52.92	44.91	28.64	22.8	45.89	53.41	65.19	9.06	31.4	73.25	41.19	45.28	71.51	62.82	25.08	23.43	34.71	61.85	6.71	25.96	27.59	64.35	51.4	49.52	29.43	51.04	29.27	60.0	19.72	46.17	45.61	12.17	18.0	30.68	46.01	53.15	43.91	9.06	0.0	49.25	64.35	11.18	58.24	68.88	47.54	47.0	35.44	44.92	56.08	51.43	29.83	23.77	66.48	69.35	36.5	45.04	30.0	63.78	21.38	69.07	59.77	36.06	41.44	57.58	20.81	45.54	66.57	27.66	42.2	45.69	24.21	51.0	5.1	61.13	43.29	51.79	22.36	47.38	43.42	22.67	17.09	46.57	41.05	10.77	41.98	67.62	22.8	69.66	33.38	49.03	38.91	7.81	53.15	33.6	38.12	34.01	40.8	43.01	50.16	33.11	14.87	39.36	56.08	68.01	6.4	12.04	46.01	58.25	73.25	6.0	35.47	45.89	12.21	44.15	26.63	18.44	49.68	51.24	36.4	42.54	41.79	55.97	65.76	45.01	15.81	38.33	18.44	37.36	53.94	15.03	35.11	33.24	23.26	62.43	43.01	36.14	22.36	10.2	34.48	
40.11	61.29	14.87	68.43	50.77	64.03	38.64	48.0	58.14	20.59	62.07	8.06	73.59	53.15	91.93	48.01	36.89	40.46	66.85	55.04	63.53	37.64	50.09	49.4	43.66	22.36	34.71	21.93	81.4	44.78	9.49	17.72	37.66	54.13	25.0	42.95	9.85	29.15	40.2	49.25	0.0	60.64	46.49	69.35	58.22	79.51	5.39	21.21	18.97	34.01	57.25	35.38	30.41	71.51	67.91	13.04	5.0	60.22	53.46	28.02	62.8	69.32	53.76	8.06	65.74	43.05	80.0	62.37	40.46	33.54	56.3	41.62	5.39	54.15	84.65	11.66	68.82	27.02	2.24	6.08	37.74	33.02	62.2	31.76	55.08	16.12	58.42	41.88	59.21	16.0	65.8	51.22	44.15	78.57	43.19	11.18	61.85	75.21	77.2	58.67	49.5	63.79	50.61	56.65	56.14	44.01	61.13	5.0	38.01	67.74	49.01	41.23	76.58	57.97	16.16	69.46	32.28	38.6	63.81	73.25	28.64	55.61	48.51	51.04	69.31	64.0	14.87	65.25	56.59	69.89	34.23	23.35	24.76	31.76	60.17	19.7	19.8	59.48	39.62	21.93	
61.74	15.81	45.89	54.71	43.19	27.51	22.14	17.8	70.43	49.16	11.4	58.31	41.0	18.97	50.49	39.82	42.54	30.46	11.4	70.21	51.04	38.08	14.21	13.6	18.03	49.37	25.96	50.36	35.51	44.65	51.2	42.95	56.86	50.21	44.41	20.4	53.14	32.14	60.84	64.35	60.64	0.0	53.25	19.1	9.06	47.68	55.32	44.01	41.77	28.18	14.42	37.0	46.84	13.6	7.28	60.01	56.89	42.44	9.22	59.67	5.0	17.26	30.48	60.3	15.0	43.57	51.2	2.24	37.12	29.02	20.81	40.31	56.32	68.01	39.62	49.65	26.17	59.44	61.19	60.53	42.95	62.94	24.7	31.02	58.8	45.4	7.07	41.68	9.0	59.03	25.71	26.17	56.94	39.01	30.89	57.08	39.45	49.34	49.73	17.0	31.89	69.3	25.5	8.49	10.44	65.3	72.35	56.09	24.7	8.94	69.46	29.55	44.91	60.83	44.72	59.36	52.81	22.2	20.62	52.0	33.06	25.0	12.17	14.42	35.17	77.34	49.09	64.54	30.81	25.02	58.52	42.05	42.19	46.17	2.24	41.44	45.0	50.45	57.7	44.05	
12.65	41.79	39.01	23.35	12.04	35.23	43.57	55.0	17.8	26.48	62.37	38.63	36.4	61.22	54.78	13.93	13.93	24.08	50.7	17.03	19.21	17.49	53.91	40.46	38.95	24.52	41.59	24.74	50.25	8.6	41.44	39.05	10.63	9.43	24.0	35.38	48.37	35.11	11.7	11.18	46.49	53.25	0.0	47.3	58.05	39.81	43.17	29.0	38.12	47.01	40.25	20.12	17.03	55.36	58.18	34.89	41.76	20.62	53.04	21.26	58.01	48.76	25.0	39.4	46.49	9.9	38.59	55.47	17.03	32.65	34.54	13.45	47.07	14.87	51.79	38.33	41.19	22.02	44.94	41.23	13.0	19.42	35.69	31.78	9.0	36.01	56.73	12.04	58.8	31.76	38.33	27.73	5.1	43.93	22.67	35.47	24.33	33.62	35.85	39.0	21.93	19.65	28.18	44.94	57.28	14.0	20.25	42.45	48.76	62.13	16.76	24.76	37.7	12.0	38.0	23.32	14.32	39.66	40.26	30.0	33.84	30.68	45.25	55.32	35.23	25.0	33.38	19.1	26.48	43.29	14.87	28.07	26.08	16.0	51.31	36.12	30.02	15.0	9.43	28.0	
58.42	8.06	54.71	41.04	35.44	13.04	34.71	35.47	62.24	53.16	30.02	65.0	23.71	37.85	31.4	33.54	41.05	30.81	8.06	62.97	38.6	37.22	31.95	21.21	26.91	52.63	37.48	53.6	16.49	39.46	60.03	52.15	54.15	41.23	47.8	26.63	63.82	40.5	57.43	58.24	69.35	19.1	47.3	0.0	28.16	29.73	64.01	49.4	50.77	41.87	12.21	37.66	47.38	10.0	17.72	65.15	64.85	30.53	27.2	60.21	23.02	2.24	22.36	66.85	4.47	39.2	33.62	20.0	35.06	35.85	14.14	37.01	66.04	60.75	20.62	57.71	8.6	60.3	69.32	67.62	41.01	62.0	11.7	37.59	50.16	53.24	26.17	38.05	28.07	63.32	10.0	21.02	51.97	20.22	29.27	62.97	26.63	32.76	32.65	10.77	26.08	59.17	21.1	15.26	29.43	61.0	63.51	64.41	39.41	23.77	64.03	29.83	27.31	51.43	53.34	46.01	52.04	32.56	7.07	36.4	40.82	17.03	25.24	32.57	18.6	68.43	55.54	53.25	20.88	6.71	57.01	47.17	46.49	46.27	17.26	49.74	50.7	39.45	54.33	49.04	
65.19	24.33	44.0	62.17	49.04	35.9	20.1	11.18	75.66	49.73	4.47	57.08	49.65	10.3	59.54	45.34	46.04	34.21	20.4	75.07	58.18	41.62	8.25	17.69	19.72	50.29	24.08	51.24	44.55	49.52	49.04	41.0	60.21	56.22	45.54	23.02	49.82	31.58	64.35	68.88	58.22	9.06	58.05	28.16	0.0	56.44	53.08	44.15	40.01	24.33	22.14	39.96	49.19	21.93	13.6	59.54	55.01	49.65	5.39	61.47	6.4	26.31	37.22	59.08	24.02	48.17	59.84	8.54	41.23	29.73	28.23	44.69	53.46	72.92	48.66	48.01	35.06	61.1	59.08	59.01	46.62	65.31	32.98	31.62	64.44	44.1	2.0	46.1	1.0	59.03	34.37	32.45	61.22	48.0	35.38	56.32	47.01	57.72	58.25	25.0	37.8	75.29	31.62	15.81	2.24	69.07	77.79	54.04	20.4	10.3	73.6	33.42	53.6	66.71	43.01	66.65	55.47	21.84	29.27	60.08	32.76	32.2	13.04	7.62	43.74	82.73	48.37	71.03	38.01	34.0	61.29	42.45	43.01	48.76	11.0	40.11	44.91	57.14	61.29	44.38	
52.39	32.14	67.12	20.0	30.0	21.02	55.54	61.07	47.1	59.41	59.03	72.86	7.07	65.03	15.3	31.83	43.14	40.31	37.64	49.37	21.59	41.87	58.01	43.29	47.07	57.98	56.61	58.69	18.44	36.4	71.61	65.51	50.12	30.46	54.56	44.64	77.39	55.46	51.48	47.54	79.51	47.68	39.81	29.73	56.44	0.0	74.81	58.41	64.14	62.36	35.0	44.2	50.25	39.4	47.43	70.77	74.52	20.0	54.04	59.91	52.17	31.95	26.83	74.25	32.98	37.64	4.24	49.03	39.05	50.57	30.27	38.18	78.01	47.52	17.0	68.6	21.59	60.46	78.64	75.69	42.45	59.06	24.02	51.43	36.88	64.64	54.45	38.21	56.57	68.01	22.09	31.02	44.78	10.63	37.22	70.01	17.69	7.0	5.1	32.0	30.53	41.05	31.95	41.05	57.22	52.81	47.0	74.65	61.39	53.45	53.37	39.82	3.16	36.35	65.73	24.19	51.61	51.92	27.17	12.04	55.01	27.89	49.16	59.0	13.04	51.09	64.66	34.06	24.17	23.09	54.2	56.4	54.82	48.84	45.54	62.43	59.82	25.3	49.19	57.63	
38.05	55.95	9.49	64.47	46.53	58.9	33.38	43.05	56.01	16.76	57.01	7.21	68.77	48.37	86.98	43.57	32.65	35.38	61.47	53.08	59.51	33.02	45.01	44.01	38.28	18.68	29.43	18.44	76.22	40.72	4.12	12.37	35.06	50.33	20.59	37.58	7.21	23.77	38.01	47.0	5.39	55.32	43.17	64.01	53.08	74.81	0.0	16.4	13.6	29.02	51.88	30.61	26.57	66.13	62.59	12.53	2.83	55.76	48.26	26.31	57.56	63.95	48.8	8.49	60.37	38.91	75.45	57.07	35.81	28.18	51.04	37.22	4.0	52.01	79.51	6.4	63.6	25.32	6.0	7.21	33.54	31.58	57.01	26.42	51.97	10.82	53.24	37.59	54.08	14.87	60.61	46.1	41.3	73.55	38.18	9.49	57.2	70.72	72.67	53.34	44.6	61.2	45.45	51.26	51.04	42.19	59.01	1.41	33.02	62.51	47.38	36.12	71.84	54.92	10.77	65.79	29.27	33.24	58.52	68.96	23.26	50.45	43.17	46.0	64.35	62.2	10.3	62.17	51.62	64.64	32.02	18.44	20.0	27.86	54.82	14.32	15.0	55.54	37.05	17.2	
27.73	41.44	10.05	48.7	30.46	43.01	24.35	36.25	44.38	5.83	48.51	15.65	52.4	42.49	70.72	27.29	16.76	19.42	48.05	42.06	43.66	16.64	37.0	31.14	26.0	7.07	20.62	7.81	60.46	25.0	13.42	10.2	23.41	34.93	5.0	24.19	19.92	12.65	27.31	35.44	21.21	44.01	29.0	49.4	44.15	58.41	16.4	0.0	9.49	23.6	37.64	14.21	12.04	52.95	51.01	16.12	16.28	39.45	38.83	19.1	47.27	49.65	32.56	17.46	46.17	23.09	59.08	46.04	19.42	15.0	35.78	21.02	19.72	40.52	63.6	10.3	48.02	18.44	20.62	18.36	17.72	24.08	41.34	13.0	38.0	7.07	43.74	21.54	45.12	15.03	44.94	30.23	28.44	57.38	22.02	13.6	40.8	54.38	56.3	38.63	28.28	48.26	29.68	38.33	42.45	32.2	47.3	16.28	26.93	52.24	37.58	20.25	55.44	41.0	9.0	50.45	17.09	22.36	43.38	52.77	11.4	34.67	32.14	38.28	48.1	51.24	6.4	48.04	35.38	49.24	21.95	2.24	3.61	13.0	43.01	7.62	1.41	39.85	25.3	1.0	
37.16	42.72	4.12	56.52	38.08	46.69	20.02	30.59	53.85	14.42	44.1	17.12	57.69	36.4	75.29	34.48	25.08	23.85	47.93	51.55	51.42	23.77	32.14	30.46	24.7	16.12	16.03	16.64	63.7	33.24	9.49	1.41	32.89	43.29	14.32	24.19	13.45	10.3	36.77	44.92	18.97	41.77	38.12	50.77	40.01	64.14	13.6	9.49	0.0	16.76	38.59	20.88	21.38	52.55	49.03	20.25	15.13	46.24	35.01	27.8	44.18	50.61	37.44	19.1	47.01	31.26	65.3	43.57	26.25	15.0	38.29	28.64	15.26	50.0	67.18	8.0	50.99	27.02	19.42	19.0	26.08	33.02	44.55	13.45	47.1	4.47	40.01	29.43	41.01	20.59	48.1	34.06	37.85	61.72	26.93	16.76	46.96	60.84	62.61	40.22	33.62	57.56	33.3	37.7	38.05	41.63	56.75	14.32	20.62	49.16	47.01	24.41	61.06	50.09	3.0	58.69	26.57	19.65	45.61	59.81	10.0	38.21	29.61	33.24	52.8	60.73	9.43	57.01	40.22	51.86	31.3	10.05	12.04	22.2	41.23	2.0	8.94	47.85	34.79	10.44	
