170
0.0	77.2	11.18	59.0	63.64	73.06	61.52	24.7	57.63	47.89	33.53	4.12	43.66	13.0	32.14	22.36	73.79	47.54	71.17	76.66	1.41	71.11	45.19	20.22	49.24	43.97	63.0	36.0	64.51	61.77	10.0	52.43	35.23	39.01	60.88	66.27	72.0	10.05	64.13	60.41	56.59	33.24	47.3	55.07	49.09	75.0	71.47	16.12	13.0	72.67	55.79	73.54	19.72	44.42	82.29	54.74	78.55	63.51	75.61	21.4	62.18	24.35	19.24	21.0	27.07	40.26	75.93	52.01	8.0	62.43	54.2	75.31	63.29	41.68	15.03	66.84	26.42	49.24	10.3	79.4	24.41	16.97	31.26	70.84	65.79	60.83	40.2	9.85	46.1	68.31	33.6	68.59	38.28	30.23	66.57	32.02	35.61	36.4	64.76	52.61	28.02	48.88	65.15	52.7	24.35	32.56	13.04	21.63	51.31	15.3	70.01	64.88	17.12	39.22	28.79	33.24	69.92	63.01	44.41	21.1	26.08	54.92	43.19	57.31	24.17	26.17	76.69	27.51	56.6	57.72	53.31	43.17	42.72	22.0	49.93	51.92	26.4	44.29	18.03	78.11	28.28	44.6	45.35	80.23	55.66	34.48	17.03	61.4	41.3	70.21	48.01	44.01	11.66	55.0	55.44	69.43	18.68	48.37	30.59	59.48	13.0	36.62	17.46	84.6	71.85	55.04	27.51	36.12	67.36	67.03	
77.2	0.0	76.06	26.63	17.03	18.6	19.1	53.76	64.85	81.84	52.8	73.08	49.58	74.55	71.7	55.03	13.6	30.27	43.42	42.0	78.45	18.25	33.14	82.49	51.04	88.41	24.6	43.91	44.92	21.54	67.68	32.02	90.27	96.67	16.55	29.12	22.09	68.01	14.87	20.52	69.35	70.86	30.08	26.48	33.38	2.24	6.0	89.55	64.29	64.54	41.18	8.49	65.37	53.45	58.0	36.89	63.39	60.75	48.09	57.71	20.25	93.54	71.06	85.59	51.08	88.41	39.0	75.72	75.31	23.71	32.89	36.0	22.83	38.01	62.63	67.68	51.79	28.23	70.21	63.29	73.24	70.71	78.52	7.07	45.61	70.68	93.51	84.93	45.88	43.93	47.04	31.58	60.11	57.08	60.73	71.59	52.35	85.0	13.04	26.08	58.01	32.14	43.68	30.81	52.89	50.48	64.51	65.51	31.58	80.06	48.84	15.81	60.41	62.82	64.2	83.6	7.28	23.71	41.04	56.65	74.4	29.12	35.85	68.88	64.0	71.11	7.62	83.1	27.2	40.25	49.74	45.25	85.59	74.0	32.39	43.27	72.2	55.44	63.51	47.0	68.41	45.35	44.6	9.0	21.59	84.72	60.75	15.81	93.43	43.57	35.51	36.62	65.97	31.95	24.21	36.5	58.52	30.53	52.15	21.59	69.72	61.52	87.21	63.0	33.14	51.0	95.88	91.68	16.55	21.19	
11.18	76.06	0.0	54.92	61.03	74.65	58.82	28.02	47.71	36.72	27.0	11.05	36.35	23.54	42.05	22.02	74.63	48.01	63.95	69.72	10.82	67.47	46.23	10.2	41.23	32.98	58.86	32.57	57.07	63.25	11.18	55.17	25.02	29.61	59.51	61.13	67.74	10.3	62.03	57.57	46.23	43.01	46.07	56.73	51.62	73.82	70.66	13.6	16.55	63.13	49.16	73.57	12.0	51.26	73.74	49.01	69.32	54.12	67.91	25.94	63.41	18.38	29.07	12.08	25.06	29.43	69.35	41.11	18.68	64.44	57.38	69.12	65.19	43.84	14.87	56.86	29.21	47.85	19.0	70.21	13.45	7.28	41.98	70.24	58.25	50.45	30.02	19.8	51.48	61.0	37.2	63.01	29.15	37.0	57.25	21.21	41.63	47.43	63.16	50.33	34.79	50.93	57.87	55.15	25.46	27.29	13.6	13.15	53.74	5.39	62.1	65.46	16.97	47.68	37.34	44.27	68.88	59.03	39.2	20.0	15.0	57.28	40.5	47.01	32.39	36.06	76.66	38.63	58.73	51.16	45.35	37.0	31.62	32.39	52.33	45.18	15.56	35.74	12.65	70.61	18.03	49.74	39.01	80.26	55.07	45.54	16.28	60.37	31.0	62.97	50.99	40.52	16.76	58.05	52.81	63.13	19.85	45.88	25.32	60.61	22.0	27.31	11.4	75.64	66.01	46.84	21.26	26.08	64.29	63.15	
59.0	26.63	54.92	0.0	9.85	37.22	8.25	40.16	38.63	55.32	28.79	55.01	23.43	60.42	64.5	37.22	33.73	23.43	22.85	25.0	60.01	12.65	26.17	59.46	24.41	62.29	4.0	23.0	21.1	30.41	49.0	34.0	65.19	71.56	15.0	9.22	13.0	49.01	12.65	7.07	42.95	64.14	17.03	29.15	32.45	24.7	23.77	68.45	47.27	41.01	14.87	29.41	43.17	52.35	39.0	10.3	41.77	35.51	28.64	43.97	29.27	70.84	59.14	62.63	32.06	62.63	22.67	49.09	59.54	33.54	36.67	20.52	33.38	31.14	44.01	42.58	38.28	15.56	54.74	41.98	49.24	48.51	70.21	24.35	22.2	44.6	68.01	68.12	45.45	21.84	37.74	12.73	34.21	48.88	36.12	46.32	46.4	77.37	15.52	10.63	48.76	30.23	20.22	32.65	36.88	27.66	46.01	42.72	32.25	57.97	26.68	27.0	42.05	59.03	55.95	75.15	21.54	4.12	16.16	38.05	50.09	32.7	16.49	42.54	53.71	61.74	31.38	72.8	31.95	14.32	23.26	19.72	59.46	62.97	31.91	16.64	47.85	29.0	42.43	29.15	43.83	43.93	18.6	34.44	18.03	76.49	42.01	17.0	67.8	22.47	34.41	15.03	49.37	36.25	8.06	16.64	41.3	12.53	29.61	27.66	55.32	35.81	65.25	43.66	16.28	24.7	72.8	66.57	10.63	8.25	
63.64	17.03	61.03	9.85	0.0	28.0	2.24	42.19	48.47	64.82	36.36	59.54	32.56	63.13	64.26	41.3	24.19	21.02	30.41	31.02	64.78	9.43	24.17	66.64	34.13	71.42	9.0	28.46	30.07	22.85	53.76	29.0	73.6	80.0	7.21	15.3	12.73	53.94	3.0	3.61	52.8	63.69	17.12	23.43	28.43	15.0	13.93	74.63	51.16	50.09	24.7	19.65	49.77	49.41	46.32	20.12	50.16	45.12	35.9	46.17	21.54	77.88	60.83	69.78	36.67	71.51	28.23	58.83	63.01	26.0	31.24	25.5	25.63	29.55	48.66	52.17	40.2	15.13	58.0	50.25	56.94	55.15	70.52	14.56	31.02	54.42	76.69	72.17	42.01	30.07	37.64	18.68	43.14	48.7	45.54	54.82	45.19	77.49	6.0	11.05	49.04	26.4	29.02	27.59	40.01	34.44	50.64	49.66	27.59	64.62	35.06	18.44	46.53	57.31	55.97	75.58	11.7	8.0	24.21	42.58	57.98	27.02	20.62	52.39	54.57	62.36	21.54	73.98	25.81	24.04	33.11	28.32	68.59	64.33	27.66	26.42	55.76	38.42	48.38	35.74	51.87	40.8	27.59	24.6	12.81	76.84	46.69	8.94	76.58	30.27	30.61	20.62	53.08	30.61	8.25	23.54	45.18	15.3	36.25	20.59	58.08	44.6	71.87	51.2	21.54	34.54	80.06	75.0	4.47	8.06	
73.06	18.6	74.65	37.22	28.0	0.0	29.07	48.37	75.19	88.55	56.3	69.12	56.46	67.42	60.21	52.63	5.0	26.87	58.22	58.05	74.43	33.96	28.43	82.76	59.77	93.49	37.0	45.8	58.03	11.4	64.64	21.19	93.09	99.36	22.36	43.1	38.08	65.22	25.0	30.15	79.12	59.14	31.06	18.03	24.17	18.36	15.81	87.42	60.21	78.06	51.79	10.3	65.76	40.01	73.82	46.87	78.1	72.69	63.51	51.88	11.31	92.96	62.64	85.63	50.21	92.66	55.11	83.93	69.35	10.77	20.4	52.17	9.85	31.38	60.0	79.76	46.65	30.02	64.4	78.16	75.17	70.72	67.27	14.56	59.01	81.25	97.01	79.2	33.06	58.03	39.81	46.27	65.76	47.54	73.33	75.45	41.98	73.03	22.0	31.02	49.04	24.19	57.01	20.62	49.41	53.01	61.61	66.53	21.93	79.4	63.03	10.77	57.8	50.0	53.94	72.17	17.46	36.0	47.01	54.67	76.69	18.38	38.59	78.85	55.08	61.0	11.31	72.84	16.55	51.48	59.67	51.48	90.74	64.76	23.26	52.63	74.65	62.77	62.97	62.97	71.4	33.24	51.62	12.53	22.36	73.11	58.41	20.4	97.2	58.14	25.63	40.71	61.4	19.42	31.05	51.24	55.22	34.44	54.2	14.14	63.16	66.73	86.05	78.77	48.66	61.39	95.67	94.49	30.27	35.23	
61.52	19.1	58.82	8.25	2.24	29.07	0.0	40.31	46.82	62.8	34.13	57.43	30.48	61.2	62.77	39.2	25.5	19.72	29.83	30.87	62.65	10.77	22.83	64.4	32.25	69.31	8.25	26.25	29.0	23.09	51.62	28.43	71.4	77.8	7.28	14.87	13.6	51.79	4.47	1.41	51.08	62.24	15.3	23.02	27.59	17.03	15.65	72.42	49.09	49.01	23.09	21.19	47.54	48.41	45.88	18.38	49.37	43.74	35.44	44.28	21.84	75.64	59.03	67.54	34.53	69.35	28.18	56.94	61.0	26.25	30.81	25.55	25.96	28.18	46.53	50.8	38.33	13.34	56.01	49.5	54.71	52.92	68.95	16.16	30.02	52.81	74.52	70.11	41.11	29.27	36.06	18.38	41.01	47.17	44.28	52.63	43.83	75.96	7.28	9.0	47.43	25.5	28.02	27.02	38.0	32.2	48.51	47.42	26.91	62.39	34.23	19.1	44.41	56.08	54.42	74.0	13.42	7.28	22.02	40.45	55.76	26.63	18.44	50.7	52.89	60.73	23.26	72.28	25.55	22.56	31.38	26.17	66.48	62.59	26.87	24.6	53.54	36.4	46.17	35.47	49.65	39.82	25.5	26.42	12.04	75.27	44.55	9.22	74.41	29.61	29.73	18.38	51.04	30.23	6.08	23.09	43.1	13.15	34.01	20.62	56.14	42.45	69.64	50.7	21.47	32.89	77.82	72.8	6.08	8.49	
24.7	53.76	28.02	40.16	42.19	48.37	40.31	0.0	54.56	55.04	25.5	20.81	34.41	21.0	26.17	9.06	49.24	23.54	58.01	62.43	26.08	50.8	20.88	37.59	40.8	55.58	43.97	19.85	52.5	37.12	17.03	27.8	50.92	56.46	38.05	48.85	52.63	17.8	42.01	39.46	55.71	26.25	25.08	30.41	24.41	51.62	47.85	39.62	12.04	66.61	42.64	49.34	23.35	25.08	72.18	39.66	70.94	57.69	63.41	4.0	37.58	46.23	18.97	39.96	12.53	53.15	60.9	55.11	21.59	37.74	29.73	59.48	38.59	17.0	13.42	63.13	2.0	27.07	16.49	71.59	33.73	26.57	30.81	47.07	53.91	59.62	55.66	31.32	23.77	55.61	9.22	51.89	35.74	12.65	60.22	38.01	15.03	38.01	42.05	31.4	11.18	24.19	52.63	28.02	5.39	21.95	14.42	25.18	26.63	33.29	58.8	40.5	11.7	25.3	17.8	35.51	46.53	43.68	29.83	11.0	35.69	30.23	23.77	56.08	14.21	22.2	52.5	32.7	31.91	44.2	44.05	31.14	53.34	22.85	25.24	39.62	34.37	38.47	19.42	65.22	33.02	21.93	33.24	55.97	32.25	36.89	12.65	38.21	56.32	57.2	23.43	25.94	13.04	30.48	34.53	54.2	8.54	27.89	21.02	34.93	16.03	35.17	39.05	75.66	55.46	46.23	49.2	52.2	46.39	47.3	
57.63	64.85	47.71	38.63	48.47	75.19	46.82	54.56	0.0	22.8	29.07	55.23	21.38	66.53	79.92	46.14	72.12	54.01	27.46	33.12	57.8	47.71	55.15	44.94	16.0	32.56	40.25	37.11	21.93	66.61	50.21	66.03	41.01	46.1	52.89	36.62	45.0	49.5	51.26	45.54	5.0	80.26	47.01	63.07	63.13	63.07	62.39	57.38	52.63	15.81	23.77	68.01	38.21	77.2	29.0	28.46	22.56	8.06	27.86	56.44	65.76	54.57	69.2	47.43	42.05	35.13	34.67	13.93	62.94	69.46	69.03	36.4	69.58	57.71	47.63	9.22	53.71	47.1	60.21	23.54	34.89	40.8	83.01	62.97	22.02	6.08	41.19	67.2	72.57	25.0	58.82	35.47	19.85	67.12	11.0	27.31	68.01	89.81	54.08	44.55	65.74	61.07	23.35	65.01	49.19	32.7	48.92	36.12	64.03	46.96	22.36	64.54	47.2	79.71	72.07	86.83	60.17	41.15	30.02	44.94	34.01	66.01	40.05	4.24	67.74	74.89	70.01	82.22	66.07	24.6	15.52	26.17	30.27	73.41	63.07	22.56	32.65	16.16	41.04	31.02	29.68	70.61	25.02	73.01	53.6	88.24	46.4	54.82	40.31	26.63	64.28	37.01	54.67	69.01	44.15	31.83	49.09	42.11	33.54	63.51	62.48	21.21	52.55	29.43	36.07	13.93	54.92	42.0	48.3	43.91	
47.89	81.84	36.72	55.32	64.82	88.55	62.8	55.04	22.8	0.0	33.24	47.01	32.45	59.62	76.66	46.01	86.45	63.57	49.66	55.54	47.51	66.48	63.6	29.73	31.11	10.0	58.0	43.97	43.42	78.39	43.97	74.73	20.25	24.19	67.42	56.08	64.54	43.01	67.2	61.4	18.25	77.37	57.78	73.39	71.31	79.81	78.24	41.77	48.27	37.01	41.77	83.22	32.56	80.0	51.35	45.28	44.01	30.81	50.6	55.33	77.88	36.36	64.2	31.14	44.18	13.34	56.8	9.06	55.04	80.78	77.62	58.18	81.15	64.33	43.74	29.0	55.0	58.6	54.08	45.01	23.77	31.95	77.83	78.49	43.83	21.0	19.1	56.04	77.32	46.96	62.13	55.8	22.85	67.27	33.54	17.26	70.01	83.77	69.63	57.8	65.38	69.64	44.78	74.04	50.0	37.11	44.15	30.41	72.8	33.6	44.94	77.83	44.41	79.63	70.21	80.62	76.03	58.73	41.68	44.05	21.93	75.58	50.16	19.24	65.31	70.88	85.7	75.15	76.22	43.28	33.42	37.22	8.25	68.01	71.57	38.9	22.14	26.4	36.5	53.76	22.2	75.33	37.44	89.05	66.19	81.94	43.42	69.12	18.03	48.75	71.81	47.85	49.73	77.88	58.52	53.0	47.27	54.12	36.67	75.24	56.92	22.14	36.8	51.01	57.14	33.02	35.78	20.88	65.86	62.23	
33.53	52.8	27.0	28.79	36.36	56.3	34.13	25.5	29.07	33.24	0.0	30.08	10.3	39.41	51.04	17.2	54.82	30.46	37.64	43.17	34.21	41.44	30.36	30.68	16.4	37.22	32.57	10.77	31.02	45.65	24.17	41.48	37.54	43.93	36.8	34.23	41.23	23.77	38.01	32.76	30.36	51.31	25.24	40.31	38.08	50.61	48.17	40.2	25.0	41.77	22.36	52.35	15.0	48.84	49.4	22.02	46.75	32.65	42.15	27.46	45.28	42.06	41.01	33.84	13.0	36.4	42.58	31.0	36.72	47.85	44.38	42.19	48.3	31.26	20.25	37.74	24.7	26.4	33.02	47.51	20.59	20.1	54.56	48.1	32.31	34.18	41.04	43.32	45.04	34.79	30.41	36.01	11.0	38.08	35.38	19.21	39.29	61.55	39.82	26.91	36.67	36.4	31.62	40.8	20.12	4.0	21.95	14.14	39.56	29.43	36.67	45.8	19.21	50.7	43.05	58.69	46.1	32.89	12.65	16.28	21.63	42.38	17.8	30.68	38.83	46.23	55.15	54.56	43.08	24.33	20.25	10.0	34.48	45.25	38.33	18.44	19.42	13.04	15.52	44.6	15.62	43.05	12.04	58.69	34.21	60.11	18.6	38.18	41.11	36.69	38.64	16.28	27.2	44.64	28.6	36.22	20.52	22.63	4.47	42.54	34.83	11.18	36.67	52.2	39.01	22.2	44.01	38.95	38.91	37.0	
4.12	73.08	11.05	55.01	59.54	69.12	57.43	20.81	55.23	47.01	30.08	0.0	40.31	12.65	31.02	18.25	69.77	43.46	67.68	73.08	5.39	67.07	41.15	21.02	46.07	43.93	59.01	32.02	61.1	57.8	6.08	48.6	36.0	40.31	56.75	62.39	68.01	6.32	60.02	56.32	54.49	32.0	43.17	51.11	45.22	70.88	67.36	19.21	8.94	70.0	52.2	69.46	17.03	41.59	79.18	50.99	75.72	60.8	72.24	17.69	58.18	26.83	18.03	22.36	23.02	40.45	72.28	50.48	8.06	58.52	50.45	71.59	59.36	37.74	11.0	64.44	22.47	45.12	8.06	76.55	23.26	15.26	31.05	66.73	62.39	58.73	41.0	13.34	42.8	64.85	29.83	64.78	35.61	27.29	63.82	30.53	32.45	36.77	60.64	48.51	25.06	44.94	61.68	48.83	20.25	28.86	9.0	19.1	47.43	16.03	66.71	60.84	13.04	37.11	26.68	33.62	65.8	59.0	40.61	17.03	25.08	51.04	39.12	55.17	21.84	25.02	72.62	28.18	52.7	54.12	50.09	39.56	42.45	21.38	46.04	48.38	25.06	41.34	14.76	74.67	26.4	41.23	41.76	76.16	51.55	34.93	13.0	57.28	42.01	66.73	44.2	40.0	7.81	51.22	51.35	65.73	14.56	44.28	26.93	55.47	11.05	34.06	19.7	81.63	68.07	51.88	29.97	37.01	63.29	63.01	
43.66	49.58	36.35	23.43	32.56	56.46	30.48	34.41	21.38	32.45	10.3	40.31	0.0	49.65	60.44	26.87	54.12	33.14	27.66	33.38	44.27	35.51	34.0	38.33	6.4	38.9	26.63	15.81	20.88	46.84	34.44	45.04	42.06	48.37	34.99	26.57	34.44	34.01	34.83	29.07	24.0	60.61	26.48	42.58	42.0	47.51	45.8	49.01	35.23	32.2	13.04	50.77	24.52	55.97	39.12	14.32	36.77	23.32	31.95	36.88	46.17	49.65	50.99	41.44	22.02	39.2	33.06	27.51	47.01	49.48	48.04	33.02	49.73	36.35	30.53	29.15	33.29	26.93	43.27	37.48	27.46	29.15	64.35	46.04	22.14	27.17	44.65	53.49	51.2	24.74	37.7	27.66	10.82	46.65	25.81	23.26	47.01	71.42	37.2	25.5	45.49	40.01	21.59	44.1	29.21	12.73	32.25	23.19	43.05	38.0	26.4	45.69	29.41	59.06	52.2	68.62	43.6	27.2	9.49	26.25	27.89	45.28	19.1	24.02	48.27	55.9	53.25	64.66	45.54	15.03	10.0	5.1	36.07	55.23	42.01	9.06	25.71	6.32	25.63	34.48	21.59	49.24	5.0	56.61	34.18	70.04	28.84	36.72	44.41	26.68	43.05	16.28	37.44	48.09	26.08	27.02	30.48	22.14	14.21	43.68	45.0	12.53	45.04	42.01	30.27	12.04	51.2	43.42	34.06	31.06	
13.0	74.55	23.54	60.42	63.13	67.42	61.2	21.0	66.53	59.62	39.41	12.65	49.65	0.0	19.24	23.77	68.96	44.28	76.03	81.02	14.04	71.57	41.44	33.14	55.8	56.52	64.33	38.28	69.84	56.61	16.4	46.24	48.17	52.01	59.03	68.68	73.16	17.2	63.01	60.3	66.22	20.4	46.04	50.0	43.32	72.44	68.59	28.16	14.42	80.72	60.37	69.63	28.6	33.97	88.75	58.31	86.05	71.51	81.01	17.0	57.28	36.88	6.71	34.0	29.15	52.95	79.85	62.77	5.0	56.65	47.42	78.77	57.58	36.88	19.21	75.69	23.0	48.04	6.4	86.83	35.85	27.73	18.44	67.74	71.2	70.43	53.15	12.73	37.2	73.36	27.89	71.47	46.69	20.81	74.41	42.94	26.63	24.17	63.03	52.24	18.87	43.68	70.24	46.82	23.54	37.22	17.69	30.81	45.54	28.16	75.8	60.64	20.25	27.29	17.2	21.02	67.36	64.13	47.93	23.71	37.7	49.04	43.93	66.84	13.45	13.34	72.78	15.81	50.92	62.17	59.64	47.89	55.08	9.0	44.27	56.82	37.58	51.74	25.5	83.19	38.59	36.06	50.12	76.16	53.15	22.36	20.81	59.14	54.23	75.13	41.79	45.61	12.21	48.33	55.33	73.16	19.7	48.51	35.51	54.82	5.1	45.34	30.27	91.61	74.95	61.61	40.02	49.09	67.27	67.9	
32.14	71.7	42.05	64.5	64.26	60.21	62.77	26.17	79.92	76.66	51.04	31.02	60.44	19.24	0.0	33.84	63.01	43.32	83.87	88.01	33.24	73.54	40.16	52.0	66.84	74.67	68.0	45.97	78.57	51.04	32.76	40.05	67.01	71.11	58.52	73.57	76.06	33.73	63.25	62.24	80.53	1.41	47.85	45.28	38.33	69.87	65.76	47.3	28.46	92.62	68.68	65.12	44.27	20.88	98.31	65.44	97.08	83.6	89.38	23.6	52.09	56.09	13.0	53.08	38.42	71.34	86.27	78.55	24.19	50.01	40.01	84.6	51.01	34.79	33.24	88.75	27.59	49.66	23.09	97.74	53.15	44.91	7.07	64.63	79.98	84.6	72.01	30.46	27.17	81.57	26.83	76.85	60.42	15.65	86.21	59.48	19.42	13.34	62.36	54.56	15.81	39.62	78.64	41.11	31.24	47.8	32.57	46.49	40.2	47.0	84.9	56.22	33.11	11.18	8.6	12.0	65.12	67.54	55.9	34.99	55.11	43.05	48.83	81.01	12.21	6.0	68.07	13.42	45.04	70.18	70.18	57.31	72.99	10.44	39.32	65.76	54.57	64.07	40.5	91.05	54.71	27.02	59.41	71.01	52.2	13.04	34.01	57.97	73.03	83.1	36.22	51.4	26.93	41.01	57.7	79.63	30.89	51.97	46.62	50.25	20.1	59.48	49.5	101.83	80.45	72.35	59.23	68.0	68.71	70.68	
22.36	55.03	22.02	37.22	41.3	52.63	39.2	9.06	46.14	46.01	17.2	18.25	26.87	23.77	33.84	0.0	52.7	26.08	52.35	57.27	23.54	49.0	24.21	30.61	33.24	46.87	41.19	14.56	46.32	41.23	12.65	33.42	42.95	48.76	38.6	45.12	50.16	13.0	41.77	38.12	47.01	34.13	25.0	34.71	29.83	52.81	49.4	34.99	10.05	58.9	36.72	51.88	14.87	34.01	65.6	34.54	63.64	49.82	57.45	10.3	41.4	40.36	24.21	33.3	5.39	44.64	56.08	46.1	22.36	42.45	35.81	55.03	43.19	22.02	7.62	54.92	9.06	26.93	17.72	64.35	25.3	18.87	37.48	48.85	47.71	50.99	47.54	31.0	32.02	49.74	16.76	47.8	26.93	21.59	52.5	29.07	24.0	44.55	42.45	30.27	19.92	29.0	46.65	33.3	4.12	14.14	9.49	16.49	31.89	26.87	52.43	43.57	5.39	34.21	25.94	41.77	47.76	41.11	24.17	2.24	27.2	35.38	21.0	47.42	21.63	29.07	55.01	38.01	36.77	38.47	36.8	24.41	44.55	28.43	30.48	33.29	25.71	30.23	11.18	59.54	24.08	30.08	26.63	58.59	33.62	43.19	5.83	39.22	48.1	51.48	29.41	22.2	12.17	36.4	33.14	49.4	4.12	26.08	12.81	38.6	18.79	26.25	33.42	68.77	51.24	38.9	43.14	44.28	45.1	45.04	
73.79	13.6	74.63	33.73	24.19	5.0	25.5	49.24	72.12	86.45	54.82	69.77	54.12	68.96	63.01	52.7	0.0	26.63	54.04	53.6	75.13	29.43	28.65	82.33	57.01	91.84	33.14	44.6	54.23	12.37	65.0	23.19	92.02	98.35	19.31	39.0	33.54	65.51	21.21	26.68	76.22	62.0	29.73	18.97	25.71	13.42	11.18	87.66	60.83	74.24	48.51	5.39	65.19	43.29	69.46	43.68	74.01	69.23	59.21	52.92	11.7	92.8	64.54	85.28	49.82	91.21	50.64	81.44	70.58	13.0	23.0	47.68	12.0	32.31	60.21	76.3	47.42	28.43	65.55	74.03	74.25	70.29	70.03	10.05	55.15	78.16	95.78	80.41	36.06	54.01	41.11	42.05	63.81	49.65	69.72	74.03	44.28	76.03	18.25	28.65	50.99	25.3	53.15	22.36	49.74	51.74	61.91	65.8	23.54	79.2	59.01	9.22	57.98	53.15	56.32	75.01	13.04	32.14	44.78	54.64	75.69	20.22	37.01	75.89	57.07	63.39	6.4	75.33	18.25	48.05	56.61	49.24	89.05	66.91	24.74	49.65	73.59	60.37	62.63	58.55	70.18	36.0	49.19	8.25	20.62	76.0	58.52	17.46	95.9	54.01	27.46	38.83	62.17	22.0	28.23	47.04	55.57	32.45	53.08	14.32	64.51	64.9	86.02	74.43	44.28	58.24	95.43	93.43	26.02	31.02	
47.54	30.27	48.01	23.43	21.02	26.87	19.72	23.54	54.01	63.57	30.46	43.46	33.14	44.28	43.32	26.08	26.63	0.0	45.79	48.41	48.85	30.41	3.16	55.9	38.01	67.54	26.17	19.7	42.54	15.62	38.47	12.04	66.4	72.62	15.3	32.56	33.29	38.95	19.92	19.42	57.08	42.72	7.28	9.85	9.49	28.16	24.33	61.06	34.54	61.13	33.53	26.0	38.9	29.0	61.77	28.79	63.32	53.76	51.62	27.46	15.56	66.22	41.01	58.8	23.35	66.37	46.1	60.21	45.12	17.49	15.03	43.86	18.03	8.54	33.62	60.53	21.59	8.06	40.02	63.69	48.41	43.86	49.73	23.54	43.86	60.0	70.46	54.82	22.02	44.29	17.12	36.12	40.8	27.89	55.32	49.24	24.17	56.61	19.24	12.81	28.44	7.28	42.05	11.0	23.26	26.83	35.36	39.7	10.05	52.63	48.75	17.49	31.38	36.36	35.17	54.82	23.09	25.5	24.0	28.02	50.0	12.17	14.04	57.04	34.23	41.77	29.15	53.6	12.65	34.18	39.32	28.07	64.85	44.18	9.22	32.56	48.01	39.32	36.12	52.43	44.94	20.52	29.0	32.7	9.06	56.04	31.91	15.03	70.72	45.28	11.18	17.0	36.06	15.0	15.56	40.0	29.07	12.65	27.78	12.73	39.46	41.44	59.41	66.19	39.62	41.44	68.88	67.8	25.5	28.02	
71.17	43.42	63.95	22.85	30.41	58.22	29.83	58.01	27.46	49.66	37.64	67.68	27.66	76.03	83.87	52.35	54.04	45.79	0.0	6.08	71.84	25.18	48.26	65.01	23.02	58.87	21.59	38.28	7.0	52.89	61.68	56.8	65.51	71.31	37.11	15.13	21.38	61.35	33.38	29.12	32.45	83.74	38.83	52.0	55.07	42.19	43.0	76.32	61.74	21.54	15.65	49.0	52.17	74.2	16.16	18.44	20.02	20.52	5.83	61.29	51.66	76.03	76.32	68.0	47.01	60.73	7.21	41.18	73.93	56.04	59.51	9.22	55.79	52.8	57.38	26.4	56.4	37.74	69.78	20.0	54.01	56.72	88.81	44.01	6.08	31.89	66.76	80.96	67.68	3.0	57.98	12.0	36.0	68.68	19.21	48.17	67.21	96.02	36.35	33.12	68.12	52.84	6.08	55.46	53.54	39.0	59.24	50.8	55.01	65.28	5.83	48.84	55.95	79.93	75.29	93.48	41.01	22.56	28.3	52.33	54.01	55.54	35.36	31.62	72.2	80.21	50.09	90.21	54.78	13.89	19.0	28.23	56.3	80.45	54.59	19.31	52.0	29.0	53.16	7.21	48.01	66.03	26.0	52.35	40.85	94.87	55.54	39.05	66.1	1.0	56.94	32.56	63.98	59.09	30.87	7.0	56.36	33.6	40.85	50.29	71.12	38.0	72.11	20.88	10.44	18.11	77.16	66.71	28.02	23.02	
76.66	42.0	69.72	25.0	31.02	58.05	30.87	62.43	33.12	55.54	43.17	73.08	33.38	81.02	88.01	57.27	53.6	48.41	6.08	0.0	77.37	24.19	51.09	71.0	29.0	64.85	22.83	42.94	13.04	53.85	67.05	58.83	71.59	77.37	38.08	16.12	20.1	66.76	33.84	30.41	38.08	87.8	41.77	53.71	57.43	41.05	42.43	82.22	66.85	25.24	20.88	48.37	57.87	77.23	16.0	22.83	22.14	25.81	6.71	65.86	52.55	82.05	81.01	74.01	51.89	66.76	3.0	46.96	79.12	57.01	61.4	6.0	56.65	55.9	62.63	31.11	60.75	40.46	74.85	21.84	60.0	62.51	93.19	43.57	12.17	37.2	72.8	86.4	70.43	9.06	61.72	12.53	42.01	72.62	24.08	54.23	70.77	100.4	36.69	35.61	72.2	55.22	12.0	57.45	58.18	44.27	64.51	56.57	57.14	71.18	10.82	49.34	61.1	83.49	79.4	97.94	40.61	23.71	33.11	57.38	60.03	57.31	39.2	37.22	76.55	84.6	49.09	94.89	56.36	18.97	25.02	33.53	62.3	85.09	56.86	24.74	58.01	35.01	58.69	5.0	54.0	68.88	31.32	51.0	42.54	99.32	60.75	39.92	72.12	7.07	59.41	36.62	69.08	60.9	33.02	8.49	61.33	36.77	46.17	51.48	76.06	44.01	78.06	21.0	9.49	24.19	83.22	72.78	27.89	23.09	
1.41	78.45	10.82	60.01	64.78	74.43	62.65	26.08	57.8	47.51	34.21	5.39	44.27	14.04	33.24	23.54	75.13	48.85	71.84	77.37	0.0	72.17	46.52	19.42	49.77	43.32	64.01	37.01	65.15	63.13	11.05	53.82	34.37	38.0	62.1	67.19	73.01	11.0	65.31	61.52	56.64	34.37	48.51	56.44	50.48	76.24	72.73	14.76	14.32	72.95	56.52	74.85	20.12	45.79	82.76	55.58	78.89	63.81	76.22	22.8	63.53	23.09	20.4	20.02	28.16	39.56	76.69	51.86	9.06	63.81	55.61	76.12	64.66	43.05	16.12	67.01	27.78	50.45	11.66	79.76	24.21	17.03	32.14	72.11	66.41	60.88	39.32	9.43	47.51	68.96	35.0	69.46	38.59	31.62	66.89	31.89	37.01	37.11	65.97	53.76	29.41	50.25	65.8	54.08	25.63	33.38	14.14	21.95	52.7	14.56	70.58	66.21	18.25	40.5	30.08	33.96	71.17	64.03	45.28	22.2	25.81	56.3	44.28	57.38	25.5	27.29	78.0	28.16	57.98	58.46	53.85	43.93	42.15	23.02	51.31	52.63	26.25	44.72	18.68	78.75	28.32	46.01	46.1	81.54	56.92	35.17	18.11	62.64	40.45	70.88	49.41	45.04	13.04	56.4	56.57	70.21	19.92	49.5	31.4	60.83	14.32	36.89	16.28	85.0	72.69	55.54	26.25	35.23	68.47	68.07	
71.11	18.25	67.47	12.65	9.43	33.96	10.77	50.8	47.71	66.48	41.44	67.07	35.51	71.57	73.54	49.0	29.43	30.41	25.18	24.19	72.17	0.0	33.54	72.11	35.38	74.03	8.94	35.23	26.93	31.06	61.13	38.21	77.52	83.86	16.28	11.18	4.12	61.2	11.31	11.4	52.43	73.01	25.96	32.53	37.8	17.03	18.25	81.02	59.01	46.32	24.76	24.19	55.79	58.82	40.11	21.4	45.18	42.95	30.0	54.74	29.68	83.49	69.63	75.27	44.05	74.63	21.21	59.55	71.11	34.13	40.31	18.25	33.62	38.91	56.08	49.77	48.84	24.04	66.19	45.1	61.85	61.13	79.71	19.42	27.51	53.34	80.16	80.0	51.4	25.71	46.82	13.34	46.32	57.94	42.72	58.67	54.56	86.73	13.6	19.42	58.19	35.81	25.63	36.8	48.17	40.26	58.08	55.36	36.88	70.6	30.59	25.94	54.04	66.73	65.19	84.76	16.49	8.54	28.79	50.04	62.65	36.07	28.0	51.87	63.6	71.47	25.0	82.97	34.71	23.43	33.3	32.2	71.22	73.25	37.01	27.66	60.42	40.61	54.92	29.15	56.36	50.22	30.89	27.17	22.2	86.03	54.08	17.69	79.88	25.32	40.0	27.17	61.03	39.62	16.28	18.25	53.01	23.09	42.2	29.21	66.48	48.02	77.88	45.1	15.0	34.21	85.44	78.89	5.0	4.47	
45.19	33.14	46.23	26.17	24.17	28.43	22.83	20.88	55.15	63.6	30.36	41.15	34.0	41.44	40.16	24.21	28.65	3.16	48.26	51.09	46.52	33.54	0.0	54.45	39.2	67.12	29.07	19.65	44.72	17.03	36.36	11.18	65.46	71.61	18.44	35.36	36.36	36.89	23.09	22.47	58.0	39.56	9.43	10.63	8.0	31.06	27.17	59.08	32.2	62.94	35.47	28.46	37.64	26.17	64.14	30.87	65.39	55.32	54.08	24.74	17.2	64.54	38.0	57.28	22.02	65.76	48.84	60.67	42.45	18.44	14.14	46.67	19.1	5.39	31.62	61.98	18.97	10.63	37.36	65.8	47.43	42.45	46.57	26.31	46.07	61.07	69.64	52.2	19.42	46.65	14.04	38.9	41.0	24.74	57.01	48.75	21.02	53.45	22.36	15.56	25.32	6.08	44.29	10.44	21.1	26.57	33.29	38.6	9.22	50.99	51.0	19.7	29.41	33.29	32.02	51.66	26.02	28.43	25.18	26.25	49.09	12.08	15.13	58.01	31.14	38.64	31.62	50.49	13.04	36.25	40.79	29.02	64.47	41.11	8.06	34.21	47.17	40.05	34.66	55.0	44.29	17.8	30.15	35.11	12.17	52.89	30.0	18.11	69.97	47.71	9.22	18.25	33.62	14.32	18.44	42.64	26.93	14.76	27.31	14.42	36.67	41.48	57.63	68.48	42.43	42.95	67.27	66.85	28.64	31.06	
20.22	82.49	10.2	59.46	66.64	82.76	64.4	37.59	44.94	29.73	30.68	21.02	38.33	33.14	52.0	30.61	82.33	55.9	65.01	71.0	19.42	72.11	54.45	0.0	42.0	24.17	63.25	38.59	58.01	71.42	21.19	64.03	15.03	19.42	66.04	64.54	71.84	20.25	68.0	63.07	42.49	53.01	53.01	65.07	60.44	80.26	77.39	12.53	26.57	60.75	51.35	80.8	17.2	61.35	72.78	52.17	67.36	52.2	68.26	35.85	71.45	11.4	39.0	3.16	32.56	20.25	71.06	35.81	28.16	72.86	66.4	71.25	73.55	52.63	24.19	53.71	38.59	54.64	29.07	68.31	11.0	12.04	51.48	77.1	59.03	46.53	20.02	26.83	61.27	62.01	46.65	65.92	29.02	47.13	55.36	17.72	51.62	56.52	69.46	56.44	44.92	59.55	59.0	63.89	34.41	32.2	23.26	17.0	62.48	5.0	62.29	73.11	26.08	57.87	47.52	53.37	75.47	63.57	43.32	28.43	11.18	65.95	46.65	43.38	42.58	46.0	83.82	47.54	67.27	53.34	46.01	40.26	23.32	42.11	61.07	47.38	13.04	36.01	19.8	71.18	17.0	59.48	41.98	87.42	62.2	54.57	25.24	67.12	21.1	64.01	60.0	46.07	26.93	67.01	58.59	65.28	29.15	51.97	30.41	68.62	32.06	27.02	7.62	74.04	68.59	47.1	13.42	16.0	69.46	67.68	
49.24	51.04	41.23	24.41	34.13	59.77	32.25	40.8	16.0	31.11	16.4	46.07	6.4	55.8	66.84	33.24	57.01	38.01	23.02	29.0	49.77	35.38	39.2	42.0	0.0	38.83	26.91	21.93	16.03	50.8	40.31	50.04	43.66	49.77	37.7	25.24	33.6	39.82	36.72	30.89	19.42	67.01	31.02	47.1	47.17	49.09	47.89	53.34	41.4	25.81	10.82	53.23	29.73	62.03	33.12	14.21	30.41	17.0	26.68	43.28	50.01	53.08	57.31	45.01	28.43	39.82	29.15	24.7	53.0	53.6	53.04	29.61	53.76	41.98	36.62	23.09	39.66	31.14	49.41	31.14	31.0	33.96	70.72	48.3	17.12	22.02	45.62	59.09	57.01	20.02	43.86	25.5	13.04	53.0	19.42	25.5	53.23	77.78	39.36	28.86	51.87	45.1	17.0	49.01	35.61	19.1	38.28	28.16	48.04	42.3	20.88	49.04	35.61	65.37	58.6	74.97	45.65	27.66	14.04	32.56	31.06	50.01	24.08	19.24	54.67	62.29	55.47	70.94	50.09	12.53	4.12	10.44	36.06	61.55	47.1	7.81	29.02	6.08	31.3	29.43	25.0	55.08	9.06	58.67	37.85	76.38	35.0	39.56	45.18	22.02	48.37	21.02	43.6	53.01	28.79	23.77	36.8	26.17	20.52	47.68	51.22	15.03	49.09	35.81	27.51	5.83	54.33	44.94	34.83	31.11	
43.97	88.41	32.98	62.29	71.42	93.49	69.31	55.58	32.56	10.0	37.22	43.93	38.9	56.52	74.67	46.87	91.84	67.54	58.87	64.85	43.32	74.03	67.12	24.17	38.83	0.0	65.3	47.89	52.39	82.86	42.11	78.0	11.4	14.32	73.25	64.07	72.42	41.11	73.59	67.9	28.16	75.54	62.43	77.37	74.46	86.31	84.39	35.0	47.01	47.01	49.65	89.02	32.25	80.62	61.29	52.63	54.01	40.61	60.17	55.15	82.49	28.32	61.81	24.7	46.17	4.24	65.92	19.03	51.66	85.0	80.78	67.12	85.48	67.07	43.05	39.0	55.9	63.51	51.62	55.01	22.02	30.02	74.95	84.5	52.92	31.0	9.22	50.99	78.85	56.08	63.56	64.14	28.32	67.12	43.42	18.38	70.58	80.36	75.82	63.41	65.07	73.01	53.71	77.47	50.99	40.71	43.0	30.41	76.16	28.79	54.41	82.93	44.18	79.0	69.07	77.2	82.22	65.95	47.51	44.72	20.02	79.2	54.92	29.15	64.07	68.73	91.68	71.47	80.06	51.31	41.68	43.19	2.83	65.31	74.85	46.4	21.21	33.42	36.22	63.32	23.09	76.9	43.84	95.13	71.28	78.45	43.19	74.81	8.06	57.94	74.67	53.01	48.09	81.15	64.54	61.72	47.27	59.41	39.81	79.76	54.59	27.02	30.23	61.01	65.76	41.59	27.2	11.66	72.92	69.66	
63.0	24.6	58.86	4.0	9.0	37.0	8.25	43.97	40.25	58.0	32.57	59.01	26.63	64.33	68.0	41.19	33.14	26.17	21.59	22.83	64.01	8.94	29.07	63.25	26.91	65.3	0.0	27.0	21.1	31.32	53.0	36.06	68.6	74.95	15.52	6.71	9.0	53.01	12.0	7.62	44.78	67.6	20.25	30.89	34.83	22.85	22.56	72.37	51.24	41.11	16.64	28.44	47.07	55.17	37.64	12.73	41.19	36.4	27.2	47.8	30.08	74.63	62.94	66.41	36.06	65.8	20.25	51.4	63.51	34.48	38.59	17.8	34.21	34.21	48.01	43.42	42.06	18.6	58.69	41.3	52.92	52.39	73.82	23.35	22.02	46.1	71.28	72.11	48.1	21.1	41.18	10.3	37.44	52.35	36.67	49.74	49.65	80.96	15.0	13.6	52.33	32.65	20.02	34.67	40.79	31.58	50.01	46.57	34.41	61.85	26.08	27.29	46.04	62.2	59.48	78.79	20.4	1.0	19.92	42.05	53.71	34.48	20.4	44.29	57.38	65.39	30.08	76.55	33.54	15.65	25.24	23.26	62.48	66.73	34.21	19.1	51.48	31.89	46.39	27.31	47.42	46.67	21.95	32.89	19.72	80.11	46.01	17.46	71.03	21.38	36.88	19.03	53.34	38.08	10.63	14.87	45.28	16.16	33.54	28.79	59.23	39.12	69.12	42.45	13.6	26.42	76.55	69.97	8.06	4.47	
36.0	43.91	32.57	23.0	28.46	45.8	26.25	19.85	37.11	43.97	10.77	32.02	15.81	38.28	45.97	14.56	44.6	19.7	38.28	42.94	37.01	35.23	19.65	38.59	21.93	47.89	27.0	0.0	32.65	34.99	26.0	30.81	47.42	53.76	27.46	30.59	36.0	26.02	29.55	25.0	39.32	45.97	14.87	29.55	27.46	41.68	38.83	46.17	24.52	47.51	22.8	42.52	21.47	40.16	52.35	20.12	51.4	38.91	43.6	23.02	34.67	49.65	38.08	41.68	9.22	46.87	41.63	41.19	36.88	37.12	33.73	40.5	37.59	21.0	21.02	44.94	18.38	16.28	32.28	52.01	29.73	26.83	50.61	38.6	34.06	42.76	51.22	45.18	35.51	35.81	21.93	33.24	21.38	31.4	41.18	29.68	31.3	57.8	30.89	17.89	30.48	25.71	32.8	30.08	15.26	7.21	23.02	21.63	28.86	36.25	38.95	35.47	19.1	43.57	37.48	55.22	36.89	27.02	10.0	15.13	31.11	31.62	8.06	39.46	34.06	42.01	45.45	51.97	32.31	24.41	24.7	11.66	45.18	42.19	27.66	19.8	29.0	21.21	19.92	45.49	25.61	33.54	13.6	49.04	24.04	56.61	19.03	28.6	51.4	37.44	28.16	8.06	26.68	33.96	20.25	34.93	18.68	13.42	8.49	31.91	33.24	21.84	43.46	55.9	36.69	26.93	51.97	48.84	31.78	31.06	
64.51	44.92	57.07	21.1	30.07	58.03	29.0	52.5	21.93	43.42	31.02	61.1	20.88	69.84	78.57	46.32	54.23	42.54	7.0	13.04	65.15	26.93	44.72	58.01	16.03	52.39	21.1	32.65	0.0	51.48	55.15	54.08	58.69	64.56	36.06	15.81	23.71	54.78	33.06	28.02	26.91	78.52	35.34	49.73	52.0	43.42	43.57	69.35	55.47	20.02	9.9	49.5	45.35	70.18	19.85	13.89	20.88	16.12	11.18	55.61	50.36	69.03	70.46	61.0	41.05	54.08	13.6	35.23	67.54	54.59	56.92	14.76	54.45	48.88	50.99	22.85	50.99	34.54	63.53	21.19	47.01	49.82	83.24	44.41	1.41	27.02	60.08	74.33	64.01	4.0	53.26	13.89	29.0	63.66	15.81	41.19	62.63	90.43	36.06	30.36	62.94	49.77	1.41	52.81	47.8	32.65	52.8	43.93	52.2	58.31	6.4	48.04	49.65	75.29	70.04	87.8	41.44	22.09	22.67	46.14	47.01	53.16	30.81	26.17	66.71	74.65	50.99	84.31	52.63	8.6	12.0	21.95	49.77	74.63	51.62	13.04	45.0	22.0	46.49	13.6	41.01	62.27	19.72	53.6	38.83	89.2	49.19	38.05	59.46	6.0	53.71	27.8	57.71	56.61	28.64	9.9	50.25	29.97	34.44	48.66	65.0	31.0	65.12	23.85	14.14	11.18	70.18	59.91	28.64	23.77	
61.77	21.54	63.25	30.41	22.85	11.4	23.09	37.12	66.61	78.39	45.65	57.8	46.84	56.61	51.04	41.23	12.37	15.62	52.89	53.85	63.13	31.06	17.03	71.42	50.8	82.86	31.32	34.99	51.48	0.0	53.25	11.0	82.01	88.24	15.81	37.95	34.99	53.82	20.12	23.77	70.21	50.09	20.62	6.71	13.34	20.12	16.12	76.03	48.88	71.25	44.0	14.14	54.49	32.02	68.96	39.0	72.18	65.01	58.52	40.72	1.41	81.57	52.17	74.28	38.9	81.84	51.08	74.33	58.31	3.16	11.4	48.33	3.0	20.12	48.6	72.03	35.36	19.92	53.31	72.37	64.03	59.4	58.01	14.76	52.61	72.69	86.02	68.15	24.52	52.17	28.79	41.44	55.54	37.34	66.03	64.66	32.06	64.2	17.49	22.09	38.64	13.0	50.64	10.05	38.01	42.19	50.22	55.32	11.18	68.01	57.07	5.83	46.4	41.59	44.1	63.03	16.4	30.36	37.36	43.28	65.6	8.0	28.23	70.04	44.72	51.16	17.03	63.13	6.0	44.05	51.24	41.76	80.13	54.59	12.37	44.18	63.6	53.16	51.62	58.52	60.46	24.19	42.2	20.02	13.04	64.07	47.01	13.93	86.27	52.63	15.13	30.68	50.12	10.44	23.02	46.17	43.83	24.74	43.27	3.16	52.2	56.36	74.65	73.76	44.38	53.15	84.29	83.41	26.42	30.87	
10.0	67.68	11.18	49.0	53.76	64.64	51.62	17.03	50.21	43.97	24.17	6.08	34.44	16.4	32.76	12.65	65.0	38.47	61.68	67.05	11.05	61.13	36.36	21.19	40.31	42.11	53.0	26.0	55.15	53.25	0.0	44.6	35.51	40.52	51.24	56.32	62.0	1.0	54.34	50.49	49.82	33.54	37.64	46.62	41.11	65.46	62.03	22.8	5.39	64.66	46.17	64.4	12.21	40.16	73.43	44.91	70.21	55.44	66.31	14.76	53.54	29.21	20.25	23.26	17.12	39.0	66.22	46.53	12.81	54.2	46.67	65.51	55.0	33.42	5.1	59.4	18.38	39.56	10.3	71.03	20.4	12.17	34.01	61.47	56.46	54.04	40.45	19.42	40.31	58.87	26.25	58.69	30.41	25.96	58.41	26.93	30.46	40.31	55.08	42.76	23.77	40.61	55.71	44.69	15.26	22.8	3.16	14.42	43.28	16.55	60.84	55.95	7.28	37.12	27.0	37.22	60.41	53.01	34.53	11.18	22.36	46.86	33.24	50.45	22.0	26.93	67.54	32.2	48.41	48.08	44.29	33.53	40.31	24.17	41.87	42.38	21.84	35.81	9.22	68.71	22.36	38.59	35.74	71.11	46.24	38.59	7.07	51.87	41.3	60.75	40.31	34.01	6.0	47.38	45.54	59.67	9.43	38.47	20.88	50.77	13.0	29.0	22.02	76.01	61.98	46.14	32.2	36.67	57.43	57.04	
52.43	32.02	55.17	34.0	29.0	21.19	28.43	27.8	66.03	74.73	41.48	48.6	45.04	46.24	40.05	33.42	23.19	12.04	56.8	58.83	53.82	38.21	11.18	64.03	50.04	78.0	36.06	30.81	54.08	11.0	44.6	0.0	75.8	81.84	21.93	42.72	41.73	45.28	26.91	28.6	69.03	39.12	19.24	5.83	3.61	30.36	26.25	67.36	39.82	73.01	45.35	25.08	47.71	21.54	72.92	40.52	74.95	65.76	62.61	31.06	12.04	73.55	41.48	66.71	32.25	76.49	56.3	71.85	48.3	10.44	3.0	53.82	11.4	11.4	40.31	72.56	26.25	19.65	43.42	75.27	57.8	52.2	47.01	25.0	55.36	72.01	80.13	58.14	13.93	55.54	18.87	46.32	52.17	26.48	67.27	59.62	21.1	53.24	25.0	23.77	27.89	5.1	53.49	1.41	29.73	37.64	41.73	48.88	2.0	60.21	60.17	16.28	38.21	30.81	33.14	52.04	26.0	35.23	36.01	35.61	59.54	3.0	26.0	69.01	33.96	40.2	28.02	52.15	5.0	45.88	51.35	40.01	75.39	43.74	3.16	44.55	57.71	51.16	44.41	63.13	55.04	13.34	41.01	31.02	16.4	53.08	38.95	20.62	80.53	56.36	4.47	29.02	40.8	3.16	25.94	50.61	35.36	24.52	38.28	10.44	42.05	52.63	66.47	77.47	49.65	53.46	76.42	77.18	33.24	36.88	
35.23	90.27	25.02	65.19	73.6	93.09	71.4	50.92	41.01	20.25	37.54	36.0	42.06	48.17	67.01	42.95	92.02	66.4	65.51	71.59	34.37	77.52	65.46	15.03	43.66	11.4	68.6	47.42	58.69	82.01	35.51	75.8	0.0	6.4	74.33	68.45	76.48	34.53	75.43	70.0	37.22	68.0	62.29	76.03	72.2	88.09	85.7	24.19	40.79	56.32	54.23	89.81	28.18	75.43	70.01	56.36	63.29	49.0	67.6	49.73	81.84	16.97	54.01	14.56	43.57	7.21	72.28	28.64	43.19	83.82	78.39	73.08	84.4	64.5	37.64	48.51	51.62	63.66	44.01	64.28	18.03	24.35	66.48	85.63	59.44	40.61	5.0	41.11	74.67	62.59	59.62	69.08	31.3	61.39	52.01	18.87	65.52	71.39	77.34	64.44	59.23	71.02	59.91	75.47	47.01	40.31	37.11	26.93	74.09	20.02	61.66	82.88	39.22	72.56	62.29	68.25	83.63	69.12	49.41	40.72	16.4	77.39	55.15	38.21	57.31	61.01	92.66	62.37	78.49	56.08	47.13	45.49	12.08	57.14	72.72	50.57	18.44	37.7	31.78	70.71	21.93	72.8	46.65	96.21	71.45	69.43	38.28	75.69	6.08	64.54	72.07	53.81	41.44	78.89	66.07	67.36	42.38	60.14	38.95	79.03	47.01	29.53	19.7	70.26	71.17	47.54	15.81	1.41	75.72	73.06	
39.01	96.67	29.61	71.56	80.0	99.36	77.8	56.46	46.1	24.19	43.93	40.31	48.37	52.01	71.11	48.76	98.35	72.62	71.31	77.37	38.0	83.86	71.61	19.42	49.77	14.32	74.95	53.76	64.56	88.24	40.52	81.84	6.4	0.0	80.72	74.69	82.76	39.56	81.84	76.4	42.0	72.17	68.62	82.2	78.23	94.49	92.1	25.96	45.88	61.03	60.42	96.18	34.13	80.65	75.06	62.65	68.03	54.15	73.16	55.03	88.09	17.46	58.14	18.03	49.65	11.0	78.16	33.06	47.01	90.0	84.38	79.06	90.6	70.49	43.08	53.08	57.27	70.01	48.37	69.03	24.21	29.97	70.06	92.02	65.25	45.1	5.1	43.74	80.23	68.41	65.31	75.24	37.59	66.48	57.08	25.24	70.84	74.55	83.74	70.84	64.29	77.1	65.8	81.54	52.77	46.67	42.38	33.02	80.16	24.33	67.27	89.2	44.78	77.28	66.91	71.45	90.03	75.47	55.8	46.53	22.67	83.49	61.52	43.0	61.98	65.12	99.04	65.49	84.63	62.24	53.14	51.87	16.03	61.01	78.77	56.8	24.76	43.86	37.59	76.3	28.32	78.39	53.0	102.59	77.79	72.56	43.86	82.07	6.32	70.34	78.03	60.21	46.32	84.91	72.47	73.39	47.93	66.53	45.28	85.28	51.35	35.85	22.2	75.03	77.25	53.45	15.26	5.0	82.1	79.4	
60.88	16.55	59.51	15.0	7.21	22.36	7.28	38.05	52.89	67.42	36.8	56.75	34.99	59.03	58.52	38.6	19.31	15.3	37.11	38.08	62.1	16.28	18.44	66.04	37.7	73.25	15.52	27.46	36.06	15.81	51.24	21.93	74.33	80.72	0.0	22.14	19.85	51.55	5.0	8.06	56.92	57.87	13.6	16.28	21.63	14.32	11.4	73.01	48.05	56.01	29.43	15.81	48.88	42.72	53.16	24.52	56.57	50.36	42.72	42.05	14.56	77.03	56.14	69.12	34.54	72.92	35.34	62.17	59.41	18.97	24.08	32.65	18.68	23.77	46.17	57.43	36.06	11.7	54.33	56.72	57.01	54.2	65.0	11.31	37.12	58.94	77.78	68.88	35.23	36.5	32.39	25.63	45.0	43.17	51.09	55.87	39.22	71.84	4.0	9.9	43.74	19.72	35.13	20.52	36.67	34.21	48.08	49.09	20.62	63.53	41.44	12.0	43.97	50.99	50.45	70.09	9.43	14.56	25.81	40.16	58.26	19.85	19.42	56.61	49.5	57.07	18.44	68.88	18.6	29.15	37.36	30.23	70.43	59.41	20.81	30.36	56.08	41.18	46.96	42.72	52.4	34.13	30.02	21.93	6.32	71.31	44.27	2.0	77.79	36.88	23.85	20.52	49.82	23.43	8.94	30.36	42.2	14.21	35.81	13.42	54.08	46.23	70.66	57.97	28.64	39.05	79.4	75.74	11.31	15.26	
66.27	29.12	61.13	9.22	15.3	43.1	14.87	48.85	36.62	56.08	34.23	62.39	26.57	68.68	73.57	45.12	39.0	32.56	15.13	16.12	67.19	11.18	35.36	64.54	25.24	64.07	6.71	30.59	15.81	37.95	56.32	42.72	68.45	74.69	22.14	0.0	8.49	56.22	18.25	14.32	41.4	73.25	26.25	37.59	41.4	27.66	28.07	74.43	55.11	35.51	14.42	34.06	49.16	61.52	31.05	12.37	35.01	31.78	20.62	52.55	36.69	75.93	67.78	67.68	39.81	65.0	13.6	48.8	67.47	41.11	45.28	11.31	40.8	40.36	51.48	38.63	47.01	24.76	62.82	35.06	53.85	54.33	79.18	29.02	16.49	42.19	70.71	75.66	54.56	15.03	46.87	3.61	37.16	57.98	31.62	49.77	55.61	86.35	21.21	19.8	57.8	39.2	14.56	41.34	45.22	34.0	53.46	48.37	41.05	63.64	20.02	33.73	49.65	68.25	65.0	84.08	26.02	7.62	22.0	45.71	54.41	41.18	25.08	40.8	62.61	70.66	35.36	81.54	40.25	12.81	22.67	24.33	61.29	71.69	40.8	17.89	52.2	30.89	49.0	20.62	48.08	53.08	22.56	37.85	26.42	85.42	49.5	24.04	70.33	15.03	43.42	23.09	57.27	44.78	17.03	8.25	49.24	21.63	36.0	35.47	63.6	39.0	70.86	35.9	7.07	23.35	77.62	69.78	13.04	8.06	
72.0	22.09	67.74	13.0	12.73	38.08	13.6	52.63	45.0	64.54	41.23	68.01	34.44	73.16	76.06	50.16	33.54	33.29	21.38	20.1	73.01	4.12	36.36	71.84	33.6	72.42	9.0	36.0	23.71	34.99	62.0	41.73	76.48	82.76	19.85	8.49	0.0	62.01	15.0	13.89	49.82	75.58	28.23	36.12	41.11	21.0	22.36	81.22	60.21	42.72	22.8	28.28	55.9	62.01	36.06	20.12	41.3	39.82	26.02	56.52	33.62	83.24	71.57	75.0	45.04	73.25	17.12	57.28	72.44	38.08	43.93	14.14	37.59	41.68	57.01	46.52	50.7	26.4	67.6	41.19	61.35	61.19	82.08	23.54	24.17	50.48	78.89	81.1	54.67	22.14	49.24	9.85	45.18	60.42	39.4	57.7	57.31	89.16	17.49	21.54	60.54	39.05	22.36	40.31	49.65	40.45	59.01	55.32	40.31	70.61	26.93	29.97	55.04	69.64	67.62	87.09	20.62	9.06	28.64	51.04	62.03	39.7	29.27	49.2	65.79	73.74	29.02	85.07	38.42	21.26	31.14	31.62	69.63	75.29	40.36	26.08	59.81	39.12	55.33	25.08	55.71	53.41	30.08	31.06	25.5	88.39	55.01	21.4	78.55	21.59	43.28	28.02	62.29	43.28	18.38	14.56	54.23	24.74	42.43	33.02	68.07	46.96	77.88	41.05	11.05	31.83	85.07	77.83	8.6	5.39	
10.05	68.01	10.3	49.01	53.94	65.22	51.79	17.8	49.5	43.01	23.77	6.32	34.01	17.2	33.73	13.0	65.51	38.95	61.35	66.76	11.0	61.2	36.89	20.25	39.82	41.11	53.01	26.02	54.78	53.82	1.0	45.28	34.53	39.56	51.55	56.22	62.01	0.0	54.57	50.64	49.04	34.53	37.95	47.2	41.77	65.79	62.39	22.2	6.32	64.03	45.88	64.85	11.4	41.11	72.95	44.72	69.63	54.82	65.92	15.65	54.08	28.43	21.19	22.36	17.26	38.0	65.97	45.65	13.45	54.82	47.38	65.31	55.61	34.06	5.39	58.69	19.1	39.85	11.18	70.46	19.42	11.18	34.93	61.85	56.08	53.26	39.46	19.65	41.18	58.52	27.02	58.55	29.73	26.93	57.8	26.0	31.38	41.18	55.36	42.95	24.74	41.23	55.36	45.34	15.81	22.56	3.61	13.6	43.93	15.65	60.42	56.44	7.62	38.12	28.0	38.08	60.75	53.04	34.37	11.4	21.38	47.51	33.38	49.68	23.0	27.89	67.98	33.02	49.04	47.8	43.83	33.24	39.32	25.08	42.52	42.06	20.88	35.23	8.6	68.35	21.47	39.45	35.44	71.55	46.62	39.45	7.28	52.2	40.31	60.41	41.01	34.06	7.0	48.08	45.71	59.44	10.0	38.64	20.62	51.31	13.93	28.28	21.26	75.47	61.81	45.65	31.4	35.69	57.56	57.08	
64.13	14.87	62.03	12.65	3.0	25.0	4.47	42.01	51.26	67.2	38.01	60.02	34.83	63.01	63.25	41.77	21.21	19.92	33.38	33.84	65.31	11.31	23.09	68.0	36.72	73.59	12.0	29.55	33.06	20.12	54.34	26.91	75.43	81.84	5.0	18.25	15.0	54.57	0.0	5.83	55.54	62.63	17.03	21.21	26.63	12.73	11.18	75.61	51.48	53.08	27.51	16.76	50.99	47.71	49.24	22.85	53.15	48.05	38.83	46.01	18.79	79.16	60.41	71.12	37.36	73.55	31.02	61.4	63.13	23.26	29.0	28.23	22.85	28.46	49.24	55.11	40.01	15.03	58.08	53.24	58.52	56.36	69.64	11.7	34.01	57.25	78.64	72.44	40.22	33.06	36.88	21.59	45.28	47.8	48.51	56.73	44.01	76.54	3.0	11.7	48.27	24.7	32.02	25.5	40.2	35.85	51.2	51.0	25.61	65.8	38.05	15.52	47.07	55.9	55.08	74.73	8.94	11.0	26.17	43.17	59.64	24.76	21.54	55.15	53.94	61.61	18.79	73.35	23.43	26.93	35.85	30.41	70.77	63.79	25.81	29.07	57.43	40.8	49.4	38.6	53.6	39.12	29.83	21.95	11.18	75.96	47.3	6.4	78.57	33.24	28.84	21.95	53.34	28.32	9.43	26.48	45.54	16.16	37.59	18.03	58.0	46.67	73.01	54.13	24.35	37.34	81.41	76.84	6.4	10.77	
60.41	20.52	57.57	7.07	3.61	30.15	1.41	39.46	45.54	61.4	32.76	56.32	29.07	60.3	62.24	38.12	26.68	19.42	29.12	30.41	61.52	11.4	22.47	63.07	30.89	67.9	7.62	25.0	28.02	23.77	50.49	28.6	70.0	76.4	8.06	14.32	13.89	50.64	5.83	0.0	49.77	61.74	14.56	23.32	27.59	18.44	17.0	71.17	48.04	48.0	21.84	22.47	46.24	48.27	45.22	17.09	48.51	42.58	34.79	43.42	22.56	74.32	58.25	66.21	33.38	67.94	27.78	55.57	60.01	26.93	31.06	25.24	26.68	27.78	45.4	49.65	37.48	12.65	55.04	48.66	53.34	51.62	68.35	17.46	29.07	51.55	73.11	69.07	41.04	28.44	35.47	17.89	39.6	46.62	43.19	51.22	43.42	75.39	8.54	8.06	46.82	25.46	27.07	27.2	37.01	30.87	47.38	46.1	27.02	61.1	33.38	20.02	43.29	55.76	53.85	73.39	14.76	6.71	20.62	39.32	54.38	26.93	17.26	49.4	52.2	60.08	24.6	71.57	25.94	21.38	30.08	24.76	65.07	61.85	26.91	23.26	52.15	35.0	44.92	34.93	48.26	39.7	24.08	27.78	12.21	74.67	43.42	10.05	73.0	28.86	29.7	17.09	50.01	30.53	5.0	22.47	42.05	12.04	32.7	21.19	55.23	41.04	68.35	50.0	21.1	31.62	76.49	71.4	7.0	8.6	
