170
0.0	14.04	71.11	7.62	21.02	51.97	18.44	64.78	13.15	7.07	68.68	64.13	29.53	5.66	72.67	80.62	52.95	82.33	68.8	50.54	21.38	72.5	65.0	31.38	59.91	79.21	63.63	67.68	60.42	71.57	35.85	90.52	20.52	34.66	43.57	68.01	51.97	75.15	34.0	60.13	28.02	24.74	77.83	14.87	77.2	80.8	62.03	57.45	43.42	68.62	35.61	82.8	42.3	63.25	70.09	46.39	101.12	36.01	101.83	80.01	7.21	51.01	63.01	57.2	71.18	96.43	65.3	28.64	84.5	78.19	34.71	39.0	82.38	51.0	32.98	52.39	85.8	64.9	54.42	68.0	41.3	8.06	32.56	18.38	58.69	50.99	39.22	19.24	47.3	58.31	52.0	44.28	46.1	54.33	68.31	57.58	51.74	68.1	46.67	23.19	36.25	9.85	106.1	40.71	10.0	25.08	33.0	67.42	72.2	56.36	52.84	58.69	81.25	46.27	79.31	28.65	6.32	65.12	51.35	61.4	79.25	87.11	69.07	84.5	51.09	68.41	41.01	79.81	23.41	56.04	59.06	87.68	74.33	51.01	10.77	73.35	75.39	7.62	50.16	77.9	83.87	70.46	40.8	71.7	90.27	86.56	75.6	79.06	99.2	69.46	12.04	65.01	65.62	80.62	46.01	27.02	72.11	76.66	73.11	22.47	15.65	54.67	70.71	73.01	80.13	25.96	14.32	5.0	34.93	16.64	
14.04	0.0	57.22	21.38	18.68	38.08	6.4	50.8	3.16	21.0	65.19	50.22	25.0	18.68	60.96	70.8	51.16	71.45	61.47	44.91	7.62	66.94	53.74	18.6	57.01	69.4	56.92	65.01	47.51	73.68	32.0	80.6	14.0	25.5	46.96	54.0	50.16	62.27	20.02	46.1	30.89	24.35	64.47	4.0	65.8	69.35	48.09	50.6	41.11	59.08	28.16	74.3	41.98	51.66	60.75	32.39	91.05	22.0	92.96	80.06	8.54	51.66	49.04	49.24	65.73	87.09	59.2	33.6	73.55	64.88	39.12	40.5	70.43	37.01	31.58	38.6	80.81	53.15	41.15	61.68	27.29	6.0	18.68	6.71	48.83	49.16	36.01	8.54	45.1	60.41	47.38	31.62	32.25	56.65	54.78	53.34	42.94	55.8	37.22	9.85	23.6	23.19	96.21	28.43	21.19	11.05	19.03	59.51	60.0	43.57	40.61	57.22	78.16	45.89	73.98	17.03	8.06	51.2	50.64	53.23	69.63	76.49	55.15	79.62	51.2	65.12	27.0	76.32	10.63	44.55	46.62	77.62	60.93	37.0	24.19	67.45	62.17	12.53	36.35	68.51	72.84	62.65	29.83	74.0	79.2	77.39	67.12	78.77	90.55	57.2	10.0	51.04	51.62	79.1	32.0	30.02	73.25	69.64	59.08	20.88	6.0	44.05	64.2	61.55	67.68	12.53	17.03	11.4	31.0	8.0	
71.11	57.22	0.0	78.01	66.13	24.41	53.0	15.65	58.03	78.16	87.2	17.89	64.41	75.0	46.32	63.79	82.81	57.56	70.71	68.59	50.64	81.12	47.01	44.94	83.55	63.06	70.72	89.64	33.12	109.66	67.96	69.46	60.08	53.85	91.07	5.83	82.13	36.12	37.22	13.6	78.79	70.77	31.06	57.71	50.8	52.35	9.22	67.01	75.6	59.09	58.52	73.08	80.45	44.28	60.93	26.93	76.0	35.36	84.38	109.34	65.49	89.02	8.54	62.2	80.78	77.41	74.33	83.38	58.31	32.06	86.76	83.01	49.04	20.4	72.56	25.61	93.04	43.46	30.48	74.95	31.32	63.2	40.26	55.11	53.54	81.47	71.03	55.54	78.1	98.86	72.84	38.6	25.02	96.4	25.71	77.23	56.73	39.85	53.04	48.01	42.49	80.4	81.02	41.88	77.93	46.39	38.21	67.12	41.98	34.41	39.05	87.68	97.94	82.8	86.77	49.4	65.28	17.46	85.15	62.97	64.29	62.29	2.24	92.57	87.46	87.8	30.41	95.19	50.45	43.83	37.22	66.61	29.02	20.62	81.39	80.13	32.02	68.88	21.0	64.85	57.31	69.32	47.2	110.39	61.01	71.59	68.71	107.3	83.73	40.52	64.33	6.71	14.32	103.81	25.5	78.39	106.78	76.97	8.25	67.78	58.05	48.6	75.66	48.51	43.01	47.3	70.34	68.47	67.42	58.46	
7.62	21.38	78.01	0.0	27.2	59.44	25.02	72.18	20.02	4.0	73.74	71.59	35.81	3.16	80.16	87.69	57.57	89.64	75.21	56.6	28.86	78.29	72.42	39.0	64.85	86.28	69.89	72.42	68.03	74.03	41.68	97.59	27.66	41.87	46.0	75.11	56.61	82.76	41.11	67.36	31.58	29.97	85.44	22.47	84.63	88.23	69.01	63.82	48.47	75.66	42.45	89.5	46.57	70.72	77.08	53.76	108.21	43.19	108.58	83.38	14.76	54.59	70.03	63.89	76.94	103.32	71.34	31.02	91.83	85.8	37.0	42.58	89.89	58.08	38.08	59.91	91.29	72.4	62.03	74.09	48.66	15.52	40.02	26.0	65.86	55.66	44.72	26.83	52.2	61.01	57.71	51.89	53.0	57.01	75.89	63.07	58.69	75.66	53.81	30.0	43.86	7.28	113.14	48.3	11.05	32.39	40.11	74.03	79.76	63.98	60.42	63.06	86.02	50.45	84.97	36.24	13.93	72.57	55.54	68.12	86.27	94.37	76.0	89.96	54.92	73.39	48.17	84.76	31.02	63.51	66.65	94.79	81.93	58.14	7.62	79.26	83.01	14.14	57.01	84.86	91.21	77.01	48.26	74.06	97.62	93.43	82.33	82.61	105.89	77.03	19.21	72.03	72.99	84.72	53.15	30.59	75.06	82.93	80.31	28.3	23.26	62.01	76.85	80.45	87.71	33.53	19.72	12.21	40.82	24.19	
21.02	18.68	66.13	27.2	0.0	42.95	24.7	55.73	21.38	24.08	48.05	54.45	8.6	26.42	55.54	61.07	33.02	63.81	48.01	29.53	19.21	51.48	47.42	21.19	39.46	59.67	42.72	47.38	46.39	55.03	14.87	70.94	6.4	16.76	28.84	61.68	32.02	60.42	31.4	53.16	13.45	5.83	64.5	14.87	59.48	63.06	57.01	36.62	23.09	49.04	15.81	62.37	23.35	46.24	50.33	39.22	81.57	32.45	81.47	61.52	15.3	32.98	57.58	36.8	50.16	76.37	44.29	17.49	66.04	64.63	21.93	21.93	65.39	46.1	13.04	42.58	64.85	48.1	42.0	47.01	34.93	18.03	26.42	14.42	39.66	31.02	18.44	12.81	27.07	41.79	31.02	31.0	43.05	38.08	56.04	36.69	32.02	52.2	27.78	26.08	24.33	23.43	86.37	27.0	18.6	23.35	30.61	46.86	55.97	42.3	37.66	39.0	60.83	27.29	58.31	16.76	17.26	55.44	32.14	41.04	59.55	68.24	63.91	63.57	32.56	47.85	36.72	59.23	17.03	39.22	43.93	68.25	61.29	45.69	24.21	52.33	61.66	13.42	47.01	58.05	65.51	49.82	24.52	55.36	71.87	66.47	55.23	60.3	78.75	53.45	10.05	59.46	56.89	61.01	41.15	12.81	54.57	55.76	65.73	2.24	13.0	36.67	49.74	55.46	64.2	20.0	7.81	16.16	13.93	11.18	
51.97	38.08	24.41	59.44	42.95	0.0	35.85	13.0	39.85	58.69	64.5	12.17	40.31	56.75	32.28	48.26	58.69	44.64	50.0	44.82	30.59	59.81	29.02	22.09	60.0	47.17	48.85	66.57	15.52	85.56	43.57	56.29	37.34	29.53	66.73	19.24	57.98	27.8	19.72	10.82	55.03	47.13	27.8	37.34	37.64	40.5	16.28	44.29	51.22	40.2	34.13	56.01	56.04	26.02	42.19	6.4	65.15	17.49	71.02	86.02	45.4	64.66	16.28	39.81	59.24	64.13	52.39	59.77	46.17	28.43	62.77	58.67	39.36	10.0	48.3	2.0	72.8	26.17	9.0	53.49	11.18	43.93	19.42	34.13	32.28	57.28	46.62	34.01	53.81	74.52	49.04	14.21	13.93	72.01	17.8	53.82	33.62	25.3	29.21	30.87	18.68	60.3	70.52	17.49	57.04	27.2	20.59	46.57	29.15	14.0	16.76	63.78	76.06	58.41	66.1	26.31	45.71	13.15	60.88	41.44	48.09	50.0	22.2	72.12	63.13	65.0	13.45	73.41	29.07	22.56	18.03	53.15	24.21	9.0	61.29	59.14	26.17	48.09	14.04	48.01	45.22	49.24	22.8	86.27	50.7	56.22	50.25	84.05	69.58	26.57	43.01	17.8	14.04	81.12	10.3	54.71	82.88	57.27	22.8	44.38	37.12	26.57	54.71	33.96	34.67	26.17	48.17	48.37	43.05	37.01	
18.44	6.4	53.0	25.02	24.7	35.85	0.0	48.08	5.39	25.5	70.01	47.76	30.27	22.0	61.55	72.72	56.57	72.62	64.85	49.25	8.54	71.02	54.82	19.42	62.07	71.34	60.64	70.06	47.01	79.71	37.22	82.38	19.42	28.86	53.24	50.25	55.58	61.61	16.49	42.76	37.22	30.46	63.13	9.85	66.6	70.09	44.05	54.34	46.53	61.29	32.25	76.97	47.8	52.5	63.06	29.73	92.66	18.68	95.29	85.7	14.42	57.57	45.1	52.5	69.87	89.19	63.15	40.0	74.65	63.63	45.49	46.62	70.72	33.24	37.36	36.67	85.0	53.81	40.22	65.51	24.7	11.18	17.2	11.05	51.0	54.59	41.3	13.04	50.49	66.48	52.04	31.83	28.02	62.77	53.24	58.03	45.88	55.9	39.92	5.1	24.21	28.16	97.91	29.21	26.83	9.22	15.52	62.63	60.14	43.28	41.04	62.65	83.01	51.66	78.09	19.31	13.42	48.7	56.29	56.3	71.69	77.8	51.01	83.86	57.01	70.0	23.54	81.06	12.65	45.61	46.69	79.32	59.54	33.38	29.12	71.39	61.06	18.6	32.0	70.71	73.88	65.79	31.76	80.06	80.16	79.65	69.86	84.34	93.02	57.31	16.4	47.1	48.76	84.38	28.44	36.36	79.12	73.08	55.58	26.93	11.7	45.79	67.91	62.37	67.48	13.04	23.43	17.0	36.22	13.6	
64.78	50.8	15.65	72.18	55.73	13.0	48.08	0.0	52.39	71.57	71.84	2.24	52.5	69.43	31.26	48.66	68.41	43.01	55.07	53.91	43.42	65.51	31.38	35.06	68.59	47.85	55.22	74.41	17.49	95.13	55.04	55.01	50.25	41.44	78.29	9.85	67.8	22.36	31.62	7.21	67.45	59.67	19.24	50.25	36.06	38.01	12.17	51.74	61.91	43.46	45.69	57.72	67.12	28.64	45.31	18.44	62.39	29.41	70.01	94.18	58.31	75.17	11.05	46.86	65.19	63.01	58.82	72.28	44.01	20.12	74.95	70.26	35.36	16.4	60.17	13.15	77.39	27.86	15.81	59.36	23.54	56.72	32.25	47.1	38.01	67.2	57.71	47.01	64.07	84.88	58.14	25.63	22.2	82.68	11.05	62.23	41.73	24.52	38.6	43.01	31.4	73.25	67.6	29.41	70.03	39.81	32.57	51.48	27.07	19.1	24.08	73.0	82.38	69.12	71.12	39.2	58.55	2.0	71.03	47.43	49.03	48.01	13.93	76.92	73.5	72.47	24.7	79.61	42.05	28.43	21.63	52.04	16.16	15.81	74.24	64.5	18.97	61.07	19.8	49.48	43.01	53.67	34.01	95.9	47.38	56.57	53.14	92.1	69.12	25.32	56.01	11.05	1.41	88.41	20.12	67.19	92.02	61.33	10.82	57.07	50.09	33.3	60.03	33.38	29.61	39.12	61.13	61.29	54.63	50.01	
13.15	3.16	58.03	20.02	21.38	39.85	5.39	52.39	0.0	20.22	68.26	51.92	28.02	17.12	63.7	73.82	54.08	74.33	64.62	48.05	10.0	70.09	56.59	21.26	60.03	72.42	60.08	68.03	49.93	76.24	35.01	83.6	17.03	28.64	49.24	55.08	53.08	64.66	21.1	47.38	33.11	26.93	66.64	7.07	68.59	72.14	49.0	53.76	44.05	62.13	31.32	77.41	44.72	54.45	63.81	33.96	94.02	23.19	96.04	82.87	9.22	54.34	50.01	52.39	68.88	90.14	62.36	35.51	76.42	67.08	41.18	43.01	73.11	38.05	34.37	40.5	83.95	55.9	43.42	64.85	28.86	5.83	20.62	9.85	51.87	52.09	39.0	11.7	48.04	62.94	50.49	34.21	33.02	59.14	56.86	56.44	46.07	58.41	40.31	10.05	26.25	22.8	99.2	31.14	21.47	12.65	20.1	62.65	62.63	46.04	43.28	60.13	81.22	48.66	77.13	20.0	8.06	52.89	53.46	56.36	72.67	79.4	56.01	82.76	53.94	68.18	28.16	79.4	13.45	47.38	49.2	80.6	63.07	38.12	23.77	70.6	64.41	13.45	37.05	71.56	75.69	65.8	32.8	76.54	82.04	80.45	70.24	81.61	93.65	59.82	12.08	52.01	53.15	82.05	33.14	32.2	75.93	72.8	60.3	23.54	9.06	47.01	67.36	64.35	70.21	15.0	18.87	11.66	34.01	11.05	
7.07	21.0	78.16	4.0	24.08	58.69	25.5	71.57	20.22	0.0	70.01	70.86	32.65	5.83	78.03	84.96	53.76	87.2	72.01	53.25	28.16	74.79	70.18	37.64	61.1	83.55	66.61	68.62	66.48	70.03	38.28	94.85	25.24	39.41	42.0	75.0	52.81	81.15	41.01	67.07	27.66	26.42	84.12	21.38	82.38	85.98	69.07	60.61	44.78	72.92	39.62	86.45	42.72	68.6	74.28	53.24	105.48	43.0	105.55	79.4	13.34	50.64	70.03	60.88	73.43	100.42	67.96	27.02	89.4	84.43	33.0	38.64	87.82	58.01	34.44	59.03	87.66	70.33	60.73	70.72	48.17	15.0	39.32	24.74	63.25	51.87	41.18	25.3	48.47	57.01	54.2	50.33	53.15	53.01	74.73	59.48	55.9	73.79	51.22	30.27	42.38	3.61	110.34	46.62	7.07	32.02	40.01	70.94	77.83	62.39	58.6	59.2	82.22	46.57	81.41	34.54	13.04	71.85	51.66	65.12	83.49	91.83	76.11	86.33	50.99	69.64	48.0	80.99	29.83	61.4	64.88	92.1	80.65	58.0	4.24	75.8	81.6	11.66	57.22	82.04	88.81	73.88	46.14	70.06	95.21	90.52	79.31	78.64	102.83	75.13	17.0	72.03	72.44	80.81	53.0	26.68	71.06	79.63	80.06	25.0	21.84	59.64	73.5	78.23	85.87	32.56	16.4	10.44	37.44	22.47	
68.68	65.19	87.2	73.74	48.05	64.5	70.01	71.84	68.26	70.01	0.0	69.66	40.31	73.68	48.02	37.85	16.64	45.88	19.7	21.38	62.03	11.0	42.64	54.92	8.94	37.11	17.03	4.0	54.56	28.44	33.38	44.01	51.24	42.43	34.71	81.4	17.49	59.64	67.68	74.33	42.94	43.97	66.61	61.2	47.42	49.4	80.45	20.25	25.3	32.25	38.12	31.0	27.78	44.6	31.3	65.8	52.35	67.19	46.17	22.8	63.35	23.43	80.16	25.0	10.05	44.55	13.6	45.49	47.54	66.03	41.23	33.02	54.23	73.35	35.74	62.77	18.44	46.1	56.86	14.32	64.85	65.92	61.39	59.03	33.97	18.36	29.61	57.04	21.54	26.25	18.03	51.48	74.09	27.73	64.35	12.04	30.89	51.22	35.85	69.12	52.89	68.03	55.11	49.98	63.16	64.28	67.47	22.83	51.87	52.8	48.26	12.81	13.0	24.41	13.89	52.35	65.31	70.29	19.85	24.76	35.9	46.69	85.21	17.03	21.93	1.0	68.62	11.18	58.08	43.42	50.33	43.19	65.44	72.45	68.45	13.0	63.6	61.13	76.56	33.96	47.8	22.47	44.27	29.43	51.79	37.0	27.66	20.62	43.01	51.4	58.05	81.27	73.25	16.64	70.38	43.83	23.77	20.0	82.22	46.32	59.21	38.6	15.52	46.14	57.71	59.3	54.41	64.03	34.37	57.22	
64.13	50.22	17.89	71.59	54.45	12.17	47.76	2.24	51.92	70.86	69.66	0.0	50.96	68.88	29.15	46.53	66.4	41.0	52.84	51.86	42.76	63.29	29.15	34.0	66.48	45.71	53.01	72.25	15.26	93.09	53.31	53.0	49.09	39.85	76.56	12.08	65.8	20.62	31.38	8.54	65.97	58.25	18.03	49.5	34.01	36.06	14.04	49.58	60.03	41.23	44.01	55.54	65.3	26.4	43.08	18.03	60.53	29.15	68.0	92.02	57.56	73.25	13.0	44.69	62.97	61.0	56.61	70.83	42.05	18.87	73.38	68.54	33.54	16.97	58.52	12.0	75.15	25.63	13.89	57.14	23.09	56.09	31.58	46.27	35.81	65.22	55.9	46.1	62.13	82.93	56.08	24.04	22.67	80.78	9.22	60.11	39.62	22.36	36.62	42.72	30.15	72.44	65.76	27.89	69.12	39.29	32.31	49.24	25.02	16.97	22.02	70.94	80.16	67.23	68.88	38.05	57.87	1.0	69.07	45.22	46.87	46.04	16.16	74.69	71.56	70.29	24.6	77.39	41.19	26.25	19.42	50.01	14.76	16.28	73.44	62.27	17.46	60.21	20.62	47.3	41.05	51.43	32.31	93.86	45.54	54.45	50.92	89.94	67.07	23.19	55.08	13.15	3.61	86.21	20.25	65.73	89.94	59.09	12.81	55.73	49.25	31.14	57.8	31.26	27.89	38.33	60.03	60.53	52.92	49.09	
29.53	25.0	64.41	35.81	8.6	40.31	30.27	52.5	28.02	32.65	40.31	50.96	0.0	34.99	48.38	52.8	26.31	55.95	39.41	21.02	23.09	43.08	40.16	20.52	32.02	51.4	34.13	40.01	41.01	50.54	7.0	62.63	11.0	11.18	27.02	59.51	25.32	54.33	32.8	50.99	15.13	8.25	59.01	21.0	52.0	55.54	55.57	28.02	16.28	40.8	8.25	53.81	18.36	39.29	42.01	37.74	73.25	33.3	72.92	55.54	23.41	28.18	55.95	28.28	41.79	67.9	35.78	20.1	58.18	59.03	22.47	19.1	58.19	45.22	8.49	39.56	56.61	41.23	37.66	38.47	34.21	25.71	26.91	19.24	31.76	24.33	11.05	17.26	20.22	37.74	22.8	26.93	43.19	34.41	51.24	28.64	23.85	45.71	20.25	30.36	21.95	31.83	77.99	23.09	26.91	26.4	32.2	38.29	49.24	37.05	32.0	32.39	53.24	21.93	49.98	16.28	25.3	51.92	26.25	32.53	51.22	60.21	62.18	55.36	27.31	40.2	36.8	51.48	19.7	32.56	38.05	60.0	56.01	44.65	32.56	43.86	56.04	21.95	46.86	49.68	57.71	41.23	19.1	51.0	64.01	58.0	46.69	54.13	70.18	46.87	18.03	57.71	53.76	54.15	40.61	15.03	49.4	47.17	62.97	7.81	19.0	29.41	41.18	48.1	57.49	21.95	16.28	24.6	6.0	17.0	
5.66	18.68	75.0	3.16	26.42	56.75	22.0	69.43	17.12	5.83	73.68	68.88	34.99	0.0	78.24	86.28	57.72	87.97	74.33	55.95	26.25	77.82	70.6	36.67	64.85	84.86	69.12	72.53	65.74	75.17	41.15	96.18	26.17	40.31	47.1	72.17	56.75	80.5	38.21	64.5	32.14	29.73	83.01	20.12	82.8	86.4	66.03	62.97	48.38	74.28	41.23	88.41	46.87	68.82	75.74	50.99	106.78	40.31	107.45	84.15	12.81	55.23	67.07	62.8	76.49	102.07	70.71	32.06	90.14	83.38	38.12	43.19	87.92	55.15	37.95	57.28	91.0	70.46	59.62	73.43	45.89	13.0	37.36	23.71	64.35	55.79	44.38	24.7	52.2	62.03	57.27	49.65	50.01	58.03	73.39	62.77	57.38	73.57	52.33	27.02	41.59	9.43	111.76	46.14	12.17	29.61	37.22	73.01	77.7	61.72	58.31	63.35	86.13	50.8	84.58	34.13	11.66	69.86	55.9	67.01	84.9	92.76	73.01	89.69	55.44	73.38	45.28	84.77	28.64	61.61	64.5	93.34	79.48	55.23	10.0	78.71	80.62	13.04	54.0	83.55	89.5	76.03	46.4	75.24	95.9	92.2	81.22	83.29	104.81	74.95	17.69	69.07	70.21	85.16	50.25	31.14	76.0	82.15	77.41	27.73	21.1	60.31	76.16	78.6	85.59	31.02	19.31	10.63	40.25	22.2	
72.67	60.96	46.32	80.16	55.54	32.28	61.55	31.26	63.7	78.03	48.02	29.15	48.38	78.24	0.0	17.46	51.2	12.37	28.6	37.22	53.76	39.05	8.25	42.45	48.1	16.76	31.3	51.48	16.76	75.24	46.69	24.19	52.84	38.91	67.03	40.79	50.99	12.04	48.55	37.0	62.37	56.61	19.1	58.41	5.39	8.6	43.05	31.05	49.01	15.81	40.16	26.93	55.01	9.43	17.03	37.7	32.89	46.65	39.12	70.72	65.46	59.84	42.11	26.48	39.2	32.14	34.48	67.27	13.93	18.38	67.36	60.03	9.85	41.98	52.77	30.36	48.6	7.81	23.77	33.84	40.71	65.6	44.82	54.82	18.0	50.8	47.17	53.6	49.25	68.15	40.61	29.73	46.17	67.27	20.62	42.06	26.08	7.07	28.16	57.49	37.48	78.29	38.28	32.56	73.79	52.4	49.09	25.24	4.47	19.24	20.52	53.76	55.9	55.23	43.19	44.2	66.61	29.27	54.92	24.35	18.03	17.72	44.91	48.41	57.87	48.88	44.28	53.08	50.33	16.64	15.26	21.1	18.87	41.0	79.18	37.54	16.4	66.37	46.1	18.79	13.0	26.25	31.91	76.16	18.87	25.32	23.6	68.51	38.0	6.0	61.06	42.3	32.39	63.41	42.38	62.59	71.11	32.65	39.22	55.71	57.2	18.97	33.42	2.24	10.2	48.8	63.07	67.96	46.87	56.04	
80.62	70.8	63.79	87.69	61.07	48.26	72.72	48.66	73.82	84.96	37.85	46.53	52.8	86.28	17.46	0.0	46.39	8.6	19.0	35.47	64.35	27.2	19.42	53.34	41.0	1.41	24.19	41.77	33.02	66.29	48.88	9.9	60.11	46.01	64.76	58.25	46.53	28.64	62.03	54.15	64.41	60.46	35.36	67.62	13.42	13.45	60.3	27.51	47.76	12.04	45.34	10.0	53.45	22.36	10.82	52.95	20.52	60.41	23.09	59.24	73.59	55.44	59.41	25.06	27.89	16.55	26.0	68.88	9.85	34.48	67.42	59.14	18.38	58.22	54.59	46.27	33.3	22.09	39.32	24.08	55.08	74.52	57.27	64.2	22.02	46.69	47.85	62.63	46.57	62.0	37.36	42.15	61.81	62.13	38.08	36.22	29.07	24.19	33.97	69.35	48.76	84.5	25.5	43.83	79.65	64.01	62.39	17.26	21.84	34.37	33.53	47.0	42.54	52.39	29.15	53.82	75.07	46.69	50.49	21.02	2.0	9.0	62.37	33.42	53.46	38.83	58.94	39.82	60.46	27.86	30.27	7.21	35.85	57.22	85.28	25.3	33.11	73.55	62.29	4.0	10.3	16.0	41.05	67.27	14.04	8.0	10.2	57.01	21.38	23.35	68.59	59.68	49.82	50.99	57.87	64.88	61.61	18.79	56.61	60.61	66.07	26.93	22.36	15.3	23.6	59.68	68.88	75.66	49.4	64.54	
52.95	51.16	82.81	57.57	33.02	58.69	56.57	68.41	54.08	53.76	16.64	66.4	26.31	57.72	51.2	46.39	0.0	53.01	27.66	14.76	49.24	24.41	43.97	44.28	7.81	45.28	22.2	14.87	52.48	26.87	19.42	54.57	37.22	31.76	19.24	77.23	1.0	61.35	57.27	69.31	26.4	28.28	67.78	47.17	52.35	55.15	74.97	20.22	10.05	37.05	26.83	42.38	11.18	44.94	37.0	58.41	64.2	57.25	59.94	29.41	48.17	9.06	74.95	24.74	23.02	57.01	20.88	28.84	55.04	67.42	24.76	16.4	59.41	66.22	20.1	57.28	35.0	46.82	52.63	23.41	56.3	51.04	50.99	45.54	33.84	2.0	15.3	43.57	6.08	17.09	10.77	44.6	65.73	16.12	63.13	10.2	27.29	52.2	29.83	56.52	43.57	51.62	67.78	42.01	46.82	52.2	56.86	29.15	54.12	49.65	44.41	6.08	28.46	7.81	29.7	40.85	50.16	67.2	4.12	27.17	44.41	55.33	80.66	33.6	7.07	16.12	59.68	27.31	45.61	41.18	48.37	52.95	65.8	65.44	52.0	26.08	64.62	45.54	68.82	42.43	55.01	30.59	36.24	27.59	60.21	48.08	36.88	27.89	56.82	52.81	43.05	76.38	69.81	28.0	62.43	27.31	24.41	32.2	79.2	31.06	45.18	36.24	26.0	49.82	61.39	47.43	38.64	48.51	20.4	43.19	
82.33	71.45	57.56	89.64	63.81	44.64	72.62	43.01	74.33	87.2	45.88	41.0	55.95	87.97	12.37	8.6	53.01	0.0	26.48	40.79	64.54	35.47	17.8	53.26	48.26	8.94	31.06	49.73	29.12	74.22	52.92	12.0	62.01	47.8	70.71	52.24	53.04	21.59	60.42	49.09	68.71	63.95	27.86	68.59	7.07	5.39	55.01	33.24	53.15	16.28	48.02	18.38	59.03	20.25	16.03	49.98	20.62	58.59	27.0	67.62	75.17	62.03	54.0	29.83	36.06	20.0	33.38	73.39	2.24	26.93	72.53	64.54	10.0	54.34	58.87	42.72	41.87	19.24	36.06	31.78	52.8	75.69	56.3	65.05	24.19	53.08	52.5	63.66	52.47	69.18	43.29	41.05	58.52	69.01	32.06	43.01	32.2	19.42	36.06	68.82	48.41	87.09	26.0	43.42	82.38	63.6	60.9	24.08	16.03	31.38	31.91	54.23	51.11	58.42	37.74	54.45	76.49	41.01	57.04	26.31	10.3	5.39	56.32	42.01	60.03	46.84	56.46	48.37	60.88	27.02	27.31	9.06	28.86	53.37	87.92	33.62	25.96	75.6	58.46	12.08	2.0	23.54	41.73	75.19	8.06	14.76	18.38	65.39	26.17	18.25	70.43	54.04	44.05	59.48	54.71	69.08	69.64	27.29	50.01	63.63	67.21	27.66	30.36	10.77	15.65	59.67	71.56	77.47	53.31	65.86	
68.8	61.47	70.71	75.21	48.01	50.0	64.85	55.07	64.62	72.01	19.7	52.84	39.41	74.33	28.6	19.0	27.66	26.48	0.0	19.1	56.32	10.63	24.21	46.69	22.0	18.03	5.83	23.41	37.59	47.8	33.97	26.93	48.76	36.06	46.49	64.88	27.89	40.46	58.08	58.69	48.41	46.01	47.51	57.78	27.73	29.73	65.0	11.4	30.53	12.81	33.54	15.26	35.78	26.63	11.66	52.77	36.77	57.01	34.06	42.19	62.27	36.67	64.47	12.37	10.63	30.02	7.0	52.43	28.28	46.86	50.12	41.59	34.54	59.67	38.95	48.08	22.8	27.8	41.44	5.39	53.15	63.95	52.24	54.78	17.72	28.16	31.89	52.92	28.64	43.0	19.72	39.12	61.66	43.19	46.4	17.46	19.24	32.56	25.32	62.59	43.19	70.94	40.71	39.01	65.95	57.27	58.14	3.61	32.65	36.77	33.24	28.0	27.66	34.18	16.16	45.61	64.01	53.34	31.78	9.0	17.0	28.0	68.88	22.14	34.71	20.62	57.14	24.84	52.2	27.51	33.54	25.32	46.67	58.69	71.59	9.43	44.6	61.29	63.35	15.0	28.44	3.0	34.23	48.76	33.02	20.62	9.22	39.96	31.14	32.53	56.94	65.31	56.44	34.83	57.71	49.04	43.32	8.25	64.9	47.01	55.95	23.54	5.0	26.63	38.08	52.39	55.61	63.81	34.71	54.13	
50.54	44.91	68.59	56.6	29.53	44.82	49.25	53.91	48.05	53.25	21.38	51.86	21.02	55.95	37.22	35.47	14.76	40.79	19.1	0.0	41.05	22.14	29.61	33.54	15.26	34.18	13.45	22.47	37.74	41.23	15.0	44.72	31.32	21.1	30.07	62.94	14.32	46.84	46.32	55.23	29.41	27.02	53.14	41.0	39.01	42.11	61.07	8.06	12.37	24.52	17.03	34.21	18.25	30.36	25.0	45.28	55.07	45.88	53.15	41.34	44.38	22.8	60.96	11.05	20.88	48.83	14.76	33.62	42.95	52.81	31.95	23.77	46.0	53.0	19.85	43.28	35.9	32.28	38.21	17.49	43.86	46.49	40.02	38.47	19.42	13.93	12.81	36.5	12.04	31.78	4.24	31.06	53.23	30.36	48.37	9.49	12.53	37.64	15.62	48.0	31.62	52.01	59.36	29.07	47.01	43.05	46.1	18.87	39.81	35.0	29.83	19.1	34.23	18.03	29.12	31.06	46.24	52.63	18.03	14.56	33.62	43.97	66.48	34.71	20.88	21.59	47.54	32.06	37.01	26.42	33.62	42.54	51.08	52.15	52.63	22.85	49.98	42.94	55.95	31.78	42.76	21.4	23.26	42.01	48.51	39.12	27.46	39.45	50.25	38.33	39.0	62.29	55.32	37.34	49.65	30.0	38.18	26.4	64.66	28.3	39.05	21.47	20.25	36.06	47.38	38.05	36.89	45.62	15.81	37.11	
21.38	7.62	50.64	28.86	19.21	30.59	8.54	43.42	10.0	28.16	62.03	42.76	23.09	26.25	53.76	64.35	49.24	64.54	56.32	41.05	0.0	62.65	46.75	11.31	54.33	62.97	52.17	62.29	39.96	73.41	29.83	74.06	13.04	20.4	48.01	47.1	48.27	54.71	13.6	39.0	32.56	25.0	56.86	7.07	58.69	62.23	41.44	45.89	39.29	52.84	24.02	68.45	41.23	44.55	54.59	25.08	84.4	15.3	86.83	78.59	15.0	51.08	42.3	43.97	61.52	80.78	54.74	36.12	66.6	57.27	41.04	40.82	63.13	30.27	30.87	31.05	76.66	45.97	33.54	57.07	20.02	13.34	11.18	5.0	42.54	47.3	33.96	6.4	43.17	60.37	44.01	24.21	25.96	56.82	47.17	50.01	37.34	48.41	31.38	7.28	16.28	30.0	89.63	21.21	27.29	4.47	12.65	54.08	52.63	36.06	33.3	55.32	75.03	44.94	69.72	10.77	15.13	43.74	49.34	47.76	63.29	69.66	48.51	75.54	50.33	62.07	20.22	73.0	4.12	37.54	39.2	71.03	53.31	30.15	31.0	62.97	54.56	18.25	30.08	62.27	65.86	57.25	23.32	73.82	72.18	71.2	61.33	77.13	84.53	49.82	13.93	44.28	44.28	76.79	25.18	31.83	72.45	64.56	52.0	21.4	7.62	37.44	59.44	54.45	60.22	5.0	20.59	18.0	28.86	8.6	
72.5	66.94	81.12	78.29	51.48	59.81	71.02	65.51	70.09	74.79	11.0	63.29	43.08	77.82	39.05	27.2	24.41	35.47	10.63	22.14	62.65	0.0	34.83	54.01	17.0	26.57	11.18	15.0	48.02	39.32	36.67	33.02	53.45	42.3	43.57	75.29	25.0	50.99	66.12	68.88	49.04	48.37	58.05	63.06	37.74	39.36	75.15	17.0	30.61	23.35	38.83	20.0	34.66	37.2	22.02	62.1	41.44	65.28	35.85	32.2	66.48	32.65	74.69	20.4	1.41	33.73	8.0	52.35	37.0	57.38	48.92	40.36	44.29	69.26	40.5	57.94	14.04	38.42	51.48	6.32	61.98	68.62	60.03	60.42	27.73	25.61	33.62	58.46	27.59	36.88	20.59	48.05	70.83	37.95	57.01	15.62	27.29	43.19	33.14	69.35	51.09	73.25	44.38	47.38	68.26	64.2	66.07	14.21	43.19	46.96	43.08	22.47	17.03	32.02	7.07	52.24	68.35	63.81	28.3	18.38	25.3	35.9	79.26	13.0	30.89	12.0	65.92	14.21	58.55	37.58	43.91	32.25	57.28	68.31	73.78	2.0	55.17	64.88	72.8	23.41	37.34	12.81	42.11	40.31	41.0	26.0	17.09	29.97	32.7	43.14	61.1	75.59	66.89	24.41	66.94	49.82	34.53	9.0	75.45	50.09	61.13	33.24	5.66	37.01	48.26	59.21	58.59	67.62	37.58	59.2	
65.0	53.74	47.01	72.42	47.42	29.02	54.82	31.38	56.59	70.18	42.64	29.15	40.16	70.6	8.25	19.42	43.97	17.8	24.21	29.61	46.75	34.83	0.0	35.47	41.59	18.25	25.61	45.8	14.32	68.88	38.47	28.23	44.94	30.89	59.14	41.23	43.68	17.46	42.95	35.9	54.13	48.38	24.19	50.99	12.21	15.81	42.2	24.17	41.11	12.08	31.95	27.07	47.1	3.0	13.93	33.54	38.08	41.23	42.45	65.44	57.8	52.39	41.48	19.31	34.71	35.74	29.07	59.03	19.85	23.71	59.21	52.0	18.03	39.01	44.55	27.02	46.07	3.61	20.02	29.0	35.74	58.14	38.59	47.42	10.2	43.42	39.05	46.1	41.59	61.03	33.24	23.32	42.43	59.91	22.2	35.34	18.0	8.6	19.92	51.04	30.61	70.33	43.42	25.61	65.76	45.8	43.38	20.62	10.2	15.03	14.32	47.01	51.86	47.52	39.96	36.8	59.03	29.55	47.54	18.03	19.1	23.02	45.31	45.65	50.45	43.42	39.56	49.04	43.14	9.22	11.0	25.08	22.8	38.01	71.2	33.6	21.1	58.52	43.05	19.0	19.1	22.47	24.21	69.77	25.46	27.29	21.84	63.25	40.79	8.94	53.25	42.06	32.7	58.69	38.47	54.34	65.0	29.97	40.82	47.54	49.68	10.77	29.21	8.06	18.0	41.87	55.01	60.22	38.64	48.41	
31.38	18.6	44.94	39.0	21.19	22.09	19.42	35.06	21.26	37.64	54.92	34.0	20.52	36.67	42.45	53.34	44.28	53.26	46.69	33.54	11.31	54.01	35.47	0.0	48.08	51.97	43.1	55.79	29.07	70.18	25.81	62.97	15.3	12.65	47.51	40.52	43.38	43.83	13.0	32.02	34.0	25.94	46.49	16.55	47.38	50.91	35.85	37.01	34.99	42.05	17.46	57.94	38.42	33.24	43.86	18.03	73.24	13.04	76.03	73.54	24.35	48.01	36.4	34.37	53.0	69.84	46.01	38.48	55.32	46.82	42.19	39.62	51.86	25.06	29.0	22.0	68.03	34.66	23.09	48.09	13.89	23.71	6.71	13.0	31.78	42.49	29.68	12.37	38.47	57.8	37.11	13.04	22.67	54.67	37.11	42.95	27.46	37.2	21.38	16.16	5.0	38.83	78.49	9.9	35.23	10.77	12.65	44.15	41.4	25.06	22.02	50.16	67.74	41.62	61.03	4.47	25.08	35.0	45.28	37.85	52.35	58.41	42.72	67.01	46.87	55.11	16.28	65.49	8.06	26.25	28.02	59.91	43.01	24.6	39.81	54.08	44.01	26.48	26.4	51.43	54.56	47.3	12.65	70.72	60.88	60.37	50.92	71.87	73.82	38.6	21.21	38.28	36.12	70.6	20.25	33.54	68.48	54.92	44.72	22.85	15.81	26.42	50.25	43.14	49.09	6.4	26.08	27.2	25.0	15.3	
59.91	57.01	83.55	64.85	39.46	60.0	62.07	68.59	60.03	61.1	8.94	66.48	32.02	64.85	48.1	41.0	7.81	48.26	22.0	15.26	54.33	17.0	41.59	48.08	0.0	40.01	17.26	8.0	51.86	27.29	25.02	48.51	43.01	35.44	26.63	77.83	8.6	59.03	61.03	70.29	34.0	35.17	65.76	53.01	48.51	50.99	76.22	17.49	16.49	32.98	30.81	35.9	18.87	43.05	32.56	60.54	57.72	60.75	52.8	26.08	54.74	15.65	76.06	22.47	15.65	50.29	15.0	36.62	50.16	65.3	32.56	24.21	55.54	68.26	26.93	58.41	27.2	44.78	53.08	17.12	59.03	57.43	54.71	51.04	31.91	9.43	21.1	49.04	12.65	21.0	11.18	46.32	68.43	21.38	62.2	6.4	26.87	50.12	30.81	61.52	46.62	59.09	61.03	44.29	54.23	56.89	60.73	24.19	51.48	49.52	44.55	6.0	21.38	15.62	21.93	45.12	56.72	67.21	11.4	23.77	39.0	50.0	81.47	25.81	13.89	8.54	62.65	19.92	50.49	40.46	47.63	47.17	64.14	67.42	59.51	18.79	62.65	52.39	71.2	37.0	50.25	25.0	38.47	28.18	55.01	41.77	31.06	24.19	49.66	50.54	49.5	77.34	70.01	22.56	64.88	34.89	23.6	25.3	79.25	37.66	51.01	35.47	19.42	46.49	58.19	51.97	45.61	55.32	26.02	49.01	
79.21	69.4	63.06	86.28	59.67	47.17	71.34	47.85	72.42	83.55	37.11	45.71	51.4	84.86	16.76	1.41	45.28	8.94	18.03	34.18	62.97	26.57	18.25	51.97	40.01	0.0	23.09	41.0	32.0	65.51	47.51	11.31	58.69	44.6	63.56	57.49	45.4	28.18	60.75	53.24	63.06	59.08	34.99	66.22	13.04	13.45	59.41	26.25	46.49	10.63	43.93	10.3	52.2	21.21	9.43	51.79	21.93	59.14	24.35	58.69	72.18	54.33	58.55	23.71	27.2	17.89	25.02	67.54	10.44	34.13	66.13	57.87	18.44	57.14	53.24	45.18	33.24	21.02	38.21	23.19	53.85	73.11	55.95	62.8	20.62	45.54	46.52	61.22	45.35	61.01	36.14	40.85	60.67	61.07	37.36	35.13	27.66	23.35	32.56	68.0	47.41	83.1	26.91	42.49	78.24	62.65	61.1	16.12	21.19	33.24	32.28	46.01	42.19	51.2	28.84	52.43	73.66	45.89	49.37	19.7	1.41	10.05	61.61	33.3	52.35	38.08	57.72	39.45	59.08	26.57	29.15	8.6	35.34	56.14	83.87	24.7	32.65	72.14	61.2	3.16	10.77	15.03	39.66	66.49	15.0	9.06	9.49	56.46	22.56	22.56	67.18	58.86	49.03	50.54	56.72	63.53	60.88	18.36	55.97	59.2	64.66	25.55	21.59	14.56	23.43	58.31	67.48	74.25	48.02	63.13	
63.63	56.92	70.72	69.89	42.72	48.85	60.64	55.22	60.08	66.61	17.03	53.01	34.13	69.12	31.3	24.19	22.2	31.06	5.83	13.45	52.17	11.18	25.61	43.1	17.26	23.09	0.0	20.25	37.8	44.01	28.43	32.57	43.86	31.78	40.8	64.9	22.36	42.72	55.04	58.18	42.64	40.46	49.65	53.14	31.32	33.73	64.41	6.32	24.7	15.81	28.79	21.1	29.97	27.59	15.3	50.96	42.54	54.15	39.82	39.82	57.25	31.26	64.01	9.22	10.44	35.85	3.61	46.62	33.02	49.09	44.29	35.78	38.33	58.19	33.24	47.01	25.02	29.07	40.71	5.0	50.8	59.09	49.0	50.29	17.2	22.56	26.17	48.38	22.85	38.12	13.89	36.88	59.67	38.01	47.38	12.04	16.12	34.21	22.02	58.69	40.01	65.44	46.53	36.22	60.44	53.46	55.01	7.0	34.99	36.36	32.2	23.19	27.29	28.46	18.03	41.59	59.03	53.6	26.31	7.81	22.2	33.14	68.8	24.08	29.27	17.8	54.74	24.6	48.05	26.93	33.6	30.81	48.41	57.25	66.07	11.0	46.62	56.08	61.68	20.22	33.06	8.54	31.02	44.94	38.05	26.4	14.87	37.64	36.88	34.41	51.88	65.0	56.61	33.3	55.79	43.28	39.81	13.04	65.44	41.62	51.26	22.36	7.28	29.55	41.23	48.51	50.22	58.67	29.21	49.4	
67.68	65.01	89.64	72.42	47.38	66.57	70.06	74.41	68.03	68.62	4.0	72.25	40.01	72.53	51.48	41.77	14.87	49.73	23.41	22.47	62.29	15.0	45.8	55.79	8.0	41.0	20.25	0.0	57.28	24.52	33.02	48.01	51.01	43.17	31.83	83.87	15.81	62.97	68.68	76.61	41.23	42.95	69.89	61.01	51.08	53.14	82.66	22.67	24.33	35.78	38.64	35.0	26.0	47.63	34.93	67.54	56.32	68.31	50.0	19.8	62.65	20.52	82.42	27.59	14.04	48.51	17.0	43.42	51.42	69.34	38.83	30.89	57.94	75.18	34.71	64.9	21.26	49.2	59.2	18.03	66.31	65.38	62.36	59.03	36.8	16.76	29.07	57.04	20.4	22.47	18.68	53.24	75.64	24.19	67.27	13.0	33.02	54.41	37.59	69.46	54.08	66.48	59.03	51.48	61.68	64.78	68.41	26.4	55.23	55.32	50.61	10.0	13.6	22.36	17.46	52.95	64.63	72.92	17.49	27.8	39.81	50.64	87.62	19.85	19.21	3.0	70.01	12.53	58.42	46.01	53.04	47.17	68.6	74.3	66.85	17.0	66.85	60.21	78.26	37.85	51.66	26.25	45.69	25.5	55.73	41.0	31.58	17.69	46.84	54.64	57.43	83.6	75.82	14.87	72.01	42.15	19.92	24.0	84.9	45.54	59.01	41.11	19.42	49.65	61.27	59.84	53.37	63.15	34.01	57.01	
60.42	47.51	33.12	68.03	46.39	15.52	47.01	17.49	49.93	66.48	54.56	15.26	41.01	65.74	16.76	33.02	52.48	29.12	37.59	37.74	39.96	48.02	14.32	29.07	51.86	32.0	37.8	57.28	0.0	78.82	41.77	40.79	42.2	30.02	64.56	27.29	51.97	14.76	32.65	21.59	56.08	49.01	18.11	45.62	22.14	25.08	27.89	34.66	47.17	26.25	33.14	41.3	52.81	11.4	28.16	21.02	49.65	30.61	55.58	77.08	53.31	59.93	27.2	29.7	47.71	48.66	41.4	61.07	30.68	18.25	62.65	56.75	24.41	25.32	47.52	13.6	60.01	11.05	7.21	41.88	24.41	52.77	29.83	42.05	20.62	51.48	43.68	41.23	48.75	69.35	41.88	16.16	29.41	67.54	10.77	45.45	25.24	9.85	23.41	42.52	24.17	67.36	55.03	19.92	63.32	37.8	33.3	34.0	13.89	4.12	9.06	56.61	64.9	54.23	53.67	31.95	54.13	15.81	55.47	30.0	33.02	34.48	31.3	59.51	58.14	55.23	27.78	62.13	37.12	11.4	4.24	37.66	15.0	24.33	68.31	47.01	15.3	55.03	29.43	33.14	29.73	36.25	22.02	79.63	35.34	41.01	36.14	74.97	54.23	11.18	49.65	27.86	18.87	71.06	25.63	56.04	75.43	44.01	27.66	47.17	44.78	16.4	42.54	18.44	20.52	34.99	53.15	56.08	41.59	44.01	
71.57	73.68	109.66	74.03	55.03	85.56	79.71	95.13	76.24	70.03	28.44	93.09	50.54	75.17	75.24	66.29	26.87	74.22	47.8	41.23	73.41	39.32	68.88	70.18	27.29	65.51	44.01	24.52	78.82	0.0	44.42	72.25	60.54	58.01	28.07	104.06	27.59	86.31	83.01	96.18	43.74	49.34	93.06	69.89	75.27	77.49	101.83	44.78	35.23	59.81	53.01	59.21	32.2	70.33	59.14	85.15	80.01	83.22	72.56	13.45	68.66	22.36	101.82	49.74	38.47	72.03	41.11	43.1	75.93	92.59	37.05	33.24	82.22	92.96	42.54	84.15	41.0	72.07	79.4	42.45	82.8	72.03	76.85	69.08	59.17	28.32	40.5	67.23	32.02	13.34	37.01	71.45	92.2	17.26	89.31	33.62	53.6	77.41	56.64	80.62	70.0	67.0	82.22	68.77	63.07	76.92	82.49	50.6	78.72	76.22	71.06	22.2	29.12	28.65	40.05	66.37	70.61	93.86	25.0	50.99	64.33	75.13	107.52	39.81	23.32	27.46	86.02	30.59	70.21	67.42	74.63	71.57	91.42	92.2	67.01	41.3	89.94	65.12	95.43	62.37	76.16	50.7	63.03	1.0	80.23	65.19	56.09	14.42	69.46	77.83	64.29	103.25	96.54	21.02	89.02	44.72	5.1	48.26	105.89	52.81	68.01	62.43	43.93	73.54	85.23	72.47	58.25	68.07	45.28	66.13	
35.85	32.0	67.96	41.68	14.87	43.57	37.22	55.04	35.01	38.28	33.38	53.31	7.0	41.15	46.69	48.88	19.42	52.92	33.97	15.0	29.83	36.67	38.47	25.81	25.02	47.51	28.43	33.02	41.77	44.42	0.0	58.52	18.0	14.21	23.26	62.77	18.44	54.01	38.59	54.38	15.81	12.04	59.3	28.0	49.73	53.16	59.41	22.63	9.49	37.12	9.43	48.84	12.73	38.12	38.08	41.87	69.07	38.83	67.9	48.76	30.08	22.2	59.64	23.85	35.34	63.25	29.68	20.62	55.15	59.21	21.02	15.23	56.29	49.58	6.08	42.54	49.98	40.11	39.56	32.45	38.9	32.56	32.45	26.17	29.12	17.46	4.12	24.19	13.34	32.02	16.16	29.53	48.17	29.0	52.39	21.84	20.88	45.01	19.0	37.11	26.17	37.01	73.6	26.08	32.02	32.89	38.08	33.3	48.17	38.08	32.76	25.5	46.27	15.81	43.46	21.95	32.02	54.23	19.7	28.02	47.17	56.8	65.73	48.7	21.1	33.24	41.87	44.55	26.25	32.02	38.33	56.08	56.57	48.92	37.64	37.59	56.22	28.23	51.62	45.49	54.78	36.07	21.02	44.94	60.93	53.41	41.87	47.3	65.05	46.04	24.74	61.29	56.36	47.17	45.25	16.16	42.95	41.4	65.74	13.42	26.0	28.07	35.23	46.1	56.32	28.23	21.95	31.02	1.0	24.0	
90.52	80.6	69.46	97.59	70.94	56.29	82.38	55.01	83.6	94.85	44.01	53.0	62.63	96.18	24.19	9.9	54.57	12.0	26.93	44.72	74.06	33.02	28.23	62.97	48.51	11.31	32.57	48.01	40.79	72.25	58.52	0.0	70.01	55.9	73.38	64.2	54.82	33.38	71.18	61.07	73.93	70.21	39.29	77.47	19.03	17.12	67.01	36.67	56.86	21.93	55.23	13.04	62.39	31.02	20.62	61.4	10.63	69.46	15.0	63.79	83.49	63.56	66.0	34.67	34.0	8.0	33.73	78.29	11.18	38.33	76.56	68.15	20.88	66.1	64.14	54.34	35.34	30.36	47.54	31.4	63.91	84.39	66.65	74.03	31.89	55.08	57.31	72.47	55.36	69.35	46.24	51.43	70.09	69.87	44.05	44.38	38.95	31.26	43.86	78.89	58.31	94.37	15.62	53.34	89.5	73.57	71.59	26.0	28.02	42.72	42.54	54.45	46.17	61.03	32.98	63.6	84.96	53.01	58.69	30.53	11.4	7.28	68.26	35.85	61.61	45.01	67.68	43.68	70.21	37.12	38.6	3.16	40.61	65.12	95.13	31.02	37.66	83.45	70.21	13.04	12.17	24.04	50.8	73.25	10.63	7.07	17.72	61.61	14.32	30.15	78.49	66.03	56.04	55.08	66.22	74.43	67.36	24.02	61.81	70.43	75.93	36.62	29.15	22.36	26.93	69.34	78.75	85.56	59.08	74.41	
20.52	14.0	60.08	27.66	6.4	37.34	19.42	50.25	17.03	25.24	51.24	49.09	11.0	26.17	52.84	60.11	37.22	62.01	48.76	31.32	13.04	53.45	44.94	15.3	43.01	58.69	43.86	51.01	42.2	60.54	18.0	70.01	0.0	14.21	35.0	55.79	36.22	56.61	25.0	47.3	19.85	12.04	60.21	10.0	57.14	60.75	50.92	37.58	27.17	48.1	15.26	62.43	28.46	43.42	49.58	33.24	80.61	26.08	81.4	66.29	13.6	38.28	51.55	36.89	52.2	75.93	45.88	23.85	64.2	60.42	28.32	27.78	62.65	39.92	18.03	37.12	67.19	45.18	37.22	48.47	28.79	15.23	20.12	8.54	38.21	35.23	22.02	6.71	31.14	47.42	33.54	26.31	36.72	43.83	51.35	39.46	31.24	48.85	26.17	20.12	19.0	25.5	85.59	22.36	21.19	17.03	24.21	47.17	52.8	38.08	33.84	43.29	64.2	32.28	60.44	11.05	15.26	50.09	36.88	41.05	58.73	66.71	57.87	65.97	37.64	51.16	30.41	62.39	10.63	36.24	40.16	67.18	56.89	39.56	26.4	54.08	57.49	13.6	40.71	57.38	63.6	50.25	21.02	60.93	70.0	66.07	55.22	64.94	78.82	50.16	8.49	53.45	51.35	65.12	34.93	19.21	59.77	56.8	60.02	8.49	8.0	34.41	51.08	53.0	60.93	13.6	11.05	15.56	17.0	6.0	
34.66	25.5	53.85	41.87	16.76	29.53	28.86	41.44	28.64	39.41	42.43	39.85	11.18	40.31	38.91	46.01	31.76	47.8	36.06	21.1	20.4	42.3	30.89	12.65	35.44	44.6	31.78	43.17	30.02	58.01	14.21	55.9	14.21	0.0	37.22	48.76	30.89	43.74	25.63	40.31	26.31	19.0	48.09	21.95	43.05	46.65	45.22	25.5	22.8	34.06	5.0	48.88	26.91	29.55	35.61	27.66	66.48	25.5	67.68	60.93	27.59	36.12	45.49	23.77	41.19	62.01	34.37	31.26	50.0	48.17	33.53	29.15	48.75	35.38	18.79	28.64	56.32	31.38	26.48	36.67	24.84	28.6	19.31	18.79	24.04	30.02	17.69	17.0	26.08	46.01	24.52	15.81	34.21	43.14	40.11	30.41	17.49	35.44	12.04	27.07	12.04	39.45	71.51	12.08	34.89	22.0	25.3	34.01	39.22	26.0	21.1	37.58	55.33	29.73	49.37	10.0	29.07	40.8	33.02	27.73	44.69	52.5	51.62	55.23	34.83	42.58	28.02	53.15	16.28	22.47	27.29	53.04	45.01	34.71	40.31	42.58	45.18	27.8	37.54	43.42	49.41	37.16	8.0	58.6	55.8	52.2	41.68	59.24	65.19	36.69	22.67	47.17	42.72	57.97	31.14	26.17	56.08	44.27	52.0	17.26	20.25	20.25	39.05	38.95	47.43	17.0	24.17	29.73	13.6	18.6	
43.57	46.96	91.07	46.0	28.84	66.73	53.24	78.29	49.24	42.0	34.71	76.56	27.02	47.1	67.03	64.76	19.24	70.71	46.49	30.07	48.01	43.57	59.14	47.51	26.63	63.56	40.8	31.83	64.56	28.07	23.26	73.38	35.0	37.22	0.0	85.96	18.79	75.8	59.41	77.52	16.16	23.02	81.58	43.42	69.07	72.17	82.38	37.48	18.03	54.45	32.65	61.47	12.04	59.41	54.74	64.64	83.22	60.11	79.18	37.85	41.11	11.31	82.68	41.11	42.19	76.16	39.92	15.03	72.84	81.39	9.0	8.06	76.03	72.2	18.6	65.76	53.04	61.4	62.77	42.54	61.22	44.6	53.76	43.27	49.04	18.38	20.88	41.62	18.25	15.03	27.46	52.77	70.18	11.05	75.29	29.15	41.19	66.61	41.23	54.92	48.83	39.05	86.93	49.24	35.01	52.01	58.73	47.54	69.26	61.03	55.66	21.93	44.41	12.37	48.41	43.19	43.01	77.47	15.26	44.41	62.82	73.55	88.84	51.62	12.81	33.97	63.78	44.05	45.45	54.13	60.88	71.57	79.08	71.61	39.12	45.28	78.45	37.36	73.88	60.88	72.69	49.34	44.28	28.16	78.26	67.07	55.66	37.36	76.06	67.48	37.16	84.38	79.62	40.72	67.62	17.09	29.15	51.43	89.0	26.63	41.68	49.65	45.19	66.0	77.1	48.17	30.68	40.26	23.71	39.96	
68.01	54.0	5.83	75.11	61.68	19.24	50.25	9.85	55.08	75.0	81.4	12.08	59.51	72.17	40.79	58.25	77.23	52.24	64.88	62.94	47.1	75.29	41.23	40.52	77.83	57.49	64.9	83.87	27.29	104.06	62.77	64.2	55.79	48.76	85.96	0.0	76.58	31.0	34.01	8.54	74.09	66.13	26.48	54.15	45.4	47.1	6.71	61.22	70.21	53.31	53.34	67.45	75.17	38.48	55.15	22.56	71.06	32.0	79.16	103.59	62.07	83.6	5.39	56.4	74.95	72.17	68.51	78.77	53.08	27.46	81.94	77.9	44.01	17.03	67.54	20.25	87.24	37.7	24.76	69.12	27.29	60.0	36.35	51.35	47.71	75.93	65.73	51.62	72.62	93.41	67.18	33.29	22.36	91.02	20.22	71.51	50.99	34.21	47.42	45.18	37.7	77.06	76.16	36.72	74.33	43.01	35.01	61.29	36.5	28.6	33.3	82.04	92.11	77.42	80.95	44.92	62.01	11.7	79.65	57.14	58.69	57.08	4.12	86.76	82.01	82.01	27.0	89.36	46.53	38.01	31.38	61.29	24.08	17.0	78.06	74.3	27.07	65.28	18.68	59.2	52.09	63.51	41.88	104.8	56.04	66.1	62.97	101.53	78.41	34.93	60.53	3.61	8.54	98.01	22.0	73.74	101.12	71.18	5.83	63.25	54.33	42.8	69.84	42.95	38.05	43.42	66.29	65.07	62.27	54.59	
51.97	50.16	82.13	56.61	32.02	57.98	55.58	67.8	53.08	52.81	17.49	65.8	25.32	56.75	50.99	46.53	1.0	53.04	27.89	14.32	48.27	25.0	43.68	43.38	8.6	45.4	22.36	15.81	51.97	27.59	18.44	54.82	36.22	30.89	18.79	76.58	0.0	61.03	56.36	68.62	25.5	27.29	67.42	46.17	52.24	55.08	74.25	20.1	9.06	37.01	25.94	42.72	10.3	44.6	37.01	57.63	64.51	56.36	60.42	30.36	47.17	9.0	74.25	24.52	23.6	57.38	21.19	28.02	55.08	67.07	24.04	15.62	59.3	65.44	19.1	56.59	35.81	46.49	52.01	23.77	55.47	50.04	50.09	44.55	33.53	1.0	14.32	42.58	5.1	17.46	10.44	43.86	64.9	16.28	62.65	10.44	26.83	51.87	29.21	55.54	42.72	50.7	68.15	41.23	45.88	51.24	55.95	29.27	53.85	49.09	43.83	7.07	29.41	7.07	30.41	39.92	49.16	66.61	4.0	27.07	44.55	55.44	79.98	34.41	7.0	17.0	58.83	28.23	44.64	40.71	47.89	53.15	65.39	64.66	51.08	26.63	64.26	44.55	68.01	42.58	55.04	30.81	35.47	28.28	60.3	48.38	37.11	28.86	57.31	52.5	42.05	75.69	69.2	29.0	61.61	26.4	25.24	32.65	78.6	30.07	44.18	35.78	26.4	49.65	61.19	46.49	37.66	47.52	19.42	42.19	
75.15	62.27	36.12	82.76	60.42	27.8	61.61	22.36	64.66	81.15	59.64	20.62	54.33	80.5	12.04	28.64	61.35	21.59	40.46	46.84	54.71	50.99	17.46	43.83	59.03	28.18	42.72	62.97	14.76	86.31	54.01	33.38	56.61	43.74	75.8	31.0	61.03	0.0	46.69	29.12	69.12	62.51	7.07	60.37	15.23	16.28	34.53	41.63	57.87	27.66	46.17	38.47	63.79	16.49	29.0	34.06	40.11	44.55	48.26	82.42	68.03	69.64	33.38	36.77	51.09	41.3	46.04	74.11	22.2	6.4	75.03	68.36	13.04	36.24	60.0	26.25	60.61	14.56	21.4	45.61	38.18	67.54	44.41	56.8	27.51	60.73	55.23	55.95	58.69	78.43	50.6	30.87	41.34	77.2	11.4	52.8	34.71	9.22	35.01	57.01	38.91	81.93	45.28	34.54	77.79	52.43	47.42	37.01	7.81	18.79	22.8	64.47	67.9	64.54	55.23	46.62	68.88	20.4	64.85	35.36	29.53	26.17	35.01	60.44	67.72	60.46	41.11	65.07	51.88	22.0	16.49	30.59	7.28	35.36	82.87	49.52	4.47	69.64	40.25	30.53	21.21	38.21	35.9	87.21	25.08	36.06	35.61	80.21	47.68	8.54	64.26	33.14	23.19	75.29	38.01	69.18	82.37	44.69	28.44	61.0	59.51	26.17	45.34	14.21	7.28	49.74	67.45	70.77	54.0	58.69	
34.0	20.02	37.22	41.11	31.4	19.72	16.49	31.62	21.1	41.01	67.68	31.38	32.8	38.21	48.55	62.03	57.27	60.42	58.08	46.32	13.6	66.12	42.95	13.0	61.03	60.75	55.04	68.68	32.65	83.01	38.59	71.18	25.0	25.63	59.41	34.01	56.36	46.69	0.0	26.31	44.82	36.88	47.43	20.62	53.85	57.14	28.07	49.16	47.89	51.66	30.46	67.91	51.04	40.25	53.6	13.42	80.95	2.24	85.09	86.54	28.28	60.75	29.02	46.0	65.19	78.55	58.14	48.83	62.27	48.01	53.26	51.74	57.01	17.0	41.23	20.81	80.06	41.18	25.5	60.03	8.6	26.02	6.32	18.38	41.77	55.46	42.54	19.24	51.43	70.46	50.0	19.92	12.37	67.2	37.44	55.79	39.0	42.2	33.02	11.4	15.03	43.19	86.31	19.1	40.79	9.22	1.0	55.23	46.4	29.41	28.64	63.16	80.41	54.38	73.06	16.64	28.07	32.31	58.18	49.09	61.35	65.76	35.13	79.1	59.68	67.91	7.07	78.09	14.42	34.18	33.29	68.03	43.83	17.03	44.18	66.03	45.61	31.78	16.49	60.73	61.4	58.31	24.02	83.53	67.42	69.57	61.19	84.86	83.17	43.6	27.51	31.02	32.28	83.52	12.04	44.2	81.41	66.19	39.2	33.42	21.19	35.9	62.0	49.74	53.08	11.4	34.01	31.26	37.74	21.93	
60.13	46.1	13.6	67.36	53.16	10.82	42.76	7.21	47.38	67.07	74.33	8.54	50.99	64.5	37.0	54.15	69.31	49.09	58.69	55.23	39.0	68.88	35.9	32.02	70.29	53.24	58.18	76.61	21.59	96.18	54.38	61.07	47.3	40.31	77.52	8.54	68.62	29.12	26.31	0.0	65.55	57.58	26.42	46.01	42.05	44.28	6.32	54.08	62.01	47.8	44.94	62.8	66.85	32.98	49.73	14.14	68.88	24.19	76.06	96.21	54.0	75.43	5.83	49.4	68.43	69.07	61.77	70.23	50.25	27.29	73.41	69.46	41.98	9.85	59.06	12.04	81.34	32.56	17.49	62.61	19.03	52.09	28.07	43.1	41.15	67.94	57.43	43.29	64.54	85.28	59.46	25.0	15.65	82.8	17.72	64.03	43.6	30.02	39.62	37.66	29.15	69.0	74.15	28.3	66.12	35.06	27.29	55.15	33.06	21.93	26.08	74.28	85.48	69.2	74.85	36.4	54.04	8.94	71.59	50.54	54.33	54.23	11.4	80.78	73.88	74.89	19.24	82.76	38.21	31.3	25.3	58.03	23.26	9.49	70.0	68.03	26.0	57.08	12.81	54.59	49.25	57.58	33.6	96.9	53.94	62.13	57.72	94.2	75.0	31.0	52.24	7.07	7.07	90.97	14.32	65.19	93.38	65.46	13.0	54.71	46.1	35.85	63.56	39.01	36.4	35.13	57.87	57.0	53.85	46.27	
