140
0.0	65.37	47.1	11.18	22.2	5.1	23.02	65.0	21.59	43.05	14.04	51.01	15.26	57.01	54.45	63.03	65.44	2.0	38.01	42.64	48.6	54.92	30.02	51.74	67.01	11.66	48.05	33.0	35.78	33.84	17.69	56.04	16.12	41.87	57.87	12.08	41.11	56.89	9.0	38.83	64.26	66.4	19.72	50.93	46.52	12.0	69.12	73.57	69.03	43.17	37.58	48.7	40.31	65.25	76.84	63.01	44.15	25.02	46.62	59.48	41.48	66.61	12.17	64.03	16.28	18.38	71.18	56.57	27.02	18.03	65.01	40.8	22.8	42.06	58.86	15.13	58.55	47.38	35.74	38.95	30.68	59.41	54.45	10.44	43.01	46.53	70.8	35.47	14.87	47.07	40.31	27.8	38.21	50.0	58.03	21.84	20.22	59.68	7.81	30.61	7.62	13.0	48.08	54.13	35.11	53.74	66.1	13.04	13.04	74.03	19.24	53.34	49.58	77.94	69.35	11.66	36.4	31.91	46.23	37.64	42.95	66.12	55.11	40.71	58.69	60.53	46.87	41.0	54.45	54.2	33.06	12.37	58.26	57.25	34.0	44.2	45.8	54.82	46.53	64.85	
65.37	0.0	30.68	66.84	45.45	61.59	56.72	7.62	53.15	33.11	72.47	33.54	50.12	25.55	20.25	14.14	10.82	64.41	36.36	30.02	18.25	42.11	56.04	18.11	34.48	53.71	43.17	40.0	54.12	32.65	48.33	30.02	58.73	30.0	42.0	56.08	44.55	42.01	70.21	30.61	9.49	8.94	58.0	20.22	54.12	60.41	18.03	8.49	11.4	26.63	53.23	49.24	52.0	16.16	16.28	33.54	44.27	56.44	30.59	49.0	27.02	41.98	56.4	16.76	56.32	62.94	8.54	18.79	43.14	47.41	33.96	26.91	51.66	23.32	22.02	54.04	40.01	39.29	31.14	55.95	50.48	25.08	39.12	58.31	44.91	40.52	10.0	51.0	51.48	43.42	25.06	41.23	40.71	45.88	34.01	52.17	74.97	23.09	58.14	35.47	61.03	68.12	45.22	21.38	31.24	19.92	44.72	65.95	55.0	14.04	74.28	12.08	20.02	13.6	6.71	66.07	29.73	57.45	21.21	33.14	43.66	37.11	43.1	24.7	17.49	40.11	25.5	57.71	18.97	26.4	38.42	57.01	23.85	51.09	57.04	30.15	20.62	25.5	27.31	51.24	
47.1	30.68	0.0	43.97	25.0	42.19	50.16	25.55	45.69	4.12	49.04	5.66	34.37	43.68	37.11	39.0	38.21	47.01	9.22	36.06	27.2	14.76	53.34	32.02	20.4	37.12	13.0	14.32	24.21	17.0	35.17	9.06	34.79	35.23	16.4	42.76	49.52	15.81	48.51	10.3	23.85	37.48	32.7	33.53	23.54	47.85	24.41	38.48	40.61	8.6	23.02	19.03	21.47	21.26	46.84	16.49	13.6	50.99	40.31	22.36	10.63	22.47	35.36	19.85	45.88	37.58	31.62	37.66	20.1	32.76	18.44	12.04	26.57	19.72	13.04	32.39	15.56	9.0	15.26	25.55	22.2	12.65	12.21	44.55	50.99	10.05	40.26	21.26	37.85	13.04	20.81	35.51	11.4	55.8	12.08	44.78	49.65	13.42	42.11	28.02	40.45	44.6	54.2	10.0	16.64	36.14	23.43	42.38	34.23	44.38	49.19	24.02	31.62	43.86	30.53	43.01	26.17	28.28	28.23	34.71	13.0	20.25	15.65	19.42	38.33	17.03	6.08	60.44	35.9	42.38	14.04	35.51	43.17	23.09	56.3	37.74	26.0	42.06	4.12	26.63	
11.18	66.84	43.97	0.0	21.4	9.0	33.24	65.19	31.0	39.85	5.66	46.87	19.7	62.65	59.08	66.84	68.68	13.0	34.79	48.3	51.74	49.0	40.2	55.61	62.65	16.76	42.0	29.73	27.66	34.21	23.41	52.39	9.22	47.41	52.0	21.0	49.65	51.0	5.1	37.59	64.14	69.31	12.0	55.22	38.33	22.56	67.62	75.29	72.18	42.06	29.61	41.44	32.56	63.98	79.93	58.69	38.0	35.23	52.8	52.47	40.82	61.01	10.63	62.65	26.08	8.54	71.56	61.03	24.6	22.36	60.67	40.5	17.46	43.86	56.65	12.81	53.04	42.19	35.81	30.36	24.0	56.61	49.09	20.1	51.62	41.11	73.54	28.16	21.59	41.0	42.43	34.18	33.54	58.69	53.6	31.02	10.2	57.25	16.0	34.67	7.28	2.0	56.72	52.39	35.61	58.25	60.03	2.24	12.04	77.1	9.22	55.23	53.6	80.06	69.89	1.0	40.0	23.09	49.82	43.38	37.01	61.29	49.01	42.45	63.01	55.04	45.19	51.24	58.82	59.94	30.46	9.9	63.63	49.82	44.28	50.09	48.92	60.42	44.38	57.71	
22.2	45.45	25.0	21.4	0.0	17.46	29.0	43.91	24.76	21.02	27.02	29.27	10.3	43.97	39.4	46.32	47.8	22.02	16.12	30.41	31.06	34.54	34.21	35.36	45.18	12.37	28.18	11.4	21.47	12.81	12.73	34.01	13.6	29.43	37.34	18.79	37.11	36.4	25.06	16.76	42.94	48.27	13.93	35.34	30.48	23.77	47.13	53.91	51.22	21.19	22.47	30.61	24.21	43.32	58.9	41.19	24.7	30.41	35.36	40.31	19.7	45.61	11.18	42.06	23.02	18.36	50.25	41.15	5.39	9.9	43.19	19.24	9.0	22.67	36.67	8.6	37.64	26.57	14.42	25.06	14.76	37.22	33.53	20.25	39.05	26.0	52.4	19.42	14.42	27.29	21.4	19.65	17.46	45.71	36.35	24.08	29.83	37.48	17.26	16.12	16.16	22.67	43.74	32.02	14.21	38.48	45.54	20.52	9.85	56.08	29.07	33.94	33.54	58.73	48.55	20.62	20.25	20.62	29.53	26.08	23.32	44.55	34.93	21.26	42.94	39.56	24.74	43.91	38.91	41.48	11.05	11.66	44.6	38.83	38.01	32.39	28.3	41.76	24.33	45.65	
5.1	61.59	42.19	9.0	17.46	0.0	24.33	60.84	22.0	38.12	13.6	46.0	12.04	54.92	51.86	60.11	62.29	5.83	33.06	40.5	45.34	49.82	31.26	48.8	62.0	8.6	42.95	28.02	30.89	29.55	15.26	51.09	11.4	39.66	52.77	12.0	40.79	51.79	9.43	34.21	60.01	63.13	15.0	48.17	41.59	13.93	64.56	69.89	65.86	38.6	32.65	43.66	35.34	60.73	73.66	58.0	39.05	26.31	44.78	54.41	37.0	61.52	7.07	59.48	17.12	14.42	67.08	53.91	22.09	14.87	60.0	36.4	17.72	38.28	54.13	10.05	53.46	42.3	31.38	34.13	25.63	54.59	49.37	11.18	42.76	41.44	67.48	30.46	13.0	41.98	36.62	25.94	33.14	49.82	53.01	22.02	19.1	54.92	7.0	27.59	2.83	11.0	47.85	49.48	30.87	51.09	61.0	10.2	8.0	70.84	18.11	49.65	46.69	74.4	65.3	9.06	33.24	27.2	43.14	35.51	37.85	61.07	50.01	36.89	55.97	55.44	42.2	42.3	51.74	52.15	28.16	7.28	56.04	52.2	35.36	42.19	42.52	52.7	41.77	59.77	
23.02	56.72	50.16	33.24	29.0	24.33	0.0	59.03	4.47	46.96	37.0	55.46	19.21	40.5	40.31	49.77	53.14	21.02	43.05	27.86	38.47	62.43	7.0	39.56	70.23	19.24	56.61	39.41	49.82	33.24	16.28	58.87	33.62	27.51	65.0	12.65	20.0	64.14	32.02	39.92	59.0	54.71	36.67	37.95	59.41	11.05	66.27	63.79	56.65	43.01	51.09	59.55	53.08	62.29	64.08	66.48	53.41	2.0	30.02	68.82	40.8	72.45	27.31	61.4	7.28	37.95	64.28	42.54	34.06	19.1	68.35	39.56	35.81	36.12	58.46	28.65	64.88	54.38	35.11	53.41	43.28	60.17	60.9	13.15	21.63	54.08	59.14	48.17	15.0	55.8	34.13	16.03	45.8	28.18	62.24	5.39	43.05	59.67	17.46	23.35	26.68	35.23	26.42	53.37	33.84	39.92	72.95	34.53	26.83	61.47	42.05	45.18	37.36	67.05	62.29	33.38	28.02	47.71	35.51	23.77	52.01	70.38	62.97	35.23	44.78	66.65	47.13	18.03	40.85	37.74	38.28	28.23	42.19	67.62	11.05	28.64	36.22	38.59	47.76	74.06	
65.0	7.62	25.55	65.19	43.91	60.84	59.03	0.0	55.15	28.6	70.72	27.51	49.98	32.02	26.08	21.4	18.36	64.26	32.56	33.96	21.38	35.51	59.21	22.85	26.93	53.49	37.34	36.8	49.65	31.3	48.76	23.35	56.61	33.73	35.13	56.75	49.04	35.23	68.96	27.8	2.0	16.55	55.44	25.08	48.47	61.39	10.63	13.34	18.97	23.43	48.55	43.32	47.01	8.54	23.0	26.17	38.91	59.0	35.47	42.11	24.41	34.53	55.07	9.22	57.71	60.44	6.4	25.0	40.8	47.43	26.48	24.7	49.04	23.54	15.13	52.48	33.06	33.62	29.53	51.11	46.75	18.03	32.56	58.94	49.65	34.93	17.26	46.62	51.92	37.7	25.5	43.1	36.4	51.43	27.07	54.15	72.62	16.03	58.19	36.5	59.94	66.29	50.57	15.65	29.97	25.55	37.34	64.07	53.71	21.1	72.01	14.14	24.35	18.68	5.0	64.35	31.14	53.41	24.33	36.22	38.47	29.61	36.5	24.74	24.08	33.0	21.26	62.1	24.7	32.45	35.47	55.57	30.48	44.41	60.67	34.48	23.09	31.62	22.8	44.05	
21.59	53.15	45.69	31.0	24.76	22.0	4.47	55.15	0.0	42.49	35.23	50.99	15.26	38.42	37.59	46.96	50.16	19.65	38.59	25.06	34.93	57.98	9.85	36.4	65.79	15.81	52.2	35.0	45.8	28.79	12.04	54.42	30.36	24.6	60.54	10.0	19.7	59.68	30.41	35.47	55.04	51.62	33.24	34.93	55.23	10.3	62.13	60.44	53.71	38.6	47.01	55.23	48.92	58.14	61.27	62.03	49.04	5.66	27.8	64.4	36.4	67.98	24.04	57.22	5.39	34.93	60.53	39.82	29.73	14.87	63.91	35.17	31.91	32.02	54.13	25.08	60.42	49.93	30.68	49.41	39.2	55.79	56.44	11.18	21.54	49.65	56.08	44.05	11.18	51.4	30.02	12.04	41.4	28.46	57.78	1.0	41.05	55.32	15.0	19.1	24.08	33.0	26.57	49.03	29.41	37.12	68.48	32.06	23.41	58.6	40.05	41.44	34.18	63.91	58.55	31.02	24.02	43.91	32.02	20.62	47.63	65.92	58.52	31.06	42.06	62.18	42.72	20.62	38.01	35.61	33.84	25.0	40.0	63.25	13.93	26.08	32.56	36.4	43.32	69.63	
43.05	33.11	4.12	39.85	21.02	38.12	46.96	28.6	42.49	0.0	44.94	8.54	30.59	43.74	37.34	40.2	39.81	43.0	5.1	34.89	27.29	16.28	50.48	32.25	24.19	33.24	12.65	10.2	21.1	14.21	31.62	13.0	30.68	34.0	18.44	39.05	47.63	17.69	44.38	7.81	27.02	39.29	28.64	33.54	22.02	44.15	28.3	41.18	42.45	8.06	20.12	18.25	18.97	25.0	49.04	20.22	12.0	47.89	39.4	23.6	9.49	25.5	31.26	23.6	42.38	33.54	34.83	38.12	16.03	29.12	22.2	10.77	22.47	18.97	17.0	28.28	18.03	8.94	12.73	22.85	18.44	16.76	14.21	40.79	49.2	9.49	42.38	18.03	34.21	12.37	19.7	32.8	7.81	54.38	15.52	41.59	45.65	17.46	38.21	25.5	36.35	40.5	52.7	13.45	14.14	36.35	26.08	38.28	30.15	46.49	45.18	25.18	31.58	46.53	33.6	38.9	24.41	24.84	27.89	33.02	11.05	23.77	17.03	18.38	39.01	19.72	7.62	58.05	36.22	42.2	10.0	31.4	43.42	23.71	53.6	36.67	25.71	41.98	5.83	28.32	
14.04	72.47	49.04	5.66	27.02	13.6	37.0	70.72	35.23	44.94	0.0	51.66	25.06	68.1	64.64	72.47	74.33	16.03	39.92	53.71	57.38	53.15	44.0	61.22	67.27	21.93	46.17	34.93	31.06	39.82	28.64	57.28	14.32	52.84	56.14	25.32	54.34	55.15	5.1	43.05	69.64	74.97	16.49	60.8	41.44	26.02	72.92	80.92	77.83	47.51	33.06	45.04	36.06	69.32	85.59	63.35	42.19	39.0	58.14	56.08	46.32	65.19	16.28	67.98	30.07	12.04	77.1	66.61	30.02	27.78	65.31	46.04	22.47	49.52	61.85	18.44	57.31	46.69	41.4	33.38	28.28	61.68	53.46	24.08	56.29	45.54	79.2	32.02	26.57	45.18	48.08	39.4	38.33	63.35	58.25	35.36	6.32	62.39	20.4	40.22	12.53	4.47	61.39	57.7	41.23	63.82	64.03	6.71	17.69	82.76	5.39	60.88	59.2	85.7	75.45	6.4	45.61	26.17	55.44	48.76	41.3	65.76	53.08	48.1	68.6	59.3	50.54	55.01	64.4	65.37	35.78	15.56	69.12	53.24	48.01	55.47	54.56	65.86	49.66	61.2	
51.01	33.54	5.66	46.87	29.27	46.0	55.46	27.51	50.99	8.54	51.66	0.0	39.05	48.7	42.06	43.19	42.0	51.09	13.15	41.62	32.31	9.49	58.83	37.0	16.0	41.59	9.85	18.03	24.21	22.47	40.16	5.83	37.66	40.8	10.82	47.54	55.17	10.3	51.62	15.81	25.63	41.05	35.17	38.63	21.02	52.63	24.08	40.8	44.1	14.21	22.67	15.81	20.52	21.63	49.82	12.0	12.04	56.36	45.79	17.09	16.28	17.0	39.01	20.25	50.92	39.85	33.11	42.45	24.08	37.64	14.0	17.69	29.43	25.24	13.04	36.01	9.9	6.4	20.81	24.76	23.77	11.31	6.71	49.24	56.64	7.81	43.42	21.63	42.72	10.3	26.4	41.05	13.34	61.4	7.07	50.09	51.62	12.81	46.53	33.6	44.05	47.3	59.82	12.17	22.2	41.11	17.8	45.12	38.0	47.52	51.26	28.44	36.77	46.17	32.31	45.89	31.83	28.84	33.54	40.36	12.04	15.3	10.44	25.0	42.95	11.4	11.18	66.07	40.8	47.54	18.25	39.05	48.08	18.25	61.85	43.27	31.3	47.17	9.43	21.1	
15.26	50.12	34.37	19.7	10.3	12.04	19.21	49.98	15.26	30.59	25.06	39.05	0.0	43.05	39.82	48.08	50.33	14.32	25.96	28.65	33.42	44.78	25.06	36.77	54.74	3.61	38.47	21.54	30.61	19.24	4.0	43.42	16.03	27.78	47.54	8.54	31.0	46.62	21.4	25.0	49.34	51.22	18.44	36.12	40.31	13.6	54.74	58.31	53.91	29.07	31.89	40.8	33.94	50.8	61.72	50.8	34.99	20.81	33.11	50.61	27.17	55.66	10.05	49.65	12.81	21.0	56.08	41.87	15.65	2.83	52.77	26.31	16.64	26.83	45.04	10.2	47.76	36.77	21.21	34.21	24.08	46.01	43.66	10.2	33.0	36.25	55.61	29.0	4.24	37.59	25.06	14.56	27.73	40.01	46.1	14.76	29.73	46.01	8.25	15.56	12.53	21.54	38.01	40.11	20.4	39.05	55.71	19.92	9.0	58.9	28.79	38.08	34.66	62.68	54.23	19.31	21.26	28.65	31.14	23.71	33.62	54.34	45.19	25.5	43.93	49.65	33.02	35.47	39.7	40.31	20.88	11.05	44.1	49.09	29.07	30.41	30.61	40.82	33.02	55.95	
57.01	25.55	43.68	62.65	43.97	54.92	40.5	32.02	38.42	43.74	68.1	48.7	43.05	0.0	6.71	12.37	16.49	55.44	44.1	14.42	16.49	58.19	37.16	11.7	56.04	46.32	56.29	45.04	61.07	34.13	39.66	47.85	57.01	15.26	59.24	45.34	22.8	58.87	64.35	37.12	33.3	18.68	57.87	10.2	65.38	48.1	42.52	28.86	19.1	35.69	61.01	61.98	61.03	39.6	25.18	53.85	55.58	39.45	10.63	65.79	34.37	62.27	52.33	39.62	43.19	62.03	34.0	7.07	44.72	40.31	54.92	33.24	52.63	25.08	41.88	51.08	57.78	52.39	34.01	64.01	55.33	44.94	55.36	47.42	22.36	53.15	22.2	58.03	42.2	56.09	25.0	29.21	49.09	21.21	52.33	37.64	72.45	43.27	49.2	28.23	55.57	64.41	21.02	38.47	33.06	7.62	64.41	62.61	50.99	23.02	71.55	21.1	12.17	30.07	32.25	62.18	23.77	62.51	16.03	19.42	54.45	57.98	59.14	26.02	8.06	58.6	37.64	35.23	8.06	2.83	43.05	53.23	2.0	66.76	36.69	12.81	18.11	2.24	39.56	69.46	
54.45	20.25	37.11	59.08	39.4	51.86	40.31	26.08	37.59	37.34	64.64	42.06	39.82	6.71	0.0	9.49	13.15	53.04	38.0	12.53	10.05	51.55	38.08	5.1	49.41	43.28	49.82	39.32	55.33	28.64	36.8	41.15	52.77	13.04	52.55	43.28	25.0	52.2	61.22	31.0	27.2	15.03	53.31	4.12	59.14	46.62	36.4	25.02	16.49	29.27	55.15	55.58	55.01	33.3	23.77	47.17	49.25	39.56	11.05	59.14	28.07	55.57	48.55	33.24	41.88	57.7	28.79	2.24	39.56	37.01	48.26	27.02	47.76	19.03	35.23	47.01	51.08	45.89	28.28	58.14	49.82	38.28	48.7	45.45	25.08	46.69	19.24	52.24	39.6	49.65	19.24	27.02	43.0	25.63	45.62	36.72	68.6	36.62	46.67	24.41	52.2	60.75	25.0	31.76	27.46	1.0	57.71	58.83	47.17	21.19	67.74	14.42	6.08	27.29	26.93	58.52	19.24	57.07	10.2	17.2	48.17	51.31	52.5	20.1	4.47	51.89	31.05	38.05	1.41	6.4	37.34	49.4	6.08	60.17	38.33	11.7	12.04	5.66	32.98	62.77	
63.03	14.14	39.0	66.84	46.32	60.11	49.77	21.4	46.96	40.2	72.47	43.19	48.08	12.37	9.49	0.0	4.12	61.72	41.98	21.93	15.26	52.47	47.54	11.31	47.42	51.62	52.0	44.27	59.91	34.44	45.34	41.0	59.91	22.36	52.95	52.2	34.13	52.77	69.35	35.17	23.02	6.32	60.03	12.21	62.2	55.76	32.02	16.49	7.07	32.39	59.44	58.01	58.86	29.68	14.32	45.88	52.15	49.04	20.4	59.84	31.78	54.42	56.22	30.02	51.11	64.66	22.2	7.28	45.62	45.25	46.62	31.05	54.12	24.17	33.84	54.41	51.2	48.0	33.62	62.37	55.03	37.0	49.5	54.41	34.01	49.01	10.0	56.75	48.27	52.01	25.06	36.06	46.87	33.54	45.35	46.07	76.03	35.11	55.32	32.53	60.21	68.41	33.24	31.58	33.11	9.85	56.92	66.4	54.82	11.7	75.21	15.03	13.45	18.03	20.62	66.22	26.91	62.3	17.03	26.42	51.24	49.77	53.46	25.5	5.1	51.66	33.02	47.01	8.94	14.04	42.38	57.01	10.44	61.4	47.68	21.19	18.03	13.04	35.01	62.82	
65.44	10.82	38.21	68.68	47.8	62.29	53.14	18.36	50.16	39.81	74.33	42.0	50.33	16.49	13.15	4.12	0.0	64.2	42.06	25.3	16.97	51.09	51.2	13.89	44.94	53.91	51.16	44.78	60.08	35.51	47.8	39.32	61.4	25.63	51.35	54.92	38.05	51.24	71.42	35.47	20.12	2.24	61.29	15.23	61.66	58.67	28.84	12.37	3.61	32.28	59.48	57.22	58.69	26.83	11.4	43.68	51.62	52.5	24.19	58.31	31.95	52.2	58.05	27.31	54.12	66.03	18.44	11.05	46.65	47.51	44.27	31.38	55.23	25.24	31.78	56.08	49.5	47.17	34.48	62.36	55.54	34.93	48.09	57.14	38.0	48.26	6.08	56.92	50.8	51.24	26.4	38.95	46.84	37.66	43.57	49.24	77.62	32.98	57.8	34.83	62.23	70.18	37.34	30.07	34.13	13.34	54.82	68.12	56.64	8.6	76.84	14.87	16.12	14.14	16.97	68.01	29.07	62.77	19.21	29.55	50.8	47.43	52.09	26.63	9.0	49.82	32.39	51.0	12.37	18.11	42.95	58.8	14.56	60.07	51.48	24.74	19.8	17.12	34.37	61.0	
2.0	64.41	47.01	13.0	22.02	5.83	21.02	64.26	19.65	43.0	16.03	51.09	14.32	55.44	53.04	61.72	64.2	0.0	38.01	41.11	47.43	55.32	28.02	50.45	67.07	10.77	48.51	33.06	36.72	33.24	16.4	56.0	17.2	40.36	58.25	10.3	39.22	57.27	11.0	38.47	63.57	65.22	20.81	49.58	47.41	10.0	68.66	72.56	67.8	42.76	38.47	49.4	41.15	64.76	75.6	63.07	44.64	23.02	45.0	60.08	41.0	66.91	12.65	63.56	14.32	19.85	70.38	55.17	27.02	17.0	65.07	40.26	23.41	41.15	58.55	15.52	58.86	47.68	35.17	39.96	31.38	59.21	54.74	8.54	41.11	46.87	69.63	36.25	13.45	47.54	39.36	26.25	38.47	48.08	58.14	19.92	22.2	59.41	6.4	29.41	8.6	14.87	46.17	53.76	34.48	52.35	66.49	14.76	13.34	72.8	21.21	52.35	48.27	76.85	68.54	13.42	35.23	33.02	45.0	36.12	43.42	66.27	55.54	39.81	57.31	60.83	46.53	39.0	53.08	52.63	33.0	13.0	56.73	57.94	32.0	42.64	44.65	53.26	46.27	65.46	
38.01	36.36	9.22	34.79	16.12	33.06	43.05	32.56	38.59	5.1	39.92	13.15	25.96	44.1	38.0	41.98	42.06	38.01	0.0	33.84	28.02	19.42	47.01	33.02	29.07	28.44	14.21	5.1	18.03	11.66	27.31	18.03	25.63	32.89	21.95	34.48	45.49	21.1	39.29	7.0	31.11	41.79	23.71	34.01	21.38	39.56	33.12	44.65	44.94	9.85	17.46	18.79	17.03	29.68	51.89	25.08	12.08	44.1	38.6	26.17	10.2	29.73	26.17	28.3	38.08	28.65	38.9	39.05	11.0	24.7	27.07	11.05	17.46	19.03	21.93	23.19	21.93	11.4	10.77	20.4	14.21	21.84	17.89	36.14	47.17	11.31	45.19	14.87	29.73	13.6	19.24	29.7	5.0	52.77	20.22	37.74	40.82	22.47	33.38	22.8	31.26	35.47	51.0	18.03	12.08	37.0	29.97	33.24	25.08	49.24	40.31	27.2	32.02	49.93	37.54	33.84	22.85	21.1	28.07	31.3	10.77	28.44	20.0	18.11	40.2	23.77	11.31	55.17	37.01	42.3	5.1	26.31	44.01	25.61	50.33	35.74	26.02	42.19	10.0	31.24	
42.64	30.02	36.06	48.3	30.41	40.5	27.86	33.96	25.06	34.89	53.71	41.62	28.65	14.42	12.53	21.93	25.3	41.11	33.84	0.0	12.65	50.77	26.17	12.04	52.5	31.91	47.42	33.54	49.25	22.56	25.24	42.45	43.01	1.0	52.43	31.11	15.23	51.87	49.93	27.31	34.48	26.93	44.15	10.2	55.08	34.21	43.08	36.35	28.79	27.46	49.5	52.55	50.01	39.4	36.25	49.52	45.88	27.2	5.0	58.31	25.55	57.31	38.08	38.91	29.41	48.08	38.21	14.76	32.0	25.94	50.99	24.19	39.32	16.4	38.6	37.0	51.4	43.83	23.09	52.47	43.05	41.23	48.26	33.24	16.12	44.28	31.32	46.39	27.8	47.01	15.26	14.87	38.6	19.85	46.75	24.19	58.18	40.0	34.83	14.32	41.18	50.09	18.38	34.06	21.84	12.08	58.9	48.33	36.77	33.62	57.27	19.92	10.0	39.29	36.22	47.85	11.18	50.0	9.85	5.0	44.6	53.76	51.62	16.64	17.0	52.63	30.61	28.16	13.0	11.66	31.58	39.0	15.62	58.59	27.02	2.0	11.66	12.21	32.2	62.68	
48.6	18.25	27.2	51.74	31.06	45.34	38.47	21.38	34.93	27.29	57.38	32.31	33.42	16.49	10.05	15.26	16.97	47.43	28.02	12.65	0.0	41.79	38.01	5.0	41.04	37.01	39.81	29.61	45.54	19.31	31.06	31.91	44.65	12.37	42.95	38.47	27.86	42.54	54.45	21.02	21.84	17.8	44.78	6.32	49.09	42.54	30.46	25.63	20.52	19.24	45.28	45.54	45.04	26.83	28.32	38.42	39.2	38.21	15.0	49.4	18.03	46.62	41.11	26.42	38.28	49.4	26.0	11.05	30.46	30.61	39.7	17.0	38.91	9.22	26.87	39.2	41.59	35.9	18.68	48.26	40.26	29.73	39.0	40.71	28.64	36.67	22.2	42.43	34.13	39.62	9.85	23.09	33.02	31.4	36.36	33.96	60.8	28.28	41.05	18.03	45.25	53.26	30.23	22.8	18.03	9.06	48.55	51.22	39.7	25.5	60.0	7.28	4.47	29.53	24.0	51.09	12.21	47.54	3.0	15.0	38.12	42.64	42.72	10.44	12.37	42.54	21.19	40.8	9.0	15.23	27.66	41.87	16.12	50.29	39.32	13.42	2.83	14.87	23.09	53.23	
54.92	42.11	14.76	49.0	34.54	49.82	62.43	35.51	57.98	16.28	53.15	9.49	44.78	58.19	51.55	52.47	51.09	55.32	19.42	50.77	41.79	0.0	66.4	46.49	15.81	46.82	7.0	23.26	22.8	30.41	46.53	12.17	40.05	49.93	3.0	53.31	63.89	2.0	54.01	24.08	33.54	50.01	37.0	48.1	15.62	58.31	29.97	48.84	53.0	23.32	20.88	10.0	18.03	28.46	58.31	12.73	11.0	63.51	55.07	7.62	25.24	12.04	42.76	27.2	57.25	41.11	40.52	51.92	29.15	43.83	14.21	26.63	32.25	34.48	20.4	39.81	4.47	8.06	29.0	21.93	25.0	17.72	3.0	54.78	65.44	8.54	52.09	21.21	48.75	8.0	35.51	48.92	17.09	70.46	8.94	57.14	51.97	19.65	51.55	41.73	47.52	49.04	68.82	21.02	30.41	50.6	11.18	47.01	41.98	56.14	51.79	37.85	46.24	54.13	40.02	48.0	40.61	27.89	42.95	49.2	12.04	13.42	1.0	34.13	52.39	6.32	20.62	74.28	50.29	57.01	24.19	42.58	57.57	9.0	69.66	52.48	40.72	56.65	18.79	12.04	
30.02	56.04	53.34	40.2	34.21	31.26	7.0	59.21	9.85	50.48	44.0	58.83	25.06	37.16	38.08	47.54	51.2	28.02	47.01	26.17	38.01	66.4	0.0	38.21	72.92	25.63	60.96	43.86	55.47	36.36	21.63	61.72	40.16	26.08	68.82	19.42	15.0	68.01	39.01	43.05	59.41	52.95	43.08	36.35	64.66	18.03	67.27	62.51	54.57	45.62	56.61	64.35	58.41	63.35	61.68	69.32	58.0	5.0	27.2	73.11	43.38	75.8	33.84	62.59	14.14	44.64	64.01	40.26	38.95	24.41	71.11	42.05	41.68	37.36	60.41	34.93	68.51	58.41	38.08	59.08	48.83	62.39	64.64	20.1	16.28	58.26	57.27	53.6	21.02	60.21	35.44	17.89	50.25	22.2	65.37	10.3	50.04	61.68	24.33	25.5	33.54	42.19	20.62	55.36	36.72	37.85	76.55	41.44	33.24	59.2	49.04	45.1	36.12	65.31	62.01	40.31	29.12	53.71	35.01	23.02	56.59	73.36	67.01	36.69	42.45	70.18	49.66	11.05	38.83	34.54	42.52	34.79	39.0	72.18	4.12	26.48	36.12	35.47	50.54	78.24	
51.74	18.11	32.02	55.61	35.36	48.8	39.56	22.85	36.4	32.25	61.22	37.0	36.77	11.7	5.1	11.31	13.89	50.45	33.02	12.04	5.0	46.49	38.21	0.0	44.82	40.31	44.72	34.53	50.49	24.04	34.06	36.24	48.88	12.17	47.54	41.05	26.48	47.17	58.05	26.02	23.71	15.23	49.19	2.24	54.08	44.78	32.76	24.33	17.49	24.19	50.25	50.49	50.04	29.41	25.24	42.44	44.18	39.05	12.65	54.08	23.02	50.77	45.0	29.21	40.25	53.71	26.48	6.08	35.11	33.94	43.6	22.0	43.46	14.14	30.61	43.27	46.1	40.79	23.54	53.24	45.12	33.6	43.66	43.27	26.93	41.59	19.7	47.38	37.01	44.55	14.56	25.06	38.01	28.65	40.71	35.47	64.9	32.02	44.05	21.21	48.92	57.2	27.73	26.93	22.8	4.12	52.84	55.22	43.6	22.47	64.07	9.9	2.24	27.51	24.52	55.0	15.62	52.39	5.83	15.81	43.1	46.62	47.43	15.3	7.62	46.96	25.96	39.62	4.0	10.82	32.56	45.8	11.18	55.08	39.0	12.04	7.28	10.3	27.89	57.78	
67.01	34.48	20.4	62.65	45.18	62.0	70.23	26.93	65.79	24.19	67.27	16.0	54.74	56.04	49.41	47.42	44.94	67.07	29.07	52.5	41.04	15.81	72.92	44.82	0.0	57.43	21.93	34.01	38.08	37.0	55.54	11.4	53.46	51.86	13.45	63.15	67.2	14.21	67.48	30.36	25.0	43.32	50.8	46.86	31.4	68.25	18.0	39.2	45.88	27.31	36.25	25.81	33.54	18.44	49.5	4.0	25.63	70.94	55.87	18.87	29.55	8.06	55.01	17.72	66.22	55.32	30.07	49.09	40.05	53.15	2.0	30.87	45.28	36.62	14.21	52.01	11.4	20.62	35.11	37.59	39.05	11.31	14.32	64.94	68.41	21.84	44.15	36.06	58.25	22.85	38.28	55.04	29.15	72.18	9.06	64.85	66.76	12.81	62.39	47.42	60.03	62.97	70.84	18.44	36.4	48.6	11.18	60.83	54.0	47.85	66.48	35.0	45.34	44.05	30.27	61.66	44.42	43.08	43.14	52.43	26.25	3.16	16.4	36.89	48.88	9.9	23.26	79.08	48.01	55.61	34.13	55.04	54.92	22.2	75.59	53.81	41.04	55.0	22.47	18.68	
11.66	53.71	37.12	16.76	12.37	8.6	19.24	53.49	15.81	33.24	21.93	41.59	3.61	46.32	43.28	51.62	53.91	10.77	28.44	31.91	37.01	46.82	25.63	40.31	57.43	0.0	40.31	23.77	31.11	22.56	6.71	46.17	14.56	31.06	49.65	7.07	33.14	48.7	18.03	28.07	52.81	54.82	17.46	39.62	41.23	11.66	58.05	61.91	57.49	32.25	32.56	42.19	34.83	54.13	65.3	53.46	36.67	21.02	36.24	52.33	30.41	57.97	8.25	52.95	12.21	19.24	59.62	45.34	17.72	6.4	55.44	29.61	16.97	30.41	48.17	9.43	50.0	38.9	24.52	34.66	24.84	49.01	45.88	8.06	35.13	38.28	59.2	29.83	5.0	39.4	28.65	17.46	29.73	42.19	48.66	15.52	26.93	49.09	5.0	19.1	9.49	18.68	40.2	43.29	23.77	42.52	57.87	17.26	7.62	62.48	25.96	41.68	38.18	66.29	57.78	16.49	24.84	28.6	34.71	26.93	35.34	56.89	47.17	29.07	47.42	51.92	36.12	36.4	43.19	43.57	23.35	9.22	47.43	50.61	29.73	33.62	34.21	44.1	36.01	57.7	
48.05	43.17	13.0	42.0	28.18	42.95	56.61	37.34	52.2	12.65	46.17	9.85	38.47	56.29	49.82	52.0	51.16	48.51	14.21	47.42	39.81	7.0	60.96	44.72	21.93	40.31	0.0	17.2	16.16	25.81	40.5	15.0	33.06	46.52	10.0	46.96	59.64	9.0	47.01	20.12	35.47	50.36	30.0	46.1	11.18	51.89	33.6	50.6	53.46	20.62	14.32	6.08	11.66	31.38	59.44	18.36	4.0	57.8	52.0	12.21	22.14	19.03	35.9	30.02	51.11	34.13	42.95	50.49	22.83	37.74	20.12	23.41	25.32	31.62	22.83	32.98	11.18	4.0	24.7	15.81	18.0	20.81	7.62	48.33	61.29	3.16	52.95	14.32	42.54	1.0	32.31	43.86	10.82	66.73	13.6	51.4	45.12	22.47	44.94	37.01	40.61	42.05	65.0	21.84	26.08	48.84	18.11	40.01	35.17	57.07	44.91	37.01	44.15	55.97	42.15	41.0	36.72	21.19	40.52	45.28	5.1	19.92	7.07	31.02	51.24	13.15	19.03	69.35	48.66	54.82	18.44	35.69	55.9	11.4	64.38	49.24	38.33	54.57	17.03	17.49	
33.0	40.0	14.32	29.73	11.4	28.02	39.41	36.8	35.0	10.2	34.93	18.03	21.54	45.04	39.32	44.27	44.78	33.06	5.1	33.54	29.61	23.26	43.86	34.53	34.01	23.77	17.2	0.0	16.03	11.05	23.32	23.09	20.62	32.56	26.0	30.08	43.83	25.08	34.21	9.43	35.47	44.72	18.87	35.23	21.93	35.11	38.01	48.41	47.85	13.45	16.03	20.62	16.49	34.48	55.07	30.02	14.14	40.61	38.47	29.41	13.04	34.21	21.1	33.12	34.0	23.85	43.19	40.61	6.08	20.59	32.02	13.42	12.53	20.4	26.93	18.11	26.25	15.23	11.05	19.03	10.77	26.93	22.14	31.62	45.62	14.76	48.37	13.0	25.5	16.4	20.1	27.2	6.4	51.62	25.08	34.21	36.06	27.51	28.64	21.02	26.17	30.46	49.77	22.83	12.0	38.33	34.18	28.23	20.02	52.35	35.51	29.97	33.24	53.6	41.73	28.79	22.36	18.03	29.15	30.36	12.73	33.24	23.71	19.24	41.98	28.16	15.81	52.63	38.47	43.0	2.0	21.21	45.18	28.32	47.38	35.51	27.29	43.01	14.76	34.67	
35.78	54.12	24.21	27.66	21.47	30.89	49.82	49.65	45.8	21.1	31.06	24.21	30.61	61.07	55.33	59.91	60.08	36.72	18.03	49.25	45.54	22.8	55.47	50.49	38.08	31.11	16.16	16.03	0.0	27.0	33.84	30.0	19.7	48.26	25.71	38.18	58.19	24.74	32.76	24.74	48.01	59.81	16.16	51.24	10.77	42.52	48.1	62.27	62.97	27.86	2.0	14.0	5.0	45.28	69.86	34.44	12.53	51.4	54.23	25.02	28.16	34.71	24.41	43.86	43.19	19.24	55.8	56.57	17.72	31.06	36.25	28.86	14.14	36.35	36.77	22.02	27.2	18.03	27.07	3.61	6.71	35.47	23.77	38.95	60.08	16.64	63.16	3.16	34.83	15.23	36.12	40.85	13.42	66.48	29.53	45.22	29.27	36.8	34.83	35.9	28.18	27.29	64.56	34.21	28.02	54.33	33.24	25.5	24.21	67.23	29.15	45.22	49.25	67.6	54.64	26.68	38.12	5.1	45.18	45.71	12.21	36.06	22.56	35.23	57.87	29.12	28.65	65.37	54.45	59.01	18.03	23.85	61.2	22.2	59.36	51.24	43.29	59.03	26.93	30.15	
33.84	32.65	17.0	34.21	12.81	29.55	33.24	31.3	28.79	14.21	39.82	22.47	19.24	34.13	28.64	34.44	35.51	33.24	11.66	22.56	19.31	30.41	36.36	24.04	37.0	22.56	25.81	11.05	27.0	0.0	19.03	25.63	26.17	21.59	32.65	27.0	33.84	31.89	37.74	6.71	30.46	35.81	25.81	24.52	32.57	32.02	35.51	41.11	38.83	10.05	27.07	30.41	27.46	31.58	46.4	33.24	23.71	34.01	27.46	37.54	8.0	39.45	23.85	30.41	29.43	30.61	37.59	30.08	11.18	17.03	35.11	7.07	19.72	10.3	26.02	21.4	32.2	22.67	2.0	30.07	21.21	27.29	28.43	29.02	35.51	22.8	39.82	24.02	22.0	25.24	9.49	18.6	16.16	41.15	29.07	27.86	42.45	27.07	27.46	11.31	28.65	35.47	39.36	21.0	1.41	27.66	40.22	33.3	22.47	43.6	41.73	21.26	22.56	45.97	35.85	33.42	11.4	28.44	18.44	19.7	22.36	37.16	31.11	8.94	31.62	33.84	14.14	43.86	27.89	32.02	9.06	24.41	34.37	37.2	39.41	24.52	16.76	32.06	14.56	42.43	
17.69	48.33	35.17	23.41	12.73	15.26	16.28	48.76	12.04	31.62	28.64	40.16	4.0	39.66	36.8	45.34	47.8	16.4	27.31	25.24	31.06	46.53	21.63	34.06	55.54	6.71	40.5	23.32	33.84	19.03	0.0	44.15	20.02	24.41	49.19	8.06	27.0	48.3	24.7	25.32	48.27	48.83	22.36	33.24	43.19	13.0	54.23	56.36	51.4	29.07	35.0	43.28	36.88	50.25	59.2	51.66	37.2	17.69	29.53	52.7	27.02	57.01	14.04	49.16	10.77	25.0	54.71	38.9	17.8	2.83	53.6	26.0	20.12	25.3	45.04	14.14	49.24	38.47	21.02	37.44	27.2	46.27	45.19	10.2	29.0	38.08	53.25	32.02	3.16	39.66	23.41	10.77	29.68	36.01	47.13	11.4	33.53	46.1	10.0	13.04	16.16	25.3	34.01	40.01	20.0	36.07	57.27	23.77	13.0	56.4	32.57	36.25	31.89	60.54	52.81	23.09	18.87	32.2	28.6	20.25	35.81	55.36	47.01	24.04	41.01	51.08	33.14	31.78	36.77	36.89	22.36	15.03	40.8	51.4	25.55	26.93	28.3	37.44	33.38	57.98	
56.04	30.02	9.06	52.39	34.01	51.09	58.87	23.35	54.42	13.0	57.28	5.83	43.42	47.85	41.15	41.0	39.32	56.0	18.03	42.45	31.91	12.17	61.72	36.24	11.4	46.17	15.0	23.09	30.0	25.63	44.15	0.0	43.17	41.73	12.04	51.79	56.73	12.0	57.07	18.97	21.38	38.12	40.8	38.08	26.08	56.89	18.6	36.67	41.05	16.12	28.43	20.59	26.17	16.55	46.17	7.62	17.69	59.62	46.23	19.03	18.36	14.87	44.18	15.23	54.82	45.54	28.46	41.23	29.02	41.77	9.49	19.72	34.93	26.17	8.25	41.19	10.2	12.04	23.77	30.41	29.55	5.83	9.22	53.6	58.05	13.45	40.01	27.46	46.87	15.62	27.66	43.83	18.97	62.29	4.47	53.49	57.38	7.62	51.16	36.24	49.25	52.89	60.83	9.49	25.08	40.25	16.64	50.7	43.1	44.05	57.01	26.93	36.36	41.98	27.89	51.42	33.6	34.67	33.6	41.87	17.8	11.66	13.15	26.25	41.44	10.77	12.21	68.24	39.81	47.01	23.0	44.28	47.01	21.1	64.5	43.93	31.4	46.53	11.18	21.84	
16.12	58.73	34.79	9.22	13.6	11.4	33.62	56.61	30.36	30.68	14.32	37.66	16.03	57.01	52.77	59.91	61.4	17.2	25.63	43.01	44.65	40.05	40.16	48.88	53.46	14.56	33.06	20.62	19.7	26.17	20.02	43.17	0.0	42.06	43.05	21.02	47.01	42.05	14.04	28.84	55.47	61.85	3.61	48.76	30.46	24.41	58.6	67.21	64.82	33.29	21.54	32.98	24.35	55.01	72.47	49.5	29.07	35.47	47.8	43.93	32.2	52.01	6.32	53.67	26.4	5.1	63.01	54.59	15.81	18.03	51.48	32.02	8.25	36.24	47.54	6.08	44.0	33.06	27.59	22.83	15.13	47.43	40.01	21.1	49.01	32.02	65.95	19.65	19.42	32.06	35.0	30.15	24.33	56.0	44.41	30.08	16.28	48.1	16.64	28.79	8.6	9.85	54.0	43.38	27.59	51.88	51.16	7.62	7.07	69.66	15.56	47.42	47.01	72.12	61.4	8.25	33.54	15.81	43.05	38.33	28.02	52.15	40.11	34.83	56.44	46.0	36.24	50.96	52.35	54.42	21.47	5.39	57.78	41.48	44.27	44.92	41.88	54.78	35.34	49.24	
41.87	30.0	35.23	47.41	29.43	39.66	27.51	33.73	24.6	34.0	52.84	40.8	27.78	15.26	13.04	22.36	25.63	40.36	32.89	1.0	12.37	49.93	26.08	12.17	51.86	31.06	46.52	32.56	48.26	21.59	24.41	41.73	42.06	0.0	51.61	30.41	15.65	51.04	49.09	26.4	34.21	27.2	43.17	10.44	54.12	33.6	42.72	36.5	29.15	26.63	48.51	51.62	49.03	39.0	36.67	48.84	44.94	26.93	6.0	57.45	24.7	56.59	37.16	38.48	28.84	47.13	38.12	15.26	31.0	25.06	50.33	23.32	38.33	15.62	38.01	36.06	50.61	42.94	22.14	51.48	42.05	40.61	47.43	32.56	16.64	43.38	31.62	45.4	27.02	46.1	14.42	14.14	37.64	20.62	46.01	23.71	57.27	39.41	34.06	13.34	40.31	49.19	19.1	33.42	20.88	12.53	58.14	47.42	35.85	34.01	56.36	19.65	10.05	39.56	36.12	46.96	10.2	49.0	9.49	4.24	43.66	53.08	50.77	15.81	17.49	51.86	29.83	28.46	13.42	12.53	30.59	38.08	16.4	57.71	27.07	3.0	11.18	13.04	31.4	61.85	
57.87	42.0	16.4	52.0	37.34	52.77	65.0	35.13	60.54	18.44	56.14	10.82	47.54	59.24	52.55	52.95	51.35	58.25	21.95	52.43	42.95	3.0	68.82	47.54	13.45	49.65	10.0	26.0	25.71	32.65	49.19	12.04	43.05	51.61	0.0	56.08	65.86	1.0	57.01	26.17	33.14	50.16	40.0	49.24	18.03	61.1	28.79	48.37	53.08	25.0	23.77	12.53	20.88	27.66	58.08	10.82	14.0	66.04	56.6	7.0	27.02	9.06	45.71	26.48	59.93	44.1	39.81	52.81	31.95	46.52	12.04	28.43	35.23	36.06	20.02	42.76	2.24	10.77	31.14	24.7	28.0	17.12	4.24	57.58	67.36	11.4	52.0	24.19	51.48	11.0	37.2	51.22	19.92	72.2	8.06	59.68	54.92	19.1	54.41	43.93	50.49	52.04	70.6	21.38	32.56	51.62	8.25	50.01	44.91	56.01	54.74	38.6	47.42	53.6	39.46	51.0	42.52	30.81	44.29	51.09	15.03	10.82	3.16	35.81	53.16	3.61	21.95	76.49	51.26	58.18	26.83	45.54	58.52	9.49	72.01	54.08	42.06	57.78	20.25	10.3	
12.08	56.08	42.76	21.0	18.79	12.0	12.65	56.75	10.0	39.05	25.32	47.54	8.54	45.34	43.28	52.2	54.92	10.3	34.48	31.11	38.47	53.31	19.42	41.05	63.15	7.07	46.96	30.08	38.18	27.0	8.06	51.79	21.02	30.41	56.08	0.0	29.12	55.15	20.62	33.14	56.29	56.08	24.19	40.0	48.27	5.1	62.29	63.98	58.52	37.01	39.62	49.09	41.87	58.31	66.29	59.23	43.42	14.56	34.83	59.06	35.0	64.2	14.76	57.22	5.39	25.3	62.64	45.45	24.17	10.05	61.19	34.01	24.04	33.24	53.01	16.4	56.3	45.31	29.0	41.73	31.89	54.15	52.2	2.24	31.05	44.78	60.54	36.88	5.0	46.07	31.32	16.28	36.25	38.08	54.57	10.05	31.06	54.04	5.0	20.62	14.14	23.0	36.14	48.0	28.02	42.64	64.26	22.09	14.42	63.51	30.07	44.01	38.83	68.0	60.73	21.02	26.4	35.61	35.85	26.17	42.06	62.82	53.71	32.02	47.63	58.19	41.05	30.41	43.42	42.52	29.41	15.65	46.69	57.45	23.54	32.56	35.78	43.19	41.19	64.41	
41.11	44.55	49.52	49.65	37.11	40.79	20.0	49.04	19.7	47.63	54.34	55.17	31.0	22.8	25.0	34.13	38.05	39.22	45.49	15.23	27.86	63.89	15.0	26.48	67.2	33.14	59.64	43.83	58.19	33.84	27.0	56.73	47.01	15.65	65.86	29.12	0.0	65.19	49.73	39.82	49.65	40.01	49.16	24.33	65.74	29.97	58.31	50.01	41.19	41.01	58.87	64.14	60.01	54.63	47.85	64.03	57.45	18.44	14.04	71.22	38.9	71.51	41.01	54.13	25.08	52.0	52.95	27.02	40.5	29.07	65.6	37.48	45.89	30.61	53.54	41.05	65.07	56.4	35.0	61.68	51.55	56.04	61.62	30.68	2.0	56.61	44.1	55.71	28.16	59.08	29.07	17.46	49.74	9.06	60.88	19.31	59.84	54.92	33.96	22.83	42.43	51.62	7.07	48.83	33.6	25.02	72.84	50.36	40.0	45.54	58.86	35.11	24.74	52.15	50.99	49.5	23.35	57.72	25.08	14.87	56.08	68.25	64.66	30.48	29.07	66.47	44.6	13.15	26.02	20.4	42.06	42.01	24.74	71.03	13.93	14.56	26.83	21.38	45.97	75.93	
56.89	42.01	15.81	51.0	36.4	51.79	64.14	35.23	59.68	17.69	55.15	10.3	46.62	58.87	52.2	52.77	51.24	57.27	21.1	51.87	42.54	2.0	68.01	47.17	14.21	48.7	9.0	25.08	24.74	31.89	48.3	12.0	42.05	51.04	1.0	55.15	65.19	0.0	56.01	25.46	33.24	50.09	39.0	48.85	17.2	60.17	29.15	48.51	53.04	24.41	22.8	11.66	19.92	27.89	58.14	11.4	13.0	65.19	56.08	7.07	26.4	10.05	44.72	26.68	59.03	43.1	40.02	52.5	31.02	45.62	12.73	27.8	34.23	35.51	20.1	41.77	2.83	9.85	30.41	23.77	27.0	17.26	3.61	56.65	66.71	10.44	52.01	23.19	50.57	10.0	36.62	50.45	18.97	71.61	8.25	58.83	53.94	19.24	53.45	43.19	49.5	51.04	70.0	21.21	31.83	51.26	9.22	49.01	43.93	56.04	53.76	38.33	47.01	53.76	39.62	50.0	41.87	29.83	43.83	50.45	14.04	11.66	2.24	35.23	52.89	4.47	21.47	75.74	50.92	57.78	25.94	44.55	58.19	9.22	71.22	53.54	41.59	57.38	19.72	10.82	
9.0	70.21	48.51	5.1	25.06	9.43	32.02	68.96	30.41	44.38	5.1	51.62	21.4	64.35	61.22	69.35	71.42	11.0	39.29	49.93	54.45	54.01	39.01	58.05	67.48	18.03	47.01	34.21	32.76	37.74	24.7	57.07	14.04	49.09	57.01	20.62	49.73	56.01	0.0	41.63	68.0	72.18	17.03	57.49	43.42	21.0	71.87	78.6	74.97	46.1	34.71	46.53	37.66	68.15	82.76	63.51	43.01	34.01	54.2	57.56	44.72	66.0	13.89	66.85	25.18	13.6	75.29	63.25	28.79	24.21	65.49	44.29	22.2	47.01	61.03	16.55	58.01	47.1	39.45	35.44	29.02	61.13	54.04	19.24	51.66	46.04	76.49	33.24	22.36	46.01	45.45	35.36	38.33	58.69	58.42	30.59	11.4	61.68	15.81	36.88	9.22	5.83	56.75	56.65	39.12	60.44	65.07	7.28	15.26	79.93	10.44	58.41	55.97	83.24	73.57	6.08	42.45	28.16	52.35	44.94	42.0	66.19	54.04	45.61	65.3	60.01	49.4	50.0	61.07	61.59	34.79	13.42	65.46	54.92	43.0	51.62	51.62	62.13	48.7	62.8	
38.83	30.61	10.3	37.59	16.76	34.21	39.92	27.8	35.47	7.81	43.05	15.81	25.0	37.12	31.0	35.17	35.47	38.47	7.0	27.31	21.02	24.08	43.05	26.02	30.36	28.07	20.12	9.43	24.74	6.71	25.32	18.97	28.84	26.4	26.17	33.14	39.82	25.46	41.63	0.0	26.63	35.34	27.66	27.02	28.28	38.21	30.36	39.05	38.48	4.47	24.33	25.3	24.02	26.57	45.65	26.57	18.68	40.72	31.95	31.4	3.61	32.76	27.86	25.3	35.9	32.65	34.21	32.06	13.04	23.09	28.46	4.12	21.26	12.04	20.1	25.08	25.61	16.64	5.0	27.29	20.12	21.02	21.93	35.06	41.4	17.0	38.95	21.59	28.16	19.7	12.37	25.24	12.0	46.65	22.36	34.54	44.82	21.02	33.06	17.8	32.89	38.59	44.94	15.3	6.4	30.0	33.6	36.36	26.57	42.94	44.2	20.62	25.02	44.2	32.65	36.72	16.64	27.31	21.1	25.24	17.46	30.46	24.84	11.18	33.24	27.2	8.06	50.33	30.02	35.36	7.81	28.23	37.01	31.38	46.04	29.15	19.03	35.23	8.06	36.12	
64.26	9.49	23.85	64.14	42.94	60.01	59.0	2.0	55.04	27.02	69.64	25.63	49.34	33.3	27.2	23.02	20.12	63.57	31.11	34.48	21.84	33.54	59.41	23.71	25.0	52.81	35.47	35.47	48.01	30.46	48.27	21.38	55.47	34.21	33.14	56.29	49.65	33.24	68.0	26.63	0.0	18.38	54.2	25.94	46.62	61.0	9.22	15.3	20.88	22.2	46.87	41.44	45.28	6.71	25.0	24.19	37.12	59.03	36.25	40.11	23.32	32.56	54.12	7.28	57.43	59.2	7.81	26.25	39.66	46.84	24.52	23.71	47.8	23.19	13.15	51.48	31.06	31.78	28.64	49.4	45.28	16.03	30.59	58.46	50.33	33.11	19.24	45.0	51.42	35.85	25.18	43.01	34.83	52.35	25.08	54.04	71.4	14.04	57.57	36.22	59.03	65.19	51.43	13.89	29.15	26.63	35.36	62.97	52.77	23.09	70.8	14.56	25.08	20.62	6.71	63.29	31.02	51.86	24.74	36.5	36.72	27.66	34.53	24.33	25.46	31.0	19.8	62.64	25.81	33.6	34.21	54.59	31.83	42.43	61.0	35.11	23.35	32.8	21.26	42.05	
66.4	8.94	37.48	69.31	48.27	63.13	54.71	16.55	51.62	39.29	74.97	41.05	51.22	18.68	15.03	6.32	2.24	65.22	41.79	26.93	17.8	50.01	52.95	15.23	43.32	54.82	50.36	44.72	59.81	35.81	48.83	38.12	61.85	27.2	50.16	56.08	40.01	50.09	72.18	35.34	18.38	0.0	61.61	16.76	61.0	59.94	26.93	10.2	3.16	31.95	59.14	56.44	58.24	25.08	10.63	42.2	50.99	54.12	26.08	57.14	31.78	50.7	58.69	25.63	55.46	66.4	16.28	13.0	46.87	48.41	42.72	31.3	55.47	25.61	30.41	56.64	48.26	46.39	34.67	61.98	55.46	33.54	47.01	58.31	40.01	47.52	4.47	56.65	51.87	50.49	26.91	40.25	46.49	39.81	42.3	50.7	78.1	31.58	58.82	35.81	62.97	70.77	39.46	29.0	34.41	15.13	53.37	68.68	57.28	7.81	77.34	14.76	17.46	12.37	14.87	68.62	30.0	62.65	20.25	31.02	50.22	45.88	51.01	27.02	11.05	48.51	31.78	53.01	14.14	20.22	42.94	59.41	16.76	59.01	53.34	26.48	20.62	19.24	33.73	59.68	
19.72	58.0	32.7	12.0	13.93	15.0	36.67	55.44	33.24	28.64	16.49	35.17	18.44	57.87	53.31	60.03	61.29	20.81	23.71	44.15	44.78	37.0	43.08	49.19	50.8	17.46	30.0	18.87	16.16	25.81	22.36	40.8	3.61	43.17	40.0	24.19	49.16	39.0	17.03	27.66	54.2	61.61	0.0	49.24	26.93	27.8	56.82	66.48	64.64	32.02	18.03	29.61	20.88	53.34	72.2	46.87	26.0	38.48	49.03	40.61	31.14	49.01	9.43	51.97	29.53	5.0	61.85	55.04	14.87	20.1	48.84	31.11	6.4	36.06	45.62	8.25	41.05	30.27	27.02	19.24	12.0	45.31	37.12	24.41	51.16	29.15	65.6	16.28	22.14	29.0	34.99	32.0	21.84	58.08	41.77	32.89	17.2	46.1	20.0	29.83	12.21	12.17	56.08	41.68	27.2	52.39	48.04	10.05	9.85	69.4	16.64	47.01	47.42	71.51	60.31	11.0	34.18	12.21	43.38	39.62	25.02	49.37	37.01	34.67	56.8	43.05	34.67	53.76	52.8	55.36	20.0	8.6	58.52	38.08	47.17	46.1	42.06	55.66	33.62	45.89	
50.93	20.22	33.53	55.22	35.34	48.17	37.95	25.08	34.93	33.54	60.8	38.63	36.12	10.2	4.12	12.21	15.23	49.58	34.01	10.2	6.32	48.1	36.35	2.24	46.86	39.62	46.1	35.23	51.24	24.52	33.24	38.08	48.76	10.44	49.24	40.0	24.33	48.85	57.49	27.02	25.94	16.76	49.24	0.0	55.23	43.57	34.99	26.17	18.79	25.5	51.09	51.79	51.0	31.62	26.42	44.41	45.4	37.36	10.44	55.71	24.19	52.7	44.65	31.4	38.95	53.67	28.64	5.83	35.44	33.3	45.61	23.09	43.66	15.0	32.65	43.05	47.85	42.2	24.19	54.08	45.71	35.61	45.31	42.2	24.74	42.95	21.19	48.17	36.12	45.89	15.13	23.85	39.01	26.42	42.54	34.01	64.66	34.06	43.19	20.62	48.41	56.86	25.5	28.84	23.35	3.16	54.71	54.92	43.27	23.71	63.81	12.04	2.0	29.12	26.68	54.64	15.26	52.95	6.08	14.32	44.28	48.6	49.04	16.03	7.81	48.76	27.51	37.48	3.61	8.94	33.24	45.49	10.0	56.61	37.01	10.0	8.0	8.54	29.41	59.51	
46.52	54.12	23.54	38.33	30.48	41.59	59.41	48.47	55.23	22.02	41.44	21.02	40.31	65.38	59.14	62.2	61.66	47.41	21.38	55.08	49.09	15.62	64.66	54.08	31.4	41.23	11.18	21.93	10.77	32.57	43.19	26.08	30.46	54.12	18.03	48.27	65.74	17.2	43.42	28.28	46.62	61.0	26.93	55.23	0.0	52.8	44.65	61.68	64.13	30.0	8.94	5.66	6.4	42.54	70.34	28.32	10.05	60.88	59.91	15.3	31.06	26.4	34.99	41.18	53.08	29.83	54.13	60.03	25.81	40.36	29.83	32.14	24.41	40.31	34.0	32.45	20.0	14.87	32.02	8.06	16.4	31.91	17.69	49.2	67.54	13.6	63.79	11.4	44.55	10.77	40.61	48.88	16.49	73.54	24.08	54.56	39.0	33.62	45.22	42.95	38.91	37.85	71.69	32.89	33.24	58.14	24.35	36.14	34.67	67.91	39.01	47.17	53.24	67.07	53.31	37.36	43.97	15.3	49.37	52.2	11.0	28.84	15.0	39.46	61.0	21.63	29.27	74.06	58.08	63.64	23.77	34.48	65.19	12.04	68.41	57.01	47.27	63.51	27.29	20.02	
12.0	60.41	47.85	22.56	23.77	13.93	11.05	61.39	10.3	44.15	26.02	52.63	13.6	48.1	46.62	55.76	58.67	10.0	39.56	34.21	42.54	58.31	18.03	44.78	68.25	11.66	51.89	35.11	42.52	32.02	13.0	56.89	24.41	33.6	61.1	5.1	29.97	60.17	21.0	38.21	61.0	59.94	27.8	43.57	52.8	0.0	67.19	68.15	62.27	42.05	44.05	53.85	46.4	63.2	69.97	64.33	48.3	13.04	37.48	63.95	40.01	69.26	18.44	62.13	5.0	28.18	67.19	48.83	29.15	15.13	66.29	39.0	28.43	37.85	58.03	20.52	61.35	50.33	34.01	46.01	36.4	59.21	57.25	3.61	31.78	49.77	64.41	41.4	10.05	50.99	35.9	19.72	41.23	38.63	59.67	10.82	32.14	59.08	7.81	25.0	16.55	24.52	36.77	53.01	33.0	46.04	69.29	24.04	18.38	67.23	31.14	48.38	42.54	72.01	65.25	22.8	30.68	39.62	39.81	29.41	46.96	67.91	58.69	36.67	51.04	63.25	46.1	29.0	46.87	45.28	34.48	19.21	49.58	62.27	22.0	35.47	39.92	46.01	46.27	69.32	
69.12	18.03	24.41	67.62	47.13	64.56	66.27	10.63	62.13	28.3	72.92	24.08	54.74	42.52	36.4	32.02	28.84	68.66	33.12	43.08	30.46	29.97	67.27	32.76	18.0	58.05	33.6	38.01	48.1	35.51	54.23	18.6	58.6	42.72	28.79	62.29	58.31	29.15	71.87	30.36	9.22	26.93	56.82	34.99	44.65	67.19	0.0	21.38	29.07	25.96	46.67	39.12	44.6	4.0	31.78	18.44	36.12	66.48	45.18	35.44	27.66	26.02	58.19	5.1	64.01	61.77	12.17	35.47	43.08	52.47	18.11	28.44	50.54	30.15	11.4	55.36	26.57	30.48	33.54	48.84	46.62	12.81	27.29	64.38	59.09	31.89	26.93	45.34	57.31	34.21	32.14	50.25	35.81	61.4	21.02	61.13	73.93	11.31	62.97	43.05	63.25	68.45	60.42	15.23	34.37	35.81	29.07	66.21	56.92	30.36	73.43	23.26	34.0	26.08	12.65	66.71	38.33	52.5	33.24	44.64	36.07	21.02	30.87	31.06	34.66	25.96	22.47	71.17	35.0	42.8	37.16	58.52	41.04	38.28	69.12	43.86	31.62	42.01	23.26	36.35	
73.57	8.49	38.48	75.29	53.91	69.89	63.79	13.34	60.44	41.18	80.92	40.8	58.31	28.86	25.02	16.49	12.37	72.56	44.65	36.35	25.63	48.84	62.51	24.33	39.2	61.91	50.6	48.41	62.27	41.11	56.36	36.67	67.21	36.5	48.37	63.98	50.01	48.51	78.6	39.05	15.3	10.2	66.48	26.17	61.68	68.15	21.38	0.0	10.3	35.0	61.29	56.61	59.93	21.0	10.44	39.0	52.0	63.35	36.0	55.33	35.47	47.1	64.82	22.02	63.91	71.42	9.22	23.09	51.62	55.57	39.05	35.38	60.14	31.62	28.44	62.48	46.27	46.82	39.62	63.95	58.82	31.26	45.89	66.21	50.09	48.1	7.21	59.17	59.48	50.92	33.29	48.7	48.88	50.01	40.31	59.48	83.45	29.27	66.24	43.38	69.4	76.58	49.65	28.79	39.7	25.0	50.04	74.41	63.41	9.43	82.76	20.25	26.48	5.39	9.0	74.52	37.58	65.73	28.46	40.02	51.48	42.11	49.82	33.02	21.21	46.1	33.62	63.07	24.0	30.41	46.86	65.44	26.93	57.71	63.13	36.12	28.23	29.43	35.36	57.01	
69.03	11.4	40.61	72.18	51.22	65.86	56.65	18.97	53.71	42.45	77.83	44.1	53.91	19.1	16.49	7.07	3.61	67.8	44.94	28.79	20.52	53.0	54.57	17.49	45.88	57.49	53.46	47.85	62.97	38.83	51.4	41.05	64.82	29.15	53.08	58.52	41.19	53.04	74.97	38.48	20.88	3.16	64.64	18.79	64.13	62.27	29.07	10.3	0.0	35.11	62.3	59.54	61.4	27.51	7.81	44.91	54.13	55.97	27.46	60.07	34.93	53.37	61.55	28.16	57.71	69.4	17.8	14.32	49.93	51.09	45.35	34.44	58.52	28.6	33.24	59.55	51.16	49.5	37.74	65.15	58.6	36.35	50.0	60.75	41.05	50.64	3.16	59.81	54.41	53.6	29.83	42.54	49.65	40.31	45.18	52.8	81.06	34.37	61.4	38.42	65.76	73.66	40.11	32.02	37.44	16.76	56.09	71.59	60.14	5.0	80.28	17.89	19.72	11.0	16.64	71.51	32.65	65.8	22.8	33.11	53.37	48.51	54.0	30.0	12.17	51.35	34.93	54.04	15.81	21.0	46.07	62.29	17.12	62.0	54.74	28.16	23.35	20.0	36.88	62.51	
