190
0.0	35.9	20.62	12.04	29.02	4.0	40.5	35.34	37.48	74.25	12.81	36.69	17.03	76.84	53.85	49.5	22.02	37.01	31.83	27.07	28.18	51.62	28.3	90.21	45.28	52.8	65.46	55.0	29.43	21.26	40.0	58.8	39.62	33.02	65.0	63.51	64.85	58.03	47.17	69.63	30.08	10.0	23.02	62.65	46.82	39.01	34.48	40.5	21.38	41.23	28.16	56.4	47.8	84.4	48.83	38.9	53.15	17.26	56.08	32.39	44.72	44.64	63.16	65.12	76.49	17.8	44.05	40.0	26.0	84.53	60.31	55.87	49.0	73.68	67.23	48.37	21.59	26.4	36.12	74.46	45.34	44.28	74.65	69.46	43.05	41.34	72.18	11.0	33.29	68.25	81.41	62.07	47.68	39.66	31.89	44.72	85.23	39.29	83.63	59.09	37.59	23.19	30.81	57.0	25.02	44.82	56.36	24.19	49.77	21.26	31.38	52.39	24.84	80.13	34.79	33.24	32.2	33.96	66.65	14.32	30.81	49.65	35.51	22.8	31.78	34.13	26.48	65.31	61.35	30.89	19.72	68.26	49.98	35.85	73.35	54.63	33.14	66.03	59.46	42.19	25.0	28.02	63.2	36.4	39.96	40.05	69.46	41.48	19.8	39.2	40.2	32.25	31.4	32.31	36.88	42.01	38.42	15.65	29.21	72.8	84.22	85.45	53.6	25.55	51.66	78.77	58.05	26.48	16.12	28.32	19.42	16.28	41.87	32.0	70.23	81.84	65.15	22.67	57.72	42.0	19.85	67.19	40.79	34.93	56.57	53.37	53.85	60.17	30.02	33.62	
35.9	0.0	32.56	24.04	9.22	37.0	30.02	7.62	70.33	106.51	43.05	62.97	52.47	100.21	89.49	85.33	18.97	7.28	65.3	48.1	23.26	86.41	63.32	119.6	41.19	79.91	62.03	89.01	54.49	19.92	71.28	91.92	75.5	68.36	64.03	83.01	66.27	75.66	79.51	99.25	56.73	26.25	58.42	65.62	79.4	8.06	18.11	73.25	56.14	77.13	55.44	53.01	58.31	114.02	48.51	72.07	88.81	21.1	71.55	13.34	73.0	69.35	66.75	79.31	77.03	32.56	79.23	9.43	12.04	83.1	91.61	88.2	66.89	84.77	66.01	63.06	57.49	56.04	36.69	99.49	77.39	79.06	105.26	88.19	78.23	30.0	104.85	39.82	63.79	101.71	108.3	76.97	69.81	74.32	34.93	80.6	113.15	73.03	83.02	85.59	68.73	59.03	56.64	73.82	12.21	76.28	91.76	14.56	76.37	51.35	43.57	88.29	59.09	107.52	47.51	20.4	61.4	16.12	94.05	35.81	14.14	75.01	70.38	50.8	21.84	26.68	9.49	91.97	85.91	66.13	52.04	86.35	82.49	66.75	93.81	90.14	68.88	81.02	65.73	58.83	34.41	49.52	81.49	39.22	70.0	60.61	81.6	77.37	49.37	32.25	6.4	5.0	5.0	65.12	70.66	41.98	72.45	35.61	63.56	102.94	111.76	114.63	89.44	60.75	87.56	106.1	91.07	61.07	43.42	62.17	25.3	21.95	73.78	8.54	74.81	81.02	71.59	52.47	80.6	77.41	29.0	89.63	76.69	1.0	69.46	76.22	54.45	65.31	50.99	63.82	
20.62	32.56	0.0	17.03	23.35	17.69	21.84	36.36	40.52	75.18	33.42	30.61	34.48	67.96	63.13	62.65	30.27	29.41	36.5	15.56	12.37	58.05	37.01	87.21	24.76	47.42	44.94	59.48	22.2	30.15	40.31	61.47	52.77	49.04	44.72	51.48	44.94	44.6	65.86	67.01	24.7	16.28	39.81	43.01	65.37	31.06	20.88	59.17	39.45	53.34	23.71	35.81	30.0	81.69	28.3	42.45	67.08	13.6	41.23	21.95	40.8	36.8	43.68	49.82	56.65	2.83	59.77	31.38	20.62	64.47	60.03	57.27	35.47	57.08	46.96	32.76	35.74	25.3	15.56	67.01	46.62	60.75	73.24	57.01	58.82	22.8	73.79	13.93	53.26	71.31	75.74	47.07	37.44	46.39	11.31	57.56	80.61	57.25	63.69	53.04	57.2	38.28	24.41	43.01	20.81	45.19	64.5	29.12	43.86	41.73	13.04	64.12	32.0	74.97	17.12	18.44	29.97	21.54	61.52	7.62	36.06	42.45	43.1	19.92	16.28	16.12	24.7	59.41	53.41	40.01	39.7	55.36	68.48	55.61	62.17	63.29	47.8	51.2	40.61	27.51	4.47	16.97	50.33	15.81	38.47	28.3	53.24	53.24	40.36	19.7	33.6	27.59	27.66	51.31	41.77	21.4	43.74	6.32	36.06	70.8	79.21	82.22	66.48	35.13	63.07	73.55	60.54	44.29	36.62	34.13	32.06	13.34	43.08	24.84	51.2	61.85	46.53	43.14	48.26	57.28	3.61	57.45	53.6	31.89	40.31	43.83	33.54	41.0	18.44	32.7	
12.04	24.04	17.03	0.0	17.0	13.0	31.83	24.41	47.2	83.87	21.93	42.72	29.0	82.29	65.46	61.52	13.93	25.0	41.88	29.73	19.1	62.61	39.4	98.49	38.95	59.64	60.42	65.51	34.48	13.6	48.84	68.82	51.62	45.0	60.75	67.05	61.4	60.64	58.24	77.9	36.06	2.24	35.0	59.67	57.97	27.0	23.71	51.66	33.14	53.15	34.41	50.99	47.01	92.76	44.01	48.83	65.19	6.4	57.71	20.88	52.01	50.12	60.42	66.48	73.08	15.03	56.01	28.02	14.04	80.65	69.35	65.44	51.42	74.03	62.97	49.37	33.54	33.97	30.46	80.62	54.67	56.14	83.44	72.8	55.01	32.53	82.01	16.97	43.46	78.49	88.48	63.64	52.0	50.54	26.57	56.72	92.8	50.8	80.01	65.73	48.1	35.23	36.36	59.23	13.0	53.81	67.78	14.21	56.3	30.87	30.0	64.33	35.36	87.42	34.01	23.02	39.7	22.85	73.82	15.23	21.4	55.57	46.52	29.21	22.02	25.5	14.56	72.11	67.12	42.15	30.36	71.31	61.13	46.24	77.49	66.13	45.18	67.74	57.56	43.74	21.21	31.02	66.22	31.62	48.1	43.32	70.11	53.37	29.07	31.4	28.16	20.22	19.42	43.42	47.17	36.77	48.88	15.81	39.82	81.34	91.61	93.61	65.62	36.77	63.56	86.02	68.01	38.21	23.85	38.59	15.03	5.66	51.09	20.02	68.07	78.11	63.51	32.2	62.65	54.01	14.32	72.09	52.77	23.09	57.14	58.18	49.65	57.87	32.89	41.73	
29.02	9.22	23.35	17.0	0.0	29.43	23.54	14.32	61.72	97.64	38.08	53.81	46.0	91.02	81.74	78.41	17.69	8.0	56.86	38.9	14.56	78.19	55.36	110.45	34.06	70.72	55.58	80.53	45.34	18.38	62.43	83.24	68.47	62.0	57.14	73.93	59.0	66.65	74.73	90.14	47.63	19.03	52.0	58.08	74.53	10.0	11.7	68.25	50.09	69.87	46.4	46.27	49.65	104.89	41.01	63.51	82.15	12.65	62.65	6.71	63.89	60.14	59.14	70.58	70.11	23.43	73.01	11.05	3.16	76.66	82.66	79.4	57.8	76.4	59.21	54.13	50.36	47.17	28.44	90.27	68.6	73.11	96.21	79.18	72.01	23.77	96.04	31.38	59.48	93.06	99.09	68.15	60.61	66.13	26.25	73.55	103.95	67.6	76.42	76.38	64.29	52.15	47.51	64.85	4.0	67.42	83.82	13.6	67.18	46.84	34.48	81.05	50.92	98.31	38.47	13.15	52.43	9.85	84.85	26.93	17.46	65.8	62.3	41.88	14.0	19.0	5.0	82.76	76.69	58.24	46.87	77.37	77.67	62.36	84.72	82.28	62.13	72.24	57.71	49.74	25.24	40.31	72.47	30.81	61.03	51.4	73.08	70.04	44.92	25.08	11.4	4.24	4.47	60.02	62.24	34.13	64.08	26.63	55.36	93.86	102.55	105.48	82.49	52.89	80.23	96.9	82.37	55.15	39.22	53.85	23.43	13.6	65.0	3.16	67.19	74.43	63.64	48.08	71.4	71.01	19.8	80.45	69.58	8.6	60.75	67.01	47.01	57.43	41.77	54.92	
4.0	37.0	17.69	13.0	29.43	0.0	38.47	37.22	34.71	71.51	16.12	32.89	17.72	73.05	52.5	49.09	24.76	37.34	29.21	23.09	26.57	49.65	26.4	87.01	42.45	49.19	62.2	52.7	25.5	24.08	36.88	56.22	39.12	33.38	61.59	59.54	61.29	54.04	48.75	66.4	26.25	10.77	23.54	59.03	48.33	39.32	33.54	42.05	22.47	40.45	24.35	53.26	43.97	81.22	45.61	36.24	53.0	17.03	52.09	32.02	41.18	40.8	59.51	61.13	72.9	14.87	44.41	40.2	26.31	81.01	57.31	53.08	45.0	69.72	63.81	44.41	21.02	22.83	33.24	70.77	42.43	44.91	71.59	65.49	43.42	39.36	69.53	7.0	35.61	65.8	77.9	58.08	43.74	37.59	29.0	44.18	81.84	40.5	80.06	55.46	39.66	23.02	26.93	53.0	25.5	41.77	54.78	26.4	46.1	24.08	27.73	51.62	22.47	76.66	31.02	32.02	28.65	33.24	63.13	10.82	33.3	45.88	33.54	18.97	30.36	32.2	27.51	61.72	57.58	29.15	22.02	64.28	51.48	38.01	69.43	53.14	33.02	62.03	55.71	38.21	21.93	24.02	59.21	33.3	36.62	36.06	65.49	40.61	22.8	36.89	40.79	32.98	32.28	34.0	34.41	38.95	36.06	12.21	26.93	69.66	80.78	82.2	53.15	23.77	50.8	75.29	55.44	27.51	19.7	25.81	22.83	16.03	38.9	32.25	66.48	78.29	61.35	25.5	53.85	42.19	17.49	63.32	40.2	36.06	52.61	49.48	50.48	56.46	26.02	30.23	
40.5	30.02	21.84	31.83	23.54	38.47	0.0	37.05	60.21	92.03	52.8	46.84	55.95	77.23	84.02	84.34	39.81	23.19	57.0	32.39	12.73	78.16	58.42	100.85	11.4	61.74	32.14	78.77	39.62	40.25	58.86	79.83	74.53	70.84	34.01	58.69	36.35	50.91	87.21	81.86	42.58	32.56	61.47	35.9	86.76	23.54	12.04	80.5	60.84	74.97	42.3	23.0	31.89	95.77	18.97	62.2	88.84	25.5	46.01	17.12	56.92	50.57	37.11	52.43	47.01	24.35	81.61	22.8	23.41	53.24	76.84	75.19	43.42	56.36	36.0	38.21	57.57	45.04	11.18	77.8	65.12	82.54	88.64	63.03	80.65	1.0	91.09	35.74	73.78	89.5	87.66	50.61	48.88	67.0	13.15	79.25	93.19	78.79	53.08	66.24	78.03	60.08	41.77	48.8	24.7	63.35	85.02	36.4	58.18	61.61	23.09	85.59	53.34	87.37	25.5	10.44	48.51	14.04	74.79	29.41	41.0	55.9	64.07	40.0	10.3	6.4	28.16	72.2	64.9	61.4	60.21	60.96	89.9	76.32	69.31	84.0	69.64	54.41	36.77	36.06	19.1	33.54	56.59	13.89	56.29	40.25	53.71	74.81	60.0	3.61	26.68	26.08	27.17	72.47	62.03	13.6	64.03	28.16	57.14	85.91	91.53	95.88	88.12	56.72	84.48	85.98	78.85	65.8	55.32	55.08	44.42	26.17	61.81	22.09	45.12	51.09	42.38	63.01	58.82	79.12	21.02	66.71	75.31	30.0	42.8	54.92	24.74	36.06	33.96	51.48	
35.34	7.62	36.36	24.41	14.32	37.22	37.05	0.0	71.61	108.23	40.31	65.95	50.96	104.31	89.16	83.93	15.03	14.87	66.29	51.61	28.86	86.83	63.53	122.35	48.01	82.98	69.18	89.89	57.49	16.03	73.11	93.23	74.33	66.49	71.01	87.66	73.06	80.53	76.03	101.82	59.46	26.63	56.75	72.25	76.01	15.65	25.02	70.01	54.13	76.22	58.0	60.03	63.89	116.67	55.15	73.24	87.1	23.43	76.69	20.0	75.69	72.8	73.33	84.76	84.01	35.81	77.1	17.0	16.16	90.27	93.61	89.81	71.55	90.71	73.03	68.15	56.65	58.05	42.76	103.23	79.03	76.66	107.56	93.04	76.12	37.12	106.4	41.23	60.07	102.9	111.66	82.28	73.78	74.79	40.52	79.4	116.28	70.18	90.14	88.87	65.07	57.87	59.55	78.79	15.65	78.1	91.71	11.4	79.51	48.01	48.33	87.28	59.68	110.75	52.39	27.02	63.66	23.02	97.19	38.21	7.62	78.41	70.71	53.04	28.16	33.14	11.66	95.27	89.63	66.19	49.25	91.29	79.03	63.07	98.41	89.96	67.45	86.38	72.01	63.51	38.91	53.01	86.33	45.12	72.18	64.66	87.36	76.55	46.01	39.01	13.6	11.0	10.05	62.07	71.56	48.37	73.25	38.29	64.14	105.38	114.98	117.41	88.06	60.83	86.65	109.34	92.42	58.86	40.01	62.97	21.02	24.08	75.43	15.0	81.39	88.14	77.93	49.0	84.6	75.5	32.76	93.81	75.58	7.28	74.95	80.16	61.13	71.7	54.64	65.86	
37.48	70.33	40.52	47.2	61.72	34.71	60.21	71.61	0.0	36.8	41.15	17.0	29.41	46.04	25.0	30.48	59.41	68.94	5.83	28.0	52.89	18.0	12.17	53.34	57.31	21.38	68.54	18.97	21.1	58.69	5.39	21.63	23.85	28.86	65.74	40.25	63.13	39.2	47.54	33.11	18.11	45.0	28.16	60.03	46.62	70.77	61.4	42.72	31.4	22.02	18.0	62.64	43.38	47.51	55.54	2.0	35.47	49.24	41.01	62.03	14.32	21.26	59.68	48.41	72.42	39.22	34.13	71.31	58.59	80.8	23.02	18.38	34.06	58.41	67.54	38.28	22.56	15.3	50.0	42.05	8.06	36.72	37.44	45.69	33.62	61.2	34.83	30.53	45.04	31.38	46.57	45.45	26.91	8.6	47.1	26.17	49.4	38.9	79.2	27.07	45.54	24.19	19.24	39.7	58.18	8.25	25.18	61.07	20.25	42.2	38.05	29.15	13.04	44.92	37.48	58.94	12.17	61.98	32.39	34.93	68.01	22.36	8.94	20.62	56.75	55.73	61.06	32.06	31.58	12.04	38.08	45.62	48.75	45.28	46.57	24.52	25.0	48.01	54.38	33.54	41.59	27.02	41.68	48.04	8.6	27.29	54.04	21.26	42.72	57.08	72.92	65.76	65.37	39.2	3.61	52.35	5.0	35.47	9.49	35.85	48.7	48.76	33.02	14.56	27.78	43.68	20.81	32.0	44.78	9.43	56.73	48.37	5.1	63.98	63.41	78.01	57.8	42.95	31.38	31.38	43.32	39.05	23.6	69.46	44.69	28.65	57.25	56.08	27.17	9.22	
74.25	106.51	75.18	83.87	97.64	71.51	92.03	108.23	36.8	0.0	76.61	45.31	64.07	35.81	32.14	45.18	96.21	104.45	42.43	60.42	87.21	26.57	47.01	21.0	86.12	31.26	90.02	21.02	53.23	95.48	35.23	15.81	47.13	56.65	86.09	46.32	82.22	51.35	69.58	13.93	50.54	81.69	60.9	79.16	68.59	106.17	95.71	67.68	64.5	43.97	51.48	87.28	66.27	16.28	81.88	35.36	48.0	85.45	56.14	97.13	35.11	41.98	78.23	58.46	87.66	74.43	54.74	106.55	94.58	94.83	15.23	18.44	53.08	66.41	87.21	59.14	56.86	50.48	80.96	30.23	29.21	57.71	8.49	48.1	54.92	92.97	3.0	67.01	74.33	9.0	25.0	56.89	45.28	36.06	79.12	44.91	22.85	63.79	92.89	29.07	72.8	57.45	50.99	53.24	94.3	30.23	28.07	97.84	34.53	75.66	68.95	40.05	49.52	22.8	66.76	93.04	45.28	96.6	23.09	70.72	104.8	37.34	40.22	55.76	90.8	88.77	97.42	25.96	33.54	45.22	71.69	49.65	69.26	73.38	43.83	30.15	52.92	56.75	73.11	57.87	75.15	59.09	49.24	78.45	36.72	52.39	63.32	43.01	76.66	88.54	108.56	101.79	101.51	68.01	37.54	81.25	36.24	71.02	45.34	10.82	23.71	18.44	44.0	49.82	39.12	22.67	16.4	63.07	79.88	45.97	93.38	84.63	32.8	99.64	78.26	92.42	73.68	76.06	39.2	53.15	78.39	38.28	45.88	105.68	61.13	41.0	81.22	75.11	58.31	42.72	
12.81	43.05	33.42	21.93	38.08	16.12	52.8	40.31	41.15	76.61	0.0	45.1	12.73	84.53	51.61	44.38	25.32	45.89	35.34	38.33	40.22	51.62	29.68	94.41	58.05	59.67	78.24	56.08	39.12	24.33	44.94	60.8	35.36	26.57	77.7	73.0	77.41	68.26	36.67	74.25	39.0	20.59	17.49	75.13	36.5	47.85	45.62	30.27	14.32	37.74	37.0	69.2	59.81	88.59	61.61	42.06	47.13	28.18	66.91	42.72	51.42	53.15	75.58	75.95	89.01	30.61	36.88	49.03	35.44	97.13	64.01	58.83	59.54	84.93	79.92	59.67	19.85	34.13	48.92	81.49	49.19	36.35	78.39	79.0	35.9	53.6	74.2	22.47	21.54	69.53	87.32	72.84	57.0	40.61	44.69	40.25	90.47	30.0	96.18	65.97	26.25	19.85	40.01	67.48	34.21	49.24	54.82	29.07	57.07	8.94	43.83	48.3	28.23	85.8	47.01	44.78	39.46	44.78	72.73	26.93	33.96	57.56	36.4	32.06	43.57	46.4	34.37	71.84	69.05	31.4	9.0	78.03	39.62	24.35	82.22	52.8	28.18	76.66	71.69	53.37	37.8	39.05	73.06	49.2	45.88	50.36	80.6	38.28	7.21	51.74	48.37	40.45	39.32	22.09	39.45	54.82	40.5	28.3	31.76	76.94	89.69	89.89	48.47	26.93	47.89	84.5	60.22	18.68	4.0	31.78	19.92	27.29	46.1	41.23	82.46	94.41	77.25	10.3	66.27	35.44	32.53	75.54	36.72	42.05	67.91	62.13	66.57	72.5	41.0	40.02	
36.69	62.97	30.61	42.72	53.81	32.89	46.84	65.95	17.0	45.31	45.1	0.0	36.5	40.16	41.79	47.2	56.44	60.0	17.69	15.26	42.19	33.96	23.85	56.64	42.05	17.03	51.62	33.06	8.49	55.95	13.34	33.24	39.6	42.19	48.75	28.16	46.14	24.7	61.59	36.4	6.71	40.82	37.95	43.05	60.75	61.61	50.61	55.95	40.26	38.29	8.54	46.1	26.4	51.09	39.32	18.79	52.2	42.52	25.24	52.43	10.3	8.06	42.72	33.54	55.61	30.41	49.58	61.85	50.93	64.03	30.08	28.44	17.8	43.42	50.54	21.4	31.62	11.0	35.9	38.01	19.03	51.86	42.72	34.13	48.92	47.8	44.27	26.4	55.66	42.76	45.8	30.41	12.37	25.55	33.84	42.64	50.33	52.48	62.48	23.02	57.38	34.18	6.4	24.6	50.91	17.0	41.48	56.86	13.6	49.25	23.77	46.14	20.62	44.82	22.09	47.89	6.71	51.62	31.24	27.8	64.07	13.0	24.84	13.93	45.65	43.46	54.49	29.41	24.7	25.61	45.4	33.38	63.25	56.65	37.12	41.11	38.83	33.62	37.44	16.55	30.02	13.89	28.64	33.54	10.05	10.3	38.95	37.64	49.09	43.42	64.2	58.05	58.0	50.7	20.25	37.05	21.95	27.66	20.81	40.22	49.04	51.66	49.93	24.6	44.78	43.42	32.25	42.72	49.09	18.87	55.54	41.87	16.28	55.44	46.75	61.22	41.11	50.36	21.21	46.75	34.06	30.59	39.62	62.24	28.32	17.03	40.52	39.12	13.0	8.49	
17.03	52.47	34.48	29.0	46.0	17.72	55.95	50.96	29.41	64.07	12.73	36.5	0.0	74.33	39.12	32.98	36.4	54.0	23.77	33.84	44.27	38.9	17.46	82.29	58.82	49.25	77.08	43.42	32.31	35.47	33.73	48.26	23.41	16.0	75.82	64.63	74.81	60.88	31.38	62.39	31.32	27.02	6.0	72.2	30.89	56.0	51.2	24.7	5.0	25.5	29.41	68.68	55.76	76.49	60.88	30.08	36.35	34.23	60.41	49.37	41.11	44.28	72.42	69.26	86.02	31.76	27.02	57.01	43.01	94.4	51.89	46.53	52.81	78.77	77.99	54.13	7.21	25.71	49.65	70.86	37.34	27.29	66.19	70.58	26.02	56.86	61.61	20.81	20.25	56.85	75.96	66.1	48.84	28.02	45.49	28.46	78.77	22.85	93.23	55.44	23.35	7.21	32.57	60.44	42.0	37.64	42.2	39.56	47.04	13.04	41.73	36.4	17.12	74.33	44.05	49.73	30.15	50.8	61.61	26.93	45.31	48.01	23.85	25.5	48.08	49.77	43.19	61.0	59.08	18.87	9.0	69.87	34.0	22.02	73.06	40.22	16.49	69.64	67.96	47.85	38.28	34.13	65.12	49.2	35.23	43.66	74.33	25.94	13.34	54.12	57.08	49.09	48.17	17.03	27.31	54.82	28.18	28.3	19.92	64.88	78.11	77.88	37.11	14.87	35.85	73.08	47.71	9.85	15.81	20.4	31.76	33.24	34.48	49.01	78.55	91.61	73.06	14.0	57.08	25.02	34.93	66.0	24.7	51.48	62.24	53.24	65.07	69.07	35.85	30.0	
76.84	100.21	67.96	82.29	91.02	73.05	77.23	104.31	46.04	35.81	84.53	40.16	74.33	0.0	59.03	70.58	96.18	95.9	51.01	52.84	77.47	50.16	58.0	29.0	68.01	25.08	63.89	44.72	47.93	95.75	41.0	39.45	67.68	74.55	59.48	18.87	55.08	26.63	92.2	22.63	46.82	80.53	74.01	52.5	91.22	97.19	84.96	88.12	77.06	65.0	48.7	64.4	45.8	26.48	61.59	46.17	74.85	81.12	31.91	88.09	33.24	32.31	51.24	29.12	57.14	68.6	77.62	97.08	88.48	63.03	30.89	36.25	33.94	34.0	59.91	39.05	68.07	50.7	66.48	5.66	39.46	80.52	27.46	16.49	77.37	77.99	37.64	66.48	91.09	41.73	14.04	29.15	30.53	51.79	66.53	68.01	20.0	84.17	61.03	19.0	91.44	70.01	46.24	28.84	88.75	38.21	55.95	96.18	27.46	87.37	56.85	66.71	57.22	15.3	53.15	82.13	45.12	86.45	15.65	67.08	103.35	27.2	54.33	54.08	80.06	76.38	92.65	14.56	15.52	58.08	83.29	18.68	92.89	91.27	10.05	57.25	70.58	26.93	47.17	41.77	65.8	51.48	21.47	63.66	39.12	39.66	32.25	64.03	87.57	73.66	100.12	95.21	95.44	85.21	49.16	64.03	49.37	66.65	55.01	25.0	18.0	25.18	71.18	60.03	65.39	14.56	38.95	78.03	88.46	54.08	95.63	80.62	41.11	92.01	48.51	61.0	45.35	88.28	19.72	75.19	71.56	10.63	66.94	99.62	36.24	24.19	58.59	49.04	49.74	44.55	
53.85	89.49	63.13	65.46	81.74	52.5	84.02	89.16	25.0	32.14	51.61	41.79	39.12	59.03	0.0	13.04	75.13	89.5	27.07	52.47	75.33	9.22	26.48	53.08	82.04	39.6	93.41	14.32	45.89	74.24	28.64	19.92	17.03	27.02	90.47	60.11	87.66	61.22	37.48	38.33	42.95	63.25	34.21	84.53	36.5	91.44	83.6	36.06	37.64	14.14	42.58	87.64	68.15	48.0	80.52	23.09	16.28	69.12	64.07	83.36	36.06	44.42	84.08	70.29	96.38	61.29	22.8	92.2	78.59	104.62	28.23	22.83	57.8	80.06	92.2	62.61	32.65	39.2	74.33	53.71	24.41	25.71	38.12	64.54	23.09	85.02	29.15	50.8	43.91	23.19	53.37	67.62	49.93	17.12	71.11	13.42	53.34	32.31	102.93	42.8	41.63	31.91	44.15	62.2	77.88	26.63	4.12	77.88	40.46	48.08	62.65	8.06	31.26	51.2	62.37	81.39	37.11	83.86	43.38	56.44	84.08	43.42	20.02	44.05	79.31	79.03	80.01	44.78	48.41	23.54	44.6	65.12	37.12	42.49	63.25	2.0	24.04	69.43	78.71	58.31	65.0	51.62	62.24	72.56	32.2	52.0	75.93	13.45	49.52	81.1	93.15	85.44	84.77	37.74	22.36	77.1	20.4	57.31	27.07	38.47	53.6	50.01	12.37	28.86	7.0	50.45	20.25	34.66	54.04	29.02	70.83	68.15	25.94	84.4	87.13	101.87	81.63	48.1	50.91	21.54	65.38	55.8	15.62	88.54	68.26	49.68	82.22	80.5	51.97	34.21	
49.5	85.33	62.65	61.52	78.41	49.09	84.34	83.93	30.48	45.18	44.38	47.2	32.98	70.58	13.04	0.0	69.26	86.37	30.02	54.78	74.24	20.62	26.25	66.12	84.12	49.09	98.01	26.48	49.19	68.31	35.36	32.39	10.0	17.89	95.52	69.4	93.19	69.35	24.52	50.8	46.53	59.41	27.2	90.14	23.54	88.36	82.05	23.71	30.08	9.49	45.62	91.29	73.25	61.01	83.77	29.0	5.0	66.12	71.45	81.02	43.93	51.62	89.87	78.57	102.8	60.41	10.3	89.27	75.33	111.21	40.26	34.48	64.54	88.53	97.42	68.6	28.07	41.63	75.69	65.46	33.02	13.0	51.04	74.33	10.82	85.33	42.19	49.16	32.65	36.22	65.92	75.69	57.28	21.93	72.03	5.1	66.19	20.25	109.64	53.24	29.68	26.31	47.89	70.01	74.43	35.0	17.12	72.53	49.2	39.12	64.85	5.39	31.32	63.79	65.39	80.16	41.34	82.01	55.03	55.33	78.11	51.86	22.47	45.54	78.23	78.77	75.95	56.08	58.67	23.41	36.24	74.63	24.08	30.81	73.82	15.03	16.49	77.99	84.63	63.51	65.31	54.23	71.22	74.33	38.9	57.43	84.22	9.85	40.82	81.79	89.68	81.74	80.89	26.87	27.02	79.38	25.5	56.44	28.23	51.24	66.37	63.0	4.12	27.66	6.08	62.97	32.56	25.94	46.07	30.46	64.26	65.12	33.3	81.3	93.86	108.41	88.24	38.83	60.22	9.9	64.28	66.24	9.06	84.34	75.17	58.26	86.31	86.27	55.04	38.83	
22.02	18.97	30.27	13.93	17.69	24.76	39.81	15.03	59.41	96.21	25.32	56.44	36.4	96.18	75.13	69.26	0.0	23.85	53.81	43.66	28.16	73.5	50.22	111.66	49.04	73.25	70.88	77.01	48.3	1.0	61.62	80.81	59.81	51.66	71.81	80.96	72.99	74.46	61.07	91.05	49.74	15.65	42.06	71.57	61.03	25.55	28.84	55.0	39.29	61.85	48.02	61.4	60.13	105.89	55.11	60.88	72.28	17.0	71.39	24.21	65.46	63.95	72.44	80.06	84.53	28.64	62.17	26.93	16.64	91.68	82.07	77.79	65.25	87.28	73.98	62.97	42.49	47.2	41.59	94.41	67.18	61.66	96.33	86.68	61.19	40.25	94.18	30.23	45.18	90.27	102.08	77.28	65.92	61.61	38.21	64.85	106.25	55.15	91.22	79.4	50.16	43.46	50.12	73.01	15.26	66.53	77.9	4.47	69.97	33.0	43.29	72.8	46.86	100.96	47.38	29.53	53.01	27.2	87.37	29.15	8.94	69.35	57.43	42.72	29.55	34.18	12.73	85.76	80.95	52.7	34.23	85.16	64.07	48.17	91.42	76.06	52.81	81.39	70.06	57.49	34.06	44.94	80.08	43.29	61.22	57.25	83.49	62.24	31.0	40.5	25.08	18.03	16.64	47.04	58.9	47.85	60.44	29.73	51.22	94.37	105.12	106.83	73.38	47.43	72.24	99.57	80.06	43.93	25.0	50.33	6.32	17.03	63.66	20.52	80.31	89.27	76.06	34.01	76.56	60.64	27.07	86.01	61.1	18.03	70.58	72.09	61.0	70.18	46.82	54.82	
37.01	7.28	29.41	25.0	8.0	37.34	23.19	14.87	68.94	104.45	45.89	60.0	54.0	95.9	89.5	86.37	23.85	0.0	64.26	44.82	18.44	85.7	63.06	116.52	34.53	76.69	55.0	87.85	51.61	24.7	69.35	90.34	76.42	70.0	57.14	78.24	59.54	70.72	82.57	96.4	54.08	27.02	60.0	59.03	82.38	2.0	11.7	76.12	58.08	77.78	53.0	46.1	52.77	111.04	41.98	70.77	90.14	20.4	66.37	7.81	70.21	65.86	60.21	73.79	70.11	30.02	81.01	3.16	11.05	76.03	89.36	86.35	62.2	78.77	59.08	57.98	58.31	54.12	30.87	95.52	75.59	81.1	102.65	83.22	80.01	23.09	102.96	38.9	67.19	100.18	104.66	71.59	65.8	73.68	29.68	81.5	109.71	75.54	76.0	82.13	72.03	60.13	53.82	68.8	12.0	74.3	91.48	19.42	73.11	54.57	39.05	88.96	58.52	104.0	42.8	14.32	59.17	9.85	90.69	34.01	20.81	71.51	69.92	48.76	16.12	20.62	11.7	88.46	82.04	65.97	54.74	81.3	85.51	70.09	89.05	89.99	70.11	75.59	59.48	54.2	30.41	46.23	76.55	33.54	67.74	56.59	75.77	77.93	52.63	25.71	4.24	5.83	7.21	67.9	69.64	35.74	71.51	33.54	62.94	100.21	108.25	111.52	90.45	60.64	88.12	102.59	89.44	63.13	46.84	61.35	30.02	21.38	72.01	5.1	68.25	74.0	65.25	55.79	76.49	79.01	26.08	85.28	77.52	7.62	63.95	72.18	47.85	58.94	47.51	61.77	
31.83	65.3	36.5	41.88	56.86	29.21	57.0	66.29	5.83	42.43	35.34	17.69	23.77	51.01	27.07	30.02	53.81	64.26	0.0	25.5	48.84	21.59	7.07	59.17	55.11	26.02	68.0	23.71	19.31	53.08	10.05	27.02	21.93	25.08	65.51	43.66	63.25	41.68	44.29	38.91	16.55	39.66	23.0	60.22	43.42	66.13	57.27	39.0	26.08	20.81	15.81	61.47	43.27	53.34	54.08	7.07	34.99	44.28	42.8	57.57	18.25	23.71	60.0	50.77	73.11	34.93	31.89	66.73	53.71	81.57	28.84	24.08	35.47	60.75	67.42	38.95	17.12	12.17	47.27	47.27	13.89	34.21	43.27	49.34	31.24	58.0	40.36	25.5	40.31	36.62	52.2	47.71	29.15	10.0	44.05	25.24	55.15	35.34	80.06	32.02	41.23	19.0	17.89	41.88	53.23	13.93	28.07	55.61	24.33	36.67	35.69	29.73	7.21	50.6	35.74	54.92	11.4	57.72	37.85	30.36	62.48	25.96	7.62	17.0	52.77	52.15	55.95	37.34	36.12	8.06	32.56	49.04	45.79	40.79	50.8	27.0	21.47	50.61	54.82	33.6	38.05	24.74	44.78	45.54	12.17	27.66	56.3	20.25	37.11	54.04	68.15	60.84	60.37	34.71	5.39	50.22	7.28	31.05	4.0	41.68	54.42	54.59	33.11	9.06	28.46	49.34	26.25	27.17	39.0	3.61	50.99	43.38	10.77	59.24	64.38	78.75	58.73	37.48	35.17	29.07	39.05	43.42	22.02	64.41	46.01	31.95	56.36	56.4	25.3	9.22	
27.07	48.1	15.56	29.73	38.9	23.09	32.39	51.61	28.0	60.42	38.33	15.26	33.84	52.84	52.47	54.78	43.66	44.82	25.5	0.0	26.93	46.0	28.64	71.7	29.61	31.89	44.2	46.39	7.28	43.32	26.48	47.54	45.62	44.82	42.45	37.36	41.11	31.26	63.66	51.61	10.2	28.16	37.54	38.42	62.97	46.4	35.36	57.28	38.6	45.31	10.0	36.72	21.95	66.22	29.07	30.0	59.62	28.3	29.02	37.2	25.55	21.26	38.6	38.05	52.2	15.81	54.38	46.62	36.12	60.61	45.19	43.01	22.09	46.69	44.55	21.38	31.83	13.34	22.0	51.61	32.76	56.04	57.98	43.17	53.54	33.38	59.24	16.12	54.08	57.28	60.21	35.01	22.36	35.36	19.24	49.77	65.05	54.49	59.41	37.48	57.01	34.66	9.49	30.07	36.24	31.05	53.08	43.38	28.32	44.78	10.2	55.08	23.71	59.41	10.82	32.65	16.12	36.36	45.97	14.56	50.54	26.91	32.98	9.43	30.41	28.46	40.0	43.86	38.01	31.38	41.59	41.77	65.86	55.8	47.76	52.24	42.44	39.0	34.13	15.13	14.76	1.41	36.67	20.1	24.04	13.6	42.43	44.94	44.01	29.15	49.04	43.14	43.19	50.45	30.15	24.74	32.14	13.93	26.57	55.47	63.66	66.71	58.19	27.78	53.85	58.0	46.57	42.52	42.2	24.35	43.93	27.78	29.43	40.36	44.78	57.8	39.36	46.1	33.12	51.62	19.1	42.49	46.1	47.42	29.61	28.65	32.2	35.23	3.16	19.1	
28.18	23.26	12.37	19.1	14.56	26.57	12.73	28.86	52.89	87.21	40.22	42.19	44.27	77.47	75.33	74.24	28.16	18.44	48.84	26.93	0.0	70.41	49.04	98.41	20.88	58.6	42.72	71.84	34.0	28.46	52.55	73.74	64.28	59.67	43.74	59.91	45.18	52.48	75.24	78.49	36.67	19.85	50.0	44.01	74.85	19.8	8.54	68.54	49.04	65.07	35.85	33.24	35.11	93.01	27.17	54.82	78.52	12.81	48.3	10.63	52.48	47.63	45.0	56.08	56.57	14.04	70.61	19.85	13.04	63.56	72.01	69.46	43.83	61.85	45.89	39.82	46.69	37.64	14.04	77.1	58.87	71.31	84.91	65.0	69.63	13.45	85.91	25.08	61.4	83.57	86.31	53.71	47.38	58.69	11.7	69.18	91.44	67.07	63.15	63.89	65.76	49.03	36.24	50.61	14.0	57.38	76.79	25.32	55.0	49.09	20.62	76.01	44.1	85.7	24.41	6.08	42.15	9.43	72.47	19.0	31.0	53.26	55.33	32.28	4.0	6.4	18.03	70.18	63.64	52.04	47.89	63.13	78.0	64.01	70.72	75.54	58.86	57.78	43.29	35.81	12.21	28.3	58.31	16.28	50.57	38.18	58.52	65.03	47.43	12.53	22.67	18.38	18.97	60.42	54.13	20.02	56.09	18.03	48.26	82.38	89.94	93.41	78.16	47.0	75.0	84.29	72.8	54.08	42.64	46.39	32.2	13.45	55.36	14.76	53.01	61.19	49.25	50.48	58.05	68.25	10.0	66.84	65.19	22.85	46.24	53.76	33.14	43.1	29.41	44.94	
51.62	86.41	58.05	62.61	78.19	49.65	78.16	86.83	18.0	26.57	51.62	33.96	38.9	50.16	9.22	20.62	73.5	85.7	21.59	46.0	70.41	0.0	23.32	46.87	75.24	30.41	85.38	6.0	39.05	72.67	20.62	12.0	20.62	30.08	82.28	50.91	79.31	52.2	44.0	30.27	36.06	60.37	35.0	76.16	43.0	87.6	78.85	41.44	38.6	17.46	36.0	80.05	60.08	41.44	73.16	16.0	24.7	65.55	55.23	79.12	27.29	35.78	75.64	61.22	87.71	56.52	29.0	88.23	75.03	95.88	19.65	13.93	49.19	70.94	83.93	54.23	31.83	33.14	68.0	44.94	15.65	32.0	31.14	55.32	29.02	79.16	23.77	46.82	47.76	18.36	45.4	58.6	41.18	12.08	65.07	19.0	46.0	37.48	94.15	33.6	46.32	31.89	37.12	53.25	74.46	17.89	7.62	75.8	31.4	49.65	56.04	16.55	27.31	43.29	55.33	76.49	30.07	79.31	34.54	51.92	82.38	34.41	16.12	38.33	74.33	73.55	76.97	35.78	39.2	20.81	45.8	55.9	44.1	46.84	54.08	7.81	26.4	60.31	70.26	50.29	59.41	45.01	53.08	66.03	24.04	43.97	66.84	16.49	50.8	75.06	89.54	82.08	81.54	41.44	16.28	70.26	14.32	52.63	22.85	31.0	46.04	43.29	21.02	26.08	15.23	42.43	12.04	36.72	54.56	24.35	69.81	64.62	17.72	80.65	78.39	93.15	72.95	49.93	41.73	27.07	60.64	46.62	19.42	85.49	59.54	40.61	74.46	72.09	45.1	27.07	
28.3	63.32	37.01	39.4	55.36	26.4	58.42	63.53	12.17	47.01	29.68	23.85	17.46	58.0	26.48	26.25	50.22	63.06	7.07	28.64	49.04	23.32	0.0	64.85	57.87	33.06	72.4	26.91	23.6	49.41	17.0	31.24	17.0	18.36	70.21	50.6	68.25	48.3	37.74	44.94	21.26	37.16	16.03	65.3	36.89	65.0	57.22	32.2	19.24	16.76	20.0	65.3	48.27	59.03	57.7	12.65	31.02	42.72	49.09	56.89	25.32	30.46	65.19	57.31	78.52	35.01	26.25	65.73	52.2	87.0	34.44	29.15	41.62	67.23	72.2	44.6	10.44	15.81	49.48	54.15	19.92	28.28	48.76	56.32	25.5	59.41	44.69	24.33	33.24	40.31	58.69	54.2	35.78	11.4	45.89	21.19	61.35	28.65	85.56	39.0	34.21	12.04	22.67	48.37	51.55	20.4	28.46	52.48	31.4	30.08	38.63	27.17	5.1	57.01	39.36	55.08	17.2	57.43	44.55	30.07	59.08	32.98	7.21	19.31	53.04	53.08	53.85	44.18	43.19	3.0	25.96	55.97	39.41	33.73	57.87	26.93	15.0	57.25	60.14	38.9	39.32	28.18	51.62	48.08	19.24	33.3	62.77	16.49	30.68	55.73	66.76	59.14	58.52	27.66	9.85	53.14	10.82	31.02	3.16	47.42	60.73	60.42	29.83	2.83	26.08	55.79	30.61	20.1	33.12	5.0	46.75	41.76	17.26	57.97	70.04	84.17	64.38	30.81	42.2	23.43	39.05	50.49	17.46	62.39	52.01	38.9	60.54	61.62	29.15	15.65	
90.21	119.6	87.21	98.49	110.45	87.01	100.85	122.35	53.34	21.0	94.41	56.64	82.29	29.0	53.08	66.12	111.66	116.52	59.17	71.7	98.41	46.87	64.85	0.0	93.04	39.82	91.98	41.0	65.12	111.04	50.22	35.17	67.47	76.66	87.66	46.1	83.36	53.16	90.45	20.62	62.94	96.43	79.85	80.6	89.45	118.07	106.61	88.28	83.38	64.33	64.35	91.39	71.31	5.83	87.46	52.35	69.0	98.99	58.52	108.85	46.67	50.8	79.43	57.56	86.09	87.05	75.54	118.23	107.56	92.02	30.41	35.85	58.18	63.0	88.28	64.08	75.15	64.54	89.69	25.32	45.28	78.52	16.16	45.18	75.66	101.71	24.0	81.57	94.37	30.0	15.03	57.07	51.97	54.78	88.75	65.62	9.0	84.34	90.02	34.67	93.17	76.16	62.97	55.36	107.52	45.49	49.04	112.7	43.42	94.54	78.49	61.03	66.37	14.32	75.47	103.81	58.8	107.8	26.08	84.15	119.85	45.22	58.69	69.35	101.61	98.74	111.02	28.65	36.25	63.56	90.47	47.27	90.2	93.62	39.01	51.09	72.8	55.44	74.95	64.88	86.21	70.29	49.03	86.95	50.45	60.75	61.13	63.35	95.34	97.25	120.74	114.69	114.63	88.06	55.01	88.55	54.13	84.15	62.65	17.49	11.0	5.0	65.0	67.54	60.07	15.52	35.44	82.54	97.95	62.77	109.62	98.29	48.55	112.04	77.32	90.0	73.82	95.08	42.54	73.82	90.69	36.88	66.29	118.87	63.32	46.07	85.38	76.9	69.03	56.85	
45.28	41.19	24.76	38.95	34.06	42.45	11.4	48.01	57.31	86.12	58.05	42.05	58.82	68.01	82.04	84.12	49.04	34.53	55.11	29.61	20.88	75.24	57.87	93.04	0.0	55.08	21.84	75.0	36.22	49.34	55.01	75.24	74.67	72.47	23.09	49.2	25.08	41.4	90.14	74.95	39.2	39.12	63.81	24.52	89.59	34.93	23.09	83.49	63.82	74.63	39.46	12.37	22.2	88.24	7.62	59.3	88.87	33.11	36.24	28.02	51.48	44.15	25.71	41.87	36.06	27.59	82.76	34.21	33.38	42.76	71.2	70.35	34.89	45.18	25.18	29.15	59.06	42.95	9.22	69.12	61.01	84.08	81.91	53.08	81.86	11.7	85.51	38.01	77.99	84.59	79.26	40.31	41.44	64.94	13.45	79.06	85.0	81.3	42.43	58.87	81.84	61.77	38.12	39.2	34.53	59.03	82.49	46.1	51.66	66.47	19.42	84.65	52.81	79.18	20.0	21.0	45.18	25.08	67.23	32.02	51.35	49.04	62.59	38.6	20.1	15.13	38.33	64.47	56.8	60.73	64.44	50.93	92.65	80.28	59.55	81.74	70.68	43.93	25.5	28.46	20.62	30.41	46.86	9.85	52.01	33.73	42.72	74.33	65.07	9.0	38.08	37.01	38.0	75.8	59.68	5.0	61.66	30.61	56.04	79.06	83.24	88.14	87.64	56.65	83.43	77.83	74.24	68.51	61.07	53.85	52.92	33.54	58.01	33.02	33.73	40.45	31.02	67.88	50.54	80.11	25.61	57.69	75.27	41.11	32.53	47.01	13.34	24.7	30.15	48.17	
52.8	79.91	47.42	59.64	70.72	49.19	61.74	82.98	21.38	31.26	59.67	17.03	49.25	25.08	39.6	49.09	73.25	76.69	26.02	31.89	58.6	30.41	33.06	39.82	55.08	0.0	59.3	26.63	25.5	72.72	16.12	23.77	44.38	50.22	55.58	20.52	51.97	22.36	68.62	20.12	23.6	57.69	49.01	48.84	67.68	78.24	66.85	64.03	52.01	42.05	25.24	56.08	35.06	34.41	50.64	21.84	53.82	59.55	26.25	69.03	8.25	11.18	48.05	31.06	58.87	47.38	54.63	78.41	67.88	66.71	17.12	18.79	22.02	40.61	56.89	28.0	43.01	26.4	50.57	21.84	16.12	57.38	26.93	25.24	54.23	62.65	31.02	43.05	66.27	31.4	28.84	28.65	14.04	28.23	49.24	45.65	33.3	60.17	64.88	6.32	66.91	45.01	23.43	23.77	67.9	14.32	37.64	73.82	3.61	62.29	38.95	46.23	32.14	27.8	36.25	64.07	20.62	68.01	14.21	44.82	81.02	6.08	30.08	30.53	61.85	59.17	71.51	12.53	10.2	33.38	58.22	25.61	69.64	66.61	25.3	38.21	46.32	30.0	42.76	26.68	46.4	30.48	22.67	47.93	14.04	21.54	36.62	41.15	62.51	58.18	80.92	74.97	74.95	60.53	24.74	50.29	25.3	44.69	30.02	24.17	32.02	34.83	50.61	35.0	44.82	26.4	22.85	53.15	63.56	29.02	72.01	58.9	16.76	72.25	49.4	64.08	44.27	63.2	11.31	52.0	50.93	17.72	43.86	79.2	31.05	10.77	50.04	44.72	29.21	19.65	
65.46	62.03	44.94	60.42	55.58	62.2	32.14	69.18	68.54	90.02	78.24	51.62	77.08	63.89	93.41	98.01	70.88	55.0	68.0	44.2	42.72	85.38	72.4	91.98	21.84	59.3	0.0	83.68	48.88	71.17	64.85	82.38	89.36	89.02	4.47	45.89	8.94	39.2	107.71	77.06	51.48	60.37	81.39	11.4	107.06	55.04	44.18	101.24	82.02	88.68	52.48	9.49	25.3	88.12	16.64	70.38	102.96	54.78	34.06	49.25	58.69	50.22	12.65	34.79	15.52	47.71	98.47	54.08	55.11	21.1	76.42	77.28	37.34	33.02	5.0	31.58	75.93	56.6	29.97	66.71	69.92	100.21	84.1	47.43	97.65	32.06	90.14	56.73	97.0	90.67	77.13	34.93	45.54	76.97	34.0	93.15	83.2	98.6	21.0	61.0	100.42	78.75	50.12	37.12	56.29	67.72	92.97	67.91	56.57	86.21	35.36	97.51	67.68	77.67	33.42	42.43	56.8	46.17	68.18	51.4	72.99	53.46	75.59	53.6	41.77	36.88	60.02	65.19	57.14	74.95	83.74	45.22	109.99	99.04	54.08	92.7	86.61	37.0	17.12	35.11	40.5	44.41	42.95	29.15	61.35	41.44	32.65	88.19	85.0	30.59	58.08	58.22	59.3	94.05	71.59	23.71	73.41	50.0	69.97	81.1	81.25	87.48	101.07	71.85	96.18	76.49	81.39	86.31	81.54	67.74	74.67	55.15	67.68	54.23	17.69	19.0	18.79	87.62	51.04	95.69	46.53	55.11	89.69	62.07	29.07	49.04	12.04	15.13	43.27	59.51	
55.0	89.01	59.48	65.51	80.53	52.7	78.77	89.89	18.97	21.02	56.08	33.06	43.42	44.72	14.32	26.48	77.01	87.85	23.71	46.39	71.84	6.0	26.91	41.0	75.0	26.63	83.68	0.0	39.2	76.22	20.02	6.0	26.48	35.74	80.36	46.86	77.16	48.88	50.0	24.33	36.22	63.29	39.96	74.0	49.0	89.69	80.36	47.38	43.57	23.35	36.5	78.92	58.46	35.51	72.34	17.09	30.36	67.98	52.33	80.99	25.0	33.53	73.39	57.69	85.0	58.19	35.0	90.25	77.39	93.02	13.93	8.6	46.82	67.2	81.91	52.2	36.24	34.21	68.26	39.4	14.04	38.0	25.18	50.91	35.01	79.76	18.36	49.19	53.45	13.45	39.46	55.23	38.63	15.56	65.62	25.0	40.0	43.42	91.24	29.0	52.17	36.62	37.12	50.12	76.92	16.12	11.4	79.06	28.18	54.71	56.14	22.14	30.23	37.34	55.0	77.88	30.27	80.96	29.07	53.85	85.8	31.3	19.8	39.56	75.69	74.53	79.65	30.53	34.66	24.76	50.77	51.66	50.09	52.63	49.2	12.53	31.95	56.61	68.01	48.84	60.42	45.28	49.2	66.12	23.02	42.58	63.25	22.36	55.76	75.54	91.79	84.53	84.08	47.13	18.36	70.0	16.64	54.42	25.81	25.0	40.05	37.34	26.57	29.73	20.88	36.5	6.08	42.05	59.2	26.93	73.66	67.08	17.03	82.86	75.58	90.34	70.26	55.07	37.8	33.06	62.3	41.87	25.32	88.12	56.86	37.22	73.16	69.89	45.1	27.29	
29.43	54.49	22.2	34.48	45.34	25.5	39.62	57.49	21.1	53.23	39.12	8.49	32.31	47.93	45.89	49.19	48.3	51.61	19.31	7.28	34.0	39.05	23.6	65.12	36.22	25.5	48.88	39.2	0.0	47.85	19.24	40.26	40.5	41.04	46.62	34.13	44.69	29.15	60.31	44.82	3.0	32.65	34.99	41.77	59.55	53.25	42.49	54.2	36.67	39.82	3.61	42.15	24.76	59.55	34.79	23.09	54.12	34.06	28.16	44.1	18.6	15.65	41.73	37.11	55.17	21.93	49.82	53.54	42.45	63.66	38.01	35.74	20.62	46.49	48.6	21.95	28.84	7.81	29.07	46.14	25.5	51.74	51.04	40.11	49.04	40.61	52.0	18.68	52.33	50.0	54.2	33.96	18.25	28.86	26.48	44.29	58.8	51.09	62.29	31.4	54.71	31.62	2.24	28.44	42.43	23.77	46.27	48.55	22.02	44.38	17.0	49.04	19.1	53.26	16.49	39.81	9.0	43.42	39.7	19.42	55.76	21.1	26.93	7.07	37.58	35.74	46.01	37.8	32.65	26.08	40.8	39.01	62.29	53.71	43.93	45.54	38.21	37.66	36.8	15.81	21.93	6.08	34.0	27.0	16.76	11.4	42.06	39.36	43.93	36.35	55.8	49.58	49.52	48.02	23.54	31.26	25.5	19.21	21.1	48.6	57.49	60.14	52.39	23.35	47.76	51.86	39.29	39.96	43.1	18.87	47.76	33.42	22.2	47.01	47.01	60.83	41.4	45.61	28.46	47.01	25.61	37.95	40.82	53.76	29.97	24.04	37.12	38.18	6.08	12.0	
21.26	19.92	30.15	13.6	18.38	24.08	40.25	16.03	58.69	95.48	24.33	55.95	35.47	95.75	74.24	68.31	1.0	24.7	53.08	43.32	28.46	72.67	49.41	111.04	49.34	72.72	71.17	76.22	47.85	0.0	60.96	80.06	58.87	50.7	72.03	80.65	73.16	74.22	60.07	90.43	49.24	15.23	41.11	71.7	60.03	26.42	29.41	54.0	38.33	60.93	47.51	61.68	60.07	105.26	55.32	60.14	71.31	17.03	71.2	24.84	64.9	63.51	72.56	79.91	84.72	28.44	61.19	27.78	17.2	91.92	81.39	77.08	65.0	87.21	74.22	62.8	41.59	46.62	41.77	93.94	66.48	60.67	95.67	86.4	60.21	40.71	93.43	29.68	44.18	89.5	101.55	77.1	65.55	60.8	38.33	63.91	105.68	54.15	91.44	78.89	49.16	42.54	49.65	72.78	15.81	65.86	77.03	5.39	69.46	32.0	43.19	71.87	46.1	100.4	47.27	30.02	52.43	27.8	86.82	28.79	9.85	68.88	56.61	42.19	29.97	34.54	13.45	85.23	80.5	51.87	33.24	84.9	63.07	47.17	91.08	75.18	51.87	81.22	70.11	57.27	34.01	44.6	79.81	43.42	60.61	56.92	83.38	61.33	30.0	40.85	26.0	18.87	17.49	46.04	58.14	48.05	59.67	29.41	50.45	93.72	104.56	106.21	72.42	46.62	71.31	99.02	79.31	42.95	24.0	49.58	5.39	17.0	62.97	21.26	80.4	89.5	76.11	33.02	76.16	59.67	27.02	85.62	60.17	18.97	70.46	71.69	61.19	70.26	46.49	54.2	
40.0	71.28	40.31	48.84	62.43	36.88	58.86	73.11	5.39	35.23	44.94	13.34	33.73	41.0	28.64	35.36	61.62	69.35	10.05	26.48	52.55	20.62	17.0	50.22	55.01	16.12	64.85	20.02	19.24	60.96	0.0	21.19	29.15	34.21	61.85	34.89	59.03	34.06	52.92	29.68	16.28	46.69	33.02	55.9	52.0	71.12	61.1	48.08	36.12	27.2	16.76	59.44	39.56	44.41	52.61	6.4	40.31	50.22	36.12	62.17	8.94	16.28	55.47	43.28	67.96	39.36	39.45	71.55	59.36	76.28	20.52	17.0	29.41	53.26	63.56	34.0	27.17	15.26	48.26	37.22	6.32	42.06	34.71	40.31	38.95	59.84	33.62	31.89	50.16	31.02	42.38	40.36	21.93	13.45	45.71	31.24	45.62	44.27	74.63	22.0	50.8	29.02	17.12	34.66	59.08	5.0	28.16	62.94	14.87	46.69	36.12	33.6	16.76	40.85	35.01	58.52	10.44	61.85	27.89	35.51	70.01	17.0	14.32	20.59	56.3	54.82	62.2	27.29	26.31	17.26	42.58	40.25	54.13	50.49	41.23	27.86	30.36	42.8	50.12	29.73	40.8	25.32	36.36	46.1	3.61	23.41	48.92	26.4	47.07	55.58	73.43	66.57	66.29	44.41	8.94	50.01	10.0	35.85	14.04	32.8	44.78	45.49	37.64	19.1	32.2	39.56	20.25	37.05	48.7	13.34	59.41	49.41	3.0	64.5	58.82	73.5	53.25	47.52	26.0	36.72	43.38	33.73	28.84	70.46	40.0	23.32	53.85	51.88	25.08	7.62	
58.8	91.92	61.47	68.82	83.24	56.22	79.83	93.23	21.63	15.81	60.8	33.24	48.26	39.45	19.92	32.39	80.81	90.34	27.02	47.54	73.74	12.0	31.24	35.17	75.24	23.77	82.38	6.0	40.26	80.06	21.19	0.0	32.39	41.48	78.85	43.27	75.43	46.1	56.0	18.44	37.36	66.61	45.18	72.28	55.0	92.14	82.28	53.34	48.76	29.27	37.95	78.23	57.43	29.61	72.01	20.0	36.14	70.83	49.98	83.26	24.02	32.25	71.57	54.59	82.64	60.42	41.0	92.61	80.13	90.47	8.6	5.1	45.12	63.81	80.28	50.8	41.05	36.25	69.05	34.0	14.87	44.0	19.24	46.86	41.01	80.81	13.45	52.15	59.2	9.85	33.54	52.33	36.88	20.25	66.71	31.0	34.0	49.37	88.64	25.0	58.05	41.68	38.08	47.54	79.76	16.49	16.55	82.62	25.96	59.94	56.89	27.89	33.97	31.4	55.33	79.71	31.62	83.01	23.85	56.36	89.5	29.12	24.41	41.63	77.49	75.96	82.68	25.61	30.61	29.41	55.95	47.8	56.08	58.46	44.6	18.03	37.64	53.34	66.22	48.09	61.98	46.32	45.79	66.75	23.54	42.01	60.03	28.28	60.9	76.49	94.37	87.32	86.95	52.89	21.93	70.26	20.52	56.8	29.7	19.0	34.06	31.4	32.28	34.06	26.68	30.59	1.0	47.54	64.07	30.48	77.78	69.97	18.38	85.42	73.16	87.85	68.01	60.37	34.48	39.05	64.47	37.48	31.26	91.07	54.71	34.54	72.34	68.15	45.89	28.79	
39.62	75.5	52.77	51.62	68.47	39.12	74.53	74.33	23.85	47.13	35.36	39.6	23.41	67.68	17.03	10.0	59.81	76.42	21.93	45.62	64.28	20.62	17.0	67.47	74.67	44.38	89.36	26.48	40.5	58.87	29.15	32.39	0.0	10.0	87.09	64.01	85.0	63.01	24.52	50.01	38.01	49.5	17.89	82.01	23.54	78.41	72.06	21.02	21.1	3.16	36.89	82.3	65.0	61.98	74.69	22.83	14.32	56.14	64.54	71.03	38.08	45.0	81.84	72.2	95.02	50.49	10.3	79.31	65.38	103.48	39.0	33.0	57.31	82.2	89.05	60.88	18.11	32.76	66.1	62.97	28.46	13.0	51.62	69.32	9.85	75.5	44.27	39.2	27.31	38.63	65.01	69.2	50.61	16.16	62.36	5.1	66.19	17.03	101.98	49.34	25.71	16.49	39.41	63.41	64.5	30.08	20.81	62.94	43.83	31.14	55.54	13.0	21.93	63.0	56.36	70.18	33.3	72.01	52.61	45.4	68.71	46.14	15.0	36.25	68.26	68.88	66.1	53.15	54.42	14.42	27.8	69.35	25.3	26.25	69.64	18.6	7.21	71.85	76.69	55.44	55.54	45.18	65.51	64.85	32.45	49.58	77.8	4.12	32.65	72.03	79.76	71.85	71.02	21.02	20.25	70.01	19.24	46.53	19.42	51.24	66.07	63.79	14.04	18.03	12.53	62.01	32.25	17.69	37.44	21.63	55.04	55.15	27.73	71.34	86.31	100.66	80.66	31.11	55.01	7.62	54.33	62.03	1.41	74.53	67.9	52.48	77.52	78.24	46.14	31.11	
33.02	68.36	49.04	45.0	62.0	33.38	70.84	66.49	28.86	56.65	26.57	42.19	16.0	74.55	27.02	17.89	51.66	70.0	25.08	44.82	59.67	30.08	18.36	76.66	72.47	50.22	89.02	35.74	41.04	50.7	34.21	41.48	10.0	0.0	87.21	68.71	85.59	66.65	19.42	58.42	39.05	43.01	10.0	82.73	18.6	72.0	66.91	13.93	12.37	13.04	37.54	81.27	65.76	71.06	73.5	28.44	20.62	50.16	67.42	65.28	43.01	48.75	82.73	75.66	96.21	46.49	11.05	73.01	59.01	104.69	47.38	41.44	59.91	85.59	89.27	62.63	13.42	33.3	63.51	70.18	35.13	11.7	60.64	74.33	10.05	71.78	53.85	35.11	17.72	48.33	73.17	72.56	54.12	23.0	59.51	14.21	74.81	10.3	103.32	55.73	17.0	10.77	40.46	66.73	58.0	36.35	30.81	55.11	49.04	21.4	54.08	22.2	22.02	71.25	55.61	65.31	35.51	66.61	60.03	41.44	60.44	50.92	20.22	35.47	63.56	64.85	59.14	60.21	60.42	17.09	18.36	74.09	21.26	17.12	75.43	28.6	4.0	75.59	77.83	56.73	52.39	44.69	69.86	62.65	37.0	51.4	81.12	13.89	23.02	68.71	73.06	65.07	64.12	11.4	25.5	68.1	25.18	42.72	21.47	60.02	74.55	72.78	21.93	17.8	22.02	70.18	41.23	8.06	28.18	23.32	46.49	49.16	33.54	65.01	87.97	101.86	82.33	21.26	60.08	9.06	50.0	67.91	11.4	67.36	70.21	57.01	77.01	79.21	46.01	34.0	
65.0	64.03	44.72	60.75	57.14	61.59	34.01	71.01	65.74	86.09	77.7	48.75	75.82	59.48	90.47	95.52	71.81	57.14	65.51	42.45	43.74	82.28	70.21	87.66	23.09	55.58	4.47	80.36	46.62	72.03	61.85	78.85	87.09	87.21	0.0	41.59	4.47	35.06	106.1	73.01	49.09	60.54	79.91	7.07	105.42	57.31	46.0	99.7	80.72	86.28	50.22	11.05	22.36	83.86	16.76	67.54	100.5	55.36	30.0	51.01	55.36	46.84	8.25	30.36	13.0	47.41	96.4	56.44	56.44	19.92	72.69	73.76	33.73	28.6	2.24	28.16	74.28	54.41	30.36	62.37	66.73	98.23	80.02	43.01	95.6	34.06	86.28	55.8	95.9	86.98	72.78	30.59	41.98	74.24	34.18	90.74	78.85	96.94	19.42	57.04	99.16	77.1	47.71	33.02	57.56	64.51	89.89	69.05	52.95	85.45	34.21	94.83	65.6	73.35	31.83	44.05	54.2	48.0	64.07	50.77	74.43	49.82	73.06	51.74	43.19	38.21	61.4	61.07	53.04	72.67	82.8	40.8	108.3	97.84	49.65	89.69	84.65	32.57	13.0	32.2	40.25	42.52	38.64	29.15	58.31	38.48	28.18	85.76	84.31	32.06	60.41	60.01	61.03	92.7	68.88	24.04	70.66	49.4	67.68	77.03	76.9	83.19	98.49	69.81	93.48	72.18	77.88	84.86	81.12	65.46	75.29	55.66	64.62	56.01	13.45	17.46	14.32	86.84	47.0	93.6	46.62	50.8	87.37	64.01	25.0	45.18	11.18	11.0	41.23	56.82	
63.51	83.01	51.48	67.05	73.93	59.54	58.69	87.66	40.25	46.32	73.0	28.16	64.63	18.87	60.11	69.4	80.96	78.24	43.66	37.36	59.91	50.91	50.6	46.1	49.2	20.52	45.89	46.86	34.13	80.65	34.89	43.27	64.01	68.71	41.59	0.0	37.34	7.81	87.73	32.56	34.0	65.52	65.73	34.53	86.82	79.4	67.01	82.64	68.25	61.91	36.0	45.69	27.02	42.3	42.72	41.18	74.2	65.0	13.04	70.46	25.94	20.4	33.38	12.17	41.44	52.55	74.3	79.2	71.59	48.51	35.36	38.6	16.12	20.59	42.3	20.52	59.44	39.12	48.17	20.88	36.4	76.94	39.32	6.0	73.82	59.41	47.13	52.61	83.43	49.24	31.32	11.05	16.0	48.02	48.6	65.73	37.36	78.92	46.57	18.36	84.77	61.85	33.02	10.0	72.01	34.41	58.05	80.41	20.25	77.41	39.45	66.71	48.27	31.78	35.51	64.2	34.53	68.6	23.35	51.92	87.46	17.89	49.19	41.05	62.2	58.26	76.03	20.4	13.0	51.62	73.55	5.39	89.0	84.2	10.82	58.69	65.0	10.44	28.86	24.19	48.76	36.14	3.0	45.34	31.78	23.77	17.09	61.06	77.23	55.15	82.42	78.03	78.39	78.16	43.83	45.34	44.78	51.24	47.43	36.35	35.44	41.59	71.06	51.92	65.3	30.59	42.44	70.34	77.0	45.88	81.25	64.62	36.36	74.63	32.14	46.1	28.02	78.52	9.22	71.59	55.04	9.22	63.63	82.49	17.46	11.7	39.81	30.81	34.21	35.17	
