160
0.0	14.42	55.54	17.26	30.0	62.68	12.0	67.68	37.2	54.34	45.1	74.33	56.64	60.46	89.04	63.64	27.29	27.02	46.62	20.62	51.48	28.79	37.34	36.4	29.41	79.93	63.51	51.16	12.04	66.1	34.0	61.07	66.41	7.62	17.8	15.26	48.6	35.74	82.8	39.22	66.37	6.4	47.38	62.23	45.89	50.25	58.19	56.3	43.74	45.28	7.28	12.17	30.07	72.53	65.92	14.14	37.34	56.82	10.63	68.95	38.47	56.32	77.01	63.39	3.61	45.35	64.13	61.29	37.59	58.69	47.41	43.01	74.0	45.19	40.0	17.03	19.0	21.1	6.0	43.42	66.75	39.56	64.38	56.08	56.01	41.11	66.73	19.24	73.01	84.22	67.74	26.68	67.36	44.92	61.03	66.07	44.72	26.42	15.62	15.81	5.1	26.91	73.82	52.01	10.63	75.24	75.8	71.57	11.4	12.53	22.14	53.49	14.0	58.82	32.56	22.67	40.16	66.27	63.82	53.24	72.53	37.34	22.14	12.04	53.76	42.94	14.32	27.07	36.77	45.61	25.63	14.32	73.11	20.0	41.62	24.19	48.51	34.21	30.81	22.2	71.03	19.42	72.03	9.22	71.01	65.12	84.31	56.64	31.83	78.87	64.12	49.74	46.04	66.07	23.85	80.8	53.24	73.76	29.73	46.82	
14.42	0.0	41.44	7.07	25.06	48.26	12.65	54.59	40.5	51.0	33.38	63.35	42.43	46.04	76.06	55.08	24.84	16.55	35.51	31.0	43.29	19.1	29.83	39.96	16.76	65.95	58.52	43.74	25.0	61.85	28.64	55.08	64.14	15.03	3.61	25.0	34.21	26.02	69.34	29.02	61.03	16.28	33.42	48.17	33.02	38.12	44.38	45.54	31.0	30.89	14.04	10.77	24.17	62.39	54.57	15.23	27.02	42.49	20.02	58.05	26.08	48.37	63.51	55.23	14.87	32.14	60.01	46.87	23.26	50.09	35.44	37.34	63.15	31.02	34.18	14.21	16.28	10.05	10.0	31.06	58.03	37.8	56.22	42.06	44.55	27.46	64.66	31.4	63.2	71.59	59.03	14.14	61.98	43.01	58.83	58.69	32.98	12.08	4.47	27.17	11.4	13.42	68.95	40.61	5.0	67.27	63.07	63.07	9.49	6.71	13.93	39.56	8.25	48.37	18.44	28.46	26.48	58.31	49.41	45.54	69.32	33.62	33.02	3.0	45.1	28.64	16.16	21.47	22.8	43.27	16.28	25.08	58.8	11.31	28.64	13.0	45.79	19.85	22.56	7.81	57.8	5.0	62.2	14.04	64.33	50.91	71.2	42.8	37.16	65.22	56.57	37.34	31.62	59.91	27.73	67.42	48.1	60.0	15.62	36.22	
55.54	41.44	0.0	38.95	51.62	13.04	51.97	36.4	73.44	70.21	19.92	54.59	18.36	12.04	53.08	58.69	55.23	31.89	39.12	71.39	52.7	41.3	48.38	73.33	34.06	36.22	71.85	55.23	66.41	76.28	52.39	66.61	82.86	56.04	38.6	65.51	13.89	41.76	44.01	40.85	72.8	57.57	21.63	23.09	14.32	17.03	5.0	44.55	16.12	12.04	55.08	50.01	49.65	57.69	46.87	53.6	40.16	5.1	60.88	51.31	20.62	56.4	39.2	60.14	56.3	13.04	75.17	12.0	18.44	55.32	35.23	56.08	55.07	10.44	54.08	50.25	51.09	40.2	50.09	17.89	60.14	64.03	60.83	1.41	21.59	15.0	83.73	72.53	59.64	51.79	60.88	29.68	73.41	67.36	78.71	65.12	35.85	29.41	42.2	68.15	52.81	33.06	80.28	21.02	46.17	69.53	44.64	64.54	49.24	46.32	44.01	3.16	43.05	47.38	27.0	66.19	15.81	62.94	15.03	55.47	84.88	57.97	73.55	44.27	52.2	13.15	54.59	49.25	25.32	66.73	42.05	65.97	25.5	38.01	29.55	39.01	67.78	24.02	44.72	34.21	37.36	36.69	58.82	54.57	71.45	22.2	48.17	23.85	73.01	39.01	63.03	33.42	13.6	69.66	64.03	43.1	64.01	34.13	29.07	41.34	
17.26	7.07	38.95	0.0	31.91	47.42	19.24	57.01	47.43	57.8	28.0	67.48	43.01	45.28	78.39	60.53	31.89	10.2	40.01	36.35	49.03	25.0	36.06	46.87	21.0	66.85	65.0	49.73	29.07	68.45	35.36	61.35	71.02	20.4	8.54	30.41	34.06	31.58	71.12	34.23	67.42	21.1	34.89	49.09	28.64	33.06	41.23	50.04	26.48	29.73	19.42	17.49	30.89	67.03	58.55	21.95	32.25	40.8	25.32	62.29	21.21	54.13	65.3	60.83	19.0	28.16	66.64	46.01	21.93	55.58	39.32	43.86	67.36	28.84	40.72	21.26	23.35	16.16	11.4	26.17	63.39	44.82	61.81	39.36	39.05	24.17	71.56	36.0	68.0	74.33	64.38	9.49	68.35	50.0	65.73	64.54	37.12	11.66	11.4	32.06	16.12	17.03	75.39	35.06	11.18	72.84	65.79	68.47	16.12	13.6	20.59	36.67	4.24	53.01	20.25	34.93	23.26	63.95	48.8	51.42	76.06	40.5	38.21	9.43	50.64	27.02	22.83	28.3	24.7	50.22	22.47	30.15	58.8	4.24	31.78	18.68	52.7	20.59	28.79	10.05	60.01	8.06	67.0	19.92	70.34	51.4	73.41	44.29	43.83	66.73	62.37	40.79	31.14	66.1	34.48	69.32	54.63	61.4	17.72	41.01	
30.0	25.06	51.62	31.91	0.0	52.24	18.0	46.04	22.0	25.94	52.48	47.17	42.76	50.16	65.8	34.21	5.0	39.62	22.2	29.07	22.14	10.44	8.6	22.02	18.03	61.72	33.96	21.38	31.38	37.0	4.0	31.14	39.12	23.19	23.6	25.55	39.01	11.7	61.61	14.76	36.67	25.32	33.24	46.17	49.66	55.9	56.09	29.83	48.3	39.62	23.09	18.11	2.0	44.28	39.82	16.12	13.93	50.09	24.35	41.88	44.94	26.68	56.3	33.73	27.07	47.93	35.11	51.16	35.11	29.41	25.06	13.04	46.65	42.45	10.0	13.04	11.0	16.28	30.59	49.24	37.36	13.6	34.71	52.77	63.06	42.54	39.66	33.02	44.38	60.11	38.33	35.38	37.66	18.38	33.84	36.12	22.36	28.6	20.59	29.15	25.02	20.59	44.38	59.54	23.09	45.4	52.4	41.98	19.24	19.92	11.4	51.2	33.11	31.62	25.3	19.85	41.63	36.5	52.47	23.54	44.28	8.6	31.14	23.77	24.7	39.29	16.28	3.61	26.31	18.44	10.82	27.29	58.52	36.06	24.33	15.0	20.81	28.46	7.0	24.76	49.65	24.84	43.46	21.1	41.01	50.0	61.72	39.85	23.09	58.83	34.23	28.18	38.21	36.12	16.4	59.41	23.54	54.59	24.17	21.26	
62.68	48.26	13.04	47.42	52.24	0.0	56.86	25.24	74.17	66.48	32.76	44.2	10.44	2.24	40.2	51.31	56.57	42.2	34.93	75.96	47.76	42.76	47.04	74.24	36.69	23.19	66.21	50.6	72.47	70.68	52.01	60.84	78.19	61.72	44.94	70.38	14.32	41.01	31.06	39.05	66.65	63.53	19.03	12.04	26.93	30.07	16.28	37.59	28.46	17.69	60.83	55.04	50.25	48.1	37.48	57.94	39.0	8.25	66.21	41.73	32.2	50.57	26.48	53.0	62.77	25.3	69.86	1.41	25.5	48.76	30.81	53.6	44.82	19.42	52.24	54.08	54.41	44.38	57.8	30.36	52.2	63.07	53.54	14.0	34.23	25.55	79.12	77.88	50.21	39.29	52.8	38.95	67.12	65.49	74.63	57.98	32.39	36.4	47.89	73.41	59.17	37.16	73.57	34.0	52.48	60.96	32.7	56.08	54.56	51.88	47.13	16.12	51.66	39.96	30.87	69.38	26.08	55.47	2.0	50.33	79.16	57.04	78.19	50.77	46.62	20.52	58.87	50.64	27.51	64.63	44.38	71.18	12.65	47.42	28.02	42.38	65.12	28.65	45.28	40.5	25.5	43.27	49.5	59.93	64.07	9.85	35.36	15.65	74.97	26.08	56.08	28.16	16.64	63.13	66.71	30.27	59.77	21.38	33.54	37.11	
12.0	12.65	51.97	19.24	18.0	56.86	0.0	58.14	28.43	42.72	45.89	63.16	49.4	54.63	79.2	51.79	15.52	29.15	35.85	19.42	39.62	18.03	25.5	27.8	20.81	71.7	51.62	39.2	16.28	54.34	22.0	49.09	55.15	5.83	14.04	13.6	42.54	24.6	73.59	28.18	54.45	8.06	39.66	54.41	45.1	50.49	55.44	45.19	43.19	40.52	5.39	2.0	18.11	61.03	55.01	2.83	26.42	52.2	9.43	57.78	38.47	44.41	67.9	51.48	9.22	44.01	52.39	55.54	33.54	46.87	37.2	31.02	62.77	41.59	28.0	5.1	7.0	12.53	13.42	43.42	54.92	28.23	52.47	52.77	57.07	39.01	55.54	21.02	61.4	74.06	55.9	26.68	55.44	33.62	49.77	54.08	34.41	23.02	10.0	16.55	7.07	19.7	61.98	53.15	8.06	63.29	65.8	59.68	3.16	6.08	11.4	50.49	18.44	47.54	26.0	15.81	38.01	54.33	57.7	41.3	61.03	25.5	21.59	9.85	41.98	38.83	3.61	15.13	29.53	34.18	15.0	14.32	66.04	23.32	32.56	15.0	37.0	28.46	19.31	18.03	61.62	16.03	60.44	3.61	59.01	57.69	74.65	48.41	24.6	70.01	52.15	39.82	40.5	54.08	15.26	71.51	41.3	65.12	23.41	35.78	
67.68	54.59	36.4	57.01	46.04	25.24	58.14	0.0	65.39	50.09	53.46	19.1	18.44	25.06	21.47	29.83	51.04	56.09	23.85	74.52	31.4	40.31	38.08	65.8	38.28	17.12	46.53	34.37	74.33	50.8	43.91	41.3	59.41	63.89	51.0	70.04	27.02	34.83	15.62	31.4	46.1	66.07	22.56	13.42	47.52	52.39	40.72	19.24	48.26	33.02	63.25	56.85	44.41	23.6	13.93	58.0	32.65	31.38	67.21	17.49	50.0	32.0	10.3	31.78	66.4	45.4	50.49	25.55	38.33	29.07	21.26	41.11	19.8	37.12	41.23	53.76	53.04	46.62	64.5	50.25	29.73	52.2	32.02	37.7	57.87	43.01	60.41	77.83	25.81	17.46	30.08	51.42	46.32	52.63	57.04	36.4	24.08	45.54	52.15	73.55	63.01	41.18	51.87	56.75	57.14	37.22	9.06	32.65	57.01	55.22	46.75	38.9	60.93	20.0	36.77	65.8	43.0	33.53	23.6	33.14	58.69	47.01	76.69	56.08	29.15	36.0	58.69	46.23	32.31	51.42	43.19	71.42	20.12	58.82	26.08	43.6	50.8	36.69	40.46	47.42	3.61	50.09	25.24	61.72	41.79	15.62	16.64	14.0	68.48	13.0	34.93	18.38	30.0	42.2	62.43	13.45	43.1	10.0	39.4	25.06	
37.2	40.5	73.44	47.43	22.0	74.17	28.43	65.39	0.0	25.08	72.24	61.72	64.5	72.11	83.22	45.28	18.25	56.94	42.06	22.2	35.81	32.14	27.89	1.0	39.46	81.93	35.85	33.42	30.68	36.4	22.36	36.36	33.02	29.83	40.71	23.77	61.01	33.24	80.5	35.69	39.0	30.81	55.15	67.47	70.21	76.22	77.78	47.01	68.62	61.4	30.48	30.0	24.0	57.28	56.3	25.61	35.36	72.06	26.93	57.01	64.62	38.21	75.64	43.93	33.6	68.68	34.48	73.11	56.29	41.77	45.61	24.7	60.96	63.95	24.17	26.42	24.6	35.11	41.04	69.29	48.17	13.6	44.69	74.55	83.22	63.32	33.0	27.17	56.59	77.1	48.92	53.67	39.92	15.81	28.16	43.83	43.17	48.1	36.72	25.96	33.97	41.23	44.38	79.48	36.4	53.0	70.33	51.4	31.4	33.84	30.36	72.84	46.86	47.71	46.69	14.76	62.36	45.61	74.33	35.47	40.11	18.38	23.02	38.01	38.6	60.83	24.84	24.19	48.17	17.2	31.58	25.63	79.83	51.61	46.17	35.17	19.72	49.82	29.0	43.46	68.94	42.49	55.87	29.0	46.07	71.39	79.76	61.19	7.0	78.39	42.8	48.76	60.13	40.71	13.45	78.26	28.6	74.67	45.12	40.5	
54.34	51.0	70.21	57.8	25.94	66.48	42.72	50.09	25.08	0.0	75.82	40.72	56.04	64.85	63.91	23.26	27.2	65.0	31.62	45.54	19.1	34.06	23.35	26.0	41.01	67.19	10.77	16.12	52.0	12.0	22.47	12.04	13.45	46.87	49.4	45.01	56.36	29.83	63.35	29.68	13.93	48.66	48.85	56.72	72.01	78.41	75.13	31.0	71.06	59.17	47.07	43.32	26.93	35.36	37.85	40.26	30.81	67.23	46.17	37.0	68.62	18.25	59.54	21.47	50.99	70.0	10.0	65.8	57.01	21.59	35.74	14.87	39.81	62.97	17.69	38.28	36.06	41.88	55.97	72.35	25.55	15.03	21.95	71.55	85.6	64.82	14.14	50.49	34.13	57.58	26.08	60.44	14.87	10.05	8.6	19.85	34.54	53.15	46.53	48.09	49.73	44.6	20.02	82.46	48.85	28.43	52.39	27.66	44.6	45.69	37.22	70.71	59.03	30.15	47.51	36.12	64.03	22.2	65.97	17.0	18.38	17.46	46.87	49.66	21.0	59.91	40.02	29.53	46.62	9.0	35.81	47.01	68.26	61.91	40.71	40.0	6.0	50.45	29.83	50.0	53.24	50.48	33.62	45.12	21.1	60.67	61.4	51.2	31.62	62.51	19.42	38.33	56.82	15.81	33.02	61.19	7.0	60.07	47.38	29.41	
45.1	33.38	19.92	28.0	52.48	32.76	45.89	53.46	72.24	75.82	0.0	69.92	35.13	31.4	72.06	69.97	54.56	18.11	48.26	64.2	61.22	42.44	52.5	71.87	35.0	55.9	80.06	63.13	57.04	84.22	54.64	75.29	89.2	48.17	32.02	58.22	26.68	46.01	63.2	46.69	81.69	49.04	33.24	41.01	6.0	5.39	18.87	56.36	5.39	20.88	47.17	43.93	50.77	71.87	61.35	48.27	45.25	24.52	53.15	65.79	7.62	65.8	58.03	71.02	47.0	8.06	82.76	31.58	19.21	65.73	45.28	60.96	70.21	16.49	58.26	46.17	47.76	37.16	39.12	3.61	72.07	66.04	71.87	19.31	11.18	11.66	89.94	64.0	73.54	70.06	72.95	19.24	82.46	70.46	84.39	75.72	44.65	24.17	36.14	60.03	44.05	31.91	89.64	7.28	38.33	81.88	62.29	76.94	42.76	39.81	42.05	16.76	31.14	59.48	28.32	61.61	12.21	74.09	34.71	64.03	92.66	60.46	66.12	36.35	61.61	18.38	49.24	49.24	29.83	70.21	41.68	58.08	45.35	25.18	37.44	37.59	72.01	25.46	46.62	28.79	55.15	30.08	72.62	47.38	82.1	41.11	67.03	39.62	69.92	58.22	73.5	44.72	24.04	79.2	60.44	62.07	70.71	53.08	28.6	50.22	
74.33	63.35	54.59	67.48	47.17	44.2	63.16	19.1	61.72	40.72	69.92	0.0	36.24	43.83	23.54	17.46	51.87	69.03	27.89	76.03	26.17	45.54	38.59	62.37	46.69	32.31	33.73	28.32	78.29	37.34	43.83	29.41	46.53	68.94	60.02	72.72	43.32	38.63	25.32	35.11	32.25	71.18	36.88	32.2	64.2	69.64	59.17	18.03	64.56	49.04	68.54	62.39	46.14	6.0	9.0	62.17	37.0	49.74	71.12	5.39	65.31	23.6	23.77	19.31	72.24	61.98	37.66	44.41	52.61	20.0	28.16	37.48	1.0	53.45	39.05	58.18	56.8	53.85	72.53	66.48	15.52	48.17	18.97	55.95	75.64	58.69	47.52	80.16	8.06	17.26	15.3	64.01	32.14	46.62	45.61	22.36	30.41	57.04	59.91	76.32	69.29	50.49	36.12	74.09	64.56	19.65	14.87	16.03	62.97	61.98	52.2	56.8	70.86	15.65	48.01	66.4	58.46	19.42	42.64	26.25	44.0	44.6	78.01	64.03	23.35	51.66	62.61	48.76	44.01	45.22	48.7	74.43	38.6	70.18	36.01	50.7	43.57	49.04	43.86	57.43	20.0	59.68	8.0	66.71	26.02	34.71	22.0	30.87	66.47	26.57	21.84	27.0	45.88	28.28	62.8	23.54	34.48	26.93	50.09	27.51	
56.64	42.43	18.36	43.01	42.76	10.44	49.4	18.44	64.5	56.04	35.13	36.24	0.0	8.94	37.48	41.4	47.3	39.92	24.52	67.98	37.34	33.84	37.01	64.63	28.65	23.85	55.9	40.16	65.46	60.37	42.19	50.54	67.78	54.64	38.9	62.65	9.49	31.26	29.12	29.02	56.44	56.61	9.85	6.32	29.15	33.96	23.02	27.46	30.02	15.3	53.82	47.71	40.79	39.41	28.6	50.12	29.15	13.6	58.83	33.02	32.25	40.25	23.54	43.01	56.22	27.07	59.51	9.85	21.93	38.59	20.4	43.29	36.72	19.03	42.05	46.07	46.1	36.89	52.35	32.02	42.52	53.0	43.6	19.72	39.56	25.18	68.71	70.33	41.4	35.0	43.19	35.78	56.94	55.23	64.2	48.01	22.09	31.4	41.23	65.86	52.63	30.0	63.51	38.33	46.1	51.62	27.17	46.67	47.43	45.0	38.91	20.62	47.2	30.0	24.08	60.75	25.32	45.61	10.05	39.92	68.88	47.01	70.21	44.6	36.25	18.44	51.0	41.48	20.0	54.33	35.85	63.63	16.64	43.91	18.44	34.48	54.74	22.67	35.9	34.66	20.02	37.48	40.61	52.7	54.2	8.49	32.39	5.66	65.73	24.35	46.04	17.72	12.65	53.0	57.87	27.66	49.34	18.97	26.91	26.68	
60.46	46.04	12.04	45.28	50.16	2.24	54.63	25.06	72.11	64.85	31.4	43.83	8.94	0.0	41.05	50.22	54.45	40.22	33.24	73.74	46.24	40.61	45.1	72.17	34.48	24.52	64.85	49.04	70.24	69.32	50.0	59.48	76.69	59.48	42.72	68.15	12.08	39.0	32.0	37.12	65.37	61.29	17.0	11.66	25.5	29.0	15.81	36.36	26.93	15.56	58.59	52.8	48.17	47.51	36.8	55.71	37.01	7.0	63.98	41.11	30.46	49.19	27.17	51.87	60.54	23.77	68.45	1.0	23.35	47.51	29.12	51.79	44.41	17.49	50.36	51.87	52.2	42.15	55.61	28.86	51.22	61.13	52.43	13.15	33.54	23.71	77.62	75.64	49.58	39.81	51.86	36.88	65.86	63.64	73.05	56.86	30.59	34.21	45.65	71.18	56.94	34.93	72.4	33.06	50.25	60.14	32.89	55.23	52.33	49.65	44.92	15.0	49.52	38.83	28.64	67.19	24.19	54.41	3.61	48.85	77.83	55.08	75.96	48.55	45.19	18.44	56.65	48.51	25.3	62.8	42.2	68.94	14.32	45.34	26.0	40.16	63.35	26.42	43.19	38.28	25.63	41.05	48.84	57.7	63.01	10.2	36.12	14.42	72.84	27.0	54.92	26.57	14.42	61.91	64.54	31.06	58.19	22.09	31.3	35.44	
89.04	76.06	53.08	78.39	65.8	40.2	79.2	21.47	83.22	63.91	72.06	23.54	37.48	41.05	0.0	40.8	70.77	76.92	43.86	94.75	47.51	61.22	57.38	83.76	59.68	18.38	57.27	50.12	95.27	60.83	63.13	52.89	70.04	85.0	72.47	90.61	46.87	55.23	9.22	51.66	55.73	87.2	43.66	31.26	66.07	70.03	56.44	36.4	67.19	52.77	84.4	78.01	64.35	29.43	26.93	78.87	53.15	48.04	88.09	26.93	69.72	46.1	14.04	42.72	87.66	64.12	61.19	41.11	58.94	42.54	42.01	58.52	24.52	56.44	59.41	74.65	73.76	67.96	85.96	69.18	39.05	69.64	42.45	54.15	74.43	62.65	71.02	98.35	31.26	6.32	38.83	72.42	55.58	68.88	69.12	45.89	44.82	66.85	73.57	94.18	84.31	62.65	59.03	74.11	78.55	42.0	13.45	39.2	78.24	76.55	67.8	56.04	82.35	35.51	58.18	85.63	62.8	42.95	38.21	48.3	67.19	65.22	96.88	77.52	44.78	55.9	79.51	66.48	53.71	67.54	64.2	92.1	29.12	80.06	47.51	64.9	66.21	57.94	60.88	68.88	18.38	71.55	31.4	82.8	49.16	31.0	5.1	34.48	87.2	14.14	45.35	39.41	50.01	51.79	82.13	10.0	57.38	19.0	60.84	44.55	
63.64	55.08	58.69	60.53	34.21	51.31	51.79	29.83	45.28	23.26	69.97	17.46	41.4	50.22	40.8	0.0	38.28	64.56	21.93	61.72	12.17	36.01	26.31	46.01	39.81	46.27	17.0	13.0	65.46	21.1	30.36	12.17	30.0	57.27	52.24	59.24	45.34	29.07	41.11	26.31	16.28	59.44	37.64	39.82	64.9	71.03	63.66	14.14	64.66	50.0	57.07	51.48	33.73	12.21	16.12	50.22	28.28	54.56	58.52	14.14	63.95	7.62	38.05	2.0	61.0	62.68	21.0	51.04	51.0	5.0	24.7	22.36	16.55	54.41	24.7	46.69	44.91	45.04	63.07	66.37	3.16	32.02	2.24	60.11	77.8	58.31	31.0	66.21	11.31	34.48	4.12	59.48	16.49	29.73	28.44	6.71	25.5	51.92	51.01	62.77	58.55	43.93	22.36	75.45	55.04	12.37	30.07	8.0	52.35	52.09	42.05	60.14	63.2	11.4	43.66	51.88	57.8	4.24	50.25	10.77	28.86	29.53	63.53	55.0	10.0	51.87	50.45	36.67	40.72	28.32	39.0	61.1	49.65	63.95	32.65	42.11	26.4	45.69	33.06	50.8	32.39	52.47	10.63	55.11	12.81	43.38	38.64	35.81	50.61	41.05	5.1	25.61	47.01	12.37	48.3	39.05	17.2	39.62	44.92	20.25	
27.29	24.84	55.23	31.89	5.0	56.57	15.52	51.04	18.25	27.2	54.56	51.87	47.3	54.45	70.77	38.28	0.0	40.46	27.2	24.21	26.4	14.0	13.45	18.11	21.21	66.65	36.22	25.3	27.2	38.83	8.06	34.01	39.81	20.02	24.08	21.02	43.05	16.55	66.61	19.72	39.12	22.0	37.66	50.92	52.2	58.31	59.54	34.71	50.7	43.19	20.1	16.16	6.71	48.76	44.69	13.15	18.79	54.0	20.4	46.62	46.96	30.68	61.29	37.64	24.08	50.6	36.88	55.44	38.08	33.62	30.02	16.28	51.31	45.71	13.6	11.18	8.94	17.49	28.79	51.48	41.44	13.04	38.6	56.32	65.39	45.22	40.25	28.3	48.75	65.05	42.38	36.62	40.11	18.36	34.44	39.62	27.29	30.41	20.52	24.6	22.56	23.09	46.53	61.74	21.95	49.03	57.38	45.88	17.46	18.87	12.53	54.59	32.45	36.4	28.44	14.87	44.27	40.26	56.89	27.51	45.54	10.05	26.25	23.02	29.07	42.58	13.04	6.0	30.02	18.79	13.34	22.85	63.25	36.12	28.86	17.09	21.54	31.58	11.4	26.08	54.64	25.61	47.85	18.11	44.1	54.71	66.71	44.6	18.44	63.81	37.85	33.12	42.01	39.01	11.4	64.4	26.02	59.54	26.93	26.25	
27.02	16.55	31.89	10.2	39.62	42.2	29.15	56.09	56.94	65.0	18.11	69.03	39.92	40.22	76.92	64.56	40.46	0.0	42.95	46.53	53.85	31.06	42.19	56.44	25.08	63.51	71.2	55.04	39.0	74.95	42.64	67.08	78.41	30.59	16.4	40.61	30.46	36.67	68.95	38.63	73.36	31.26	33.54	46.24	19.7	23.35	33.29	52.61	17.46	25.06	29.61	27.31	38.29	69.46	60.03	31.78	36.77	34.71	35.51	64.12	12.08	58.87	63.25	65.15	29.07	19.72	73.25	40.8	18.03	59.77	41.3	50.48	69.07	22.8	47.43	30.53	32.45	23.35	21.02	16.76	67.19	53.04	66.1	32.02	29.0	16.97	79.03	46.04	70.71	73.55	68.15	5.1	74.24	58.0	73.25	69.29	39.62	12.65	20.25	42.19	26.31	21.02	81.41	25.0	21.19	76.92	65.12	72.28	26.0	23.26	28.28	29.21	13.04	55.73	21.21	44.94	16.28	68.31	43.83	56.46	82.93	48.17	48.37	19.31	55.03	21.95	32.7	36.07	25.02	58.05	29.21	40.31	54.38	7.07	33.14	25.0	60.31	20.0	35.23	15.0	58.69	14.87	69.72	30.08	75.39	47.85	71.84	42.45	53.71	64.26	67.07	42.05	27.31	71.59	44.28	67.36	61.06	58.87	19.65	44.38	
46.62	35.51	39.12	40.01	22.2	34.93	35.85	23.85	42.06	31.62	48.26	27.89	24.52	33.24	43.86	21.93	27.2	42.95	0.0	50.93	13.6	17.89	14.32	42.38	19.03	39.92	32.8	16.12	51.61	37.2	20.12	27.66	43.83	41.68	32.25	46.75	25.24	11.4	39.41	7.81	33.97	43.91	17.49	26.02	43.42	49.68	44.1	10.05	43.01	29.0	41.18	34.89	20.62	27.02	19.31	35.23	9.43	35.78	44.41	22.56	42.06	17.69	34.13	22.83	44.72	41.23	36.06	34.21	29.15	17.49	4.12	19.0	27.66	33.24	18.25	31.06	30.0	25.96	44.64	44.65	24.35	29.43	23.71	40.5	56.64	36.62	44.72	54.49	28.02	38.42	25.3	37.85	34.66	31.0	39.92	27.46	3.61	30.41	32.02	50.33	41.63	23.0	41.73	54.04	36.69	34.18	30.41	29.41	35.34	34.18	24.6	40.0	43.19	13.0	21.84	42.01	36.06	25.94	34.53	16.4	45.8	23.77	53.08	36.14	13.45	30.48	35.81	22.63	18.79	30.02	21.02	48.27	38.21	43.05	10.82	22.8	30.27	23.77	17.03	30.0	27.46	32.06	27.02	39.45	33.84	30.02	39.62	20.02	44.72	36.72	25.24	7.0	26.25	31.14	38.6	37.2	25.08	32.7	23.35	2.24	
20.62	31.0	71.39	36.35	29.07	75.96	19.42	74.52	22.2	45.54	64.2	76.03	67.98	73.74	94.75	61.72	24.21	46.53	50.93	0.0	50.25	34.67	37.64	21.21	39.4	89.31	56.09	48.76	9.9	57.43	32.2	55.36	55.04	16.03	33.14	6.0	61.68	39.7	90.14	43.19	59.23	15.3	58.14	72.56	64.01	69.07	74.81	58.9	62.0	59.91	17.03	21.38	30.41	72.72	68.88	18.03	41.87	71.57	11.05	70.8	57.04	54.12	84.65	60.84	17.72	63.07	55.44	74.67	52.95	57.31	53.26	39.36	75.45	61.0	37.22	21.93	21.95	31.62	26.25	62.03	64.85	31.05	61.74	72.18	75.33	58.22	55.08	5.0	72.56	89.14	65.74	45.04	60.21	35.51	50.0	62.03	50.45	42.3	29.27	5.0	20.22	38.9	65.49	71.34	26.0	71.51	81.32	68.94	22.2	25.18	29.07	69.87	33.96	60.61	45.22	9.85	57.22	63.16	76.69	51.0	62.0	32.2	2.24	28.0	53.0	58.25	17.09	28.32	48.47	36.67	32.25	6.32	84.53	39.81	50.25	33.62	39.62	47.8	34.06	37.34	78.1	35.13	71.69	17.03	65.52	76.06	90.55	66.37	15.3	87.01	60.54	56.22	59.77	60.17	13.42	87.97	47.13	82.42	42.72	50.21	
51.48	43.29	52.7	49.03	22.14	47.76	39.62	31.4	35.81	19.1	61.22	26.17	37.34	46.24	47.51	12.17	26.4	53.85	13.6	50.25	0.0	24.19	14.14	36.4	28.79	48.51	19.21	3.0	53.49	23.6	18.38	14.14	30.46	45.12	40.61	47.42	38.83	17.46	45.54	15.23	20.52	47.3	31.06	37.66	56.64	62.97	57.69	12.17	56.08	42.52	44.91	39.32	21.59	22.47	20.59	38.08	17.09	49.24	46.49	21.26	54.64	5.1	41.23	12.0	48.84	54.49	22.47	47.17	42.01	7.28	17.49	11.31	25.5	46.69	13.04	34.53	32.76	33.24	51.01	57.63	15.3	22.2	13.0	54.08	70.01	49.68	31.38	54.59	22.36	41.34	16.28	48.85	21.26	21.54	26.93	15.52	17.03	41.23	39.12	50.99	46.39	32.89	28.43	67.27	43.0	24.02	34.93	20.1	40.2	40.01	30.0	53.6	51.48	12.08	33.62	40.5	49.04	15.03	47.13	2.83	32.2	18.44	52.15	43.05	2.83	43.84	38.33	24.52	31.4	20.25	27.07	49.24	49.16	52.63	24.04	30.41	19.42	36.06	21.0	39.56	34.71	41.0	21.47	42.95	21.54	41.59	44.28	32.28	40.31	44.15	13.34	19.7	39.82	18.03	36.89	43.32	12.17	41.3	34.44	11.4	
28.79	19.1	41.3	25.0	10.44	42.76	18.03	40.31	32.14	34.06	42.44	45.54	33.84	40.61	61.22	36.01	14.0	31.06	17.89	34.67	24.19	0.0	11.18	32.06	7.62	54.64	40.25	24.74	34.06	43.91	12.21	36.4	47.51	23.85	16.49	29.83	29.07	7.07	55.87	10.44	42.54	26.08	24.04	38.01	39.36	45.65	45.71	27.51	38.08	29.27	23.32	17.0	8.54	43.93	37.16	17.69	8.54	40.0	26.91	40.16	35.0	29.27	50.25	36.12	26.83	37.58	42.19	41.59	24.7	31.02	19.21	19.42	45.22	32.02	16.4	13.45	12.81	9.06	27.29	39.12	39.0	23.71	37.12	42.43	52.84	32.2	48.17	37.64	44.55	56.04	40.0	26.4	43.46	28.02	42.45	39.62	16.4	19.1	15.0	33.3	23.77	10.63	50.57	49.4	19.24	48.17	47.8	44.01	17.46	16.49	6.71	40.79	27.29	30.08	14.87	26.93	31.3	39.2	43.17	26.48	51.87	18.03	36.89	19.03	26.02	28.86	18.38	8.0	16.03	27.8	3.16	31.14	50.16	28.79	15.65	6.32	29.73	18.03	4.24	16.12	43.84	17.09	43.57	21.63	45.35	41.63	56.73	31.76	32.25	52.5	37.48	21.93	28.02	41.11	24.04	53.74	30.02	47.8	13.89	18.03	
37.34	29.83	48.38	36.06	8.6	47.04	25.5	38.08	27.89	23.35	52.5	38.59	37.01	45.1	57.38	26.31	13.45	42.19	14.32	37.64	14.14	11.18	0.0	28.16	17.69	54.23	29.07	14.04	39.81	32.76	5.83	25.3	36.77	31.05	27.51	34.13	34.93	6.71	53.54	8.0	31.38	33.24	28.16	39.62	48.83	55.22	53.14	21.26	47.8	36.77	30.81	25.18	7.62	35.85	31.24	24.04	8.25	46.1	32.7	33.29	45.28	19.03	48.37	26.08	34.71	46.87	31.06	46.1	33.84	21.38	17.72	8.49	38.08	40.25	5.83	20.4	18.68	19.92	37.01	49.04	29.43	16.03	27.07	49.65	62.43	41.62	37.48	41.62	36.06	51.62	30.41	37.44	32.31	18.97	31.89	29.07	15.3	30.0	25.5	37.74	32.25	21.4	39.4	59.2	29.07	38.01	44.05	34.23	26.08	26.02	16.12	48.47	38.08	23.02	24.21	28.28	40.8	29.02	47.0	16.0	40.8	10.0	39.7	29.27	16.49	37.12	24.35	10.44	23.71	18.38	13.6	35.85	51.97	39.92	19.24	17.46	19.72	27.2	7.28	27.29	41.68	28.23	35.11	28.86	34.53	43.57	53.41	33.38	30.41	51.0	27.02	20.88	34.79	30.08	24.76	51.31	18.87	47.01	24.04	13.04	
36.4	39.96	73.33	46.87	22.02	74.24	27.8	65.8	1.0	26.0	71.87	62.37	64.63	72.17	83.76	46.01	18.11	56.44	42.38	21.21	36.4	32.06	28.16	0.0	39.32	82.28	36.77	34.06	29.73	37.36	22.56	37.22	34.01	29.07	40.25	22.85	61.0	33.38	80.95	35.9	39.92	30.0	55.23	67.68	69.92	75.89	77.65	47.51	68.31	61.29	29.73	29.41	24.02	57.98	56.86	25.0	35.51	72.03	26.08	57.63	64.26	38.9	76.06	44.69	32.8	68.41	35.44	73.17	56.09	42.45	45.88	25.24	61.62	63.79	24.6	25.94	24.17	34.79	40.31	68.95	48.92	14.21	45.45	74.43	82.87	63.06	34.0	26.17	57.31	77.67	49.68	53.23	40.85	16.64	29.15	44.65	43.42	47.76	36.24	25.0	33.24	41.0	45.35	79.12	35.81	53.85	70.83	52.2	30.81	33.29	30.08	72.69	46.23	48.26	46.53	13.89	62.1	46.4	74.43	36.12	41.11	18.79	22.02	37.44	39.2	60.67	24.21	24.08	48.09	18.03	31.4	24.7	80.05	51.04	46.27	34.93	20.59	49.65	29.02	43.08	69.35	42.05	56.59	28.28	46.96	71.59	80.26	61.39	6.0	78.79	43.6	49.04	60.07	41.59	12.73	78.71	29.41	75.03	44.91	40.85	
29.41	16.76	34.06	21.0	18.03	36.69	20.81	38.28	39.46	41.01	35.0	46.69	28.65	34.48	59.68	39.81	21.21	25.08	19.03	39.4	28.79	7.62	17.69	39.32	0.0	50.99	46.32	29.97	37.01	50.22	19.72	42.06	54.45	26.25	13.34	34.0	22.56	11.66	53.41	13.6	48.37	28.32	18.87	33.6	31.76	38.08	38.33	29.07	30.53	22.02	25.5	19.21	16.16	46.04	37.85	21.47	11.7	33.14	30.23	41.44	27.66	33.84	47.63	40.26	28.32	29.97	48.6	35.44	17.09	34.93	18.68	26.17	46.53	24.52	23.35	17.46	17.72	8.49	26.4	31.62	42.58	31.3	41.23	35.13	45.28	24.6	55.15	41.68	47.0	55.01	43.57	20.12	49.24	35.51	49.52	44.27	16.28	12.53	13.89	37.22	24.84	4.12	56.44	41.88	18.87	52.17	46.53	47.68	19.1	17.03	10.44	33.38	24.19	32.02	7.28	32.76	23.71	43.42	37.34	31.38	58.41	25.55	41.63	17.89	30.08	21.38	22.36	15.3	9.22	35.23	8.0	34.99	45.28	24.19	12.21	5.83	37.01	10.44	11.66	11.05	41.62	13.04	46.0	24.21	50.33	36.89	54.92	27.66	39.01	49.58	42.06	20.62	21.1	46.52	30.27	51.4	36.4	44.55	6.4	20.02	
79.93	65.95	36.22	66.85	61.72	23.19	71.7	17.12	81.93	67.19	55.9	32.31	23.85	24.52	18.38	46.27	66.65	63.51	39.92	89.31	48.51	54.64	54.23	82.28	50.99	0.0	63.2	51.48	87.97	67.36	60.01	58.08	76.16	77.23	62.37	84.4	33.12	50.12	9.43	46.96	62.51	79.31	32.56	17.8	50.01	53.24	39.0	36.35	51.42	38.48	76.49	70.18	59.94	37.95	30.15	72.01	47.89	31.4	81.06	32.76	54.71	49.04	8.54	48.26	79.21	48.27	67.19	24.33	45.65	46.0	36.67	57.97	33.24	41.44	57.87	67.8	67.42	59.46	75.93	53.37	45.71	68.96	48.37	37.12	57.01	47.76	77.16	92.2	40.16	19.85	45.89	59.54	62.65	69.63	74.0	52.61	39.36	55.22	64.35	87.8	75.66	53.04	67.68	57.08	69.31	51.87	17.46	47.8	70.09	67.9	60.61	39.32	71.03	37.05	47.51	81.12	48.1	49.65	21.21	50.25	74.97	63.57	91.53	67.94	46.27	41.63	72.8	61.4	43.19	68.45	57.2	85.6	11.05	67.74	39.2	56.73	67.9	46.4	55.57	58.26	14.0	61.07	39.85	75.17	57.49	15.65	14.42	23.35	84.58	5.83	51.35	33.54	36.24	58.55	77.9	9.9	60.21	7.28	50.33	41.44	
63.51	58.52	71.85	65.0	33.96	66.21	51.62	46.53	35.85	10.77	80.06	33.73	55.9	64.85	57.27	17.0	36.22	71.2	32.8	56.09	19.21	40.25	29.07	36.77	46.32	63.2	0.0	16.97	62.13	4.47	30.08	5.39	13.0	56.22	56.46	55.23	58.01	34.67	58.08	33.42	3.16	58.14	50.22	55.36	75.66	82.02	76.84	28.79	75.01	61.72	56.32	51.97	34.48	27.89	33.06	49.37	35.0	68.26	56.0	31.06	73.25	15.65	55.04	15.0	60.3	73.54	4.0	65.74	60.88	17.72	36.62	21.19	32.76	65.86	24.35	46.87	44.72	48.85	64.54	76.49	18.25	25.18	15.03	73.24	89.11	68.62	14.0	61.0	26.25	50.99	18.44	66.37	4.12	20.62	12.08	11.4	36.24	58.83	54.08	58.42	58.69	50.25	10.44	86.28	57.01	18.44	47.04	18.79	53.15	53.85	44.6	72.8	66.73	26.93	52.01	46.53	67.94	14.32	65.39	16.4	13.04	26.17	57.49	57.57	19.72	62.97	49.25	37.36	50.25	19.42	42.54	57.22	65.97	68.94	43.19	46.52	16.49	54.67	36.25	56.36	49.25	57.27	25.96	54.33	10.63	59.14	55.44	50.57	42.38	58.03	12.04	38.59	59.03	5.83	43.29	56.04	10.44	56.44	52.43	30.61	
51.16	43.74	55.23	49.73	21.38	50.6	39.2	34.37	33.42	16.12	63.13	28.32	40.16	49.04	50.12	13.0	25.3	55.04	16.12	48.76	3.0	24.74	14.04	34.06	29.97	51.48	16.97	0.0	52.5	21.26	17.46	12.21	27.73	44.55	41.23	46.24	41.34	18.38	48.38	16.64	18.6	46.69	33.62	40.61	58.69	65.05	60.21	15.13	58.05	44.82	44.41	39.05	21.1	24.21	23.26	37.48	18.36	51.88	45.61	23.6	56.4	5.39	44.15	12.37	48.37	56.57	20.0	49.98	43.93	8.6	20.12	9.43	27.59	48.92	11.7	34.13	32.25	33.73	51.04	59.55	16.16	19.85	13.34	56.6	72.14	51.66	28.64	53.23	23.85	43.91	17.09	50.09	19.42	18.79	24.04	15.03	19.42	42.49	39.46	49.77	46.1	34.01	26.63	69.31	43.1	24.08	37.7	20.62	40.01	40.05	30.15	56.04	51.97	14.87	35.23	38.95	50.99	15.13	50.0	2.24	29.83	16.64	50.61	43.29	5.39	46.01	37.66	24.08	33.3	17.46	27.46	48.1	52.15	53.45	26.25	31.05	16.49	37.8	21.21	40.5	37.66	41.76	23.02	42.43	20.62	44.55	47.01	35.17	38.21	47.07	13.0	22.47	42.2	16.55	35.36	46.17	9.22	44.28	35.85	13.89	
12.04	25.0	66.41	29.07	31.38	72.47	16.28	74.33	30.68	52.0	57.04	78.29	65.46	70.24	95.27	65.46	27.2	39.0	51.61	9.9	53.49	34.06	39.81	29.73	37.01	87.97	62.13	52.5	0.0	64.0	35.11	60.67	62.65	10.82	27.86	7.07	58.18	40.22	89.83	43.83	65.19	8.94	55.8	70.6	57.56	62.13	69.38	60.54	55.44	55.54	11.66	17.8	32.2	75.64	70.49	16.4	42.2	67.23	7.21	72.95	50.25	57.87	84.15	64.85	10.2	56.89	62.0	71.12	48.1	60.75	53.26	43.42	77.83	55.97	40.8	20.62	21.63	28.6	18.03	55.23	68.62	37.01	65.8	67.05	68.0	52.39	62.8	7.28	75.77	90.0	69.57	38.33	66.19	42.01	57.43	66.71	50.45	37.0	24.6	5.0	13.6	35.51	72.01	64.0	20.25	76.16	81.84	73.08	18.03	20.59	27.59	64.56	26.02	62.65	41.68	16.28	51.42	67.45	73.43	54.71	69.35	36.67	10.82	22.14	56.08	53.49	15.81	29.53	45.49	43.0	31.14	5.1	82.1	32.02	48.84	31.24	46.0	43.83	34.67	32.31	77.83	29.73	74.85	12.81	70.86	73.82	90.79	64.66	24.17	86.28	65.0	55.97	55.9	65.62	19.03	87.73	52.47	81.39	38.95	51.31	
66.1	61.85	76.28	68.45	37.0	70.68	54.34	50.8	36.4	12.0	84.22	37.34	60.37	69.32	60.83	21.1	38.83	74.95	37.2	57.43	23.6	43.91	32.76	37.36	50.22	67.36	4.47	21.26	64.0	0.0	33.24	9.85	9.22	58.69	59.93	57.01	62.43	38.6	62.01	37.54	5.1	60.53	54.64	59.81	79.91	86.28	81.27	33.24	79.21	66.07	58.86	54.82	37.7	31.4	37.22	51.97	39.05	72.72	58.14	35.0	77.34	20.12	59.14	19.1	62.8	77.79	2.0	70.21	65.07	22.14	41.05	24.6	36.35	70.18	27.73	49.73	47.54	52.33	67.45	80.66	22.02	27.02	19.03	77.67	93.38	72.84	10.2	62.39	29.61	54.59	22.09	70.18	5.39	22.02	9.9	15.03	40.61	62.68	57.38	60.07	61.39	54.08	8.06	90.51	60.08	20.59	51.0	21.84	56.04	56.92	47.93	77.2	70.01	31.32	56.08	48.09	72.14	18.03	69.86	20.81	8.6	28.86	58.69	60.75	24.19	67.27	51.79	40.5	54.45	21.0	46.07	59.01	70.34	72.45	47.51	50.12	18.0	58.8	39.82	60.03	53.46	60.83	29.43	56.89	12.53	63.57	59.21	55.04	43.17	62.13	16.03	43.05	63.41	9.06	45.01	60.0	13.89	60.67	56.4	35.0	
34.0	28.64	52.39	35.36	4.0	52.01	22.0	43.91	22.36	22.47	54.64	43.83	42.19	50.0	63.13	30.36	8.06	42.64	20.12	32.2	18.38	12.21	5.83	22.56	19.72	60.01	30.08	17.46	35.11	33.24	0.0	27.17	35.81	27.17	26.93	29.07	39.32	11.0	59.36	13.34	32.76	29.27	33.0	45.12	51.48	57.8	57.01	26.87	50.25	40.52	27.07	22.09	4.47	40.71	36.8	20.1	13.04	50.49	28.16	38.6	47.2	22.8	54.2	29.83	31.06	49.65	31.38	51.0	36.67	25.63	23.41	9.06	43.27	43.66	6.0	17.03	15.0	19.42	34.53	51.31	33.53	11.7	30.81	53.6	65.0	44.29	36.4	36.36	40.72	57.31	34.48	38.21	33.73	15.81	30.61	32.14	20.88	31.14	24.17	32.65	29.02	22.8	40.52	61.59	26.93	41.44	49.82	38.08	23.19	23.77	14.76	52.2	36.77	28.43	26.83	22.67	43.42	32.56	52.09	19.65	40.71	5.83	34.21	27.51	21.02	40.5	20.22	7.28	27.2	15.62	13.45	30.87	57.49	39.45	24.0	17.69	17.69	29.97	8.06	27.66	47.51	28.02	39.81	25.08	37.01	49.03	59.2	38.83	24.6	56.82	30.27	26.57	38.83	32.14	19.1	57.14	19.65	52.8	26.08	18.87	
61.07	55.08	66.61	61.35	31.14	60.84	49.09	41.3	36.36	12.04	75.29	29.41	50.54	59.48	52.89	12.17	34.01	67.08	27.66	55.36	14.14	36.4	25.3	37.22	42.06	58.08	5.39	12.21	60.67	9.85	27.17	0.0	18.11	54.0	52.81	53.94	52.8	30.41	53.24	28.84	6.4	56.01	45.0	49.98	70.77	77.1	71.61	23.41	70.18	56.64	54.01	49.25	31.4	23.77	28.0	47.01	30.53	62.97	54.23	26.31	68.6	10.3	50.0	10.2	58.01	68.62	9.22	60.37	56.08	12.37	31.4	18.11	28.46	60.83	21.21	44.18	42.11	45.22	61.66	71.7	13.93	24.35	10.44	68.01	84.15	63.78	19.1	60.17	22.36	46.57	14.32	62.18	7.21	20.59	16.28	7.81	31.14	54.59	50.7	57.27	56.14	46.07	14.42	81.39	53.94	16.64	42.19	15.62	50.36	50.8	41.23	67.62	63.32	21.59	47.43	45.61	63.13	10.3	60.01	11.31	18.36	24.08	56.92	54.34	14.42	57.98	47.0	34.37	45.45	19.24	38.9	55.9	60.64	65.19	38.18	42.72	16.64	50.0	32.57	52.39	44.1	53.49	21.93	52.01	10.2	53.76	50.8	45.19	42.49	53.0	7.62	33.29	53.91	5.0	42.2	51.16	8.25	51.24	48.02	25.5	
66.41	64.14	82.86	71.02	39.12	78.19	55.15	59.41	33.02	13.45	89.2	46.53	67.78	76.69	70.04	30.0	39.81	78.41	43.83	55.04	30.46	47.51	36.77	34.01	54.45	76.16	13.0	27.73	62.65	9.22	35.81	18.11	0.0	58.82	62.68	55.58	68.96	43.19	71.06	42.8	14.32	60.44	61.29	67.72	85.28	91.68	87.82	41.23	84.39	72.11	59.14	55.95	40.22	40.61	46.04	52.55	44.05	79.61	57.49	44.05	82.04	27.89	68.03	28.0	62.94	83.24	9.0	77.62	70.29	30.41	47.85	28.28	45.54	76.03	31.14	50.99	48.75	55.22	68.54	85.7	31.14	26.93	28.02	84.22	98.86	78.1	1.0	60.03	38.83	63.79	31.26	73.88	14.56	21.54	5.39	24.19	47.01	66.6	59.68	58.31	62.03	58.05	14.14	95.78	61.72	29.55	60.03	31.05	57.27	58.59	50.48	83.53	72.07	39.62	60.88	46.39	77.34	27.17	77.49	27.86	7.28	30.53	56.0	62.65	31.62	73.01	52.2	42.72	59.82	21.02	49.2	57.56	78.64	75.17	53.54	53.41	18.36	63.78	43.28	63.41	62.2	63.82	38.64	57.25	21.54	71.57	68.36	62.63	40.01	71.03	25.02	50.16	69.64	18.25	43.74	69.03	18.87	69.35	60.81	41.59	
7.62	15.03	56.04	20.4	23.19	61.72	5.83	63.89	29.83	46.87	48.17	68.94	54.64	59.48	85.0	57.27	20.02	30.59	41.68	16.03	45.12	23.85	31.05	29.07	26.25	77.23	56.22	44.55	10.82	58.69	27.17	54.0	58.82	0.0	17.46	10.05	47.41	30.41	79.31	34.0	59.14	2.24	45.0	59.82	48.04	53.04	59.23	50.99	46.01	44.94	1.0	7.07	23.54	66.73	60.83	7.07	32.25	56.65	5.0	63.56	41.01	49.82	73.59	56.89	4.12	47.17	56.72	60.37	37.64	52.39	43.01	36.06	68.54	45.61	33.14	10.77	12.37	17.8	11.4	46.01	60.42	32.02	57.87	56.75	59.3	42.43	59.14	16.49	67.05	79.88	61.39	29.02	60.13	37.36	53.45	59.3	40.22	26.68	13.93	12.17	4.47	24.7	66.48	55.33	10.05	68.59	71.61	65.12	7.21	9.85	17.2	54.34	18.38	53.31	30.89	15.62	41.44	59.68	62.65	46.69	65.0	30.07	18.0	12.04	47.54	43.01	7.0	20.62	34.67	38.08	20.81	10.05	71.28	24.04	38.18	20.52	41.0	33.11	25.08	21.84	67.36	19.42	66.1	2.24	64.03	63.01	80.43	53.91	24.84	75.66	57.43	45.61	45.19	59.0	16.4	77.23	46.04	70.72	28.18	41.59	
17.8	3.61	38.6	8.54	23.6	44.94	14.04	51.0	40.71	49.4	32.02	60.02	38.9	42.72	72.47	52.24	24.08	16.4	32.25	33.14	40.61	16.49	27.51	40.25	13.34	62.37	56.46	41.23	27.86	59.93	26.93	52.81	62.68	17.46	0.0	27.17	30.81	23.19	65.73	26.02	58.87	18.97	29.83	44.6	31.06	36.5	41.77	42.3	29.15	27.73	16.49	12.04	22.47	59.21	51.2	16.28	24.02	39.4	22.36	54.74	24.52	45.71	59.91	52.47	17.89	30.0	58.14	43.57	20.25	47.27	32.02	35.34	59.84	28.16	32.2	14.32	16.12	7.62	13.6	29.43	55.15	36.8	53.46	39.29	43.17	25.08	63.25	33.96	60.07	68.03	56.14	13.0	59.81	41.87	57.43	56.09	29.61	9.22	4.12	29.61	14.32	9.85	66.85	39.29	7.62	64.5	59.51	60.21	11.0	8.0	12.21	36.88	11.0	45.18	14.87	29.61	24.08	55.58	46.04	42.95	67.6	32.2	35.23	5.83	42.3	25.63	17.26	20.0	19.21	42.01	13.93	27.46	55.32	12.53	25.08	10.2	44.41	16.4	20.25	4.47	54.2	2.0	59.08	16.12	61.85	47.38	67.6	39.2	37.95	61.61	53.94	33.84	28.3	57.57	28.46	63.81	46.1	56.4	12.04	33.06	
15.26	25.0	65.51	30.41	25.55	70.38	13.6	70.04	23.77	45.01	58.22	72.72	62.65	68.15	90.61	59.24	21.02	40.61	46.75	6.0	47.42	29.83	34.13	22.85	34.0	84.4	55.23	46.24	7.07	57.01	29.07	53.94	55.58	10.05	27.17	0.0	56.08	35.38	85.63	38.95	58.31	9.49	52.84	67.42	58.01	63.07	68.88	55.22	56.0	54.12	11.05	15.52	26.63	69.77	65.22	12.53	37.48	65.8	5.1	67.42	51.04	51.62	80.06	58.52	12.08	57.08	55.01	69.08	47.07	54.63	48.8	37.0	72.2	55.11	34.54	16.64	17.03	26.0	20.62	56.04	62.39	30.07	59.46	66.29	69.35	52.24	55.73	7.81	69.78	85.15	63.32	39.05	59.3	35.0	50.36	60.17	45.97	36.35	23.35	3.61	14.32	33.24	65.03	65.38	20.0	69.64	77.16	66.73	16.28	19.24	23.85	63.95	28.16	57.14	39.56	9.22	51.24	61.03	71.18	48.47	62.29	30.08	8.06	22.0	50.09	52.39	11.66	24.21	42.95	36.01	27.2	2.0	79.26	33.96	45.22	28.18	39.01	42.06	29.73	31.4	73.59	29.15	68.88	11.05	64.13	70.83	86.28	61.29	17.49	82.33	58.52	51.66	54.08	58.86	12.0	83.49	45.71	77.62	37.0	46.23	
48.6	34.21	13.89	34.06	39.01	14.32	42.54	27.02	61.01	56.36	26.68	43.32	9.49	12.08	46.87	45.34	43.05	30.46	25.24	61.68	38.83	29.07	34.93	61.0	22.56	33.12	58.01	41.34	58.18	62.43	39.32	52.8	68.96	47.41	30.81	56.08	0.0	28.44	38.6	27.2	59.03	49.24	7.81	15.81	20.88	26.4	18.87	31.24	21.38	6.0	46.53	40.72	37.01	45.62	34.93	43.66	26.68	11.18	51.89	39.4	23.02	42.64	32.98	46.69	48.55	18.68	61.29	13.0	12.53	41.73	21.4	42.38	43.66	10.2	40.52	39.85	40.26	30.08	43.93	23.35	47.01	50.8	47.42	15.26	32.76	16.0	69.84	63.56	47.41	44.1	47.8	26.42	59.67	53.85	64.85	51.62	21.95	22.63	33.62	59.09	44.94	22.85	66.6	30.87	38.28	56.61	36.0	51.61	40.25	37.59	32.98	14.87	38.29	34.21	16.55	55.32	16.03	49.58	15.26	41.62	71.03	44.72	63.91	36.62	38.42	9.06	44.6	37.05	13.34	53.16	30.41	56.86	24.76	34.67	15.81	28.16	54.08	14.42	32.02	26.4	29.07	29.21	46.53	45.62	58.0	17.49	41.77	13.04	61.29	33.84	49.5	19.8	3.16	55.97	52.77	37.11	50.12	28.46	19.24	27.46	
35.74	26.02	41.76	31.58	11.7	41.01	24.6	34.83	33.24	29.83	46.01	38.63	31.26	39.0	55.23	29.07	16.55	36.67	11.4	39.7	17.46	7.07	6.71	33.38	11.66	50.12	34.67	18.38	40.22	38.6	11.0	30.41	43.19	30.41	23.19	35.38	28.44	0.0	50.45	3.61	36.72	32.65	22.0	34.48	42.2	48.6	46.49	20.62	41.23	30.08	29.97	23.77	9.85	36.88	30.41	23.85	2.24	39.62	33.02	33.24	38.9	22.56	45.0	29.27	33.62	40.22	37.01	40.0	27.2	24.08	13.6	15.0	38.28	33.54	12.53	19.72	18.6	16.0	34.37	42.52	32.02	22.36	30.27	43.01	55.8	35.0	43.93	43.14	37.48	49.82	33.02	31.76	37.59	25.63	38.42	32.98	10.82	24.19	22.02	38.95	30.68	15.65	44.78	52.63	26.31	41.3	41.77	37.05	24.35	23.54	13.6	41.79	34.13	23.09	17.69	31.06	34.21	32.39	41.11	19.92	46.86	16.28	41.87	26.08	19.1	30.41	24.41	11.4	17.0	25.08	10.2	36.88	46.84	35.17	13.0	13.04	26.42	20.62	5.66	22.14	38.42	23.54	36.5	28.18	38.9	38.33	50.91	28.16	34.79	47.43	30.81	16.64	28.16	34.93	27.78	48.27	24.84	43.05	17.8	11.18	
82.8	69.34	44.01	71.12	61.61	31.06	73.59	15.62	80.5	63.35	63.2	25.32	29.12	32.0	9.22	41.11	66.61	68.95	39.41	90.14	45.54	55.87	53.54	80.95	53.41	9.43	58.08	48.38	89.83	62.01	59.36	53.24	71.06	79.31	65.73	85.63	38.6	50.45	0.0	47.01	57.0	81.47	36.24	22.8	57.22	61.0	47.27	33.62	58.42	44.38	78.64	72.25	60.0	31.26	25.5	73.54	48.27	39.0	82.73	27.02	61.19	45.12	5.83	43.1	81.69	55.33	62.07	32.02	50.92	41.77	36.88	55.95	26.31	47.85	56.36	69.3	68.62	61.85	79.32	60.41	40.0	67.12	43.05	45.04	65.28	54.13	72.06	93.43	33.38	10.63	40.01	64.62	57.01	67.07	69.46	47.0	39.7	59.48	67.2	89.14	78.24	56.04	61.4	65.03	72.2	44.91	11.05	41.3	72.35	70.43	62.24	47.0	75.18	33.53	51.11	81.4	54.34	44.0	29.07	46.84	69.12	62.18	92.31	71.03	43.01	47.54	74.25	61.85	46.65	65.79	58.69	87.0	19.92	72.5	41.23	58.9	64.85	50.54	56.08	61.91	12.04	64.66	33.24	77.16	51.24	22.09	5.0	26.83	83.86	5.0	46.04	33.97	41.76	53.0	78.01	2.24	56.52	10.2	53.85	40.5	
39.22	29.02	40.85	34.23	14.76	39.05	28.18	31.4	35.69	29.68	46.69	35.11	29.02	37.12	51.66	26.31	19.72	38.63	7.81	43.19	15.23	10.44	8.0	35.9	13.6	46.96	33.42	16.64	43.83	37.54	13.34	28.84	42.8	34.0	26.02	38.95	27.2	3.61	47.01	0.0	35.23	36.24	20.22	31.78	42.52	48.92	45.69	17.09	41.73	29.53	33.54	27.31	13.04	33.54	26.83	27.46	2.0	38.33	36.62	29.73	39.82	20.25	41.62	26.68	37.16	40.46	36.07	38.12	27.59	21.38	10.3	15.23	34.79	33.29	13.34	23.32	22.2	19.1	37.66	43.14	29.15	24.02	27.66	42.15	56.08	35.38	43.6	46.69	34.23	46.23	30.15	33.62	36.06	26.68	38.28	30.68	7.62	26.0	25.18	42.52	34.18	17.72	43.27	53.08	29.61	38.64	38.21	34.23	27.86	26.93	17.09	41.15	37.01	19.65	18.6	34.41	34.66	29.83	39.0	17.89	45.97	18.0	45.34	29.27	16.49	30.23	28.02	14.87	17.03	25.96	13.6	40.46	44.15	37.66	11.4	16.03	26.93	21.26	9.22	24.52	35.0	26.17	33.24	31.76	36.77	35.69	47.38	25.5	37.7	44.1	28.46	13.42	27.31	33.12	31.06	44.82	24.08	39.82	19.24	7.62	
66.37	61.03	72.8	67.42	36.67	66.65	54.45	46.1	39.0	13.93	81.69	32.25	56.44	65.37	55.73	16.28	39.12	73.36	33.97	59.23	20.52	42.54	31.38	39.92	48.37	62.51	3.16	18.6	65.19	5.1	32.76	6.4	14.32	59.14	58.87	58.31	59.03	36.72	57.0	35.23	0.0	61.07	51.22	55.54	77.16	83.49	77.8	29.07	76.58	62.97	59.21	54.74	37.11	26.31	32.39	52.24	36.89	69.07	59.01	30.02	75.0	16.4	54.23	14.32	63.2	75.01	5.83	66.24	62.48	17.89	37.64	23.77	31.26	67.18	26.93	49.65	47.52	51.26	67.27	78.1	17.0	28.28	14.14	74.2	90.52	70.18	15.3	64.13	24.52	49.5	17.03	68.48	1.0	23.77	14.42	10.0	37.48	60.9	56.61	61.52	61.52	52.35	8.06	87.78	59.67	15.81	46.01	16.76	55.9	56.52	47.13	73.88	69.26	26.93	53.82	49.65	69.53	13.0	65.74	17.69	12.65	29.07	60.64	60.17	20.62	64.35	52.15	40.02	51.86	22.56	44.94	60.3	65.8	71.31	44.55	48.85	19.65	56.4	38.63	58.6	48.66	59.62	24.33	57.22	7.81	59.24	54.15	51.0	45.54	57.22	11.18	39.41	60.21	4.0	46.39	55.01	13.15	55.9	54.38	31.83	
6.4	16.28	57.57	21.1	25.32	63.53	8.06	66.07	30.81	48.66	49.04	71.18	56.61	61.29	87.2	59.44	22.0	31.26	43.91	15.3	47.3	26.08	33.24	30.0	28.32	79.31	58.14	46.69	8.94	60.53	29.27	56.01	60.44	2.24	18.97	9.49	49.24	32.65	81.47	36.24	61.07	0.0	47.01	61.85	49.16	54.0	60.64	53.23	47.1	46.62	2.83	9.22	25.71	68.95	63.06	9.22	34.48	58.31	4.47	65.8	42.01	51.97	75.74	59.03	2.83	48.37	58.55	62.18	39.22	54.57	45.22	38.12	70.77	47.13	35.23	13.0	14.56	19.85	11.18	47.01	62.59	33.73	60.02	58.24	60.13	43.74	60.73	15.13	69.26	82.1	63.56	30.02	62.07	39.05	55.08	61.4	42.44	28.16	15.65	11.0	5.0	26.63	68.36	56.14	11.4	70.71	73.82	67.27	9.22	11.66	19.42	55.79	18.68	55.54	32.76	16.28	42.76	61.81	64.5	48.84	66.71	32.02	17.12	13.34	49.73	44.6	9.06	22.8	36.62	39.81	23.02	9.06	73.24	24.52	40.31	22.63	42.76	34.89	27.31	23.41	69.53	20.88	68.31	4.47	66.07	65.0	82.62	55.97	25.46	77.79	59.54	47.8	46.96	61.01	17.49	79.4	48.01	72.84	30.02	43.83	
47.38	33.42	21.63	34.89	33.24	19.03	39.66	22.56	55.15	48.85	33.24	36.88	9.85	17.0	43.66	37.64	37.66	33.54	17.49	58.14	31.06	24.04	28.16	55.23	18.87	32.56	50.22	33.62	55.8	54.64	33.0	45.0	61.29	45.0	29.83	52.84	7.81	22.0	36.24	20.22	51.22	47.01	0.0	14.87	27.73	33.62	26.63	23.6	27.86	12.53	44.2	38.01	31.26	38.63	28.16	40.31	20.02	18.38	49.09	32.57	28.44	34.83	30.41	38.95	46.75	25.5	53.54	18.0	16.0	33.94	13.6	35.17	37.11	17.0	33.54	36.24	36.25	27.2	43.42	29.73	39.41	44.18	39.7	23.02	40.22	21.84	62.18	60.54	40.31	40.02	40.22	28.86	51.86	46.87	57.27	43.86	14.32	23.26	31.83	56.08	43.19	20.52	58.8	38.08	36.77	49.09	31.58	44.1	37.8	35.47	29.07	22.67	38.95	26.63	15.0	50.92	21.59	41.87	19.24	33.84	63.25	38.12	60.37	35.38	30.61	14.87	41.18	31.78	10.63	46.1	26.0	53.85	26.42	36.4	9.0	24.7	46.84	14.32	26.31	25.81	25.3	28.6	39.4	43.01	50.25	18.03	38.63	9.43	56.09	31.91	41.73	12.04	9.43	48.17	48.08	34.44	42.49	26.63	17.8	19.72	
