160
0.0	14.32	46.1	35.78	55.73	36.88	41.98	41.44	18.38	18.03	26.83	41.88	48.01	29.41	45.65	26.4	14.56	21.54	26.68	35.38	26.83	18.03	55.9	49.09	18.87	17.72	39.96	25.08	38.48	22.56	34.53	24.02	13.34	66.48	17.69	49.98	61.85	46.17	62.24	45.65	48.04	4.24	57.87	65.73	19.1	44.92	19.72	7.07	47.54	42.43	52.47	47.17	54.67	44.42	20.59	60.11	28.86	52.33	34.41	55.0	41.62	42.05	15.3	19.1	29.97	19.72	24.02	6.32	34.71	65.22	22.2	57.38	10.0	38.08	11.31	13.15	20.4	21.1	44.41	20.22	39.96	36.35	25.96	17.8	42.44	65.19	55.17	30.89	30.61	63.78	33.53	21.47	32.14	52.39	5.0	32.56	55.73	15.23	51.09	37.48	11.18	51.48	54.08	35.36	34.71	10.44	52.15	44.2	48.04	49.24	10.77	27.73	14.32	10.3	8.25	45.19	57.8	63.64	23.26	49.48	26.93	40.11	27.86	47.93	47.42	39.46	32.56	41.05	32.76	18.44	41.76	9.0	41.23	54.71	38.6	20.88	51.62	35.36	24.0	45.54	37.95	43.32	14.04	35.74	15.62	57.45	31.62	28.86	27.66	14.04	48.1	23.32	27.17	43.01	41.05	28.64	6.08	49.74	26.48	18.38	
14.32	0.0	31.78	21.47	49.16	30.41	31.76	28.0	13.6	8.6	18.03	46.23	34.06	15.3	35.17	30.07	28.79	26.48	27.59	22.83	12.53	27.78	54.13	36.12	25.08	4.12	34.21	18.87	41.01	36.69	28.86	32.31	9.0	53.15	26.68	35.74	50.09	46.62	48.92	38.9	35.23	16.28	49.25	54.13	33.02	30.81	30.27	9.22	49.04	36.67	39.01	48.41	42.19	48.17	31.26	46.86	22.8	44.69	30.02	50.7	30.08	30.08	9.22	8.0	21.0	16.49	13.04	19.21	41.18	53.24	24.0	47.85	13.0	28.3	14.87	26.31	12.21	35.36	33.24	27.86	29.12	23.02	40.16	20.1	37.2	51.62	42.2	21.1	18.97	50.21	26.17	17.09	21.02	42.05	17.03	30.08	53.71	27.0	46.1	24.0	11.4	40.16	40.0	21.1	28.64	24.7	38.01	30.41	35.9	42.43	25.08	42.05	9.9	4.12	20.52	47.42	45.65	50.45	17.89	35.51	20.88	37.58	20.62	49.68	34.06	28.64	39.36	45.61	27.46	11.18	27.66	22.8	43.19	45.28	34.13	7.0	37.34	24.6	22.2	34.54	30.02	44.2	16.12	27.02	16.03	43.27	20.62	15.03	41.11	23.32	39.2	26.02	23.26	29.07	29.73	23.09	20.25	35.51	13.04	19.0	
46.1	31.78	0.0	10.44	48.84	38.01	28.02	13.04	36.07	31.24	30.41	66.94	9.49	17.2	29.0	53.01	60.54	51.74	48.51	19.31	19.31	56.73	63.25	17.46	52.09	28.65	40.79	34.67	60.17	68.35	39.0	59.41	36.4	27.66	55.44	5.39	32.76	61.33	24.19	41.05	18.03	47.76	43.27	36.5	64.5	6.08	59.68	40.31	65.0	42.72	15.62	64.08	24.04	67.72	60.67	23.02	36.14	42.3	41.44	55.32	23.43	21.0	34.83	29.43	30.08	38.29	26.91	50.61	65.38	34.23	47.01	39.45	42.2	28.44	43.42	57.57	31.83	67.08	25.08	55.15	25.81	15.23	71.87	45.28	43.57	25.0	21.38	28.16	23.54	23.77	34.54	37.01	24.17	32.28	48.37	44.78	62.43	57.49	50.45	13.93	40.0	27.51	11.4	11.18	38.08	56.46	9.22	10.63	21.84	43.01	56.86	73.82	36.5	35.85	51.62	64.85	27.89	26.17	35.81	9.22	35.69	49.66	33.12	65.92	14.76	25.18	64.2	66.71	38.63	33.24	7.28	54.42	61.03	37.36	43.42	25.55	6.0	25.0	42.3	26.17	34.48	60.17	43.29	31.05	41.73	13.04	25.0	18.44	72.11	52.63	36.07	49.2	39.81	9.22	24.21	37.11	52.0	6.08	21.26	43.19	
35.78	21.47	10.44	0.0	45.28	31.24	26.57	13.45	27.46	22.02	21.54	58.19	13.89	8.06	26.0	45.18	50.16	43.27	39.29	12.81	8.94	47.38	57.31	21.4	42.0	18.6	37.05	27.51	51.62	57.94	31.62	50.61	26.87	34.0	45.18	15.03	35.13	53.85	29.97	38.83	21.26	37.34	41.44	39.2	54.38	11.4	49.37	30.23	57.31	36.77	21.93	56.44	26.17	59.24	50.36	28.23	27.73	41.79	36.22	50.45	19.7	20.59	25.5	19.1	21.95	30.02	18.79	40.5	55.9	37.48	38.95	38.33	32.56	25.5	33.94	47.13	23.32	56.82	25.06	46.23	21.1	11.7	61.47	36.62	40.11	31.91	24.74	20.25	15.26	30.53	27.2	29.07	19.0	33.84	38.28	38.83	56.59	47.07	45.45	11.18	30.41	29.83	19.1	1.41	30.81	46.1	16.97	11.4	24.08	41.48	46.52	63.51	26.17	25.5	41.62	56.8	30.15	31.78	28.23	16.49	26.93	42.44	26.68	58.18	16.28	23.09	54.59	57.87	33.24	24.41	8.94	44.01	52.8	38.59	39.01	15.62	16.28	21.21	32.98	26.42	28.28	52.35	33.06	27.07	32.8	22.02	17.2	9.85	62.2	43.14	32.65	41.18	31.02	9.49	20.12	28.64	41.63	14.21	12.53	34.67	
55.73	49.16	48.84	45.28	0.0	19.03	71.55	58.52	62.51	56.72	31.14	37.74	40.36	49.77	19.85	79.03	63.32	75.01	32.65	32.65	45.54	73.68	19.0	65.6	43.38	50.64	80.01	66.49	32.02	67.54	21.21	79.4	58.14	40.02	48.3	53.74	26.31	25.5	37.95	83.01	65.8	53.37	9.0	27.0	71.78	54.04	51.97	56.04	29.15	13.34	64.44	28.23	29.07	36.24	52.48	36.4	27.07	86.76	77.37	9.0	25.81	65.86	58.31	41.19	28.28	65.49	57.97	61.98	43.19	29.07	73.11	13.15	61.01	69.86	63.01	57.38	60.02	71.31	70.33	75.24	24.19	56.82	70.71	69.03	83.17	41.76	32.65	28.64	32.57	41.11	23.02	65.76	62.39	79.08	60.67	78.45	18.0	54.13	7.21	56.44	60.01	74.89	43.83	43.91	21.1	61.03	44.2	38.21	69.07	86.01	61.98	75.13	42.11	50.0	63.95	31.3	27.51	37.36	66.1	58.05	29.07	19.21	67.19	30.08	34.71	67.98	43.84	38.28	74.46	59.68	53.01	57.87	30.23	83.86	81.04	50.22	53.08	65.39	32.28	71.69	19.24	26.93	42.2	70.58	65.07	47.17	30.36	51.62	80.65	69.46	12.81	75.06	28.64	39.7	25.24	27.17	57.97	45.34	52.81	68.12	
36.88	30.41	38.01	31.24	19.03	0.0	55.8	44.6	43.93	38.33	12.65	31.02	32.02	33.6	14.56	60.07	45.65	56.0	17.2	18.87	28.84	54.74	26.17	52.63	26.91	32.28	62.65	48.38	24.02	50.8	2.83	60.41	39.32	41.23	31.89	43.38	30.89	23.41	37.66	66.24	52.5	34.79	21.47	33.84	53.71	41.88	36.07	37.01	27.2	6.32	52.7	26.25	27.66	31.06	36.77	35.51	8.06	70.72	59.46	20.62	16.12	50.99	39.62	22.56	10.3	46.87	40.31	43.17	32.57	34.48	54.23	22.02	42.0	53.54	44.0	39.96	41.76	53.71	55.32	56.22	13.15	41.77	54.2	50.09	65.8	41.59	30.27	11.4	16.28	40.45	4.47	47.3	45.79	64.44	41.77	60.17	25.5	37.2	15.81	41.73	41.05	60.81	37.48	29.83	2.24	42.95	36.88	28.46	55.17	69.46	43.86	58.25	23.09	31.02	45.12	27.46	28.79	38.08	47.8	46.65	10.05	11.7	49.4	28.16	27.29	52.2	32.31	31.06	56.65	41.23	40.0	39.81	24.08	68.88	63.32	32.31	43.46	49.09	14.42	56.73	4.0	22.56	23.77	53.71	46.17	41.44	14.14	35.23	62.65	50.49	12.73	56.14	10.3	29.15	15.13	8.25	39.56	36.69	35.85	49.25	
41.98	31.76	28.02	26.57	71.55	55.8	0.0	15.0	24.08	24.35	43.93	77.67	37.05	22.2	52.55	33.54	55.23	34.79	58.6	38.91	27.02	42.95	81.84	14.42	56.8	27.78	13.89	18.03	72.01	63.13	55.44	42.72	28.64	55.44	57.94	26.68	60.3	76.38	52.15	13.04	13.04	45.61	68.01	64.2	55.15	22.09	61.03	34.93	79.31	61.85	19.42	78.57	51.35	79.4	61.98	51.04	50.25	15.23	17.03	76.01	46.24	7.07	26.68	36.24	45.61	24.02	18.79	43.1	72.95	62.07	29.41	64.85	33.14	4.0	33.02	55.11	21.59	59.03	4.24	39.56	47.42	14.87	66.03	30.41	16.16	52.61	49.09	44.41	39.66	51.48	51.4	22.02	10.82	10.44	41.19	21.4	81.22	57.01	71.02	15.52	31.26	10.2	39.2	27.86	54.82	51.35	37.12	36.5	9.9	15.13	51.24	66.07	41.34	34.93	43.01	78.1	55.33	54.15	20.02	22.14	48.8	65.86	15.03	80.06	41.44	3.61	71.12	77.1	15.26	23.54	21.02	50.8	73.88	13.6	17.2	25.81	28.86	7.21	52.63	4.47	53.54	74.33	47.89	7.28	29.02	39.81	41.88	20.62	60.21	40.31	59.09	31.02	52.35	34.53	46.62	50.93	47.68	34.06	20.52	28.28	
41.44	28.0	13.04	13.45	58.52	44.6	15.0	0.0	27.29	24.04	34.13	70.26	22.09	13.34	38.95	42.43	55.9	42.01	51.08	26.25	18.03	48.37	70.72	8.54	51.97	24.02	27.89	24.08	63.95	63.95	44.82	50.0	29.41	40.61	54.33	12.53	45.4	66.85	37.22	28.02	8.06	44.1	54.13	49.25	58.19	7.28	58.14	34.71	70.18	50.21	11.05	69.34	36.5	71.55	59.14	36.06	40.5	29.61	29.07	63.89	32.76	8.06	27.51	29.12	35.0	28.84	18.38	44.64	67.05	47.1	36.88	50.7	35.11	15.52	35.85	54.15	23.26	61.4	12.37	46.04	34.41	5.1	67.27	36.06	30.59	37.85	34.13	33.42	28.43	36.67	40.46	27.2	12.73	20.59	42.45	32.76	70.01	55.0	58.9	4.0	32.89	16.4	24.33	14.87	44.05	51.79	22.2	21.84	10.63	30.07	51.97	68.41	35.69	32.02	45.22	69.46	40.45	39.2	25.61	9.22	39.45	55.61	21.93	71.02	26.68	12.17	65.52	69.86	26.42	25.08	6.08	50.36	65.37	25.5	30.68	21.0	14.76	12.53	44.78	13.6	41.73	65.19	42.76	18.38	33.12	25.3	30.48	13.04	64.88	44.72	45.79	38.95	43.42	19.92	33.29	41.34	47.52	19.1	15.03	33.84	
18.38	13.6	36.07	27.46	62.51	43.93	24.08	27.29	0.0	6.08	31.4	58.0	41.34	19.42	47.27	18.03	31.14	15.81	40.22	33.73	20.25	21.1	67.62	33.53	35.47	12.0	22.02	6.71	53.41	39.05	42.45	23.35	5.66	61.4	35.51	38.42	60.73	59.68	57.31	27.46	32.28	22.36	62.01	64.85	31.58	32.8	38.01	11.66	61.85	50.22	37.7	61.29	52.2	60.21	38.91	55.47	36.4	34.0	17.03	64.29	41.59	25.5	4.47	21.38	34.23	3.0	9.22	19.03	51.86	63.57	11.7	60.21	9.06	20.1	9.06	31.32	4.24	35.23	27.02	19.1	41.19	22.47	42.0	9.22	24.76	59.36	51.48	34.06	31.06	57.98	39.62	3.61	15.52	34.37	17.12	16.55	67.23	33.62	59.67	23.85	7.28	34.0	46.4	27.78	42.2	27.29	44.2	38.47	31.4	31.06	27.17	42.3	22.83	14.42	19.03	60.0	55.97	59.06	5.0	36.36	34.48	51.08	9.49	62.43	42.95	22.02	49.82	57.28	14.87	3.16	29.83	26.93	55.8	36.4	21.26	13.34	40.46	18.11	35.36	28.0	43.29	57.14	27.66	17.46	5.83	48.92	33.02	17.8	37.7	17.46	52.0	13.93	36.77	36.72	41.44	36.69	23.77	41.23	15.0	7.21	
18.03	8.6	31.24	22.02	56.72	38.33	24.35	24.04	6.08	0.0	25.71	54.56	35.81	14.14	41.19	24.04	32.14	21.47	36.12	27.66	14.32	25.5	62.61	31.26	32.76	6.08	25.61	10.3	49.52	40.2	37.0	28.6	5.39	55.76	33.62	34.13	54.71	55.22	51.62	30.41	30.15	21.38	56.0	58.82	34.18	28.65	36.69	11.0	57.63	44.64	34.93	57.01	46.24	56.59	37.64	49.74	31.02	36.4	21.47	58.82	35.51	24.02	3.61	15.81	28.44	9.06	6.0	20.62	49.09	57.58	17.72	54.15	11.18	20.62	12.21	31.14	3.61	37.36	26.48	24.21	35.13	18.97	43.42	14.76	28.6	53.82	45.62	28.16	25.02	52.43	33.96	9.06	14.14	34.79	18.44	21.84	62.17	32.76	54.12	20.25	8.94	33.54	41.11	22.2	36.69	28.07	38.95	32.76	30.02	33.97	28.16	44.38	18.44	10.82	21.19	55.97	49.98	53.34	9.49	32.7	29.15	46.07	12.04	58.26	37.12	21.59	47.17	53.91	18.87	3.0	25.55	27.02	51.74	37.58	25.55	7.28	36.06	17.46	30.81	27.66	37.48	52.8	24.21	18.87	10.82	43.84	27.0	12.81	41.18	21.4	46.01	19.92	31.76	31.06	35.36	31.38	24.0	36.07	10.0	13.0	
26.83	18.03	30.41	21.54	31.14	12.65	43.93	34.13	31.4	25.71	0.0	36.69	27.29	21.93	18.87	48.01	38.21	44.18	18.11	12.17	16.97	43.97	38.01	42.54	23.41	19.65	50.09	35.74	30.08	44.69	11.66	49.24	27.02	42.19	27.73	35.69	35.47	32.8	38.08	53.85	42.19	25.81	31.58	39.2	45.22	32.89	32.2	25.5	36.06	18.97	43.46	35.23	29.21	37.7	33.11	35.85	6.4	58.6	46.82	33.24	15.62	39.7	27.17	10.05	3.16	34.37	27.73	33.11	35.06	38.95	42.01	30.68	30.27	41.4	32.25	33.3	29.12	46.1	43.86	44.91	13.45	30.61	48.27	38.01	53.23	41.59	30.53	4.24	7.0	40.25	8.25	34.71	33.6	53.08	31.38	47.54	37.44	31.62	28.46	30.81	29.07	49.82	33.54	20.25	11.18	34.83	32.25	23.19	44.41	57.14	35.61	51.62	12.53	19.24	34.93	35.36	31.83	39.12	35.17	37.95	5.39	21.93	36.77	36.89	24.35	40.36	34.0	36.4	44.01	28.64	30.46	31.89	31.3	57.28	50.7	19.7	36.35	37.01	12.0	45.28	12.0	31.06	16.4	41.34	34.0	37.48	6.32	23.35	54.08	39.56	21.59	44.0	9.49	23.02	14.87	7.21	30.81	31.02	23.6	37.01	
41.88	46.23	66.94	58.19	37.74	31.02	77.67	70.26	58.0	54.56	36.69	0.0	62.39	57.25	45.28	68.1	40.02	63.13	19.24	47.85	52.33	57.38	23.85	78.79	23.02	50.0	79.91	64.35	7.0	40.01	29.02	63.69	52.35	71.85	25.08	72.28	60.17	12.73	68.47	84.96	78.29	37.74	45.62	62.3	48.84	69.57	25.71	46.86	10.3	29.83	80.06	10.82	58.42	3.0	25.5	66.37	30.81	90.91	75.01	30.48	47.01	74.79	53.74	41.68	36.88	60.21	59.2	46.07	9.0	63.6	64.07	48.47	51.4	74.4	53.01	34.48	58.05	46.27	78.55	60.84	44.01	66.19	42.05	59.64	82.73	72.44	61.2	38.83	43.42	71.34	33.14	61.55	66.85	87.66	46.14	73.88	24.41	30.36	30.53	66.64	51.86	85.09	68.18	56.92	30.02	40.16	67.36	58.55	80.06	88.53	41.11	47.04	36.4	43.86	47.85	7.21	59.03	68.73	62.94	74.63	31.32	20.62	66.53	9.85	58.08	74.33	11.05	1.0	72.84	56.59	67.07	37.7	7.62	91.26	79.25	51.87	72.78	70.46	25.5	79.92	35.01	10.82	30.41	73.25	57.01	72.17	41.98	58.18	56.22	54.56	41.23	65.19	27.2	58.86	46.01	29.83	39.81	66.75	57.45	60.0	
48.01	34.06	9.49	13.89	40.36	32.02	37.05	22.09	41.34	35.81	27.29	62.39	0.0	21.95	20.81	59.06	61.91	57.14	45.04	15.13	21.93	60.96	55.95	26.93	50.45	31.83	49.25	41.23	55.44	69.35	33.54	64.4	40.46	20.12	54.41	13.6	23.35	55.36	16.16	50.01	27.51	48.88	34.21	27.17	67.01	15.52	58.82	43.19	59.2	35.85	24.7	58.24	14.56	62.8	59.77	14.56	32.0	51.62	49.24	47.43	16.16	30.15	39.2	29.53	26.02	43.91	32.65	53.26	62.03	25.02	52.84	30.23	46.01	37.05	47.51	58.14	37.22	69.07	34.37	60.0	18.97	23.19	72.95	50.48	52.15	18.03	12.04	24.02	20.4	16.64	29.27	42.94	31.78	41.76	51.09	52.2	55.07	57.38	42.72	22.09	43.93	37.0	6.32	13.6	32.56	57.98	5.0	4.12	31.32	52.15	58.52	75.47	36.25	37.8	54.56	59.44	18.44	18.03	42.05	18.36	32.06	43.68	40.16	60.17	5.66	34.0	61.13	62.29	46.32	38.28	16.03	55.57	55.9	46.84	51.62	29.07	12.73	33.24	39.2	35.51	28.16	54.57	42.38	39.32	46.62	10.2	21.1	23.71	75.17	56.64	27.8	55.07	36.01	5.0	17.09	33.0	53.54	5.0	26.42	48.55	
29.41	15.3	17.2	8.06	49.77	33.6	22.2	13.34	19.42	14.14	21.93	57.25	21.95	0.0	31.58	37.12	43.97	35.23	38.01	17.46	5.0	39.62	59.67	21.84	38.64	11.7	30.59	19.65	51.11	51.92	33.3	42.64	19.21	42.06	41.11	20.62	42.58	54.67	38.01	33.24	21.19	31.58	47.07	46.69	47.41	15.52	45.01	23.26	57.8	39.66	24.08	57.01	33.73	58.67	46.01	36.25	28.32	37.22	29.0	53.85	25.32	17.8	17.69	15.81	23.43	21.95	10.77	33.54	53.76	45.12	30.89	44.41	25.0	20.12	26.25	41.59	15.26	50.16	21.93	38.29	25.96	8.94	55.36	28.6	33.73	39.96	32.57	22.2	17.49	38.59	29.21	21.02	12.65	31.14	31.3	31.26	59.03	42.11	48.88	9.49	22.8	28.02	27.02	8.54	32.65	39.85	24.84	19.31	22.83	36.25	40.16	57.01	22.36	19.42	34.48	56.86	37.66	39.81	20.25	20.22	27.02	43.84	19.1	58.6	24.04	18.6	52.2	56.8	26.0	16.4	12.37	38.08	52.7	35.38	32.14	8.54	22.36	15.65	31.76	23.35	31.38	52.8	29.43	20.88	24.84	29.7	19.72	2.0	54.92	35.47	37.64	33.12	30.81	17.46	25.5	29.07	35.44	21.93	4.47	26.63	
45.65	35.17	29.0	26.0	19.85	14.56	52.55	38.95	47.27	41.19	18.87	45.28	20.81	31.58	0.0	64.94	56.85	61.61	31.3	14.14	28.07	62.39	35.34	45.8	40.0	35.36	62.17	50.01	38.33	62.94	17.09	67.36	43.93	26.68	44.82	33.97	17.03	36.22	23.19	64.56	46.04	44.65	15.52	20.52	64.07	34.21	49.2	43.66	40.2	16.12	44.6	39.2	13.15	45.04	50.0	21.1	19.21	67.78	60.3	26.63	6.32	46.52	43.57	27.51	15.81	50.25	41.05	51.88	47.13	20.62	58.69	13.0	48.08	51.24	50.0	51.66	44.05	64.82	50.99	62.94	6.08	37.7	66.47	55.11	65.31	27.17	16.0	14.76	16.28	26.08	14.42	50.09	44.15	59.54	50.09	62.03	34.44	49.52	21.95	37.16	46.57	55.23	25.08	24.7	16.16	53.6	25.06	18.38	49.4	67.36	54.41	70.09	31.38	37.34	53.67	41.01	14.32	23.54	50.01	38.21	20.52	25.0	50.16	41.19	15.26	49.04	46.82	45.4	57.31	44.18	33.29	50.61	38.05	64.41	63.64	34.06	33.42	46.84	27.2	52.33	10.77	36.01	34.71	52.39	50.99	28.79	14.56	33.54	72.95	57.94	7.07	60.83	23.02	19.85	6.08	20.0	49.65	25.81	35.23	53.76	
26.4	30.07	53.01	45.18	79.03	60.07	33.54	42.43	18.03	24.04	48.01	68.1	59.06	37.12	64.94	0.0	32.02	5.0	52.81	51.66	38.28	13.42	81.74	46.62	45.18	29.61	23.19	18.44	64.88	38.08	58.22	10.0	21.1	79.18	43.27	54.56	78.75	72.45	75.13	29.07	45.22	30.41	79.31	82.86	27.31	48.92	44.05	23.35	73.93	66.19	51.4	73.54	70.23	70.71	44.69	73.35	52.15	36.01	17.46	79.76	59.44	38.01	21.38	38.05	51.04	15.23	26.42	22.2	60.46	81.6	6.32	77.78	18.25	30.02	16.28	35.38	21.93	31.78	37.59	8.94	58.86	38.29	39.81	10.0	24.0	77.03	69.46	51.16	48.66	75.66	56.01	16.12	29.7	41.76	21.95	13.15	81.49	39.05	75.43	39.7	19.03	43.46	63.81	45.62	58.14	29.7	61.59	56.36	43.05	32.0	29.0	37.95	37.34	29.07	20.62	71.59	74.0	76.92	17.2	51.62	50.16	65.51	20.52	74.32	60.93	33.29	58.25	67.23	18.38	21.19	46.23	31.24	67.62	41.59	20.02	31.32	56.73	30.61	49.24	38.01	60.01	69.64	39.85	26.42	14.04	66.03	50.49	35.36	29.15	14.14	69.26	4.12	51.62	54.56	59.23	52.24	28.6	58.52	32.65	11.18	
14.56	28.79	60.54	50.16	63.32	45.65	55.23	55.9	31.14	32.14	38.21	40.02	61.91	43.97	56.85	32.02	0.0	27.2	31.05	48.41	41.23	19.1	59.14	63.39	20.4	32.28	50.92	37.48	39.05	8.06	42.94	25.0	27.02	79.65	16.03	64.51	73.66	48.0	75.43	56.92	62.29	13.04	67.12	77.34	9.0	59.48	14.32	21.21	48.17	50.16	66.91	48.09	67.21	42.95	14.56	73.25	38.28	63.89	44.94	60.64	53.74	56.04	29.02	32.45	41.11	31.58	38.12	12.17	31.32	77.16	30.41	67.42	22.09	51.24	22.36	6.08	34.0	8.06	58.03	23.35	51.66	50.8	11.4	26.93	52.92	78.6	68.12	42.45	43.28	77.2	43.27	33.54	46.01	65.49	14.04	42.05	59.21	10.0	57.57	51.97	24.02	65.07	68.1	49.66	43.42	4.12	66.24	57.98	62.03	60.41	4.0	13.6	26.25	24.7	12.65	45.28	70.01	76.69	35.51	64.03	36.62	45.35	40.45	48.26	60.8	53.04	29.12	39.05	43.97	32.0	56.32	6.4	42.05	67.27	48.85	35.44	66.13	49.01	31.3	59.08	47.71	45.0	22.2	48.51	26.68	71.59	43.86	43.42	17.46	18.03	57.98	30.53	35.36	56.94	53.04	37.74	8.54	63.95	41.0	28.46	
21.54	26.48	51.74	43.27	75.01	56.0	34.79	42.01	15.81	21.47	44.18	63.13	57.14	35.23	61.61	5.0	27.2	0.0	48.08	48.7	35.78	9.22	77.13	47.01	40.25	26.57	26.02	18.03	60.01	33.54	54.04	8.06	17.72	77.18	38.28	53.76	75.96	67.68	73.06	32.06	45.65	25.5	75.66	80.06	23.09	48.1	39.05	19.03	69.08	62.03	51.62	68.71	67.62	65.76	39.7	71.2	48.01	39.12	20.0	75.43	56.32	38.47	18.38	34.37	47.27	13.45	24.84	17.2	55.47	78.92	5.39	74.33	14.0	31.02	12.0	30.41	20.0	27.51	38.63	5.0	55.54	37.54	35.47	6.71	27.29	75.17	67.08	47.52	45.35	73.78	52.04	14.87	29.41	43.74	17.0	16.12	76.9	34.06	71.18	38.95	15.13	44.92	62.2	43.57	54.01	24.76	60.0	54.2	43.86	35.23	24.08	33.96	33.06	25.02	15.62	66.71	71.31	74.79	16.4	51.22	46.01	61.0	20.59	69.46	58.59	34.01	53.25	62.27	20.22	18.87	45.25	26.25	62.77	44.1	23.19	28.64	55.87	30.89	44.72	39.22	56.14	64.85	35.17	27.51	10.77	64.66	47.07	33.6	26.02	9.22	65.62	4.0	47.27	52.48	56.04	48.04	23.6	57.01	30.81	8.6	
26.68	27.59	48.51	39.29	32.65	17.2	58.6	51.08	40.22	36.12	18.11	19.24	45.04	38.01	31.3	52.81	31.05	48.08	0.0	30.0	33.11	44.28	29.27	59.62	10.77	31.14	61.72	46.23	13.45	34.89	14.42	50.49	34.67	57.58	15.65	53.76	48.02	19.7	53.76	66.48	59.09	23.19	37.64	51.04	39.81	50.7	19.42	29.97	21.63	20.0	61.03	21.1	44.01	20.81	20.0	51.55	13.15	72.18	57.2	29.61	31.05	55.57	35.81	22.47	19.03	42.72	40.36	32.25	17.0	51.62	47.93	38.9	34.93	55.44	36.77	25.0	39.7	38.9	59.36	46.87	28.16	46.96	38.08	43.46	64.66	57.57	46.17	21.02	25.08	56.32	17.09	43.83	47.8	68.51	31.58	56.6	29.15	21.54	26.57	47.42	34.89	65.86	51.16	38.08	15.26	29.27	50.04	41.01	60.83	70.01	30.27	42.49	17.69	25.81	34.23	19.85	45.62	54.42	45.0	55.79	13.0	14.32	48.17	22.2	41.44	55.22	16.12	18.79	54.82	38.42	48.08	26.17	15.62	72.2	61.4	32.8	54.45	51.4	6.32	60.75	20.59	17.0	13.0	54.49	40.25	55.15	24.0	38.95	48.51	40.61	29.83	49.4	9.06	41.01	30.08	12.17	27.0	49.01	38.28	43.38	
35.38	22.83	19.31	12.81	32.65	18.87	38.91	26.25	33.73	27.66	12.17	47.85	15.13	17.46	14.14	51.66	48.41	48.7	30.0	0.0	14.0	50.61	44.69	33.97	35.44	22.14	48.05	36.01	41.0	55.47	19.7	55.04	31.02	31.24	39.56	24.7	27.31	42.05	27.02	50.6	33.94	35.47	29.61	31.38	54.45	23.02	44.01	31.91	45.69	24.08	33.84	44.78	19.42	48.51	44.94	24.84	17.12	54.13	46.17	37.64	8.0	33.29	30.36	16.28	11.05	36.67	27.0	41.23	47.0	30.41	45.35	27.07	35.78	37.34	37.58	44.1	30.27	55.97	37.74	50.57	8.54	24.19	59.08	42.06	51.2	30.23	19.8	9.06	5.39	28.84	15.23	36.35	30.08	46.62	39.2	48.0	43.93	42.94	32.65	23.85	34.01	42.64	21.38	11.4	18.79	44.69	20.1	11.05	36.88	53.49	45.34	62.01	22.2	25.81	42.8	45.54	22.83	28.32	36.12	27.78	17.0	30.41	36.06	46.62	12.53	35.34	46.04	47.68	43.19	30.59	21.26	42.01	41.76	51.31	49.5	20.4	25.0	32.89	24.08	39.12	15.62	40.85	27.73	38.33	37.95	25.32	6.0	19.42	63.03	46.14	20.25	47.54	21.02	11.05	8.06	18.11	40.36	19.03	21.1	40.52	
26.83	12.53	19.31	8.94	45.54	28.84	27.02	18.03	20.25	14.32	16.97	52.33	21.93	5.0	28.07	38.28	41.23	35.78	33.11	14.0	0.0	39.05	54.82	26.57	34.23	9.9	34.48	22.02	46.14	49.04	28.43	42.72	18.6	41.62	37.0	23.54	40.52	49.68	37.44	37.58	26.0	28.46	43.42	44.64	45.49	19.03	41.05	21.4	52.8	34.99	28.44	52.01	31.95	53.71	42.05	35.51	23.35	41.88	32.25	49.24	22.0	22.8	17.49	11.18	18.6	23.09	13.0	31.62	49.04	43.32	31.95	41.05	24.08	24.7	25.61	38.33	16.49	47.89	26.91	38.28	22.2	13.89	52.55	29.07	37.64	39.82	31.3	17.49	13.0	38.42	24.41	22.56	17.0	36.12	29.41	34.0	54.2	38.47	44.29	14.32	22.02	33.02	27.66	8.6	27.8	37.16	25.61	18.6	27.78	40.71	37.58	54.56	18.03	16.55	32.8	51.87	35.74	39.12	22.2	24.0	22.02	38.9	22.09	53.6	22.83	23.43	47.54	51.89	29.27	17.09	16.0	35.11	47.71	40.31	35.69	7.21	25.0	20.25	26.83	28.32	26.83	47.8	25.08	25.08	25.06	30.81	15.23	6.4	53.41	34.71	33.73	34.18	25.81	17.03	22.02	24.08	32.7	23.02	7.28	27.31	
18.03	27.78	56.73	47.38	73.68	54.74	42.95	48.37	21.1	25.5	43.97	57.38	60.96	39.62	62.39	13.42	19.1	9.22	44.28	50.61	39.05	0.0	73.55	54.23	35.17	29.21	35.13	25.3	55.08	24.7	52.47	6.32	20.52	80.6	32.31	59.41	77.83	63.35	76.4	41.19	52.92	21.1	75.43	81.84	13.93	53.82	32.25	18.79	64.29	60.41	58.6	64.03	69.97	60.17	32.76	74.4	46.69	48.26	29.07	73.01	57.7	45.88	21.93	34.93	47.13	19.7	30.23	12.04	49.19	81.01	14.0	74.63	15.0	39.05	13.45	23.32	25.24	18.38	46.57	4.47	56.46	43.57	26.4	12.65	36.5	78.87	69.89	47.76	46.52	77.47	51.2	21.54	36.25	52.35	13.04	25.32	73.44	27.29	69.12	44.94	17.03	53.15	66.48	47.42	52.61	17.49	64.35	57.63	51.55	44.41	16.64	24.74	31.78	25.08	10.05	61.68	73.43	78.01	23.41	57.45	44.72	58.03	28.16	64.56	61.61	41.76	46.96	56.46	29.02	23.6	50.8	19.7	57.97	53.01	32.39	31.89	61.4	38.28	42.01	47.3	55.54	60.42	32.0	35.69	15.26	69.31	47.93	38.29	17.26	4.47	65.52	13.15	45.18	56.08	57.27	46.53	17.72	61.52	35.47	14.87	
55.9	54.13	63.25	57.31	19.0	26.17	81.84	70.72	67.62	62.61	38.01	23.85	55.95	59.67	35.34	81.74	59.14	77.13	29.27	44.69	54.82	73.55	0.0	78.64	39.0	56.82	87.82	72.9	20.88	61.19	26.4	79.76	62.39	58.69	43.1	68.51	45.18	11.7	56.29	91.81	78.57	52.47	28.0	46.0	68.12	67.62	45.54	58.52	13.6	20.62	78.41	13.04	46.84	21.4	45.71	54.57	31.91	96.61	84.08	10.0	39.96	77.16	63.16	47.01	36.24	70.38	65.51	61.52	31.78	48.04	76.54	32.06	63.6	79.4	65.52	53.08	66.19	66.48	81.47	76.12	37.44	67.94	63.79	72.12	90.92	60.21	50.29	37.54	42.45	59.44	30.48	71.18	71.61	90.61	60.83	84.17	1.0	49.16	13.6	67.9	63.25	86.98	60.42	55.9	27.02	58.0	60.37	53.0	81.32	95.13	59.0	68.66	44.94	53.49	63.51	16.64	45.89	55.9	72.01	72.2	33.62	16.55	74.3	14.21	50.54	78.24	33.24	24.7	81.41	65.31	65.95	55.01	18.03	95.02	88.12	57.45	68.26	75.0	32.57	82.88	29.07	14.56	41.98	79.32	68.62	64.08	40.31	61.22	76.42	69.87	28.79	78.16	30.87	54.08	39.12	31.38	56.14	60.9	61.61	71.78	
49.09	36.12	17.46	21.4	65.6	52.63	14.42	8.54	33.53	31.26	42.54	78.79	26.93	21.84	45.8	46.62	63.39	47.01	59.62	33.97	26.57	54.23	78.64	0.0	60.42	32.06	28.3	29.07	72.45	71.45	53.01	55.07	36.5	43.01	62.65	14.14	50.0	75.17	40.2	26.57	1.41	52.0	60.54	53.6	65.0	11.66	66.37	42.19	78.55	58.05	5.0	77.7	41.44	80.06	67.36	39.46	48.88	26.08	31.14	71.45	39.82	8.6	34.53	37.64	43.27	34.54	25.32	51.79	75.58	51.2	41.68	56.82	41.98	16.97	42.45	62.01	29.83	68.45	10.3	51.43	41.77	13.15	74.67	41.63	30.41	40.0	38.6	41.62	36.62	39.01	48.6	32.7	18.03	15.13	49.65	35.36	77.9	63.07	66.48	12.37	39.81	10.2	27.29	22.8	52.2	59.3	25.5	27.78	5.1	27.66	59.41	75.5	44.15	40.05	52.17	77.9	45.22	42.19	30.87	9.06	47.89	63.82	26.42	79.4	32.2	13.45	74.04	78.39	29.0	31.78	12.73	58.08	73.82	20.22	31.62	29.15	16.03	16.12	53.31	10.77	49.58	73.57	51.2	20.52	39.22	27.0	38.6	21.38	71.17	50.92	52.8	43.57	51.88	26.08	40.46	49.74	55.15	22.8	23.09	39.4	
18.87	25.08	52.09	42.0	43.38	26.91	56.8	51.97	35.47	32.76	23.41	23.02	50.45	38.64	40.0	45.18	20.4	40.25	10.77	35.44	34.23	35.17	39.0	60.42	0.0	29.15	57.49	42.01	19.92	24.19	24.08	41.48	29.83	65.3	5.0	57.01	57.01	28.28	61.27	62.8	59.67	14.76	48.01	60.31	29.27	53.08	9.22	24.04	29.12	30.53	62.65	28.86	51.97	25.55	10.0	59.03	20.81	69.07	52.35	40.26	38.47	55.03	31.4	23.09	25.5	37.48	38.01	23.41	16.4	60.61	41.05	48.92	28.43	53.24	30.0	14.32	36.06	28.16	58.31	38.28	35.85	47.3	27.46	36.62	60.21	64.88	53.67	27.31	30.08	63.56	25.61	38.95	46.1	67.12	23.26	50.99	39.01	10.77	37.34	48.05	29.0	65.19	56.75	41.01	24.76	19.0	55.32	46.32	60.73	66.4	20.0	31.76	16.28	21.95	25.3	26.57	54.08	62.18	40.46	58.14	19.72	25.0	44.41	29.41	47.76	53.71	14.42	22.2	50.33	34.41	50.16	16.03	22.8	70.24	56.59	31.62	58.08	49.66	12.81	59.62	29.73	25.32	9.22	51.62	34.06	60.64	29.73	39.05	37.85	31.95	39.62	42.19	17.03	45.89	37.59	20.0	17.46	53.76	37.64	37.01	
17.72	4.12	28.65	18.6	50.64	32.28	27.78	24.02	12.0	6.08	19.65	50.0	31.83	11.7	35.36	29.61	32.28	26.57	31.14	22.14	9.9	29.21	56.82	32.06	29.15	0.0	31.06	16.16	44.6	40.26	31.02	33.12	8.94	51.4	30.81	32.31	49.4	49.82	47.2	35.47	31.14	20.1	50.01	53.49	35.85	27.2	34.37	11.66	52.4	38.6	35.06	51.74	41.15	51.86	35.36	45.22	25.08	41.04	27.31	52.81	29.83	25.96	8.25	9.85	22.36	15.0	9.22	21.95	45.18	52.39	23.35	48.26	14.21	24.41	15.81	30.15	9.49	38.48	29.15	28.65	29.27	19.0	43.68	19.92	34.13	49.68	40.82	22.09	19.1	48.27	27.89	15.13	17.0	38.01	19.72	27.89	56.36	31.02	48.08	20.02	12.21	36.06	37.54	18.44	30.68	28.16	35.47	28.43	31.78	38.95	28.46	45.31	13.6	8.0	23.02	50.91	44.78	48.83	15.52	31.78	23.26	40.31	17.49	53.08	32.45	24.6	43.38	49.41	24.6	9.06	24.04	26.48	46.67	41.34	31.3	3.16	34.01	20.59	25.5	30.46	31.4	47.51	20.12	23.35	15.81	40.61	21.02	11.18	43.6	24.84	40.0	25.5	26.08	26.91	29.61	25.5	23.77	32.8	9.0	18.44	
39.96	34.21	40.79	37.05	80.01	62.65	13.89	27.89	22.02	25.61	50.09	79.91	49.25	30.59	62.17	23.19	50.92	26.02	61.72	48.05	34.48	35.13	87.82	28.3	57.49	31.06	0.0	15.56	75.07	58.24	61.72	33.14	27.66	68.45	57.43	40.16	72.01	80.8	64.94	6.08	26.93	44.1	77.67	76.03	48.66	35.17	59.68	33.6	83.24	68.94	33.29	82.62	63.01	82.04	60.54	63.64	55.95	13.15	6.08	83.26	55.9	20.62	26.17	40.82	52.39	20.25	22.36	39.0	73.88	74.11	21.21	74.97	30.02	12.37	29.07	52.33	22.02	52.95	18.03	31.02	56.52	26.08	60.64	24.04	3.16	65.73	61.13	51.62	47.43	64.54	58.18	18.6	18.11	19.24	37.58	10.05	87.32	55.07	78.39	27.17	28.84	22.02	52.17	38.12	61.27	47.54	50.01	48.01	23.6	9.49	47.17	59.68	44.05	36.07	38.28	81.57	67.01	66.91	17.03	35.85	54.2	71.34	13.6	83.87	53.01	15.81	71.84	79.21	7.21	23.35	33.54	47.85	77.34	18.44	3.61	30.41	42.38	16.03	56.4	17.8	61.1	78.41	49.5	10.0	24.6	53.16	49.65	28.64	52.0	33.73	68.15	22.02	57.14	46.01	56.09	56.44	44.72	46.87	27.2	22.47	
25.08	18.87	34.67	27.51	66.49	48.38	18.03	24.08	6.71	10.3	35.74	64.35	41.23	19.65	50.01	18.44	37.48	18.03	46.23	36.01	22.02	25.3	72.9	29.07	42.01	16.16	15.56	0.0	59.55	45.28	47.17	26.08	12.21	61.33	42.19	36.12	62.17	65.46	57.38	20.81	27.73	29.07	65.19	66.29	37.12	30.48	44.72	18.36	67.8	54.71	33.62	67.2	53.37	66.48	45.62	55.71	41.23	27.29	11.18	68.95	44.01	20.62	10.63	26.0	38.33	6.0	9.06	25.32	58.41	64.76	12.81	63.01	15.52	14.04	15.13	37.95	6.71	41.01	21.38	22.36	44.05	19.85	48.09	12.65	18.44	59.03	52.2	37.85	34.23	57.7	43.97	4.0	11.4	28.07	23.54	12.04	72.45	40.31	64.2	21.26	13.93	28.16	45.65	28.16	46.82	33.73	43.42	38.9	26.25	24.41	33.54	48.04	28.6	20.52	25.08	66.07	57.27	59.24	2.0	33.3	39.4	56.36	3.0	68.41	43.68	16.49	56.4	63.66	8.6	7.81	27.8	33.53	61.85	29.83	15.26	16.28	38.29	13.0	41.05	22.2	47.3	63.01	33.94	11.05	11.0	47.71	36.35	17.72	42.45	22.36	55.33	14.87	42.06	37.0	44.0	41.63	30.36	40.31	15.3	10.44	
38.48	41.01	60.17	51.62	32.02	24.02	72.01	63.95	53.41	49.52	30.08	7.0	55.44	51.11	38.33	64.88	39.05	60.01	13.45	41.0	46.14	55.08	20.88	72.45	19.92	44.6	75.07	59.55	0.0	40.45	22.02	61.4	47.8	64.94	23.19	65.52	53.45	9.22	61.52	79.91	72.01	34.54	39.45	55.71	48.04	62.97	25.02	42.72	9.22	23.09	73.54	9.06	51.48	7.62	25.08	59.41	24.04	85.63	70.43	25.61	40.01	68.8	49.04	35.81	30.08	55.8	53.81	43.32	11.4	56.92	60.42	42.05	47.51	68.88	49.24	33.14	53.08	46.04	72.67	58.19	37.01	60.03	42.95	55.95	77.99	65.49	54.23	32.02	36.69	64.38	26.17	57.01	61.22	81.84	43.08	69.63	21.19	29.07	24.84	60.42	47.71	79.08	61.2	50.33	23.02	38.47	60.41	51.62	73.93	83.44	39.46	47.85	31.11	39.05	45.22	6.71	52.17	61.81	58.26	68.01	24.7	13.93	61.55	9.49	51.09	68.6	12.53	7.07	68.12	51.74	60.54	35.69	3.0	85.6	74.65	46.23	65.97	64.82	19.42	74.06	28.02	6.32	25.81	67.94	53.0	65.19	35.17	52.15	56.04	51.87	34.48	61.72	20.62	51.97	39.01	23.09	37.36	59.84	51.61	56.08	
22.56	36.69	68.35	57.94	67.54	50.8	63.13	63.95	39.05	40.2	44.69	40.01	69.35	51.92	62.94	38.08	8.06	33.54	34.89	55.47	49.04	24.7	61.19	71.45	24.19	40.26	58.24	45.28	40.45	0.0	48.01	29.83	35.06	86.61	19.24	72.42	79.91	49.65	82.42	64.29	70.35	20.62	72.11	83.45	11.31	67.45	15.81	29.27	49.16	54.71	74.97	49.25	73.88	43.01	15.52	80.21	43.93	71.31	52.2	63.91	60.31	64.07	37.05	39.82	47.42	39.32	46.17	20.02	31.02	83.45	37.34	72.8	30.02	59.14	30.15	11.4	42.01	7.21	66.01	29.15	58.05	58.86	3.61	34.21	60.08	85.7	75.0	48.92	50.22	84.31	48.92	41.3	54.04	73.33	22.0	49.04	61.39	13.6	61.33	60.02	32.0	73.03	75.59	57.38	48.6	12.17	73.79	65.37	70.06	67.72	12.04	7.62	33.29	32.57	20.22	46.1	76.49	83.6	43.29	72.03	42.45	48.85	48.26	49.09	67.96	61.01	29.0	39.01	51.42	40.01	64.29	13.93	43.42	74.97	55.97	43.42	74.0	57.0	36.4	67.03	53.26	46.69	28.32	56.32	34.37	79.16	50.61	51.42	16.49	24.7	63.41	37.16	40.61	64.41	59.55	43.28	16.49	71.59	49.03	35.9	
34.53	28.86	39.0	31.62	21.21	2.83	55.44	44.82	42.45	37.0	11.66	29.02	33.54	33.3	17.09	58.22	42.94	54.04	14.42	19.7	28.43	52.47	26.4	53.01	24.08	31.02	61.72	47.17	22.02	48.01	0.0	58.22	37.66	43.68	29.07	44.38	33.62	22.36	40.02	65.51	52.8	32.28	24.19	36.62	51.08	42.54	33.24	35.01	26.0	8.0	53.34	25.08	30.08	29.27	33.94	37.85	6.08	70.21	58.31	21.84	18.0	50.91	38.08	21.19	9.9	45.35	39.36	40.79	30.08	37.22	52.47	24.84	40.05	53.01	42.05	37.22	40.5	51.0	55.17	54.08	15.0	41.73	51.4	48.26	64.85	43.93	32.56	11.4	16.4	42.76	4.47	45.88	45.22	64.35	39.46	58.82	25.81	34.41	17.26	41.77	39.2	60.88	39.2	30.23	1.0	40.31	38.47	29.83	55.32	68.8	41.23	55.47	21.0	29.15	42.76	25.96	31.38	40.52	46.49	47.41	8.06	10.82	48.33	26.93	29.07	51.86	29.73	29.0	55.54	39.85	40.5	37.16	22.36	68.68	62.24	31.3	44.6	48.6	11.66	56.59	6.32	21.19	21.19	53.0	44.41	43.19	14.42	34.83	60.01	48.26	15.56	54.33	7.62	30.36	17.0	6.0	37.0	38.08	35.23	47.52	
24.02	32.31	59.41	50.61	79.4	60.41	42.72	50.0	23.35	28.6	49.24	63.69	64.4	42.64	67.36	10.0	25.0	8.06	50.49	55.04	42.72	6.32	79.76	55.07	41.48	33.12	33.14	26.08	61.4	29.83	58.22	0.0	24.19	84.31	38.63	61.62	82.35	69.63	80.16	39.05	53.71	27.29	80.81	86.41	18.6	55.97	38.47	23.77	70.6	66.19	59.68	70.34	74.24	66.48	38.95	78.23	52.35	46.01	27.29	79.01	62.39	46.53	25.24	39.85	52.39	21.26	32.53	18.25	55.46	85.43	13.42	79.81	19.31	39.0	17.46	29.53	27.59	23.02	46.62	4.47	61.35	45.45	31.06	14.14	34.0	82.42	73.93	52.89	51.26	81.02	56.72	22.8	37.44	51.42	19.03	23.09	79.63	33.54	75.03	46.86	21.02	52.81	69.66	50.8	58.31	23.71	67.48	61.29	51.89	42.0	22.83	28.64	37.34	30.08	16.28	68.01	77.82	81.84	24.41	59.2	50.36	64.12	28.65	70.88	65.51	42.05	53.23	62.77	27.89	26.25	53.08	26.0	64.29	51.48	30.02	35.51	63.7	38.95	48.01	47.17	61.0	66.71	38.05	35.47	17.8	72.25	52.81	41.11	19.24	10.0	70.83	11.7	51.04	59.64	62.03	52.24	24.04	64.54	38.29	16.28	
13.34	9.0	36.4	26.87	58.14	39.32	28.64	29.41	5.66	5.39	27.02	52.35	40.46	19.21	43.93	21.1	27.02	17.72	34.67	31.02	18.6	20.52	62.39	36.5	29.83	8.94	27.66	12.21	47.8	35.06	37.66	24.19	0.0	60.22	30.02	39.45	58.31	54.2	56.04	33.02	35.36	17.09	58.22	62.39	28.79	34.0	32.7	6.32	56.3	45.54	40.26	55.76	50.09	54.56	33.62	54.08	31.58	39.45	22.67	59.44	38.6	29.02	2.0	17.0	30.0	8.06	11.18	15.3	46.23	61.33	15.0	56.72	5.83	24.74	7.07	26.48	7.07	32.02	31.14	19.72	37.85	24.35	38.21	11.18	30.41	58.41	49.74	30.07	27.66	57.01	35.13	9.22	19.0	39.05	13.15	21.95	62.03	28.46	54.92	25.63	3.61	38.21	45.97	26.91	37.48	23.0	43.84	37.2	35.01	36.62	23.02	39.05	17.46	8.94	15.81	54.41	53.71	57.69	10.63	38.08	29.61	45.88	14.76	56.86	41.34	26.17	44.2	51.62	20.52	5.1	30.89	22.2	50.22	41.44	26.91	11.4	41.34	22.09	29.97	32.25	39.01	51.62	22.02	22.47	7.07	48.84	29.43	18.03	35.85	16.28	48.17	17.03	31.62	35.61	38.33	31.78	19.1	41.04	15.26	10.0	
66.48	53.15	27.66	34.0	40.02	41.23	55.44	40.61	61.4	55.76	42.19	71.85	20.12	42.06	26.68	79.18	79.65	77.18	57.58	31.24	41.62	80.6	58.69	43.01	65.3	51.4	68.45	61.33	64.94	86.61	43.68	84.31	60.22	0.0	69.84	29.02	13.93	62.03	4.24	68.47	44.0	66.71	31.32	15.0	85.59	33.38	74.3	62.37	66.03	42.19	39.2	65.03	13.6	71.45	75.18	6.4	44.78	69.01	68.96	48.84	26.83	48.37	59.08	47.42	39.82	64.01	52.77	72.14	73.76	12.21	72.95	26.93	65.6	56.09	67.2	75.21	57.31	87.21	52.15	79.88	29.55	42.72	90.21	70.49	71.2	3.16	11.66	38.08	36.4	4.0	40.5	63.06	51.55	58.08	70.04	72.11	57.71	73.78	45.28	41.48	63.6	53.08	16.28	33.62	42.72	75.93	18.44	23.02	48.0	70.18	76.58	93.24	53.41	56.59	73.59	67.19	13.0	3.16	62.17	34.0	45.62	51.35	60.17	67.03	19.1	52.77	73.38	72.01	66.1	58.31	34.93	73.25	64.5	63.13	71.06	48.83	27.0	52.63	52.8	53.08	37.36	62.2	58.52	58.69	66.57	16.03	36.06	43.83	94.05	76.22	31.02	75.18	48.85	24.7	27.73	45.69	71.59	21.59	46.53	68.6	
17.69	26.68	55.44	45.18	48.3	31.89	57.94	54.33	35.51	33.62	27.73	25.08	54.41	41.11	44.82	43.27	16.03	38.28	15.65	39.56	37.0	32.31	43.1	62.65	5.0	30.81	57.43	42.19	23.19	19.24	29.07	38.63	30.02	69.84	0.0	60.21	61.85	32.02	65.76	62.97	61.81	13.45	53.01	65.19	25.02	56.01	4.47	23.85	32.39	35.51	65.19	32.25	56.6	27.86	5.39	63.53	25.61	69.46	52.01	44.92	43.05	56.75	31.76	26.08	30.02	37.2	39.22	21.1	17.2	65.44	39.7	53.91	27.66	54.23	29.0	10.0	36.67	23.54	59.77	35.78	40.5	49.5	22.47	35.38	60.0	69.32	58.18	31.76	34.18	67.98	30.48	38.83	47.43	68.35	21.4	50.25	43.19	6.08	42.15	50.36	28.6	66.76	60.73	44.28	29.73	15.3	59.2	50.29	62.59	66.57	16.28	26.83	19.03	23.09	22.83	29.61	58.82	66.73	40.5	61.0	24.41	29.73	44.78	32.56	52.0	55.03	15.0	24.17	50.22	34.89	53.0	12.65	26.17	71.18	56.22	33.54	61.4	50.92	17.69	61.03	34.66	29.02	12.17	52.33	33.3	64.56	34.01	41.3	33.38	29.53	44.6	40.61	21.93	49.73	42.19	24.84	14.76	57.49	39.62	36.07	
49.98	35.74	5.39	15.03	53.74	43.38	26.68	12.53	38.42	34.13	35.69	72.28	13.6	20.62	33.97	54.56	64.51	53.76	53.76	24.7	23.54	59.41	68.51	14.14	57.01	32.31	40.16	36.12	65.52	72.42	44.38	61.62	39.45	29.02	60.21	0.0	36.06	66.71	26.08	39.62	15.03	51.92	47.8	39.56	67.98	5.66	64.38	43.86	70.38	48.02	11.18	69.46	27.73	73.08	65.38	25.32	41.48	40.0	41.59	60.44	28.6	19.65	37.74	34.13	35.44	40.36	29.21	54.13	70.58	37.11	48.8	43.83	45.28	27.86	46.32	61.85	34.21	70.77	23.19	57.49	31.06	16.28	75.89	47.51	42.72	26.08	24.7	33.53	28.86	25.02	39.92	38.9	25.0	29.27	51.89	45.28	67.68	61.98	55.61	14.87	43.05	24.33	13.15	16.0	43.46	60.41	11.4	15.62	19.03	41.19	60.75	77.62	41.19	39.85	55.01	70.23	31.38	28.07	37.48	5.1	41.0	55.04	34.21	71.31	19.21	24.35	69.35	72.03	38.95	35.81	8.6	58.52	66.41	34.37	43.08	29.15	2.24	25.06	47.52	24.08	39.82	65.55	48.09	30.87	44.2	13.15	30.36	21.47	75.29	55.47	41.04	50.93	45.12	14.42	29.41	42.45	55.97	8.94	24.19	45.34	
61.85	50.09	32.76	35.13	26.31	30.89	60.3	45.4	60.73	54.71	35.47	60.17	23.35	42.58	17.03	78.75	73.66	75.96	48.02	27.31	40.52	77.83	45.18	50.0	57.01	49.4	72.01	62.17	53.45	79.91	33.62	82.35	58.31	13.93	61.85	36.06	0.0	49.5	12.81	73.17	50.7	61.22	17.46	4.12	80.6	38.83	66.22	59.06	53.46	30.36	47.17	52.47	9.0	59.44	67.01	12.04	36.24	74.97	71.34	35.23	20.25	53.46	57.58	43.05	32.56	63.6	53.15	67.96	63.16	3.61	72.42	13.15	63.07	60.03	64.88	68.59	57.01	81.57	57.71	77.88	22.02	46.01	83.45	69.29	75.0	16.12	11.4	31.24	31.38	15.81	31.4	63.06	54.08	65.0	66.04	73.82	44.18	66.53	32.0	45.04	61.33	60.17	23.26	34.23	32.76	70.29	24.7	24.0	54.57	75.43	71.06	87.0	47.8	52.84	69.64	54.92	5.0	11.66	62.59	41.11	37.54	39.56	61.66	54.45	19.0	57.14	63.07	60.44	68.36	57.57	39.32	67.36	52.63	70.09	74.11	47.43	34.54	56.0	44.2	58.86	27.46	50.01	51.62	62.01	65.19	25.24	30.23	44.55	89.4	73.36	18.97	74.63	40.0	26.0	20.81	37.01	66.22	27.2	46.87	67.68	
46.17	46.62	61.33	53.85	25.5	23.41	76.38	66.85	59.68	55.22	32.8	12.73	55.36	54.67	36.22	72.45	48.0	67.68	19.7	42.05	49.68	63.35	11.7	75.17	28.28	49.82	80.8	65.46	9.22	49.65	22.36	69.63	54.2	62.03	32.02	66.71	49.5	0.0	59.01	85.28	74.89	42.45	33.84	51.2	57.0	64.88	34.13	49.66	4.0	20.1	75.66	3.0	49.04	10.82	34.23	57.04	26.4	90.61	76.55	17.8	39.29	72.47	55.23	40.36	31.91	62.27	58.9	51.42	20.12	52.77	67.62	37.11	54.63	73.55	56.46	42.01	58.82	55.15	76.58	66.22	36.4	63.41	52.17	63.16	83.82	63.01	52.15	33.62	38.59	62.03	26.83	63.29	65.76	85.8	50.96	76.16	12.08	38.0	18.38	63.6	54.56	82.62	60.64	52.48	23.26	47.17	60.17	51.87	77.2	88.73	48.17	57.07	36.89	45.28	53.37	5.83	49.04	59.01	64.35	69.77	27.66	11.7	67.2	5.0	50.45	72.86	21.54	13.45	74.06	57.69	62.77	44.28	6.32	89.87	80.71	50.99	66.85	69.3	24.41	77.99	27.2	3.0	32.7	73.0	59.93	64.54	36.72	55.97	65.12	59.91	31.02	69.08	24.04	52.55	38.33	25.61	45.71	60.08	55.87	63.07	
62.24	48.92	24.19	29.97	37.95	37.66	52.15	37.22	57.31	51.62	38.08	68.47	16.16	38.01	23.19	75.13	75.43	73.06	53.76	27.02	37.44	76.4	56.29	40.2	61.27	47.2	64.94	57.38	61.52	82.42	40.02	80.16	56.04	4.24	65.76	26.08	12.81	59.01	0.0	65.19	41.11	62.48	29.55	15.0	81.34	30.07	70.24	58.14	63.01	39.01	36.67	62.01	10.05	68.18	71.12	2.24	40.85	66.03	65.25	46.57	22.85	45.1	54.92	43.19	35.78	59.94	48.75	67.9	70.09	12.21	68.88	25.08	61.4	52.61	63.01	71.03	53.24	82.98	49.01	75.72	25.63	39.05	86.02	66.37	67.74	4.0	7.62	34.0	32.2	3.16	36.69	59.03	47.8	55.33	65.8	68.31	55.32	69.64	42.76	37.85	59.41	50.36	13.0	29.53	39.05	71.7	15.03	18.87	45.1	67.03	72.35	89.02	49.2	52.35	69.35	64.03	10.44	2.0	58.18	31.14	41.63	48.09	56.3	64.01	14.87	49.37	69.64	68.59	62.36	54.2	31.4	69.03	61.2	60.41	67.47	44.65	24.19	49.03	48.85	50.0	33.73	59.03	54.38	55.11	62.43	13.6	31.91	39.81	89.81	72.01	28.07	71.12	44.94	20.59	23.77	41.79	67.36	18.11	42.49	64.5	
45.65	38.9	41.05	38.83	83.01	66.24	13.04	28.02	27.46	30.41	53.85	84.96	50.01	33.24	64.56	29.07	56.92	32.06	66.48	50.6	37.58	41.19	91.81	26.57	62.8	35.47	6.08	20.81	79.91	64.29	65.51	39.05	33.02	68.47	62.97	39.62	73.17	85.28	65.19	0.0	25.3	49.74	80.08	77.1	54.74	35.13	65.37	39.12	87.86	72.47	31.38	87.21	64.2	87.0	66.24	64.07	59.91	7.07	12.17	86.77	58.24	20.1	31.4	45.0	55.95	25.94	26.4	44.94	79.2	75.03	27.29	77.13	35.78	13.34	34.93	58.18	26.91	59.03	16.49	37.05	59.14	27.29	66.71	30.08	5.39	65.62	62.03	55.01	50.57	64.5	61.77	24.19	20.62	14.87	43.46	16.0	91.27	60.83	81.84	28.16	34.48	18.6	52.24	40.02	65.0	53.49	50.16	49.25	21.54	3.61	53.14	65.76	48.8	41.11	44.27	86.31	68.18	67.19	22.47	34.93	58.25	75.45	18.44	88.53	54.23	16.03	77.2	84.29	13.0	28.43	34.0	53.71	82.07	13.0	9.06	34.41	41.77	17.72	60.96	15.81	64.4	82.98	54.56	12.53	30.46	52.77	52.8	31.38	58.01	39.81	70.84	28.07	61.4	47.27	58.52	60.46	50.57	47.1	30.41	28.46	
48.04	35.23	18.03	21.26	65.8	52.5	13.04	8.06	32.28	30.15	42.19	78.29	27.51	21.19	46.04	45.22	62.29	45.65	59.09	33.94	26.0	52.92	78.57	1.41	59.67	31.14	26.93	27.73	72.01	70.35	52.8	53.71	35.36	44.0	61.81	15.03	50.7	74.89	41.11	25.3	0.0	51.01	60.9	54.34	63.79	12.08	65.49	41.11	78.23	58.0	6.4	77.39	42.06	79.61	66.48	40.31	48.55	25.02	29.73	71.51	40.0	7.21	33.38	37.0	43.01	33.24	24.19	50.64	74.95	51.97	40.31	57.25	40.79	15.56	41.23	61.0	28.64	67.27	8.94	50.09	41.87	12.37	73.55	40.31	29.07	41.01	39.29	41.4	36.4	40.0	48.41	31.38	16.76	14.32	48.51	33.94	77.83	62.13	66.53	11.7	38.64	9.49	28.16	22.67	52.01	58.22	26.31	28.18	4.0	26.48	58.31	74.33	43.42	39.12	50.99	77.52	45.88	43.1	29.55	10.0	47.51	63.6	25.06	79.08	32.7	12.04	73.38	77.88	27.59	30.59	12.81	57.04	73.43	19.42	30.23	28.28	17.0	14.76	52.8	9.49	49.52	73.25	50.45	19.1	37.95	28.02	38.42	20.62	69.89	49.65	53.01	42.19	51.48	26.42	40.61	49.4	54.08	23.54	22.2	38.08	
4.24	16.28	47.76	37.34	53.37	34.79	45.61	44.1	22.36	21.38	25.81	37.74	48.88	31.58	44.65	30.41	13.04	25.5	23.19	35.47	28.46	21.1	52.47	52.0	14.76	20.1	44.1	29.07	34.54	20.62	32.28	27.29	17.09	66.71	13.45	51.92	61.22	42.45	62.48	49.74	51.01	0.0	56.08	65.0	19.42	47.07	15.65	10.77	43.66	40.02	55.15	43.32	54.45	40.31	16.55	60.31	26.93	56.36	38.6	52.09	41.11	45.28	18.97	19.42	28.84	23.85	27.29	9.06	30.48	64.66	26.4	55.9	14.21	41.76	15.56	10.05	24.04	20.52	47.85	23.77	39.2	39.05	24.17	22.02	46.62	65.6	55.23	30.0	30.41	64.2	31.78	25.55	35.51	56.04	8.54	36.8	52.35	11.4	48.37	40.11	15.26	54.92	55.07	36.77	32.57	9.22	53.24	44.94	51.24	53.34	9.9	26.63	13.45	12.17	11.05	41.23	57.38	63.78	27.29	51.79	25.08	37.0	31.78	44.01	47.8	42.95	28.32	36.89	36.89	22.14	43.93	6.71	37.34	58.52	42.8	23.19	53.45	38.83	21.21	49.03	36.25	39.56	11.18	39.56	19.85	58.59	31.14	31.26	28.3	17.46	46.52	27.46	24.74	43.91	40.46	26.57	5.0	50.99	29.07	22.63	
57.87	49.25	43.27	41.44	9.0	21.47	68.01	54.13	62.01	56.0	31.58	45.62	34.21	47.07	15.52	79.31	67.12	75.66	37.64	29.61	43.42	75.43	28.0	60.54	48.01	50.01	77.67	65.19	39.45	72.11	24.19	80.81	58.22	31.32	53.01	47.8	17.46	33.84	29.55	80.08	60.9	56.08	0.0	18.0	75.15	48.88	57.01	57.07	37.64	17.69	58.82	36.69	21.4	44.38	57.63	28.18	29.15	83.22	75.66	18.0	21.84	61.85	58.08	41.3	28.44	65.01	56.32	64.2	50.22	20.1	73.17	4.47	61.81	66.76	63.79	61.4	59.03	75.18	66.31	76.49	21.21	53.14	75.45	69.35	80.81	33.24	25.0	28.16	31.02	32.7	24.35	65.01	59.67	74.69	62.64	77.23	27.0	58.52	15.52	52.55	60.53	70.24	36.8	40.16	23.71	64.4	37.48	32.76	64.41	82.86	65.31	79.61	43.68	50.8	66.1	39.56	19.24	28.79	65.07	52.43	31.02	25.81	65.49	38.6	28.6	64.51	50.61	46.07	72.69	59.0	48.3	61.27	38.01	79.62	79.08	49.04	46.86	62.36	35.85	67.62	19.92	34.93	45.19	67.91	65.28	39.82	29.0	49.03	84.1	71.06	10.05	75.24	31.76	34.48	21.59	29.55	60.93	39.05	50.64	68.18	
