140
0.0	17.89	11.31	10.82	51.0	14.14	33.14	35.51	59.03	26.25	48.75	18.03	60.8	27.8	50.96	52.8	50.12	18.03	54.12	18.38	8.6	50.8	31.14	45.22	49.03	9.0	27.2	12.04	45.69	25.71	15.03	10.63	65.86	22.67	28.3	44.92	36.24	14.32	32.14	41.77	32.25	34.01	45.88	48.09	44.28	46.87	11.18	42.54	15.3	44.94	25.63	29.15	22.67	47.52	28.65	58.26	14.04	58.59	43.01	17.26	21.21	54.71	10.44	16.55	17.2	15.13	28.28	22.09	50.57	47.8	49.09	21.38	62.24	21.4	15.0	64.35	27.0	40.05	25.0	57.27	46.49	9.22	43.19	43.6	53.85	19.7	51.08	50.99	30.81	59.55	60.81	44.01	17.2	24.41	61.85	37.12	21.54	6.71	50.61	17.8	50.0	17.46	49.82	50.16	8.54	62.2	53.67	30.87	67.2	4.0	51.66	48.7	50.25	36.07	43.93	29.43	49.09	32.02	19.85	45.54	37.34	26.0	38.33	21.93	24.19	16.49	47.43	21.93	11.4	36.14	11.7	6.08	41.98	67.01	33.38	14.42	26.17	35.06	49.82	29.15	
17.89	0.0	8.0	19.72	33.12	6.32	31.4	28.79	41.15	29.41	30.87	23.77	43.28	14.04	39.66	37.58	32.25	23.77	41.0	24.7	11.05	48.88	29.83	30.68	40.45	16.03	19.7	25.0	34.06	16.64	18.38	18.36	49.65	7.07	24.35	34.21	24.02	19.92	30.61	33.96	16.49	37.8	35.0	44.28	37.64	32.57	21.1	24.7	11.05	34.0	29.68	33.02	9.06	40.02	23.77	41.01	18.03	40.71	38.91	21.02	23.02	37.11	19.1	1.41	30.07	15.65	16.97	19.8	32.7	36.62	43.01	17.69	45.45	21.02	25.32	47.63	24.84	36.72	28.02	39.4	36.01	24.76	29.55	28.79	36.5	2.0	39.2	42.43	27.51	42.45	44.2	39.81	22.8	22.36	46.14	34.67	16.49	24.6	37.11	27.66	44.94	24.35	37.12	46.52	24.52	46.96	40.79	24.19	49.68	21.54	42.11	31.05	36.4	19.72	35.69	29.7	31.4	15.0	23.19	43.57	31.02	17.09	21.1	4.12	20.62	4.0	29.83	17.46	26.87	27.89	22.47	22.02	25.02	49.58	27.31	8.94	11.18	32.45	33.02	24.7	
11.31	8.0	0.0	17.12	40.31	2.83	27.31	27.07	48.47	23.35	38.28	16.64	49.65	16.64	46.53	41.62	39.4	23.09	43.46	17.49	3.16	45.31	25.5	34.13	40.05	8.06	18.0	17.0	35.44	22.02	11.4	16.03	54.56	11.4	28.02	40.82	25.63	12.53	26.4	33.0	24.33	31.83	41.68	41.48	36.12	35.85	13.15	32.28	13.04	34.93	23.35	26.87	11.4	39.01	27.8	47.01	10.82	47.93	36.14	14.21	17.03	44.91	11.18	7.07	22.09	9.22	23.32	15.23	40.16	43.42	41.3	13.6	50.93	22.85	17.46	53.04	20.62	33.53	21.93	46.82	36.67	19.72	37.0	32.45	44.41	10.0	40.8	42.05	31.06	48.27	49.5	37.11	22.09	25.06	50.61	31.02	20.0	17.8	39.81	19.92	42.76	17.0	44.38	43.68	16.76	51.04	43.08	29.0	56.04	14.42	42.3	38.83	39.36	24.76	35.01	24.7	38.08	20.81	23.54	39.92	29.15	16.12	29.07	12.04	16.76	8.94	37.66	20.81	21.95	27.02	19.42	16.64	33.02	55.8	25.18	4.0	18.68	28.79	41.01	28.6	
10.82	19.72	17.12	0.0	51.09	19.42	42.95	44.0	58.6	36.77	48.41	28.64	62.24	32.89	43.29	57.25	50.33	7.21	60.08	29.07	16.03	60.88	41.0	50.16	57.14	18.97	35.06	22.67	52.39	19.24	25.0	1.41	69.34	26.4	18.97	37.22	42.45	24.7	41.98	50.04	29.07	44.72	38.21	57.71	53.01	52.0	21.95	42.01	10.82	51.97	36.25	39.81	27.51	56.01	19.65	60.31	24.04	58.41	52.47	27.51	31.32	52.84	21.02	18.36	27.59	24.33	22.56	31.26	50.0	40.2	58.08	30.07	65.0	11.7	25.81	67.2	36.5	49.65	35.47	56.61	53.76	8.0	37.34	48.33	51.43	20.81	57.72	59.14	21.02	61.85	63.82	53.46	6.4	14.87	65.86	46.87	14.04	13.42	56.3	28.6	59.3	28.18	43.0	59.84	18.44	66.65	59.77	22.36	68.59	13.45	59.41	47.17	55.71	39.45	52.09	39.56	50.21	34.67	9.22	55.54	46.01	33.24	36.36	22.8	33.14	16.4	45.79	14.0	9.22	44.1	2.83	7.62	39.36	68.62	42.01	21.1	23.32	44.72	46.62	19.92	
51.0	33.12	40.31	51.09	0.0	37.7	48.84	40.52	8.25	53.01	3.16	51.48	12.65	28.07	38.21	22.2	1.0	52.4	31.24	52.47	43.46	59.93	48.51	23.02	42.44	47.43	37.05	56.32	32.45	36.06	46.87	49.68	25.02	29.41	44.29	37.05	29.12	49.03	48.66	40.72	23.85	59.41	37.01	53.67	44.72	24.21	51.92	9.22	40.36	34.13	54.0	56.08	30.81	44.42	42.94	13.0	47.07	7.62	49.77	48.51	48.09	9.9	50.0	34.48	60.64	43.93	32.76	43.05	3.16	37.01	48.88	41.11	19.0	46.4	55.32	21.02	45.1	49.65	52.0	7.0	36.06	57.43	28.07	21.95	12.21	31.38	33.97	43.6	46.52	15.0	19.1	50.16	51.66	45.49	24.74	49.73	40.61	57.71	28.28	56.89	51.97	52.61	33.24	55.47	57.01	27.2	31.89	40.72	18.36	54.56	41.23	8.06	26.87	19.03	40.71	50.25	5.0	20.4	50.45	56.08	42.06	35.0	16.12	29.15	42.0	35.23	9.0	41.4	59.41	37.64	53.91	54.92	15.52	18.79	41.0	38.9	28.32	48.27	15.52	43.83	
14.14	6.32	2.83	19.42	37.7	0.0	26.42	25.32	45.88	23.43	35.74	17.46	46.87	13.89	45.79	38.83	36.77	25.0	40.85	18.38	5.83	44.28	24.7	31.38	38.0	10.05	16.12	19.1	32.98	21.93	12.08	18.25	51.74	8.6	28.65	40.22	23.09	13.6	25.55	31.06	22.8	31.89	41.05	40.16	34.37	33.12	15.0	29.83	13.93	32.56	23.6	27.02	8.6	37.12	28.3	44.2	11.7	45.31	34.79	14.76	17.03	42.58	13.0	5.83	24.0	9.43	22.8	14.42	37.64	42.72	39.62	12.53	48.1	24.04	19.1	50.21	19.72	32.31	22.02	44.27	34.37	22.47	35.85	29.68	42.19	8.25	38.33	40.0	31.76	45.45	46.67	35.74	24.0	26.0	47.8	29.97	20.59	20.62	37.16	21.38	41.23	18.03	43.38	42.38	19.31	48.26	40.5	29.21	53.25	17.2	40.11	36.5	36.67	21.93	33.02	24.21	35.36	18.03	25.18	38.91	27.46	14.0	27.0	10.05	15.65	8.49	35.36	21.47	24.7	25.02	21.84	19.42	31.02	53.01	23.54	2.83	17.46	27.73	39.01	29.15	
33.14	31.4	27.31	42.95	48.84	26.42	0.0	9.22	56.44	9.43	48.51	16.28	52.09	22.83	70.09	36.14	47.85	49.73	31.76	16.49	27.2	18.03	2.0	29.27	19.85	24.19	13.04	25.71	22.85	48.01	18.11	42.2	49.65	26.91	55.07	65.05	20.02	19.0	1.0	13.6	45.45	11.18	65.76	15.0	13.6	29.61	23.09	44.94	40.25	21.02	10.82	10.0	24.08	17.2	54.71	48.17	19.1	55.33	10.2	16.0	12.0	57.28	23.0	31.62	25.5	18.68	48.27	12.08	50.45	67.21	17.09	13.89	49.03	50.16	21.84	50.45	6.71	7.07	9.85	55.73	21.1	42.01	59.03	29.07	58.19	32.65	26.93	21.4	58.18	48.37	47.07	11.18	48.76	52.33	44.6	4.0	47.01	36.12	30.08	20.62	17.26	17.46	66.84	17.03	30.41	43.46	30.89	55.47	57.43	33.02	23.35	51.87	30.68	30.08	15.62	4.47	44.41	30.87	50.6	12.65	8.94	15.81	46.14	33.24	10.82	34.67	51.26	47.89	44.0	12.17	44.55	39.05	50.12	56.57	8.0	23.71	41.73	2.24	57.27	55.57	
35.51	28.79	27.07	44.0	40.52	25.32	9.22	0.0	47.85	17.2	40.5	21.63	43.01	17.03	65.19	26.93	39.56	50.16	23.02	22.2	28.02	21.21	9.85	20.1	13.6	26.68	9.22	30.89	13.89	45.19	21.19	43.01	40.5	22.83	53.14	60.61	11.4	22.85	9.49	6.32	40.46	20.4	61.22	15.81	9.06	20.4	27.31	37.59	39.05	12.21	18.6	18.79	20.12	12.04	52.55	39.05	22.14	46.69	10.63	20.12	16.64	49.4	26.57	29.41	32.02	20.4	44.78	13.6	42.38	62.48	14.32	14.14	39.81	49.24	27.46	41.23	10.0	9.43	17.03	47.3	12.73	44.72	53.76	20.0	50.57	29.55	18.44	15.52	56.3	39.2	37.85	11.4	49.16	50.96	35.47	9.22	45.22	39.85	21.02	27.02	16.16	23.02	61.52	18.03	34.93	34.44	22.2	52.8	48.26	36.4	16.55	44.28	21.54	22.36	8.54	12.53	35.9	24.21	50.49	16.4	2.24	11.7	39.82	29.53	11.4	32.57	43.83	46.17	46.87	3.0	46.04	41.59	43.6	47.38	2.24	23.09	37.74	8.0	50.25	53.49	
59.03	41.15	48.47	58.6	8.25	45.88	56.44	47.85	0.0	61.01	10.3	59.68	10.77	36.22	40.2	26.4	9.22	59.41	35.61	60.67	51.62	66.48	56.22	29.15	48.3	55.66	45.0	64.56	38.48	42.52	55.11	57.2	24.7	37.64	50.22	40.26	36.5	57.27	56.32	47.43	30.41	67.19	40.02	60.17	51.26	29.97	60.17	16.64	47.8	40.31	62.03	64.01	39.05	50.57	48.83	13.6	55.32	1.41	56.61	56.72	56.22	9.06	58.24	42.49	68.88	52.17	39.05	51.16	8.6	39.62	55.04	49.25	18.79	53.08	63.56	20.25	53.01	56.75	60.03	2.24	42.05	65.19	31.62	28.46	12.04	39.36	39.12	49.24	52.15	15.26	19.72	56.92	58.73	51.86	26.08	57.07	47.38	65.74	33.29	65.12	58.18	60.83	35.23	61.85	65.19	28.84	36.4	46.32	14.04	62.65	46.65	12.21	31.91	27.02	47.17	58.08	12.04	28.64	57.28	62.94	49.24	43.05	22.63	37.12	50.04	43.05	13.6	48.1	67.12	44.91	61.4	62.77	20.81	15.0	48.51	47.13	35.47	55.73	17.46	49.65	
26.25	29.41	23.35	36.77	53.01	23.43	9.43	17.2	61.01	0.0	52.15	8.25	58.05	25.18	69.07	43.46	52.01	43.86	40.22	8.06	22.2	25.02	7.81	36.06	29.21	17.89	16.03	17.03	31.06	45.28	12.21	36.25	57.27	26.93	51.22	63.6	25.96	12.08	8.6	22.63	45.18	8.49	64.4	23.54	23.02	36.77	15.3	47.68	36.24	29.41	1.41	3.61	24.35	26.63	51.09	54.34	13.04	60.03	19.31	9.43	6.4	60.53	15.81	29.21	16.16	14.14	46.23	10.44	54.15	66.03	26.4	12.65	55.97	45.49	13.04	57.58	8.25	16.16	1.41	60.01	29.83	34.53	58.67	35.44	61.0	31.06	35.61	30.81	54.2	54.82	54.08	20.25	42.95	48.01	52.33	13.0	43.28	28.07	38.08	11.4	26.25	9.06	66.37	25.32	22.0	51.48	39.41	52.35	63.79	25.32	32.65	54.74	38.47	34.0	24.76	5.0	49.04	33.38	45.18	20.02	17.69	18.03	47.43	32.25	11.05	31.89	53.94	44.05	36.35	19.72	37.95	31.78	51.55	63.06	15.26	20.62	40.5	11.66	59.2	51.86	
48.75	30.87	38.28	48.41	3.16	35.74	48.51	40.5	10.3	52.15	0.0	50.16	15.81	27.02	35.36	24.19	3.0	49.52	33.02	51.16	41.44	60.42	48.05	24.08	43.42	45.61	36.35	54.57	33.42	33.02	45.4	47.01	28.0	27.66	41.18	34.01	29.15	47.52	48.27	41.18	20.81	58.86	34.0	54.2	45.28	25.46	50.22	6.4	37.64	35.0	53.08	55.33	29.27	45.22	39.82	16.03	45.54	10.0	50.09	47.17	47.0	8.94	48.27	32.2	59.03	42.43	29.68	42.01	2.0	34.06	49.65	40.0	22.02	43.42	53.76	24.08	44.41	49.77	51.09	8.54	37.01	54.92	25.02	22.8	10.63	29.07	35.38	44.69	43.38	18.03	22.02	50.54	48.8	42.44	27.46	49.65	37.64	55.46	29.83	55.44	52.7	51.24	30.41	56.08	55.03	29.83	33.6	37.58	21.47	52.39	42.45	5.39	28.43	18.44	41.34	49.65	6.71	19.03	47.51	56.36	42.15	34.13	13.04	26.83	41.11	32.76	6.08	38.42	56.86	37.7	51.22	52.48	12.37	21.93	40.8	37.11	25.46	48.08	13.0	40.71	
18.03	23.77	16.64	28.64	51.48	17.46	16.28	21.63	59.68	8.25	50.16	0.0	58.19	23.54	63.13	45.49	50.49	35.78	43.84	1.0	14.87	33.14	14.32	37.74	34.89	10.0	16.64	9.49	34.66	38.6	5.39	28.18	59.36	23.09	43.86	57.45	27.46	4.24	15.3	27.78	40.16	16.12	58.31	31.14	29.15	38.83	7.07	45.0	29.0	33.3	7.62	11.18	21.0	32.7	43.84	54.78	5.83	58.86	26.48	3.0	5.0	58.0	7.62	23.26	10.63	8.25	39.96	9.43	52.15	60.03	33.24	10.77	57.25	37.8	5.83	59.06	11.66	23.35	7.07	58.42	34.21	26.31	53.31	36.72	58.08	25.63	39.7	36.67	46.75	55.54	55.47	27.46	34.89	40.46	54.64	20.22	36.07	20.0	41.11	5.83	33.54	1.41	60.84	33.06	14.14	54.2	43.14	45.34	64.26	17.12	38.08	52.01	41.23	32.98	30.02	12.04	48.05	31.14	37.22	28.02	22.83	17.46	43.57	27.2	11.4	25.55	51.04	36.77	28.16	23.43	29.73	23.54	47.68	63.69	19.42	14.87	34.93	18.44	55.58	44.55	
60.8	43.28	49.65	62.24	12.65	46.87	52.09	43.01	10.77	58.05	15.81	58.19	0.0	34.93	50.0	18.03	13.0	64.2	26.83	59.14	52.7	59.67	52.24	23.02	40.8	55.95	42.2	64.4	31.58	48.37	54.23	60.83	13.93	38.28	56.8	49.37	32.25	56.46	52.15	41.3	36.24	63.2	49.25	53.37	44.72	23.19	59.93	21.47	51.74	33.54	59.23	60.67	38.95	43.42	55.46	4.12	54.63	9.49	50.49	55.36	54.12	19.24	58.14	44.69	68.15	51.48	45.18	49.04	15.3	49.09	47.8	47.43	8.06	58.52	62.77	9.49	49.82	51.16	57.27	12.37	34.93	68.01	40.45	23.02	22.2	41.77	31.02	41.44	59.09	5.0	9.22	50.64	63.41	57.8	15.62	52.01	52.7	67.42	25.3	63.91	50.96	59.46	45.0	54.82	65.86	18.44	27.73	53.31	6.4	64.07	38.63	20.22	24.04	25.5	40.61	54.45	12.04	28.84	62.43	56.72	44.01	40.8	28.64	39.62	47.54	45.97	21.38	53.54	70.09	40.01	65.07	65.3	28.16	6.4	44.1	47.51	40.22	51.01	27.0	56.36	
27.8	14.04	16.64	32.89	28.07	13.89	22.83	17.03	36.22	25.18	27.02	23.54	34.93	0.0	48.17	25.0	27.07	37.66	27.2	24.52	19.21	38.21	21.93	17.49	26.93	21.4	9.85	29.53	20.02	29.12	19.31	31.62	38.18	7.0	37.66	43.6	10.0	21.54	22.36	21.02	23.43	32.28	44.2	32.8	25.06	19.24	25.06	22.56	25.08	20.02	26.08	28.44	5.39	26.93	36.88	31.76	19.7	35.36	27.66	20.62	20.02	35.36	23.32	15.13	33.24	16.55	28.23	15.0	29.02	45.45	30.41	13.04	35.0	35.0	27.86	37.01	17.72	26.17	24.08	35.06	22.09	36.36	36.77	15.81	35.9	14.04	25.18	28.86	40.79	32.76	33.42	28.43	36.67	36.12	34.06	25.0	30.15	33.97	23.41	29.12	32.76	24.74	44.55	35.0	31.4	34.41	26.93	36.69	41.15	30.41	28.28	29.61	22.85	9.49	22.47	23.09	24.52	8.25	37.22	33.24	19.21	7.28	23.32	13.34	14.14	18.03	28.86	31.14	38.59	15.26	35.47	33.29	27.29	40.71	16.28	13.45	21.02	23.02	34.54	37.85	
50.96	39.66	46.53	43.29	38.21	45.79	70.09	65.19	40.2	69.07	35.36	63.13	50.0	48.17	0.0	58.52	38.33	39.01	66.48	64.01	48.75	86.37	68.77	55.95	73.25	54.13	57.28	62.03	64.01	25.3	57.8	42.43	63.2	43.19	25.02	6.08	56.04	59.06	69.43	68.6	24.76	77.42	5.1	80.92	72.8	57.78	59.09	32.57	35.74	65.0	69.34	72.67	46.01	74.06	24.0	51.16	57.31	41.11	75.82	60.54	62.68	31.14	57.27	39.96	67.42	55.23	23.26	59.2	35.13	3.16	78.01	57.01	57.14	32.02	63.56	59.08	63.89	74.28	67.68	38.12	67.23	51.24	11.66	54.13	28.16	38.01	67.54	74.95	24.33	53.15	57.31	76.58	39.0	29.0	62.8	72.84	29.61	56.09	62.77	66.21	80.6	63.53	5.0	83.1	59.48	65.12	66.85	21.02	54.23	54.82	73.43	30.15	61.47	45.28	69.63	69.03	41.77	41.62	36.01	81.34	67.36	54.45	26.83	37.01	59.67	37.59	29.27	29.43	52.09	63.25	45.1	50.64	24.35	55.15	64.38	48.55	28.6	70.72	23.0	24.02	
52.8	37.58	41.62	57.25	22.2	38.83	36.14	26.93	26.4	43.46	24.19	45.49	18.03	25.0	58.52	0.0	21.63	61.1	9.22	46.32	44.2	41.77	36.69	7.81	22.8	45.97	28.84	53.26	14.0	48.51	42.64	55.9	13.89	30.89	57.56	56.09	18.03	44.82	36.4	24.02	38.0	47.3	56.29	35.51	27.07	6.71	48.92	25.96	48.1	16.0	44.78	45.54	30.23	25.5	56.44	13.93	43.28	25.0	33.02	43.01	40.82	32.02	47.42	38.91	56.04	40.36	46.17	36.06	25.24	56.75	29.83	35.0	13.04	57.01	50.8	14.32	35.34	34.06	42.95	26.91	17.12	61.29	47.3	9.22	34.41	36.77	13.0	23.41	60.41	13.34	11.05	33.06	60.17	57.27	9.22	35.36	51.42	58.9	7.28	51.31	32.98	46.87	53.76	36.88	55.87	9.43	10.0	55.15	22.09	55.32	20.62	29.53	6.08	18.03	23.02	39.22	17.49	23.09	60.08	39.12	27.46	28.43	32.39	35.11	34.13	41.23	29.97	52.39	63.51	24.04	59.94	58.25	34.21	21.02	28.46	38.42	39.46	34.71	37.12	57.43	
50.12	32.25	39.4	50.33	1.0	36.77	47.85	39.56	9.22	52.01	3.0	50.49	13.0	27.07	38.33	21.63	0.0	51.74	30.61	51.48	42.54	59.03	47.52	22.2	41.62	46.49	36.06	55.36	31.62	35.51	45.89	48.92	25.0	28.46	43.83	37.01	28.16	48.05	47.68	39.81	23.32	58.42	37.0	52.77	43.83	23.43	50.96	8.6	39.62	33.29	53.0	55.08	29.83	43.57	42.49	13.04	46.1	8.54	48.85	47.52	47.1	10.63	49.04	33.62	59.67	42.95	32.25	42.05	3.61	37.05	48.02	40.11	19.03	45.8	54.34	21.1	44.1	48.7	51.0	8.0	35.23	56.61	28.02	21.1	12.81	30.53	33.24	42.8	46.1	15.03	19.03	49.24	50.99	44.94	24.52	48.76	40.0	56.82	27.59	55.9	51.11	51.62	33.38	54.59	56.08	26.93	31.24	40.31	18.87	53.67	40.46	8.25	26.17	18.03	39.82	49.25	4.24	19.42	49.82	55.15	41.11	34.0	15.65	28.3	41.0	34.41	9.06	40.8	58.6	36.69	53.15	54.08	15.3	19.24	40.02	37.95	27.66	47.3	15.81	43.38	
18.03	23.77	23.09	7.21	52.4	25.0	49.73	50.16	59.41	43.86	49.52	35.78	64.2	37.66	39.01	61.1	51.74	0.0	64.76	36.24	22.56	67.72	47.8	54.41	63.0	26.0	41.05	29.83	57.56	17.49	31.95	7.62	72.47	30.81	14.0	33.06	47.52	31.78	48.76	56.04	29.07	51.88	34.06	64.33	59.21	56.32	29.15	43.19	13.0	57.31	43.38	46.96	32.39	62.07	15.03	62.68	31.02	59.4	59.03	34.54	38.28	52.8	28.18	22.56	34.66	31.05	21.1	37.85	50.91	36.06	64.38	36.5	67.74	7.28	33.02	69.97	43.17	56.29	42.54	57.31	59.21	13.42	34.79	52.5	51.04	24.35	62.8	65.0	15.3	64.35	66.73	60.02	1.0	10.05	69.35	53.6	12.21	20.0	60.88	35.81	65.76	35.36	39.46	66.49	25.46	70.38	64.54	18.11	70.43	20.52	65.07	47.51	60.17	43.08	58.01	46.49	52.2	38.08	3.0	62.36	52.24	39.0	36.8	26.0	39.62	19.92	46.1	11.66	13.6	50.01	7.21	14.21	39.2	70.6	48.26	27.07	24.08	51.42	45.79	15.0	
54.12	41.0	43.46	60.08	31.24	40.85	31.76	23.02	35.61	40.22	33.02	43.84	26.83	27.2	66.48	9.22	30.61	64.76	0.0	44.55	45.62	34.06	32.76	11.05	15.0	46.32	27.8	52.5	9.22	54.0	42.01	58.82	19.03	33.96	63.01	63.6	17.89	44.05	32.25	18.38	44.55	42.54	63.89	28.0	20.4	9.06	48.41	34.01	51.97	10.82	41.62	41.68	32.57	18.03	62.0	22.83	42.8	34.21	26.48	41.77	38.9	41.11	47.2	42.2	54.45	40.22	52.09	34.71	34.21	64.51	22.02	34.21	20.62	61.52	49.52	21.21	32.65	28.16	40.0	36.12	10.77	63.07	55.03	13.04	43.42	40.61	5.1	15.13	66.0	21.93	18.68	26.31	63.79	62.2	14.0	30.08	56.22	59.68	4.0	49.52	25.08	45.25	61.85	29.07	55.8	12.17	1.0	61.07	30.08	56.08	12.17	38.28	5.1	23.02	16.76	35.51	26.4	28.0	64.13	32.14	22.83	28.3	39.85	39.32	32.56	44.91	38.59	57.22	65.31	20.62	62.63	59.93	42.15	28.86	25.0	39.81	45.01	29.97	45.79	63.0	
18.38	24.7	17.49	29.07	52.47	18.38	16.49	22.2	60.67	8.06	51.16	1.0	59.14	24.52	64.01	46.32	51.48	36.24	44.55	0.0	15.62	33.06	14.56	38.59	35.36	10.63	17.49	9.22	35.36	39.41	6.32	28.65	60.21	24.08	44.55	58.31	28.3	5.0	15.52	28.3	41.11	15.65	59.17	31.26	29.55	39.66	7.28	46.0	29.73	33.97	7.28	10.77	22.0	33.11	44.55	55.71	6.71	59.84	26.68	4.0	5.66	59.0	8.06	24.17	9.9	9.22	40.82	10.3	53.15	60.9	33.53	11.7	58.14	38.42	5.39	59.94	12.21	23.54	7.0	59.41	34.83	26.48	54.23	37.59	59.08	26.57	40.36	37.12	47.42	56.46	56.36	27.66	35.36	41.11	55.47	20.4	36.8	20.02	41.87	5.0	33.73	1.0	61.74	33.14	14.04	55.0	43.84	46.1	65.19	17.26	38.59	53.01	42.01	33.96	30.53	12.17	49.03	32.14	37.74	28.0	23.32	18.38	44.55	28.16	12.21	26.42	52.04	37.48	28.28	24.08	30.08	23.77	48.66	64.62	20.0	15.81	35.85	18.68	56.57	45.25	
8.6	11.05	3.16	16.03	43.46	5.83	27.2	28.02	51.62	22.2	41.44	14.87	52.7	19.21	48.75	44.2	42.54	22.56	45.62	15.62	0.0	45.22	25.3	36.62	41.3	5.39	19.24	14.04	37.34	23.85	10.0	15.13	57.31	14.42	29.07	42.94	27.73	10.63	26.25	34.13	27.17	30.61	43.83	41.77	37.0	38.28	10.44	35.44	14.14	36.69	22.02	25.61	14.14	40.05	29.0	50.0	9.22	51.08	36.5	12.81	16.12	48.05	8.54	10.0	19.24	8.54	25.5	15.3	43.32	45.62	42.05	14.04	53.81	23.32	14.87	55.9	20.62	33.73	20.81	49.98	38.33	17.46	39.56	35.0	47.52	13.04	42.72	43.29	32.02	51.22	52.35	37.48	21.59	25.81	53.26	31.05	21.21	14.87	42.06	17.46	43.29	15.0	46.82	43.93	13.6	53.6	45.19	30.48	59.08	11.4	43.74	41.98	41.68	27.66	36.22	24.17	41.18	23.85	23.41	39.85	30.0	17.72	32.14	15.13	17.12	11.4	40.79	21.93	19.7	28.28	18.03	14.32	36.06	58.82	26.0	5.83	21.38	28.86	44.05	29.73	
50.8	48.88	45.31	60.88	59.93	44.28	18.03	21.21	66.48	25.02	60.42	33.14	59.67	38.21	86.37	41.77	59.03	67.72	34.06	33.06	45.22	0.0	19.92	37.34	19.1	41.98	29.41	42.0	28.16	65.51	35.9	60.17	53.01	43.6	72.9	81.69	31.62	36.5	18.97	19.24	61.62	19.65	82.33	6.32	15.23	36.69	40.2	58.25	58.18	26.25	26.0	23.09	40.8	16.28	72.47	55.54	36.88	65.19	10.63	33.54	29.61	69.35	40.45	49.24	40.31	36.69	65.46	30.08	62.18	83.63	12.04	31.78	54.45	68.15	38.0	55.23	24.7	12.21	26.08	66.31	24.74	59.41	74.97	38.08	70.83	49.93	29.15	19.0	76.03	55.11	52.47	10.0	66.76	70.26	48.04	14.32	64.85	53.08	34.53	36.06	9.0	34.06	82.73	5.0	47.01	46.0	33.06	73.06	63.79	50.25	22.0	64.66	35.69	43.01	19.31	21.38	55.04	45.34	68.62	5.39	19.1	32.2	60.96	50.22	28.64	52.35	64.35	65.74	61.29	23.43	62.37	56.57	64.66	62.65	22.02	41.63	58.6	16.55	71.03	73.36	
31.14	29.83	25.5	41.0	48.51	24.7	2.0	9.85	56.22	7.81	48.05	14.32	52.24	21.93	68.77	36.69	47.52	47.8	32.76	14.56	25.3	19.92	0.0	29.61	21.4	22.2	12.08	23.77	23.71	46.4	16.12	40.26	50.33	25.61	53.34	63.66	20.02	17.0	1.0	14.87	44.2	11.0	64.38	17.0	15.26	30.08	21.1	44.27	38.47	21.95	9.22	8.94	22.8	18.87	53.0	48.37	17.12	55.15	12.17	14.0	10.0	56.75	21.0	30.0	23.71	16.76	46.75	10.3	50.01	65.86	18.97	12.21	49.48	48.33	19.92	50.96	5.0	9.06	8.06	55.44	22.2	40.01	57.8	29.27	57.57	31.14	28.02	23.02	56.44	48.66	47.54	13.15	46.84	50.54	45.31	6.0	45.28	34.13	30.87	18.79	19.24	15.52	65.6	19.03	28.44	44.28	31.91	53.82	57.71	31.02	24.84	51.24	31.38	29.61	16.97	2.83	44.18	30.08	48.7	14.56	10.0	14.76	45.18	31.83	9.22	33.02	50.6	46.14	42.0	12.65	42.58	37.05	49.19	56.89	8.25	21.95	40.31	4.12	56.46	53.85	
45.22	30.68	34.13	50.16	23.02	31.38	29.27	20.1	29.15	36.06	24.08	37.74	23.02	17.49	55.95	7.81	22.2	54.41	11.05	38.59	36.62	37.34	29.61	0.0	19.42	38.21	21.1	45.45	9.43	43.01	34.83	48.85	21.63	23.77	52.04	52.81	10.3	37.01	29.43	18.44	33.54	40.45	53.14	31.02	22.14	2.0	41.11	23.85	41.48	11.18	37.34	38.33	22.83	21.47	51.01	19.0	35.47	27.86	27.66	35.23	33.12	32.8	39.62	31.95	48.26	32.56	41.05	28.3	25.61	53.85	25.94	27.2	19.92	50.8	43.01	21.54	27.86	28.16	35.47	29.07	13.04	53.85	44.38	2.0	34.71	30.08	11.66	20.62	55.01	19.1	18.03	27.89	53.45	51.35	17.03	29.0	45.4	51.22	7.07	43.57	29.07	39.12	51.43	32.7	48.08	17.03	11.18	50.04	28.16	47.63	18.38	29.0	6.0	12.0	18.03	32.02	18.03	17.03	53.6	33.96	21.0	20.62	29.15	28.64	26.42	34.48	29.07	46.39	56.08	17.12	52.8	50.77	31.76	27.29	21.38	30.81	34.0	28.07	36.24	52.01	
49.03	40.45	40.05	57.14	42.44	38.0	19.85	13.6	48.3	29.21	43.42	34.89	40.8	26.93	73.25	22.8	41.62	63.0	15.0	35.36	41.3	19.1	21.4	19.42	0.0	40.26	22.09	44.28	10.0	56.04	34.79	56.08	34.01	33.73	64.54	69.35	17.46	36.4	20.62	7.28	49.19	29.41	69.84	13.0	6.4	18.36	40.85	42.45	51.24	8.49	30.61	29.7	31.4	3.16	63.79	36.69	35.74	46.96	12.08	33.62	29.97	52.2	40.16	41.3	44.94	33.96	55.03	27.2	45.0	70.83	7.07	27.66	35.36	61.4	40.71	36.12	23.26	14.42	29.41	48.37	6.4	58.25	61.59	20.62	54.04	40.79	10.05	2.0	67.68	36.14	33.38	11.7	62.0	62.8	29.0	17.03	56.89	53.45	15.52	39.96	10.2	36.24	69.07	14.14	48.47	27.07	14.0	63.6	44.72	50.0	3.61	48.17	16.76	28.02	5.1	24.21	37.44	31.76	63.07	17.26	12.08	24.0	46.62	40.26	25.0	44.41	48.1	57.87	60.42	13.04	59.3	55.11	49.82	43.57	15.81	36.06	47.76	17.69	55.15	64.76	
9.0	16.03	8.06	18.97	47.43	10.05	24.19	26.68	55.66	17.89	45.61	10.0	55.95	21.4	54.13	45.97	46.49	26.0	46.32	10.63	5.39	41.98	22.2	38.21	40.26	0.0	18.79	9.06	37.59	29.15	6.08	18.38	59.46	18.03	33.94	48.3	28.6	5.83	23.19	32.98	32.39	26.08	49.19	39.12	35.36	39.7	5.1	39.81	19.21	36.67	17.49	21.1	17.0	38.64	33.97	53.0	5.1	55.03	34.01	8.54	12.37	52.61	3.16	15.13	14.04	6.32	30.87	13.15	47.54	50.99	40.11	12.65	56.4	27.8	9.49	58.41	18.0	31.06	16.55	54.12	38.08	18.11	44.92	36.77	52.24	18.03	42.94	42.2	36.8	54.08	54.82	35.01	25.08	30.48	55.15	28.16	26.25	13.42	43.01	12.08	41.0	9.9	52.2	41.19	10.0	55.23	45.79	35.61	62.27	9.85	43.01	46.53	42.8	30.53	35.17	20.62	44.78	27.31	27.29	36.67	28.44	18.03	37.01	20.0	15.3	16.76	45.4	26.91	20.22	27.51	20.4	15.03	41.0	61.91	24.52	8.54	26.68	26.08	49.0	34.66	
27.2	19.7	18.0	35.06	37.05	16.12	13.04	9.22	45.0	16.03	36.35	16.64	42.2	9.85	57.28	28.84	36.06	41.05	27.8	17.49	19.24	29.41	12.08	21.1	22.09	18.79	0.0	24.76	18.87	36.24	14.21	34.01	42.72	14.21	44.01	52.4	10.82	16.28	12.53	15.0	32.56	22.56	53.08	24.6	18.25	22.2	20.62	32.28	29.83	17.89	17.12	19.03	11.4	21.02	43.46	38.6	15.0	44.01	19.24	14.21	12.08	44.91	19.42	20.25	27.2	12.53	36.06	7.21	38.33	54.45	23.54	6.4	40.72	40.02	22.02	42.49	8.06	17.2	15.13	44.05	19.31	36.4	46.1	20.12	45.61	20.59	24.19	24.08	47.17	39.22	38.91	20.12	40.05	41.76	38.01	15.56	36.06	32.2	24.76	22.47	25.3	18.03	53.91	26.83	28.02	37.64	27.2	43.83	48.08	28.64	24.52	39.29	24.76	18.03	17.03	13.34	33.02	18.03	41.3	24.21	11.4	2.83	33.12	20.81	5.39	23.41	38.6	37.0	38.6	9.06	37.22	33.24	37.12	47.43	7.62	14.0	29.21	13.45	44.38	44.38	
12.04	25.0	17.0	22.67	56.32	19.1	25.71	30.89	64.56	17.03	54.57	9.49	64.4	29.53	62.03	53.26	55.36	29.83	52.5	9.22	14.04	42.0	23.77	45.45	44.28	9.06	24.76	0.0	43.42	36.77	10.63	22.63	67.01	26.93	40.22	56.08	35.38	8.49	24.74	37.12	41.19	23.54	57.01	40.45	38.63	46.75	4.47	48.84	26.4	42.2	16.0	19.1	25.63	42.15	40.5	61.29	10.0	63.89	35.9	10.82	14.32	61.66	6.32	24.02	5.39	13.04	38.9	17.8	56.52	58.87	42.72	18.38	64.35	33.42	4.0	66.29	21.02	32.76	16.12	63.06	43.27	18.38	53.37	44.2	61.29	27.0	48.6	46.1	42.8	62.27	62.68	36.88	29.07	36.4	62.48	29.61	33.12	11.4	49.52	6.32	42.95	8.25	60.44	42.3	5.1	62.29	51.86	42.54	70.66	9.43	47.41	55.58	49.5	38.91	39.36	21.38	53.49	36.06	31.83	37.05	32.2	24.84	46.04	29.02	20.0	25.32	54.45	33.62	19.92	32.45	23.02	16.12	50.01	70.24	28.65	17.46	35.36	27.89	58.01	41.05	
45.69	34.06	35.44	52.39	32.45	32.98	22.85	13.89	38.48	31.06	33.42	34.66	31.58	20.02	64.01	14.0	31.62	57.56	9.22	35.36	37.34	28.16	23.71	9.43	10.0	37.59	18.87	43.42	0.0	48.51	33.02	51.2	26.93	27.02	57.31	60.42	10.05	35.0	23.26	10.05	40.5	33.84	60.84	21.84	13.15	8.54	39.41	32.65	45.1	2.0	32.45	32.65	25.18	12.08	56.44	27.46	33.84	37.16	19.03	32.65	29.7	42.2	38.28	35.13	45.25	31.38	47.07	25.61	35.0	61.72	16.55	25.24	27.02	55.01	40.36	28.16	23.43	20.1	30.81	38.47	3.61	54.78	52.35	10.63	44.05	34.0	5.39	11.31	60.41	27.17	25.02	19.1	56.57	56.04	21.84	21.59	50.04	51.0	7.28	40.31	19.7	36.07	59.68	23.41	46.87	20.62	8.49	55.9	36.06	47.41	9.43	38.21	8.06	18.79	9.06	26.42	27.46	23.09	57.22	25.18	13.93	19.7	37.22	33.06	23.43	38.05	38.18	51.04	57.01	11.4	54.82	51.62	40.22	35.01	15.81	31.62	39.81	21.19	45.28	57.43	
25.71	16.64	22.02	19.24	36.06	21.93	48.01	45.19	42.52	45.28	33.02	38.6	48.37	29.12	25.3	48.51	35.51	17.49	54.0	39.41	23.85	65.51	46.4	43.01	56.04	29.15	36.24	36.77	48.51	0.0	33.42	18.11	58.19	22.47	9.06	19.31	38.83	34.41	47.2	49.98	12.21	53.76	20.25	60.83	53.85	45.01	34.0	26.93	10.44	48.84	45.34	48.84	25.08	55.97	8.0	47.42	32.8	42.64	55.47	36.24	38.9	35.47	32.25	16.4	42.15	31.14	3.61	36.24	34.21	22.14	59.24	34.21	52.92	10.63	38.47	55.15	41.4	53.34	43.86	40.36	50.99	27.17	18.11	41.01	33.6	15.65	53.24	57.97	12.0	49.24	52.2	56.36	17.0	9.43	55.79	51.31	5.39	31.14	50.0	41.18	61.33	38.83	24.19	63.06	34.21	57.27	54.01	7.62	54.38	29.61	57.27	30.41	49.01	31.02	51.55	46.1	36.67	26.0	15.0	60.21	47.42	33.54	20.0	15.81	37.2	13.45	29.0	5.83	28.44	44.01	21.59	26.0	21.93	54.71	43.83	24.76	9.06	49.09	28.3	9.0	
15.03	18.38	11.4	25.0	46.87	12.08	18.11	21.19	55.11	12.21	45.4	5.39	54.23	19.31	57.8	42.64	45.89	31.95	42.01	6.32	10.0	35.9	16.12	34.83	34.79	6.08	14.21	10.63	33.02	33.42	0.0	24.35	56.4	18.0	39.05	52.15	24.76	2.24	17.12	27.51	34.79	20.62	53.0	33.06	29.61	36.12	6.4	40.05	24.08	31.91	12.04	15.62	16.12	32.98	38.95	50.99	1.0	54.34	28.0	2.83	6.32	53.04	5.39	17.89	13.93	3.0	34.67	7.62	47.38	54.71	34.23	7.81	53.85	33.29	8.54	55.76	12.04	25.02	10.82	53.76	33.12	24.02	47.93	33.6	53.01	20.25	38.28	36.69	42.01	51.88	52.15	29.0	31.02	35.81	51.86	22.09	31.14	18.68	38.95	10.05	35.01	6.08	55.46	35.13	13.89	51.66	41.4	40.31	60.42	15.3	37.7	47.01	38.9	28.79	29.73	14.56	43.68	26.48	33.11	30.59	22.8	14.21	38.33	21.84	9.85	20.25	46.0	31.89	26.08	22.36	26.48	21.0	42.43	59.93	18.97	9.49	29.55	20.02	50.36	39.7	
10.63	18.36	16.03	1.41	49.68	18.25	42.2	43.01	57.2	36.25	47.01	28.18	60.83	31.62	42.43	55.9	48.92	7.62	58.82	28.65	15.13	60.17	40.26	48.85	56.08	18.38	34.01	22.63	51.2	18.11	24.35	0.0	67.96	25.08	18.38	36.35	41.23	24.17	41.23	49.01	27.73	44.29	37.34	56.89	52.04	50.7	21.63	40.61	9.43	50.8	35.78	39.36	26.25	55.0	18.97	58.9	23.41	57.01	51.62	26.93	30.68	51.48	20.59	17.0	27.66	23.54	21.38	30.41	48.6	39.32	57.14	29.15	63.6	11.18	25.61	65.8	35.69	48.84	34.93	55.22	52.61	9.06	36.22	47.01	50.09	19.42	56.52	58.08	20.59	60.44	62.43	52.61	6.71	14.32	64.5	46.1	13.0	13.93	55.03	28.43	58.42	27.78	42.01	59.03	18.6	65.3	58.52	21.59	67.18	13.6	58.31	45.79	54.42	38.08	51.04	38.9	48.8	33.29	9.22	54.82	45.04	32.14	34.99	21.4	32.25	15.0	44.42	13.04	10.44	43.05	4.24	8.25	38.01	67.21	41.05	20.02	21.95	43.93	45.31	19.31	
65.86	49.65	54.56	69.34	25.02	51.74	49.65	40.5	24.7	57.27	28.0	59.36	13.93	38.18	63.2	13.89	25.0	72.47	19.03	60.21	57.31	53.01	50.33	21.63	34.01	59.46	42.72	67.01	26.93	58.19	56.4	67.96	0.0	43.42	67.05	62.01	31.91	58.6	49.98	36.88	46.57	60.73	62.0	47.01	39.32	20.59	62.63	32.39	59.54	28.86	58.6	59.24	43.19	37.05	65.8	12.04	57.01	23.41	45.4	56.86	54.71	32.98	61.07	51.04	69.89	54.04	55.36	49.93	28.07	62.03	41.0	48.83	6.08	67.62	64.64	4.47	49.19	46.87	56.8	26.25	29.43	74.03	53.01	22.8	35.9	48.55	24.08	34.01	69.64	10.05	6.08	45.28	71.59	67.42	5.1	48.51	61.85	72.14	19.65	65.19	44.01	60.75	58.22	48.01	69.43	7.07	20.02	64.03	13.45	68.59	31.02	33.06	18.97	30.0	35.51	52.92	22.2	34.67	71.11	51.16	40.8	42.2	39.62	46.65	48.02	53.0	34.01	62.77	76.22	37.7	72.11	71.06	40.11	12.04	42.15	51.62	49.4	48.08	40.31	66.76	
22.67	7.07	11.4	26.4	29.41	8.6	26.91	22.83	37.64	26.93	27.66	23.09	38.28	7.0	43.19	30.89	28.46	30.81	33.96	24.08	14.42	43.6	25.61	23.77	33.73	18.03	14.21	26.93	27.02	22.47	18.0	25.08	43.42	0.0	30.81	38.21	17.0	20.02	26.25	27.51	18.6	34.89	38.9	38.59	31.38	25.63	22.56	22.09	18.11	27.02	27.51	30.46	2.83	33.53	30.08	35.61	18.03	37.0	33.29	20.1	20.88	35.06	20.62	8.25	31.4	15.0	21.95	16.55	29.61	40.31	36.77	14.32	39.6	28.0	26.17	41.73	20.81	31.4	25.63	36.14	29.07	30.61	32.2	21.93	35.01	7.07	32.14	35.69	33.96	36.88	38.21	34.13	29.83	29.15	39.66	29.73	23.19	29.21	30.08	28.02	38.91	24.02	40.0	40.82	27.73	40.31	33.73	30.08	44.65	25.81	35.23	29.02	29.41	13.45	29.12	26.08	26.83	9.43	30.27	38.42	25.06	11.4	20.62	6.71	16.64	11.05	28.0	24.19	32.8	21.54	29.07	27.66	24.74	44.41	21.63	9.49	15.0	27.59	32.56	31.05	
28.3	24.35	28.02	18.97	44.29	28.65	55.07	53.14	50.22	51.22	41.18	43.86	56.8	37.66	25.02	57.56	43.83	14.0	63.01	44.55	29.07	72.9	53.34	52.04	64.54	33.94	44.01	40.22	57.31	9.06	39.05	18.38	67.05	30.81	0.0	19.1	47.52	39.62	54.2	58.24	20.62	59.67	20.1	68.54	61.98	54.04	38.29	35.34	15.0	57.56	51.09	54.67	33.24	64.29	1.41	56.08	38.29	50.48	63.16	41.87	45.0	42.52	36.8	23.77	45.49	37.2	11.7	43.05	42.19	22.09	67.36	41.18	61.68	7.28	42.64	63.91	48.37	60.84	49.82	48.01	59.68	26.68	21.95	50.04	40.31	23.77	62.13	66.49	3.16	57.94	61.03	64.08	14.04	4.12	64.76	58.59	8.06	32.31	59.01	45.45	69.29	43.84	25.71	70.77	36.72	66.29	63.0	4.47	62.65	31.76	65.92	38.01	58.03	40.05	59.91	52.7	45.31	35.01	11.0	67.54	55.36	41.44	28.18	24.33	44.29	20.62	36.62	7.21	27.29	52.2	20.4	26.57	29.41	63.06	51.62	31.38	18.11	56.36	34.66	1.0	
44.92	34.21	40.82	37.22	37.05	40.22	65.05	60.61	40.26	63.6	34.01	57.45	49.37	43.6	6.08	56.09	37.01	33.06	63.6	58.31	42.94	81.69	63.66	52.81	69.35	48.3	52.4	56.08	60.42	19.31	52.15	36.35	62.01	38.21	19.1	0.0	51.97	53.34	64.35	64.35	20.25	72.01	1.0	76.4	68.51	54.71	53.23	30.27	29.73	61.27	63.82	67.2	41.04	69.97	18.03	50.04	51.62	41.0	71.22	54.92	57.2	31.32	51.43	34.41	61.47	49.65	17.49	53.91	34.13	3.0	73.78	51.74	56.04	26.0	57.7	58.08	58.73	69.53	62.2	38.08	63.51	45.18	9.0	50.92	28.46	32.65	64.26	71.12	18.68	52.04	56.0	72.01	33.02	23.02	61.13	67.94	23.54	50.01	59.77	60.37	76.28	57.8	7.21	78.6	53.45	63.29	63.89	15.0	54.13	48.76	69.78	29.15	58.52	41.63	65.51	63.78	40.05	37.59	30.07	76.58	62.8	49.58	23.77	31.83	54.49	31.91	28.07	23.35	46.04	58.82	39.05	44.55	22.09	54.92	59.67	43.01	23.35	65.8	22.8	18.11	
36.24	24.02	25.63	42.45	29.12	23.09	20.02	11.4	36.5	25.96	29.15	27.46	32.25	10.0	56.04	18.03	28.16	47.52	17.89	28.3	27.73	31.62	20.02	10.3	17.46	28.6	10.82	35.38	10.05	38.83	24.76	41.23	31.91	17.0	47.52	51.97	0.0	26.91	20.0	12.73	31.76	31.02	52.48	25.61	16.97	11.4	31.11	26.63	35.06	10.05	27.2	28.44	15.13	18.03	46.69	28.44	25.46	35.36	21.1	25.0	22.83	38.08	29.73	25.08	38.01	22.67	37.64	18.03	31.02	53.54	22.02	17.03	30.08	45.0	32.8	31.78	17.72	20.62	25.3	35.9	12.17	45.19	44.41	9.49	39.36	24.02	15.3	19.31	50.64	28.86	28.23	21.63	46.53	46.1	27.2	20.62	40.11	41.88	14.42	33.29	24.76	28.84	52.01	27.66	38.29	26.91	17.46	46.32	37.85	38.28	18.44	33.12	14.21	11.4	13.6	22.2	24.52	14.42	47.17	27.29	13.0	10.63	29.73	23.19	16.12	28.02	32.76	41.11	47.42	8.54	44.92	42.05	33.24	37.11	12.04	21.93	30.36	19.24	39.41	47.68	
14.32	19.92	12.53	24.7	49.03	13.6	19.0	22.85	57.27	12.08	47.52	4.24	56.46	21.54	59.06	44.82	48.05	31.78	44.05	5.0	10.63	36.5	17.0	37.01	36.4	5.83	16.28	8.49	35.0	34.41	2.24	24.17	58.6	20.02	39.62	53.34	26.91	0.0	18.0	29.15	36.4	20.25	54.2	34.0	31.05	38.29	4.47	42.11	24.76	33.84	11.66	15.26	18.25	34.48	39.6	53.23	2.0	56.52	29.07	3.0	7.0	55.08	4.0	19.31	11.7	5.1	35.85	9.43	49.5	55.95	35.51	9.9	56.08	33.6	6.32	57.98	13.34	26.02	10.77	55.9	34.99	23.02	49.4	35.81	55.0	21.84	40.22	38.28	42.52	54.12	54.38	30.07	30.87	36.24	54.04	23.0	31.83	17.26	41.04	8.0	36.12	4.47	56.86	36.01	12.08	53.81	43.42	41.11	62.65	14.04	39.4	49.04	41.01	31.02	31.38	15.13	45.88	28.64	33.12	31.26	24.35	16.4	40.2	23.54	11.66	21.47	48.01	32.53	25.0	24.19	25.96	20.1	44.28	62.17	20.62	11.18	31.02	21.02	52.24	40.31	
32.14	30.61	26.4	41.98	48.66	25.55	1.0	9.49	56.32	8.6	48.27	15.3	52.15	22.36	69.43	36.4	47.68	48.76	32.25	15.52	26.25	18.97	1.0	29.43	20.62	23.19	12.53	24.74	23.26	47.2	17.12	41.23	49.98	26.25	54.2	64.35	20.0	18.0	0.0	14.21	44.82	11.05	65.07	16.0	14.42	29.83	22.09	44.6	39.36	21.47	10.0	9.43	23.43	18.03	53.85	48.26	18.11	55.23	11.18	15.0	11.0	57.01	22.0	30.81	24.6	17.72	47.51	11.18	50.22	66.53	18.03	13.04	49.24	49.24	20.88	50.7	5.83	8.06	8.94	55.58	21.63	41.01	58.41	29.15	57.87	31.89	27.46	22.2	57.31	48.51	47.3	12.17	47.8	51.43	44.94	5.0	46.14	35.13	30.46	19.7	18.25	16.49	66.22	18.03	29.43	43.86	31.38	54.64	57.56	32.02	24.08	51.55	31.02	29.83	16.28	3.61	44.28	30.46	49.65	13.6	9.43	15.26	45.65	32.53	10.0	33.84	50.92	47.01	43.0	12.37	43.57	38.05	49.65	56.72	8.06	22.83	41.01	3.16	56.86	54.71	
41.77	33.96	33.0	50.04	40.72	31.06	13.6	6.32	47.43	22.63	41.18	27.78	41.3	21.02	68.6	24.02	39.81	56.04	18.38	28.3	34.13	19.24	14.87	18.44	7.28	32.98	15.0	37.12	10.05	49.98	27.51	49.01	36.88	27.51	58.24	64.35	12.73	29.15	14.21	0.0	44.1	24.17	64.9	13.04	4.24	18.11	33.62	39.2	44.55	8.06	24.04	23.6	25.0	6.08	57.57	37.22	28.46	46.17	9.22	26.4	22.83	50.12	32.89	34.71	38.01	26.68	49.24	19.92	42.94	66.03	9.43	20.4	37.05	54.74	33.62	38.21	16.12	10.05	22.67	47.17	7.62	50.99	57.01	18.97	51.62	34.48	13.42	9.22	61.4	37.05	35.06	9.49	55.04	56.29	31.78	11.7	50.45	46.17	17.26	33.02	12.04	29.15	64.66	15.0	41.23	30.36	17.46	57.58	46.01	42.72	10.3	45.49	18.11	24.08	2.24	17.69	35.85	27.02	56.22	15.52	5.0	17.12	42.45	34.18	17.72	37.85	45.22	51.42	53.15	6.08	52.15	47.85	45.97	45.0	8.54	29.0	42.05	11.66	52.01	58.52	
32.25	16.49	24.33	29.07	23.85	22.8	45.45	40.46	30.41	45.18	20.81	40.16	36.24	23.43	24.76	38.0	23.32	29.07	44.55	41.11	27.17	61.62	44.2	33.54	49.19	32.39	32.56	41.19	40.5	12.21	34.79	27.73	46.57	18.6	20.62	20.25	31.76	36.4	44.82	44.1	0.0	53.34	20.81	56.22	48.26	35.51	37.48	14.76	18.38	41.23	45.62	48.76	21.4	49.74	19.31	35.47	34.48	30.48	51.09	37.34	38.91	23.85	35.51	17.26	46.39	31.95	8.94	34.99	22.02	22.02	53.54	32.76	41.11	22.67	41.77	43.32	39.41	49.52	43.83	28.28	43.46	36.4	13.6	31.58	22.36	14.56	44.64	50.99	23.09	37.34	40.52	51.86	28.43	21.63	44.55	48.1	16.97	38.64	40.61	44.15	56.04	40.8	21.4	58.41	40.01	46.27	44.72	17.46	42.19	36.22	49.77	18.44	39.46	21.84	45.28	44.65	24.7	17.46	26.87	56.59	42.64	29.73	7.81	13.0	35.23	16.0	17.03	17.69	38.08	38.6	31.76	34.48	10.3	42.54	39.62	25.3	6.08	46.01	17.72	20.25	
34.01	37.8	31.83	44.72	59.41	31.89	11.18	20.4	67.19	8.49	58.86	16.12	63.2	32.28	77.42	47.3	58.42	51.88	42.54	15.65	30.61	19.65	11.0	40.45	29.41	26.08	22.56	23.54	33.84	53.76	20.62	44.29	60.73	34.89	59.67	72.01	31.02	20.25	11.05	24.17	53.34	0.0	72.8	20.25	23.02	40.79	22.85	54.82	44.69	31.95	8.6	5.0	32.2	26.4	59.55	59.3	21.4	66.12	17.69	17.8	14.87	67.47	23.71	37.64	21.0	22.63	54.67	18.36	60.83	74.4	24.76	20.59	60.21	53.82	19.65	61.61	14.56	15.0	9.9	66.37	31.78	41.76	66.89	40.2	68.15	39.41	37.58	30.61	62.63	59.54	58.25	18.38	51.0	56.4	55.66	12.53	51.74	34.93	41.11	17.26	23.6	16.55	74.63	21.47	28.64	54.42	41.63	60.83	68.59	32.57	33.02	61.85	41.76	40.45	25.94	9.22	55.15	40.52	53.34	15.65	19.92	25.0	55.15	40.5	18.38	40.36	61.13	52.5	43.42	23.35	45.69	39.22	59.24	67.74	19.1	29.07	48.83	12.65	66.73	60.31	
45.88	35.0	41.68	38.21	37.01	41.05	65.76	61.22	40.02	64.4	34.0	58.31	49.25	44.2	5.1	56.29	37.0	34.06	63.89	59.17	43.83	82.33	64.38	53.14	69.84	49.19	53.08	57.01	60.84	20.25	53.0	37.34	62.0	38.9	20.1	1.0	52.48	54.2	65.07	64.9	20.81	72.8	0.0	77.01	69.07	55.03	54.13	30.41	30.68	61.72	64.64	68.01	41.73	70.49	19.03	50.01	52.48	40.79	71.84	55.76	58.01	31.05	52.33	35.23	62.39	50.48	18.36	54.67	34.06	2.0	74.33	52.5	56.01	27.0	58.6	58.03	59.46	70.18	63.01	37.85	63.95	46.17	9.06	51.26	28.16	33.42	64.62	71.59	19.65	52.01	56.01	72.62	34.01	24.02	61.2	68.62	24.52	50.99	60.08	61.27	76.84	58.67	6.4	79.2	54.41	63.39	64.2	16.0	53.94	49.73	70.21	29.07	58.82	42.05	66.04	64.54	40.11	38.08	31.06	77.23	63.41	50.25	24.04	32.56	55.23	32.76	28.02	24.33	47.04	59.41	40.05	45.54	22.2	54.74	60.31	43.83	24.08	66.48	22.56	19.1	
48.09	44.28	41.48	57.71	53.67	40.16	15.0	15.81	60.17	23.54	54.2	31.14	53.37	32.8	80.92	35.51	52.77	64.33	28.0	31.26	41.77	6.32	17.0	31.02	13.0	39.12	24.6	40.45	21.84	60.83	33.06	56.89	47.01	38.59	68.54	76.4	25.61	34.0	16.0	13.04	56.22	20.25	77.01	0.0	8.94	30.36	38.05	52.2	54.08	19.92	24.74	22.47	35.85	10.05	68.03	49.24	34.06	58.87	5.39	31.0	27.0	63.13	38.0	44.78	39.56	33.38	60.54	26.48	55.95	78.24	6.08	27.89	48.26	64.2	36.5	49.09	21.21	8.06	24.33	60.01	18.44	57.01	69.43	31.78	64.66	45.18	23.02	13.15	71.69	48.84	46.27	4.47	63.35	66.13	42.0	11.0	60.54	51.09	28.28	34.93	3.61	32.25	77.16	2.24	45.28	40.05	27.0	68.43	57.56	48.01	16.12	58.52	29.43	37.01	13.0	19.1	48.75	39.6	65.0	5.0	13.6	27.29	55.17	45.28	24.74	47.93	58.25	61.47	59.0	17.69	59.41	54.04	58.8	56.44	17.0	37.64	53.54	13.04	65.0	68.94	
44.28	37.64	36.12	53.01	44.72	34.37	13.6	9.06	51.26	23.02	45.28	29.15	44.72	25.06	72.8	27.07	43.83	59.21	20.4	29.55	37.0	15.23	15.26	22.14	6.4	35.36	18.25	38.63	13.15	53.85	29.61	52.04	39.32	31.38	61.98	68.51	16.97	31.05	14.42	4.24	48.26	23.02	69.07	8.94	0.0	21.59	35.44	43.42	48.05	11.18	24.41	23.35	28.79	3.61	61.35	40.61	30.59	49.98	6.08	28.16	24.35	54.2	34.93	38.33	38.95	29.15	53.23	22.2	47.01	70.21	5.39	23.02	40.01	58.25	34.93	41.01	17.72	8.06	23.32	51.08	10.0	53.46	61.22	22.85	55.76	38.28	15.3	7.81	65.15	40.31	38.01	6.0	58.22	59.91	34.23	10.63	54.12	48.27	20.0	34.0	7.81	30.46	68.88	10.82	43.01	32.56	19.42	61.47	49.16	44.91	10.0	49.65	21.02	28.32	4.12	18.03	39.81	31.24	59.54	12.04	7.0	20.62	46.69	38.08	20.1	41.48	49.41	55.08	55.58	9.85	55.01	50.36	50.21	48.09	11.0	32.14	46.07	11.4	56.22	62.3	
46.87	32.57	35.85	52.0	24.21	33.12	29.61	20.4	29.97	36.77	25.46	38.83	23.19	19.24	57.78	6.71	23.43	56.32	9.06	39.66	38.28	36.69	30.08	2.0	18.36	39.7	22.2	46.75	8.54	45.01	36.12	50.7	20.59	25.63	54.04	54.71	11.4	38.29	29.83	18.11	35.51	40.79	55.03	30.36	21.59	0.0	42.45	25.55	43.42	10.44	38.08	38.9	24.6	20.62	53.01	19.1	36.8	28.64	27.29	36.4	34.13	34.06	41.01	33.84	49.41	33.94	43.05	29.41	26.91	55.71	25.08	28.43	19.42	52.77	44.2	20.88	28.64	28.02	36.25	30.02	12.08	55.57	46.24	4.0	36.07	32.02	10.0	19.42	57.01	19.0	17.46	27.46	55.36	53.34	15.81	29.07	47.38	52.8	5.1	44.65	28.23	40.22	53.23	31.95	49.52	15.56	9.22	52.04	28.02	49.2	17.03	30.48	4.0	14.0	17.46	32.57	19.21	19.03	55.54	33.54	21.1	21.93	31.02	30.59	27.46	36.4	30.61	48.37	57.8	17.46	54.63	52.48	33.54	27.07	21.84	32.45	36.0	28.28	37.8	54.01	
11.18	21.1	13.15	21.95	51.92	15.0	23.09	27.31	60.17	15.3	50.22	7.07	59.93	25.06	59.09	48.92	50.96	29.15	48.41	7.28	10.44	40.2	21.1	41.11	40.85	5.1	20.62	4.47	39.41	34.0	6.4	21.63	62.63	22.56	38.29	53.23	31.11	4.47	22.09	33.62	37.48	22.85	54.13	38.05	35.44	42.45	0.0	44.55	23.85	38.28	14.56	18.03	21.19	38.9	38.42	56.82	5.66	59.48	33.24	7.28	11.18	57.43	2.0	20.22	9.0	8.6	35.85	13.89	52.17	55.95	39.81	14.21	59.91	31.83	4.47	61.85	17.72	30.15	14.14	58.69	39.45	19.24	50.0	39.82	57.14	23.09	44.65	42.72	41.04	57.8	58.25	34.23	28.3	34.66	58.14	27.07	30.81	13.04	45.34	7.21	40.31	6.32	57.25	40.01	7.62	58.0	47.8	40.22	66.19	10.05	43.86	51.35	45.28	34.44	35.85	19.0	49.04	31.62	30.81	35.06	28.79	20.52	42.0	25.02	16.12	21.84	50.25	31.4	21.1	28.65	22.85	16.49	46.01	65.76	25.08	13.15	31.78	25.18	54.01	39.05	
42.54	24.7	32.28	42.01	9.22	29.83	44.94	37.59	16.64	47.68	6.4	45.0	21.47	22.56	32.57	25.96	8.6	43.19	34.01	46.0	35.44	58.25	44.27	23.85	42.45	39.81	32.28	48.84	32.65	26.93	40.05	40.61	32.39	22.09	35.34	30.27	26.63	42.11	44.6	39.2	14.76	54.82	30.41	52.2	43.42	25.55	44.55	0.0	31.24	33.97	48.51	50.99	24.0	43.86	34.01	20.88	40.11	16.4	47.71	42.0	42.19	13.0	42.58	26.0	53.46	37.05	23.71	37.34	8.06	30.81	48.17	35.23	26.68	37.2	48.26	28.86	40.26	47.01	46.53	14.76	36.12	48.55	21.38	22.2	13.34	22.85	35.51	43.93	37.7	22.8	26.31	48.26	42.45	36.36	31.0	46.52	31.4	49.24	30.41	50.09	51.09	46.01	27.86	54.2	49.04	33.06	34.44	31.95	27.46	46.24	42.01	7.07	29.07	15.26	39.7	45.61	10.2	14.32	41.23	53.85	39.45	29.83	7.28	20.62	36.67	26.42	6.32	32.2	50.48	34.99	44.82	46.14	8.25	27.78	37.58	31.4	19.1	44.78	12.81	34.93	
15.3	11.05	13.04	10.82	40.36	13.93	40.25	39.05	47.8	36.24	37.64	29.0	51.74	25.08	35.74	48.1	39.62	13.0	51.97	29.73	14.14	58.18	38.47	41.48	51.24	19.21	29.83	26.4	45.1	10.44	24.08	9.43	59.54	18.11	15.0	29.73	35.06	24.76	39.36	44.55	18.38	44.69	30.68	54.08	48.05	43.42	23.85	31.24	0.0	45.01	36.12	39.7	20.0	50.64	14.87	50.0	23.35	47.63	48.7	26.91	30.0	42.06	22.2	10.0	31.78	22.2	13.04	28.18	39.2	32.57	53.37	26.4	54.92	10.2	28.3	57.14	33.54	46.24	34.83	45.8	47.0	18.03	28.02	39.56	40.72	11.4	50.25	53.24	18.03	51.61	53.85	49.65	12.08	12.08	56.36	43.86	7.07	21.0	48.05	31.06	55.08	29.07	34.53	56.3	23.77	57.38	51.79	16.4	58.05	19.24	53.04	36.36	47.3	30.08	46.39	37.74	39.7	25.08	12.17	52.8	41.23	27.46	25.55	13.0	29.55	7.07	34.99	7.81	19.7	38.47	13.6	16.28	28.64	58.14	37.36	16.55	12.53	41.63	36.06	15.62	
