140
0.0	48.17	28.79	37.36	19.21	55.17	34.67	40.25	29.15	42.05	51.48	48.17	14.14	46.39	8.25	9.0	45.12	34.71	32.02	53.6	36.8	14.14	44.28	26.63	27.46	35.9	60.14	15.81	44.91	48.26	22.67	20.22	32.2	46.49	40.31	43.1	20.25	30.36	59.46	20.4	23.41	37.48	19.0	32.76	50.93	24.41	16.12	37.7	15.81	26.68	61.52	44.38	55.23	13.34	49.58	34.21	49.16	49.0	57.2	40.0	32.25	32.14	55.9	46.62	33.29	20.52	44.1	48.92	26.31	37.0	29.21	48.85	37.12	40.85	39.22	49.4	5.0	65.95	22.2	32.2	29.27	57.31	20.25	35.85	8.54	15.3	23.43	68.59	16.16	5.66	38.08	57.14	50.09	59.36	32.53	39.92	16.64	15.81	37.48	19.65	26.25	11.4	46.53	41.18	24.76	56.82	37.34	41.98	42.38	36.89	41.23	34.13	57.2	23.41	40.79	26.48	27.02	18.03	2.0	27.8	35.23	62.97	57.98	46.32	57.49	22.85	16.16	13.6	40.85	39.0	19.65	58.82	21.19	50.99	35.23	50.54	8.06	37.11	29.27	14.04	
48.17	0.0	26.48	26.31	52.77	8.25	51.48	18.44	43.93	18.97	15.56	43.08	59.67	44.27	44.94	55.22	28.64	13.45	44.01	11.7	12.08	57.2	18.79	49.04	48.76	24.02	12.04	56.3	46.57	44.01	70.84	40.8	51.97	18.79	12.04	40.52	68.25	45.1	11.31	41.76	42.38	11.18	36.24	29.0	5.1	24.08	47.54	22.2	44.38	42.43	13.6	53.76	11.4	41.88	5.83	14.21	43.46	34.54	14.14	36.88	36.22	29.27	21.1	21.1	18.44	51.89	30.08	6.4	37.36	24.19	20.12	15.81	15.3	21.84	23.54	55.79	52.01	17.8	40.26	16.4	36.67	14.56	29.15	18.25	45.79	40.82	50.33	20.62	45.31	48.83	45.28	16.76	13.45	14.0	15.81	21.59	64.35	62.37	42.3	33.62	21.93	44.29	16.64	12.0	72.92	14.87	41.3	45.89	50.64	16.03	10.0	39.05	10.2	29.73	29.12	31.58	54.13	64.54	46.69	20.52	36.01	14.87	17.72	22.85	9.43	46.32	63.03	47.17	17.12	21.38	43.01	16.12	31.38	31.62	13.89	12.73	42.44	45.18	28.86	57.8	
28.79	26.48	0.0	9.0	42.05	30.87	49.77	12.04	41.63	13.6	37.48	25.24	42.72	24.84	22.47	33.02	17.0	16.49	18.44	27.2	15.0	41.77	15.81	43.68	43.97	31.4	36.77	42.3	25.5	25.81	49.93	14.76	48.7	36.06	25.96	20.62	46.62	19.1	36.4	15.65	37.0	16.0	28.46	5.83	26.93	16.4	22.2	8.94	19.21	16.03	37.58	30.41	37.05	30.15	25.08	18.03	26.08	47.43	30.61	16.4	38.01	32.56	27.46	17.89	8.06	42.19	41.62	24.17	34.89	8.25	8.94	35.9	25.08	12.08	10.44	33.84	30.89	43.08	13.93	17.89	36.36	40.01	10.05	26.42	23.02	30.41	42.76	44.29	20.0	26.93	21.47	29.7	35.36	40.31	13.6	11.18	45.19	44.6	18.87	9.43	14.14	20.62	18.44	26.93	52.15	40.0	18.03	23.6	27.29	10.77	16.76	14.76	36.67	5.39	13.15	5.1	27.66	46.82	28.16	15.62	39.82	39.4	30.41	38.48	35.44	19.92	44.94	35.01	30.46	10.3	17.0	31.89	7.62	23.0	20.25	35.23	21.02	21.02	29.83	41.98	
37.36	26.31	9.0	0.0	51.04	28.28	58.19	8.0	49.98	8.25	39.92	18.44	51.42	18.87	30.46	40.71	8.0	20.62	18.68	23.09	17.49	50.64	9.85	52.39	52.63	37.54	34.37	51.24	20.62	19.21	57.71	20.62	57.28	39.96	29.68	14.76	54.2	20.25	34.23	21.26	45.61	18.36	37.11	5.0	25.02	24.17	28.43	4.12	25.81	18.87	34.71	27.46	37.66	39.12	23.02	22.67	19.1	53.08	26.0	10.77	45.65	39.66	20.52	10.63	11.31	51.16	47.38	22.02	43.08	2.24	15.26	38.91	29.83	5.39	3.16	29.73	39.0	40.61	19.1	23.35	44.28	40.79	19.03	31.83	30.87	39.32	51.62	40.8	26.4	34.93	19.03	24.19	37.7	40.2	18.38	5.1	53.49	53.16	16.03	17.72	21.47	28.18	13.0	30.53	59.94	41.0	15.03	19.65	24.33	11.18	16.49	13.15	36.06	14.14	4.47	11.18	30.89	55.36	36.88	22.47	47.17	36.67	24.7	43.01	34.01	24.21	53.45	44.01	35.0	5.0	22.67	26.83	16.28	14.0	24.84	37.34	29.41	19.0	37.22	50.8	
19.21	52.77	42.05	51.04	0.0	60.84	17.46	51.35	15.52	53.34	50.21	65.0	14.04	63.6	26.93	25.81	59.03	40.5	50.16	61.35	43.97	10.05	55.44	10.0	11.0	32.53	64.5	7.0	62.63	65.25	29.0	38.08	14.56	43.86	41.88	59.91	29.27	48.75	63.63	38.48	12.21	44.27	16.55	47.27	56.86	30.08	35.23	50.04	34.48	44.78	66.24	63.06	56.22	12.04	56.08	39.0	65.97	39.92	64.85	56.29	22.83	26.91	66.29	58.31	43.42	2.0	36.72	55.71	17.8	50.0	38.47	47.38	38.28	53.08	52.01	67.98	22.67	69.34	39.92	36.77	20.25	57.38	32.02	35.81	27.46	12.37	6.0	73.06	34.99	24.84	56.08	65.8	49.58	60.44	39.56	52.09	21.02	17.0	55.03	34.71	32.98	30.02	56.89	42.44	30.07	56.64	54.71	59.81	60.84	46.69	49.04	51.24	59.64	37.22	55.15	41.59	46.23	18.11	18.03	33.53	25.5	67.23	66.76	42.01	61.06	41.68	18.0	7.07	39.7	51.09	38.01	66.73	35.36	65.03	38.91	50.33	25.5	55.15	25.5	11.05	
55.17	8.25	30.87	28.28	60.84	0.0	59.68	20.4	52.17	20.1	21.02	42.76	67.2	44.41	51.22	61.72	28.28	20.81	46.87	6.71	18.38	64.9	19.0	57.28	57.01	32.14	6.08	64.14	47.17	43.74	77.78	45.62	60.21	25.71	20.22	41.11	75.01	48.27	6.0	46.52	50.6	17.69	44.28	32.02	4.24	31.62	52.84	24.52	49.74	46.17	6.71	55.01	14.21	49.74	5.83	21.95	42.95	41.48	7.21	38.0	44.41	37.48	16.4	20.22	23.32	60.01	37.48	6.71	45.61	26.48	26.25	22.14	23.54	23.09	25.18	56.32	58.73	12.37	44.78	24.19	44.91	16.97	35.47	26.48	52.01	48.76	58.52	13.6	50.61	55.32	47.1	10.63	19.31	14.42	22.67	23.19	71.59	69.81	44.1	39.12	29.21	50.22	16.03	20.1	79.91	17.69	43.1	47.01	52.0	20.12	14.42	41.44	10.0	34.99	30.0	35.85	58.19	72.01	53.81	28.02	44.1	8.54	11.4	29.83	6.71	50.7	70.43	55.07	25.0	23.35	47.85	8.94	36.89	29.73	21.93	18.38	48.92	47.17	37.11	65.46	
34.67	51.48	49.77	58.19	17.46	59.68	0.0	56.09	8.25	58.05	43.86	74.69	31.4	73.82	41.11	42.49	65.8	42.11	62.2	62.07	46.17	27.46	59.84	8.06	7.21	27.66	61.85	24.33	73.57	75.13	46.17	50.45	3.0	37.16	39.46	69.77	46.69	61.22	60.88	51.09	13.04	46.1	21.47	55.54	56.32	34.21	49.58	56.04	48.08	57.01	63.79	75.6	51.26	22.63	56.14	40.05	75.58	27.59	65.19	65.74	15.3	22.2	69.12	62.97	48.27	15.52	26.63	56.08	15.3	56.61	43.42	41.23	36.22	58.69	58.24	80.21	38.95	65.46	52.01	38.12	15.0	51.48	40.25	33.24	41.87	21.26	11.7	69.92	48.8	40.22	67.68	67.03	44.01	55.15	42.43	57.72	38.33	34.23	66.04	44.94	37.11	43.86	60.41	39.62	47.04	50.57	65.51	71.02	73.01	50.8	51.09	61.91	55.66	46.07	62.63	51.0	60.96	35.06	33.02	36.67	16.16	64.29	68.03	34.0	57.97	55.17	35.23	21.1	35.17	56.75	50.99	67.19	44.78	71.57	39.0	44.94	38.9	66.85	23.0	28.44	
40.25	18.44	12.04	8.0	51.35	20.4	56.09	0.0	47.85	2.0	32.65	25.06	53.85	26.0	34.41	45.0	11.31	15.26	26.48	15.65	11.4	52.5	4.12	51.16	51.24	32.76	26.48	52.63	28.16	25.94	61.85	26.4	55.58	33.42	23.35	22.14	58.6	27.89	26.31	27.2	44.18	12.04	36.01	11.7	17.03	22.09	34.06	4.12	31.14	26.0	26.93	35.36	29.83	39.32	15.03	17.49	25.55	47.51	18.87	18.44	42.38	35.85	15.65	7.0	8.0	51.16	42.01	14.04	40.79	6.08	13.0	31.91	24.21	3.61	5.1	37.36	42.72	32.76	25.24	18.79	41.48	32.98	20.25	26.63	35.0	39.12	51.0	33.24	31.89	38.83	27.02	17.69	30.41	32.25	13.93	3.16	56.82	55.95	24.02	21.4	19.1	32.65	6.4	24.08	64.07	33.24	23.02	27.46	32.25	5.39	8.94	21.1	28.07	17.2	10.77	16.4	38.08	58.18	39.4	19.42	43.46	28.86	18.38	36.8	26.02	30.89	56.36	44.55	29.0	3.0	28.6	20.0	19.42	16.12	19.42	29.97	32.76	27.0	33.84	52.81	
29.15	43.93	41.63	49.98	15.52	52.17	8.25	47.85	0.0	49.82	37.74	66.65	29.15	65.86	34.67	37.64	57.57	34.01	54.67	54.23	38.05	25.18	51.62	6.4	5.66	20.62	54.71	22.36	65.73	67.12	44.18	43.14	8.06	31.06	32.02	61.77	44.0	53.81	53.76	43.84	5.83	38.01	13.6	47.42	48.66	25.96	43.01	47.8	41.23	49.58	56.61	68.12	44.72	16.12	48.37	32.0	67.54	24.6	57.43	57.71	8.6	14.87	61.03	54.74	40.02	13.6	22.02	48.26	7.07	48.38	35.17	34.99	28.64	50.45	50.0	72.62	33.84	58.69	44.6	30.02	7.28	45.28	32.25	25.71	35.51	14.42	9.85	62.97	42.01	34.44	60.0	59.14	37.59	48.76	34.23	49.48	36.12	32.25	58.25	37.2	28.86	37.2	52.24	32.28	45.4	44.42	57.69	63.25	65.44	42.58	43.01	54.08	48.85	38.08	54.42	43.05	54.41	33.54	27.31	28.44	10.63	57.25	60.13	28.43	50.92	48.17	33.24	16.28	28.23	48.51	43.86	59.41	36.89	63.32	31.06	38.47	32.2	59.2	15.13	26.17	
42.05	18.97	13.6	8.25	53.34	20.1	58.05	2.0	49.82	0.0	33.62	24.17	55.71	25.3	36.06	46.62	10.0	17.0	26.93	14.87	13.04	54.41	2.24	53.15	53.24	34.48	26.17	54.57	27.66	25.08	63.51	27.66	57.56	34.71	24.76	21.59	60.22	28.46	26.08	28.43	46.17	13.6	38.01	12.53	17.03	24.08	35.38	5.0	32.53	26.83	26.48	35.13	30.36	41.3	15.03	19.24	24.6	49.04	17.89	18.11	44.27	37.7	13.89	5.0	10.0	53.15	43.6	14.04	42.76	6.71	15.0	33.02	25.81	3.0	5.1	36.88	44.42	32.39	26.4	20.62	43.42	33.53	22.14	28.3	36.62	41.11	53.0	32.57	33.24	40.5	27.02	16.4	31.38	32.56	15.81	3.16	58.59	57.78	24.02	23.02	21.1	34.21	5.0	25.46	65.73	33.84	23.02	27.17	32.06	7.28	10.0	21.38	28.28	18.87	10.2	17.69	38.91	60.01	41.23	21.38	45.31	28.44	17.03	38.18	26.02	31.91	58.18	46.53	30.48	3.61	29.83	18.87	21.1	14.42	21.1	30.89	34.48	27.07	35.74	54.71	
51.48	15.56	37.48	39.92	50.21	21.02	43.86	32.65	37.74	33.62	0.0	57.71	60.22	58.6	50.7	59.81	43.57	21.1	55.9	26.63	22.8	57.01	33.84	43.83	43.27	17.69	20.22	55.32	60.54	58.59	73.43	50.01	45.18	6.71	12.04	54.63	71.55	56.57	19.24	51.01	38.29	21.84	35.0	41.48	20.0	27.89	55.44	35.85	52.35	53.24	22.2	67.05	8.0	41.62	21.26	20.0	58.18	21.1	28.18	50.7	29.15	23.43	36.4	36.4	29.83	48.84	18.25	21.93	32.65	37.7	29.07	2.83	14.56	36.24	37.58	69.64	56.08	22.2	50.01	21.1	30.81	7.62	36.22	15.65	51.66	40.0	46.23	27.07	53.34	53.76	58.24	31.38	2.24	11.4	24.08	35.78	66.04	63.25	55.36	42.05	27.29	50.99	32.02	11.05	75.29	6.71	54.41	59.46	63.89	28.79	23.71	51.66	13.04	39.01	43.38	42.3	64.0	65.22	49.66	25.32	27.73	22.02	32.25	10.2	16.28	56.0	64.07	46.23	10.82	35.34	52.04	29.97	40.01	47.01	18.03	2.83	47.8	57.97	24.76	57.8	
48.17	43.08	25.24	18.44	65.0	42.76	74.69	25.06	66.65	24.17	57.71	0.0	62.03	2.83	40.05	48.26	14.56	39.05	17.46	36.35	35.81	62.29	24.35	68.15	68.54	55.87	48.51	63.64	6.4	1.0	64.33	28.02	73.41	58.25	48.01	5.1	60.42	19.65	48.66	28.0	61.74	36.62	53.23	19.42	40.52	41.62	34.23	22.2	33.02	22.09	48.26	14.76	54.42	53.76	38.6	41.11	1.0	71.51	38.05	8.94	63.25	57.63	29.07	22.56	29.73	65.52	65.8	37.64	60.03	20.62	33.3	56.94	48.27	21.47	20.25	14.14	48.01	54.23	26.02	41.73	61.59	57.58	34.44	50.25	40.01	54.42	66.73	53.0	33.06	44.0	12.08	35.0	55.47	56.32	36.8	21.95	62.2	63.01	11.18	30.36	39.2	37.01	26.93	48.83	66.49	57.94	11.05	8.6	12.81	29.41	34.0	14.04	51.92	28.64	14.42	23.77	29.97	65.03	48.37	40.46	65.0	50.25	35.01	61.4	49.24	27.46	63.03	57.97	53.41	22.47	29.02	38.0	30.08	14.14	43.28	55.01	40.31	13.0	55.0	62.2	
14.14	59.67	42.72	51.42	14.04	67.2	31.4	53.85	29.15	55.71	60.22	62.03	0.0	60.13	22.0	15.65	59.23	46.4	45.4	66.37	49.09	4.0	57.94	24.02	25.02	43.05	71.7	7.07	58.42	62.07	15.03	34.01	28.44	54.38	50.25	57.01	15.3	43.57	70.94	34.06	24.74	49.65	25.24	46.87	63.01	35.61	28.64	51.55	29.15	40.2	73.25	57.01	65.19	18.6	61.85	45.45	63.03	52.89	69.97	54.04	35.44	38.01	69.46	60.41	46.52	16.03	49.04	61.29	29.73	50.96	42.06	57.43	46.75	54.71	53.16	62.1	14.32	77.16	36.01	43.28	32.57	66.84	33.62	44.82	22.02	20.25	20.02	80.28	29.27	18.11	51.48	70.24	59.2	69.43	44.65	53.76	7.0	3.16	51.16	33.73	38.01	25.02	60.01	50.99	16.28	66.22	51.09	55.44	55.32	50.09	53.85	48.01	67.88	37.36	54.92	40.61	38.08	5.0	14.56	39.2	38.33	74.52	71.12	53.24	68.68	35.69	4.12	14.32	49.41	52.81	33.14	71.69	35.17	65.12	46.01	59.82	22.2	50.49	35.85	3.0	
46.39	44.27	24.84	18.87	63.6	44.41	73.82	26.0	65.86	25.3	58.6	2.83	60.13	0.0	38.21	46.1	16.12	39.41	15.13	38.12	36.36	60.53	25.71	67.12	67.54	55.9	50.25	61.98	3.61	2.24	61.98	26.17	72.45	58.83	48.55	4.24	58.05	17.26	50.36	26.08	60.83	37.22	52.35	19.1	41.98	41.23	32.06	22.83	31.02	20.0	50.09	12.08	55.66	52.55	40.02	41.4	3.61	71.7	40.0	8.49	62.8	57.38	31.26	24.19	30.0	64.2	65.95	39.05	59.36	21.1	33.24	57.71	48.6	22.47	21.02	12.0	46.01	56.08	24.19	41.87	61.03	58.82	33.62	50.45	38.12	53.31	65.55	55.04	31.0	42.05	9.49	37.05	56.36	57.72	37.01	22.85	60.07	61.01	9.0	29.15	38.95	35.13	28.44	49.4	64.13	59.14	9.06	5.83	10.0	30.02	34.93	12.37	53.37	27.78	15.23	22.83	27.31	63.0	46.69	40.31	64.66	52.09	37.12	61.85	50.8	25.18	61.0	56.61	53.82	23.26	27.02	40.05	29.07	16.49	43.6	55.95	38.64	10.44	54.67	60.41	
8.25	44.94	22.47	30.46	26.93	51.22	41.11	34.41	34.67	36.06	50.7	40.05	22.0	38.21	0.0	10.63	37.95	31.76	23.77	48.8	33.02	22.36	38.28	33.24	33.97	37.0	56.61	24.04	36.67	40.11	27.46	12.04	38.9	46.53	38.9	35.01	24.21	22.14	56.04	12.17	28.84	33.84	22.47	25.63	47.01	22.8	8.49	31.38	7.62	18.44	57.8	36.25	53.31	18.6	45.45	31.78	41.05	51.62	52.35	32.06	36.06	34.37	49.93	40.31	28.28	28.02	46.27	44.69	30.46	30.41	25.0	48.27	36.14	34.48	32.65	41.23	8.54	62.68	14.04	30.08	33.24	55.71	15.81	35.51	1.0	20.25	30.48	64.82	8.06	4.47	29.83	51.86	49.04	57.27	29.15	33.62	23.09	23.19	29.27	13.04	23.77	3.16	40.8	39.85	29.68	55.36	29.15	33.73	34.18	31.83	36.88	26.02	54.59	17.2	33.53	19.31	19.85	25.32	8.94	25.63	38.9	59.41	52.63	47.1	54.38	14.76	23.35	20.62	40.61	32.76	11.4	53.81	15.0	43.68	33.24	49.34	3.0	28.86	31.26	22.2	
9.0	55.22	33.02	40.71	25.81	61.72	42.49	45.0	37.64	46.62	59.81	48.26	15.65	46.1	10.63	0.0	47.93	41.88	31.02	59.41	43.42	17.8	48.83	34.44	35.34	44.72	67.01	20.52	44.0	48.17	17.0	20.88	39.82	55.08	48.33	43.42	13.6	29.0	66.4	20.62	32.02	44.2	28.0	35.78	57.49	32.2	14.04	41.88	15.52	26.17	68.25	41.77	63.06	22.2	55.97	41.68	49.25	58.0	62.97	41.0	41.19	41.11	60.46	50.77	38.9	27.46	53.08	55.23	35.23	40.82	35.47	57.25	45.31	44.94	43.05	46.87	4.0	73.01	22.8	39.82	38.21	65.31	26.25	44.27	10.0	24.19	30.89	75.29	15.3	6.4	37.0	62.48	58.31	67.12	39.41	44.1	14.0	15.52	37.12	23.6	33.62	12.53	51.4	49.24	19.24	64.88	37.22	41.0	40.31	42.45	47.42	34.53	64.66	27.8	43.46	29.53	22.47	17.26	11.0	35.36	44.18	69.81	63.25	55.11	64.64	21.0	15.3	21.54	49.34	43.27	19.42	64.44	25.61	53.49	42.94	58.69	12.81	36.0	38.21	17.2	
45.12	28.64	17.0	8.0	59.03	28.28	65.8	11.31	57.57	10.0	43.57	14.56	59.23	16.12	37.95	47.93	0.0	26.4	22.2	22.02	22.67	58.55	9.85	60.21	60.42	43.83	34.13	59.21	19.0	15.52	64.88	27.29	65.0	44.69	34.66	13.04	61.27	24.21	34.23	27.78	53.37	23.35	44.91	12.37	25.96	31.62	34.99	9.85	32.65	24.08	34.01	27.17	39.92	47.1	24.04	28.6	14.87	58.8	24.08	10.77	52.8	46.53	16.16	8.06	17.89	59.14	53.26	23.09	50.6	9.22	22.47	43.01	35.47	7.81	7.62	28.07	46.49	40.01	25.55	29.68	51.62	43.08	27.02	37.8	38.28	47.27	59.54	39.2	33.12	42.38	20.25	21.38	41.34	41.76	24.7	8.6	61.03	60.88	17.46	25.5	28.79	35.47	12.37	35.38	67.12	43.46	16.55	19.24	24.33	16.4	20.0	16.4	37.36	22.09	4.47	18.68	35.47	63.06	44.72	29.55	54.12	36.01	21.59	48.1	34.71	29.83	61.13	52.01	40.31	9.43	29.15	24.33	24.19	6.0	30.61	40.82	37.11	20.62	44.28	58.69	
34.71	13.45	16.49	20.62	40.5	20.81	42.11	15.26	34.01	17.0	21.1	39.05	46.4	39.41	31.76	41.88	26.4	0.0	34.93	20.88	4.12	44.1	18.38	38.21	38.12	17.49	25.46	43.42	40.82	39.82	57.38	29.15	42.0	19.7	9.49	35.23	54.82	35.51	24.76	30.15	31.26	4.0	24.04	21.02	16.64	10.82	35.17	16.97	32.02	32.14	26.91	46.62	21.84	29.07	15.65	2.24	39.7	32.53	24.35	31.06	27.66	20.88	27.02	21.54	9.43	39.85	26.91	15.23	27.0	18.44	8.0	19.42	9.22	18.6	19.1	49.65	38.6	31.24	29.02	4.0	27.17	24.52	16.16	11.4	32.65	28.23	38.83	33.97	32.98	35.51	37.7	25.5	19.03	25.63	3.0	17.8	50.93	49.04	34.93	21.38	8.49	31.38	18.44	10.44	59.46	24.33	34.01	39.36	43.46	10.0	9.0	31.02	22.83	18.03	24.76	21.21	43.05	51.22	33.24	7.21	28.46	28.28	26.48	22.47	22.8	35.06	49.68	34.44	14.42	17.03	31.26	26.25	19.24	31.38	4.24	19.0	29.15	37.34	19.24	44.65	
32.02	44.01	18.44	18.68	50.16	46.87	62.2	26.48	54.67	26.93	55.9	17.46	45.4	15.13	23.77	31.02	22.2	34.93	0.0	41.76	33.24	46.1	28.46	54.92	55.47	48.76	52.95	47.8	13.04	17.26	46.87	12.08	60.46	54.41	44.38	13.0	42.95	2.24	52.77	11.7	49.2	34.23	41.11	15.03	43.42	32.76	17.0	22.36	16.28	5.39	53.37	13.45	55.04	39.96	41.44	36.4	18.44	64.88	44.6	12.04	53.15	48.83	38.08	28.64	26.17	50.99	59.06	40.45	48.8	20.4	27.2	54.34	43.32	24.04	21.84	18.03	31.14	59.23	10.3	36.06	50.93	58.08	23.6	44.38	23.54	41.05	52.84	59.48	16.12	27.29	6.08	42.54	53.76	58.01	32.02	23.77	45.01	46.1	6.32	17.69	31.3	20.62	31.62	45.35	49.03	58.14	6.71	10.05	10.82	28.0	34.01	5.83	54.08	18.36	18.36	13.93	13.45	48.04	32.57	33.11	55.44	55.32	42.95	56.65	52.35	10.05	46.04	43.38	48.7	23.54	12.37	45.31	18.6	26.17	38.6	53.6	24.7	5.1	45.8	45.89	
53.6	11.7	27.2	23.09	61.35	6.71	62.07	15.65	54.23	14.87	26.63	36.35	66.37	38.12	48.8	59.41	22.02	20.88	41.76	0.0	17.46	64.41	13.34	58.86	58.69	35.13	12.17	63.98	41.01	37.34	75.93	41.88	62.29	30.46	23.19	35.0	72.92	43.32	12.37	42.72	51.97	17.09	44.92	27.31	6.71	31.38	49.41	19.7	46.4	41.63	12.0	49.04	20.52	49.77	6.08	22.56	36.5	46.24	3.61	32.14	47.0	40.0	9.9	14.0	20.52	60.73	41.76	6.0	47.38	21.54	24.41	27.29	26.02	17.72	19.92	50.09	56.73	18.0	40.82	24.74	47.1	23.43	33.42	29.02	49.5	49.04	59.67	17.72	47.2	53.08	41.44	5.1	24.7	21.1	21.93	18.03	70.21	68.8	38.47	36.12	28.64	47.42	10.2	23.35	78.1	24.08	37.48	41.05	46.1	16.97	12.53	36.14	16.64	31.89	24.19	31.91	53.71	71.02	52.43	27.86	47.1	14.0	6.08	34.54	13.42	46.53	69.34	55.15	28.64	18.38	44.1	5.39	33.97	23.09	23.19	23.85	46.75	41.59	39.12	64.88	
36.8	12.08	15.0	17.49	43.97	18.38	46.17	11.4	38.05	13.04	22.8	35.81	49.09	36.36	33.02	43.42	22.67	4.12	33.24	17.46	0.0	47.01	14.32	42.11	42.05	21.47	23.6	46.52	38.01	36.62	59.4	28.86	46.01	22.47	12.21	32.25	56.64	34.06	23.02	29.83	35.13	1.0	27.66	18.68	14.14	13.93	35.47	13.6	32.31	31.02	24.84	44.27	22.09	32.31	12.81	6.32	36.4	36.12	21.02	28.18	31.78	25.0	23.0	17.46	7.07	43.42	30.61	12.21	31.02	15.26	8.06	21.54	12.81	14.87	15.62	47.01	40.36	29.68	28.44	8.06	31.26	25.02	17.2	15.26	33.84	31.62	42.58	31.89	33.24	37.01	35.44	21.84	20.62	25.5	4.47	14.14	53.26	51.61	32.57	21.54	11.18	32.25	14.32	13.04	61.52	25.0	31.62	36.77	41.11	6.4	5.1	28.86	22.14	17.72	21.4	20.02	42.43	53.82	35.47	10.44	32.57	26.4	22.8	25.61	21.47	34.53	52.2	37.7	17.69	13.45	31.05	22.85	19.31	27.46	8.06	20.4	30.61	35.17	23.35	47.51	
14.14	57.2	41.77	50.64	10.05	64.9	27.46	52.5	25.18	54.41	57.01	62.29	4.0	60.53	22.36	17.8	58.55	44.1	46.1	64.41	47.01	0.0	56.61	20.02	21.02	39.66	69.2	3.16	59.03	62.39	19.03	34.37	24.52	51.04	47.38	57.22	19.24	44.38	68.41	34.53	20.88	47.51	22.02	46.27	60.75	33.29	29.73	50.45	29.83	40.79	70.8	58.19	62.24	15.56	59.68	43.01	63.29	49.04	68.0	54.04	31.62	34.48	68.01	59.2	44.94	12.04	45.31	59.17	26.0	50.01	40.31	54.2	43.84	53.6	52.17	63.25	15.65	74.52	36.35	40.8	28.79	63.78	32.28	41.77	22.56	17.03	16.03	77.8	30.08	18.97	52.17	68.45	56.08	66.48	42.54	52.63	11.0	7.07	51.62	33.14	35.85	25.5	58.52	48.08	20.22	63.13	51.48	56.09	56.32	48.47	51.88	48.26	65.12	36.5	54.33	40.11	39.82	8.54	14.0	36.89	34.48	72.01	69.35	49.74	66.07	36.69	8.06	10.82	46.23	51.66	33.73	69.77	34.37	64.5	43.42	56.73	22.02	51.2	32.45	1.0	
44.28	18.79	15.81	9.85	55.44	19.0	59.84	4.12	51.62	2.24	33.84	24.35	57.94	25.71	38.28	48.83	9.85	18.38	28.46	13.34	14.32	56.61	0.0	55.08	55.15	35.78	25.02	56.75	28.28	25.3	65.73	29.73	59.41	35.36	25.61	22.2	62.43	30.08	25.0	30.48	48.09	14.76	40.0	14.42	16.28	26.02	37.48	7.07	34.66	28.65	25.18	36.01	30.08	43.42	14.32	20.62	24.7	50.0	16.16	19.0	45.88	39.22	11.66	3.16	12.04	55.23	44.65	13.34	44.55	8.6	17.03	33.42	26.93	4.47	6.71	37.48	46.65	31.14	28.43	22.14	45.12	33.24	24.35	29.53	38.83	43.19	55.01	31.05	35.36	42.72	28.16	14.42	31.62	32.02	17.46	5.0	60.83	60.01	25.18	25.24	23.02	36.4	3.16	26.25	67.96	33.62	24.19	28.02	33.0	9.06	10.63	22.8	27.66	21.1	11.0	19.8	40.71	62.24	43.46	23.19	46.82	27.17	15.0	38.95	25.18	33.84	60.42	48.66	31.4	5.66	31.89	17.0	23.32	13.45	22.36	31.06	36.72	28.28	37.36	56.92	
26.63	49.04	43.68	52.39	10.0	57.28	8.06	51.16	6.4	53.15	43.83	68.15	24.02	67.12	33.24	34.44	60.21	38.21	54.92	58.86	42.11	20.02	55.08	0.0	1.0	26.42	60.17	17.0	66.65	68.54	39.0	43.01	5.66	37.2	37.34	63.16	39.2	53.82	59.24	43.6	7.0	42.19	15.3	49.34	53.6	29.07	41.73	50.64	40.36	49.65	62.03	68.24	50.61	15.0	53.15	36.35	69.08	30.89	62.17	59.24	14.87	20.59	65.07	58.14	43.19	8.0	28.43	52.95	11.7	50.99	38.21	41.05	33.84	53.46	52.77	72.95	30.89	64.4	44.65	34.23	13.04	51.31	33.84	31.02	33.97	13.89	4.0	68.54	41.04	32.2	60.54	63.64	43.57	54.71	38.01	52.47	31.02	27.0	59.06	38.01	32.06	36.07	56.0	37.7	40.05	50.48	58.59	64.01	65.73	46.04	47.17	55.01	54.56	39.56	56.75	44.38	53.08	28.07	25.0	32.0	17.03	62.77	64.63	34.71	56.46	47.51	28.0	13.04	34.0	51.48	43.42	64.13	38.08	66.1	35.69	44.42	31.14	59.68	20.25	21.02	
27.46	48.76	43.97	52.63	11.0	57.01	7.21	51.24	5.66	53.24	43.27	68.54	25.02	67.54	33.97	35.34	60.42	38.12	55.47	58.69	42.05	21.02	55.15	1.0	0.0	25.94	59.81	18.0	67.12	68.94	40.0	43.6	5.0	36.62	37.0	63.56	40.2	54.41	58.87	44.2	7.07	42.11	15.52	49.65	53.37	29.15	42.45	50.8	41.04	50.22	61.68	68.82	50.12	15.62	52.95	36.22	69.46	30.02	61.98	59.62	14.21	20.12	65.03	58.22	43.29	9.0	27.66	52.77	11.4	51.2	38.33	40.5	33.53	53.6	52.95	73.5	31.76	63.98	45.22	34.13	12.53	50.77	34.18	30.68	34.71	14.42	5.0	68.15	41.73	33.02	61.06	63.51	43.05	54.2	38.0	52.61	32.02	28.0	59.54	38.47	32.14	36.77	56.01	37.34	41.05	49.93	59.06	64.5	66.29	46.1	47.1	55.47	54.13	39.92	57.01	44.78	53.81	29.07	25.81	32.02	16.28	62.39	64.5	34.06	56.08	48.17	29.0	13.89	33.54	51.62	44.05	63.95	38.48	66.29	35.51	43.91	31.83	60.21	19.92	22.02	
35.9	24.02	31.4	37.54	32.53	32.14	27.66	32.76	20.62	34.48	17.69	55.87	43.05	55.9	37.0	44.72	43.83	17.49	48.76	35.13	21.47	39.66	35.78	26.42	25.94	0.0	34.21	37.8	56.85	56.57	56.86	39.85	28.46	11.4	12.0	51.66	55.36	48.75	33.24	40.8	20.62	21.02	17.89	36.88	29.0	16.16	43.42	34.21	40.61	44.78	36.14	61.59	24.19	24.6	29.07	15.26	56.59	16.12	38.01	47.42	12.37	5.83	43.17	38.91	26.25	31.14	10.3	29.15	15.0	35.47	22.67	14.87	9.22	36.06	36.4	65.22	40.79	38.08	40.5	14.21	13.42	25.0	25.63	6.32	38.0	22.83	28.6	42.38	41.59	39.2	52.7	40.2	17.2	28.3	19.21	35.23	49.19	46.14	50.22	31.95	17.49	38.12	35.47	12.04	58.6	24.21	49.41	55.0	58.52	27.46	25.63	46.04	28.23	30.41	41.87	34.99	53.6	48.02	33.96	15.81	12.0	36.69	41.19	10.44	30.36	45.88	47.01	28.84	7.62	34.41	41.48	40.01	30.46	48.88	13.42	18.03	34.0	52.15	7.21	40.5	
60.14	12.04	36.77	34.37	64.5	6.08	61.85	26.48	54.71	26.17	20.22	48.51	71.7	50.25	56.61	67.01	34.13	25.46	52.95	12.17	23.6	69.2	25.02	60.17	59.81	34.21	0.0	68.24	53.08	49.5	82.81	51.48	62.64	26.0	22.85	47.04	80.16	54.34	1.0	52.39	53.71	22.8	48.02	38.08	9.85	36.12	58.59	30.59	55.47	52.2	2.0	61.0	12.37	53.82	11.7	26.25	48.66	41.3	11.18	44.01	46.57	39.85	21.02	26.08	29.07	63.53	38.0	12.65	48.47	32.56	31.62	22.02	26.4	29.15	31.26	62.2	63.89	6.32	50.7	28.43	47.43	14.32	40.8	29.15	57.43	52.7	61.74	8.6	56.36	60.61	53.15	14.76	19.03	10.82	27.66	29.27	76.38	74.41	50.16	44.78	33.94	55.76	22.0	22.47	84.9	15.23	49.16	53.0	58.01	26.0	20.12	47.52	7.28	40.71	36.01	41.79	64.2	76.58	58.69	32.56	45.89	2.83	15.26	30.02	4.0	56.65	75.07	59.08	26.68	29.43	53.71	12.21	42.54	35.17	25.81	18.03	54.2	53.24	39.92	69.81	
15.81	56.3	42.3	51.24	7.0	64.14	24.33	52.63	22.36	54.57	55.32	63.64	7.07	61.98	24.04	20.52	59.21	43.42	47.8	63.98	46.52	3.16	56.75	17.0	18.0	37.8	68.24	0.0	60.64	63.79	22.0	35.9	21.38	49.2	46.1	58.55	22.36	46.17	67.42	36.14	18.38	46.96	20.52	47.04	60.03	32.65	31.78	50.8	31.62	42.45	69.89	60.17	60.83	14.42	59.06	42.19	64.63	46.49	67.54	55.23	29.15	32.45	68.01	59.44	44.92	9.0	42.95	58.59	23.71	50.49	40.16	52.5	42.52	53.94	52.61	65.19	18.03	73.41	37.85	39.96	26.4	62.24	32.56	40.31	24.35	15.62	13.0	76.84	31.95	21.02	53.85	68.15	54.49	65.07	42.05	52.95	14.04	10.0	53.15	34.0	35.34	27.2	58.52	46.75	23.09	61.55	52.95	57.72	58.19	48.38	51.48	49.65	63.89	37.12	55.08	41.0	42.19	11.18	15.3	36.24	31.95	71.03	69.08	47.71	65.0	38.63	11.0	9.22	44.6	51.97	35.44	69.35	35.06	65.19	42.44	55.17	23.35	52.89	30.61	4.12	
44.91	46.57	25.5	20.62	62.63	47.17	73.57	28.16	65.73	27.66	60.54	6.4	58.42	3.61	36.67	44.0	19.0	40.82	13.04	41.01	38.01	59.03	28.28	66.65	67.12	56.85	53.08	60.64	0.0	5.66	59.54	24.74	72.07	60.42	50.12	6.08	55.58	15.0	53.15	24.52	60.54	38.91	52.15	20.0	44.55	41.73	30.02	24.7	29.27	18.25	53.01	8.54	57.97	51.89	42.58	42.72	7.07	72.8	43.05	9.85	63.13	57.98	34.53	27.02	31.38	63.32	67.01	41.59	59.41	22.85	34.21	59.51	49.93	24.74	23.09	9.22	44.18	59.01	22.8	43.01	61.22	61.13	33.6	51.61	36.5	52.77	64.88	58.14	29.15	40.31	7.0	40.2	58.31	60.21	38.28	25.0	58.0	59.14	7.62	28.65	39.62	33.54	31.14	51.0	61.66	61.4	8.06	3.0	6.4	31.78	37.0	11.66	55.9	27.8	17.46	22.8	24.35	61.07	45.35	41.11	65.12	55.01	40.31	63.29	53.46	23.0	59.08	55.71	55.23	25.3	25.32	43.19	28.84	19.92	44.94	57.94	37.36	8.0	55.17	58.86	
48.26	44.01	25.81	19.21	65.25	43.74	75.13	25.94	67.12	25.08	58.59	1.0	62.07	2.24	40.11	48.17	15.52	39.82	17.26	37.34	36.62	62.39	25.3	68.54	68.94	56.57	49.5	63.79	5.66	0.0	64.13	28.07	73.82	59.08	48.83	5.39	60.21	19.42	49.65	28.02	62.17	37.44	53.67	20.0	41.48	42.2	34.13	23.02	33.0	22.02	49.25	13.89	55.36	54.08	39.56	41.87	1.41	72.25	39.05	9.43	63.82	58.26	30.07	23.54	30.48	65.8	66.53	38.6	60.54	21.4	33.97	57.8	49.04	22.36	21.1	13.15	48.0	55.23	26.08	42.45	62.13	58.52	34.89	50.99	40.05	54.78	67.07	54.0	33.02	44.01	11.7	36.0	56.36	57.28	37.54	22.83	62.13	63.0	11.05	30.68	39.82	37.05	27.89	49.65	66.29	58.87	11.0	8.06	12.04	30.23	34.89	14.14	52.89	29.07	15.26	24.17	29.55	65.01	48.51	41.11	65.6	51.24	36.01	62.2	50.22	27.29	63.01	58.24	54.2	23.32	29.0	39.0	30.46	15.13	44.05	55.9	40.45	12.65	55.61	62.29	
22.67	70.84	49.93	57.71	29.0	77.78	46.17	61.85	44.18	63.51	73.43	64.33	15.03	61.98	27.46	17.0	64.88	57.38	46.87	75.93	59.4	19.03	65.73	39.0	40.0	56.86	82.81	22.0	59.54	64.13	0.0	37.7	43.19	67.98	62.68	59.67	4.0	44.72	82.13	37.34	39.62	60.11	39.0	52.77	73.54	47.01	30.36	58.83	32.31	42.45	84.17	56.0	77.67	32.31	72.14	56.85	65.31	67.68	79.51	57.57	50.22	52.2	77.39	67.74	55.44	31.0	63.6	71.45	44.38	57.8	51.66	70.71	59.36	61.91	60.03	61.01	19.21	88.62	39.56	54.82	47.3	79.61	42.52	57.8	26.93	34.18	35.0	91.24	31.95	23.02	52.61	79.2	72.2	81.84	55.17	61.06	8.06	12.0	53.15	40.5	48.92	29.53	68.24	63.51	2.24	79.08	53.37	56.57	55.08	59.03	63.7	50.96	79.81	44.65	60.42	46.53	36.0	11.18	24.21	50.45	53.15	85.63	80.0	67.23	80.16	36.88	11.0	28.86	62.65	60.21	36.06	81.06	42.44	70.38	57.8	72.72	29.21	51.62	49.77	18.03	
20.22	40.8	14.76	20.62	38.08	45.62	50.45	26.4	43.14	27.66	50.01	28.02	34.01	26.17	12.04	20.88	27.29	29.15	12.08	41.88	28.86	34.37	29.73	43.01	43.6	39.85	51.48	35.9	24.74	28.07	37.7	0.0	48.6	47.27	38.0	23.0	34.01	10.82	51.08	1.0	37.54	29.83	29.73	15.62	41.63	23.77	7.81	22.67	5.39	6.71	52.33	25.24	50.8	28.02	39.81	30.02	29.02	55.71	45.22	20.22	42.44	38.91	41.04	31.14	22.47	38.91	49.98	38.91	37.64	21.21	21.21	48.01	36.12	25.46	23.35	30.02	20.1	57.78	2.0	29.02	40.0	53.6	14.32	36.5	12.0	29.21	40.82	59.06	5.83	16.03	18.03	44.05	48.04	54.34	26.17	24.76	34.53	35.06	17.26	8.06	23.19	9.0	32.65	39.0	39.92	53.46	17.12	21.84	22.83	25.5	31.38	14.0	50.96	11.18	22.83	10.0	14.04	37.12	20.62	25.18	44.94	54.13	44.69	48.84	49.98	6.08	35.13	31.3	41.3	24.08	2.24	46.4	10.0	32.7	32.0	48.09	12.65	17.09	35.78	34.23	
32.2	51.97	48.7	57.28	14.56	60.21	3.0	55.58	8.06	57.56	45.18	73.41	28.44	72.45	38.9	39.82	65.0	42.0	60.46	62.29	46.01	24.52	59.41	5.66	5.0	28.46	62.64	21.38	72.07	73.82	43.19	48.6	0.0	38.47	40.02	68.45	43.74	59.41	61.68	49.2	11.7	46.0	20.25	54.42	56.72	33.54	47.38	55.32	46.01	55.22	64.56	73.82	52.39	20.62	56.44	40.01	74.32	29.83	65.49	64.47	16.16	22.8	69.01	62.51	47.68	12.65	28.43	56.32	15.0	55.79	42.76	42.49	36.67	58.05	57.49	78.49	36.36	66.48	50.22	38.0	15.3	52.77	39.0	33.73	39.62	19.42	8.94	70.84	46.69	37.8	66.04	67.19	45.19	56.36	42.11	57.07	35.36	31.26	64.5	43.42	36.5	41.73	60.13	40.26	44.05	51.88	64.01	69.46	71.28	50.36	51.0	60.42	56.65	44.78	61.68	49.66	58.73	32.06	30.61	36.22	17.49	65.15	68.18	35.51	58.82	53.15	32.25	18.6	36.06	56.09	49.04	67.48	43.38	70.83	39.12	46.1	36.8	65.19	23.19	25.5	
46.49	18.79	36.06	39.96	43.86	25.71	37.16	33.42	31.06	34.71	6.71	58.25	54.38	58.83	46.53	55.08	44.69	19.7	54.41	30.46	22.47	51.04	35.36	37.2	36.62	11.4	26.0	49.2	60.42	59.08	67.98	47.27	38.47	0.0	10.3	54.71	66.31	54.82	25.0	48.26	31.83	21.63	29.15	40.72	23.77	24.02	52.01	36.06	49.0	51.2	28.0	66.31	14.32	35.85	24.6	18.03	58.82	15.81	32.57	50.61	22.47	16.97	39.82	38.21	29.07	42.43	12.0	25.06	26.17	37.74	27.2	4.12	11.18	37.01	38.01	69.32	51.24	28.64	47.52	18.44	24.21	14.32	33.06	11.05	47.52	34.13	39.7	33.38	50.0	49.24	57.38	35.47	7.07	18.03	22.47	36.4	60.42	57.45	54.63	39.2	24.08	47.17	34.06	9.43	69.77	13.42	53.71	59.03	63.16	28.84	24.76	50.7	19.1	36.67	43.83	40.52	61.29	59.36	44.6	22.09	21.02	28.07	36.4	4.12	22.0	53.34	58.31	40.22	6.0	35.81	49.16	34.48	37.34	48.8	15.81	8.06	43.57	57.01	18.6	51.87	
40.31	12.04	25.96	29.68	41.88	20.22	39.46	23.35	32.02	24.76	12.04	48.01	50.25	48.55	38.9	48.33	34.66	9.49	44.38	23.19	12.21	47.38	25.61	37.34	37.0	12.0	22.85	46.1	50.12	48.83	62.68	38.0	40.02	10.3	0.0	44.42	60.54	44.91	21.93	39.0	30.87	11.4	25.61	30.46	17.0	16.16	43.42	25.81	40.31	41.44	24.7	56.08	15.0	31.83	17.12	8.06	48.6	24.41	26.02	40.31	24.19	17.26	31.62	28.6	18.79	40.82	19.24	17.26	25.63	27.46	17.26	10.05	3.61	26.91	27.8	59.03	44.72	27.46	38.05	9.06	24.74	17.0	24.19	6.32	39.85	30.48	38.91	31.3	41.3	42.15	47.17	28.28	10.2	19.21	12.37	26.25	55.61	53.15	44.38	30.02	15.3	39.05	24.7	1.0	64.64	16.55	43.46	48.75	52.92	18.6	15.0	40.5	17.8	27.07	33.6	30.59	52.01	55.23	38.59	13.34	24.0	25.5	29.27	13.45	19.24	44.01	53.91	36.88	5.83	25.61	40.01	28.02	28.0	39.05	6.0	10.44	36.06	46.82	17.09	48.08	
43.1	40.52	20.62	14.76	59.91	41.11	69.77	22.14	61.77	21.59	54.63	5.1	57.01	4.24	35.01	43.42	13.04	35.23	13.0	35.0	32.25	57.22	22.2	63.16	63.56	51.66	47.04	58.55	6.08	5.39	59.67	23.0	68.45	54.71	44.42	0.0	55.79	15.23	47.1	23.02	56.8	33.12	48.3	14.87	38.47	37.01	29.43	18.79	28.07	17.26	47.0	14.14	51.92	48.7	36.5	37.2	6.08	67.48	37.12	4.24	58.6	53.15	28.86	21.0	25.81	60.44	61.72	35.51	55.23	17.0	29.0	53.67	44.41	18.68	17.09	15.3	43.05	53.0	21.0	37.64	56.86	55.08	29.53	46.23	35.0	49.4	61.68	52.24	28.16	39.01	8.49	34.37	52.39	54.13	32.8	18.97	57.31	58.03	6.71	25.3	34.71	32.0	25.08	45.28	61.85	55.36	6.32	6.32	11.4	25.94	31.02	9.0	49.82	23.71	11.4	18.79	26.08	60.07	43.29	36.07	60.44	49.0	34.53	57.69	47.38	22.8	58.08	52.89	49.65	19.31	24.08	37.34	25.08	14.76	39.41	52.0	35.23	9.22	50.45	57.14	
20.25	68.25	46.62	54.2	29.27	75.01	46.69	58.6	44.0	60.22	71.55	60.42	15.3	58.05	24.21	13.6	61.27	54.82	42.95	72.92	56.64	19.24	62.43	39.2	40.2	55.36	80.16	22.36	55.58	60.21	4.0	34.01	43.74	66.31	60.54	55.79	0.0	40.79	79.51	33.62	39.12	57.38	37.64	49.24	70.77	44.65	26.57	55.47	28.64	38.6	81.47	52.0	75.47	31.05	69.31	54.41	61.39	66.91	76.49	53.76	49.5	50.96	74.06	64.35	52.4	31.26	62.59	68.59	43.57	54.38	48.8	68.88	57.31	58.52	56.6	57.01	16.28	86.05	35.85	52.43	46.53	77.52	39.6	55.9	23.6	32.98	35.23	88.53	28.23	19.85	48.66	76.06	70.24	79.61	52.5	57.69	8.54	12.65	49.24	37.2	46.4	26.08	65.0	61.4	6.08	77.03	49.48	52.61	51.09	55.97	60.81	47.13	77.42	41.4	56.8	43.05	32.0	12.53	21.95	48.01	52.47	82.98	76.84	65.79	77.62	32.98	11.7	28.16	60.84	56.86	32.31	77.99	39.2	66.71	55.47	70.71	26.17	47.68	48.38	18.25	
30.36	45.1	19.1	20.25	48.75	48.27	61.22	27.89	53.81	28.46	56.57	19.65	43.57	17.26	22.14	29.0	24.21	35.51	2.24	43.32	34.06	44.38	30.08	53.82	54.41	48.75	54.34	46.17	15.0	19.42	44.72	10.82	59.41	54.82	44.91	15.23	40.79	0.0	54.13	10.3	48.27	35.06	40.31	16.28	44.72	32.65	15.03	23.77	14.56	4.24	54.82	14.42	56.0	38.83	42.76	36.88	20.62	64.85	46.24	14.21	52.63	48.55	39.96	30.41	27.02	49.65	59.03	41.77	48.1	21.84	27.66	54.92	43.68	25.63	23.41	19.24	29.27	60.64	9.22	36.4	50.33	59.01	23.32	44.6	21.84	40.0	51.62	61.03	14.32	25.5	8.0	44.28	54.45	59.08	32.56	25.3	43.0	44.18	8.54	17.2	31.38	18.97	33.24	45.89	46.87	59.03	8.94	12.0	12.08	29.07	35.13	7.81	55.23	18.38	20.25	14.32	11.31	46.1	31.02	33.24	55.0	56.75	44.72	56.92	53.6	8.0	44.1	42.06	49.04	25.0	10.77	47.01	18.36	28.32	39.05	54.33	23.26	7.0	45.49	44.15	
59.46	11.31	36.4	34.23	63.63	6.0	60.88	26.31	53.76	26.08	19.24	48.66	70.94	50.36	56.04	66.4	34.23	24.76	52.77	12.37	23.02	68.41	25.0	59.24	58.87	33.24	1.0	67.42	53.15	49.65	82.13	51.08	61.68	25.0	21.93	47.1	79.51	54.13	0.0	52.0	52.8	22.2	47.17	37.85	9.49	35.38	58.14	30.41	55.01	51.92	3.0	61.01	11.4	53.01	11.4	25.5	48.84	40.31	11.66	44.0	45.61	38.9	21.47	26.17	28.64	62.65	37.0	12.37	47.54	32.39	31.06	21.02	25.5	29.07	31.14	62.29	63.25	6.71	50.33	27.66	46.49	13.42	40.22	28.23	56.86	51.87	60.84	9.43	55.9	60.0	53.08	15.26	18.03	10.0	27.02	29.15	75.66	73.66	50.09	44.29	33.24	55.23	22.02	21.54	84.22	14.32	49.09	53.01	58.0	25.63	19.7	47.38	6.32	40.25	36.0	41.44	63.89	75.82	58.0	31.83	44.91	3.61	15.81	29.02	3.0	56.3	74.33	58.25	25.71	29.27	53.31	12.81	42.06	35.44	25.0	17.03	53.6	53.15	39.0	69.03	
20.4	41.76	15.65	21.26	38.48	46.52	51.09	27.2	43.84	28.43	51.01	28.0	34.06	26.08	12.17	20.62	27.78	30.15	11.7	42.72	29.83	34.53	30.48	43.6	44.2	40.8	52.39	36.14	24.52	28.02	37.34	1.0	49.2	48.26	39.0	23.02	33.62	10.3	52.0	0.0	38.21	30.81	30.48	16.28	42.54	24.74	7.21	23.43	5.1	6.32	53.23	24.7	51.79	28.6	40.72	31.02	29.0	56.65	46.04	20.4	43.27	39.81	41.73	31.83	23.41	39.36	50.92	39.81	38.42	21.93	22.2	49.01	37.12	26.17	24.04	29.53	20.02	58.69	2.24	30.02	40.8	54.59	15.3	37.48	12.04	29.83	41.34	59.94	5.39	16.0	17.72	44.82	49.04	55.32	27.17	25.5	34.37	35.01	17.12	9.06	24.19	9.06	33.42	40.0	39.56	54.45	17.03	21.59	22.36	26.4	32.31	14.04	51.92	12.17	23.32	10.82	13.04	37.05	20.88	26.17	45.79	55.04	45.45	49.82	50.92	5.1	35.06	31.76	42.3	24.84	1.41	47.2	11.0	33.11	33.0	49.09	13.0	16.76	36.67	34.37	
23.41	42.38	37.0	45.61	12.21	50.6	13.04	44.18	5.83	46.17	38.29	61.74	24.74	60.83	28.84	32.02	53.37	31.26	49.2	51.97	35.13	20.88	48.09	7.0	7.07	20.62	53.71	18.38	60.54	62.17	39.62	37.54	11.7	31.83	30.87	56.8	39.12	48.27	52.8	38.21	0.0	35.23	8.54	42.72	46.84	22.09	37.2	43.74	35.47	44.05	55.54	62.63	44.65	10.3	46.32	29.43	62.65	28.16	55.32	52.8	10.77	14.87	58.08	51.16	36.22	10.63	24.6	46.1	5.66	44.15	31.26	35.47	27.31	46.53	45.89	67.2	28.16	58.18	39.05	27.29	8.06	45.61	27.31	24.6	29.68	8.6	8.06	62.17	36.24	28.64	54.64	56.72	37.8	48.83	31.02	45.54	31.58	27.89	53.0	31.91	25.08	31.4	49.0	31.3	41.0	44.82	52.48	57.98	60.0	39.05	40.2	48.88	48.37	33.11	50.0	38.01	48.6	29.41	21.54	25.0	13.6	56.36	57.71	29.83	50.09	42.45	28.86	11.0	28.02	44.55	38.18	57.27	31.76	59.23	28.86	38.6	26.4	53.82	13.89	21.84	
37.48	11.18	16.0	18.36	44.27	17.69	46.1	12.04	38.01	13.6	21.84	36.62	49.65	37.22	33.84	44.2	23.35	4.0	34.23	17.09	1.0	47.51	14.76	42.19	42.11	21.02	22.8	46.96	38.91	37.44	60.11	29.83	46.0	21.63	11.4	33.12	57.38	35.06	22.2	30.81	35.23	0.0	27.89	19.65	13.45	14.32	36.4	14.42	33.24	32.02	24.08	45.22	21.1	32.7	12.21	6.08	37.2	35.47	20.62	29.07	31.58	24.74	23.02	17.89	8.06	43.68	30.0	11.66	31.0	16.12	8.94	20.62	12.21	15.56	16.4	47.93	41.11	28.84	29.43	8.0	31.14	24.02	18.03	14.76	34.67	31.95	42.76	31.14	34.18	37.8	36.4	21.59	19.65	24.52	5.0	14.87	53.91	52.2	33.53	22.47	11.66	33.12	14.56	12.21	62.23	24.0	32.57	37.7	42.06	7.21	5.0	29.83	21.19	18.68	22.2	21.02	43.42	54.41	36.12	10.77	32.28	25.61	22.56	24.84	20.59	35.51	52.8	38.08	16.97	14.21	32.02	22.47	20.25	28.02	7.62	19.42	31.4	36.14	23.19	48.02	
19.0	36.24	28.46	37.11	16.55	44.28	21.47	36.01	13.6	38.01	35.0	53.23	25.24	52.35	22.47	28.0	44.91	24.04	41.11	44.92	27.66	22.02	40.0	15.3	15.52	17.89	48.02	20.52	52.15	53.67	39.0	29.73	20.25	29.15	25.61	48.3	37.64	40.31	47.17	30.48	8.54	27.89	0.0	34.18	40.31	14.04	30.41	35.36	28.3	36.07	49.74	54.56	40.31	6.71	39.56	22.47	54.13	30.0	48.38	44.28	13.6	13.34	50.36	43.01	28.02	15.81	25.18	39.22	8.06	35.69	23.02	32.2	22.02	38.21	37.48	59.03	24.0	53.01	31.11	20.25	10.77	41.77	18.79	19.8	23.41	5.0	15.03	56.6	29.15	23.35	46.4	49.48	34.06	44.55	23.35	37.22	31.3	28.3	44.65	23.6	17.03	24.6	41.11	26.25	40.72	41.11	44.1	49.65	51.86	31.02	32.76	40.5	43.42	24.6	41.48	29.53	41.68	30.23	17.0	17.26	16.49	50.77	50.45	28.23	44.65	35.0	29.15	11.31	24.21	36.22	30.61	50.29	23.32	50.8	22.36	34.71	19.7	45.61	10.77	22.8	
32.76	29.0	5.83	5.0	47.27	32.02	55.54	11.7	47.42	12.53	41.48	19.42	46.87	19.1	25.63	35.78	12.37	21.02	15.03	27.31	18.68	46.27	14.42	49.34	49.65	36.88	38.08	47.04	20.0	20.0	52.77	15.62	54.42	40.72	30.46	14.87	49.24	16.28	37.85	16.28	42.72	19.65	34.18	0.0	28.44	22.2	23.43	7.62	20.81	14.32	38.6	25.63	40.11	35.51	26.48	22.83	20.25	52.8	30.41	10.63	43.83	38.29	25.46	15.56	11.7	47.52	47.01	25.5	40.71	5.83	14.21	40.16	30.02	10.0	7.81	28.65	34.18	44.38	14.14	23.02	42.19	43.19	15.52	31.62	26.0	35.9	48.27	44.94	21.4	30.08	16.76	28.84	39.29	43.0	18.36	9.43	48.7	48.51	13.93	13.15	19.85	23.26	17.49	31.38	55.01	43.29	13.0	18.36	22.47	13.04	19.0	10.2	39.05	10.05	8.06	6.32	26.4	50.7	32.39	21.21	45.61	40.52	29.41	43.42	37.34	19.42	48.76	40.2	35.36	8.94	17.69	31.38	12.0	18.25	25.06	39.05	24.74	16.49	35.61	46.39	
50.93	5.1	26.93	25.02	56.86	4.24	56.32	17.03	48.66	17.03	20.0	40.52	63.01	41.98	47.01	57.49	25.96	16.64	43.42	6.71	14.14	60.75	16.28	53.6	53.37	29.0	9.85	60.03	44.55	41.48	73.54	41.63	56.72	23.77	17.0	38.47	70.77	44.72	9.49	42.54	46.84	13.45	40.31	28.44	0.0	27.46	48.76	21.1	45.65	42.45	10.82	52.15	14.42	45.65	2.0	17.89	40.8	39.56	9.06	35.13	41.11	34.13	16.4	18.03	19.24	56.08	35.17	3.0	41.98	23.09	22.02	20.59	20.1	20.02	22.0	53.76	54.49	16.16	40.85	20.12	41.44	17.49	31.24	23.09	47.8	44.72	54.71	17.8	46.53	51.09	44.0	11.7	18.03	15.81	18.44	20.0	67.36	65.6	41.0	34.99	25.0	46.04	13.6	17.03	75.66	18.03	40.0	44.18	49.09	16.16	10.3	38.12	11.4	30.89	27.17	31.95	54.41	67.8	49.58	23.85	41.0	12.53	12.65	27.86	9.0	46.82	66.22	51.0	22.2	20.02	43.86	11.05	32.76	28.18	18.03	17.2	44.69	44.01	33.54	61.29	
24.41	24.08	16.4	24.17	30.08	31.62	34.21	22.09	25.96	24.08	27.89	41.62	35.61	41.23	22.8	32.2	31.62	10.82	32.76	31.38	13.93	33.29	26.02	29.07	29.15	16.16	36.12	32.65	41.73	42.2	47.01	23.77	33.54	24.02	16.16	37.01	44.65	32.65	35.38	24.74	22.09	14.32	14.04	22.2	27.46	0.0	28.0	21.84	25.02	28.64	37.64	45.8	30.89	18.38	26.42	9.9	42.44	32.2	34.93	32.8	21.63	16.28	36.35	29.07	14.14	29.61	26.4	25.94	18.97	22.47	9.22	25.5	13.34	24.52	24.04	49.68	28.65	41.73	24.35	7.81	20.12	33.11	9.49	13.0	23.77	17.72	29.07	44.69	26.02	26.0	37.01	35.74	26.25	34.99	9.49	23.54	40.31	38.29	34.71	15.81	3.0	23.19	27.07	17.09	49.04	32.7	33.97	39.62	42.8	17.0	18.97	30.48	32.8	14.42	28.64	19.21	37.66	40.46	22.8	3.61	23.43	38.95	36.69	25.18	33.24	29.83	38.95	23.77	18.03	22.56	25.5	36.77	14.32	37.36	10.82	26.57	19.92	36.4	13.45	33.84	
16.12	47.54	22.2	28.43	35.23	52.84	49.58	34.06	43.01	35.38	55.44	34.23	28.64	32.06	8.49	14.04	34.99	35.17	17.0	49.41	35.47	29.73	37.48	41.73	42.45	43.42	58.59	31.78	30.02	34.13	30.36	7.81	47.38	52.01	43.42	29.43	26.57	15.03	58.14	7.21	37.2	36.4	30.41	23.43	48.76	28.0	0.0	30.41	3.16	12.17	59.54	28.46	57.01	27.02	47.01	35.69	35.23	58.69	52.8	27.2	43.86	41.48	48.84	38.95	29.53	36.4	53.15	46.14	38.47	29.0	27.51	53.24	41.11	33.24	31.14	33.53	14.32	64.85	9.43	34.37	41.15	59.67	19.24	41.0	7.81	28.6	38.95	66.37	2.24	10.77	23.02	51.74	53.6	60.73	32.28	32.53	28.02	29.15	23.09	13.93	28.16	5.83	40.36	44.41	32.57	59.44	23.19	27.02	26.68	32.76	38.47	20.62	57.58	17.89	30.53	17.69	11.4	31.06	17.2	30.15	46.62	61.29	52.4	53.08	56.86	7.07	29.07	29.07	46.01	31.83	5.83	54.04	16.16	40.25	37.48	53.76	10.82	22.02	38.33	29.41	
37.7	22.2	8.94	4.12	50.04	24.52	56.04	4.12	47.8	5.0	35.85	22.2	51.55	22.83	31.38	41.88	9.85	16.97	22.36	19.7	13.6	50.45	7.07	50.64	50.8	34.21	30.59	50.8	24.7	23.02	58.83	22.67	55.32	36.06	25.81	18.79	55.47	23.77	30.41	23.43	43.74	14.42	35.36	7.62	21.1	21.84	30.41	0.0	27.59	21.93	31.05	31.58	33.54	38.01	19.1	19.1	22.8	49.5	22.83	14.87	42.95	36.72	18.6	8.94	8.06	50.0	43.86	18.11	40.8	2.0	12.65	34.89	26.17	3.16	2.24	33.84	39.82	36.88	21.4	20.0	41.79	36.67	18.25	28.32	31.91	38.01	50.16	37.34	28.28	35.85	23.09	21.4	33.62	36.12	15.0	2.24	54.13	53.49	20.1	18.36	18.97	29.41	10.0	26.63	61.06	36.88	19.1	23.77	28.44	7.21	12.37	17.03	32.02	14.32	7.81	12.73	34.01	55.71	37.0	19.7	44.29	32.98	22.02	39.2	30.07	26.93	53.85	43.1	31.24	1.41	24.84	23.85	16.55	15.52	21.21	33.24	29.97	23.02	34.44	50.7	
15.81	44.38	19.21	25.81	34.48	49.74	48.08	31.14	41.23	32.53	52.35	33.02	29.15	31.02	7.62	15.52	32.65	32.02	16.28	46.4	32.31	29.83	34.66	40.36	41.04	40.61	55.47	31.62	29.27	33.0	32.31	5.39	46.01	49.0	40.31	28.07	28.64	14.56	55.01	5.1	35.47	33.24	28.3	20.81	45.65	25.02	3.16	27.59	0.0	11.05	56.44	28.64	53.85	25.46	43.91	32.56	34.01	56.04	49.82	25.5	41.59	38.9	46.1	36.24	26.42	35.51	50.45	43.05	36.36	26.25	24.35	50.16	38.05	30.48	28.43	33.62	15.0	61.72	7.28	31.26	38.95	56.52	16.12	38.01	7.28	26.91	37.8	63.29	1.0	11.05	22.36	48.84	50.49	57.57	29.12	29.73	29.27	30.0	22.02	10.77	25.08	4.47	37.48	41.3	34.54	56.29	22.0	26.31	26.57	29.68	35.36	19.1	54.42	14.76	28.18	14.87	13.42	32.02	16.55	27.07	44.28	58.18	49.52	50.16	53.71	7.21	30.02	28.02	43.0	29.0	4.0	51.09	13.0	38.08	34.37	50.64	9.22	21.38	35.74	29.61	
