160
0.0	49.65	73.55	38.05	55.71	43.66	87.0	54.59	63.64	51.42	33.38	39.0	61.2	41.44	53.24	52.15	53.15	45.18	66.03	71.12	58.08	19.24	72.8	73.68	46.87	67.88	13.42	87.78	38.18	72.45	60.96	71.18	36.12	72.53	67.27	12.04	64.44	61.0	44.0	15.0	88.24	27.07	69.87	62.24	54.04	26.0	28.46	4.0	55.15	51.24	48.3	34.01	68.88	44.42	42.3	61.06	48.26	80.26	50.6	68.01	72.73	28.16	36.12	79.61	90.43	41.76	67.12	74.67	81.39	74.0	72.95	52.24	24.0	22.2	96.17	47.41	55.32	38.01	36.22	94.79	63.6	31.14	40.0	48.0	14.42	75.39	74.09	46.52	33.3	27.17	72.8	62.48	4.24	22.85	70.04	62.48	29.12	66.1	48.66	32.02	45.0	43.42	72.9	69.18	34.89	36.5	72.47	29.41	58.41	82.15	12.17	73.08	47.51	34.06	70.21	37.59	74.71	72.67	62.1	70.43	67.9	33.24	38.9	30.53	55.95	77.18	55.79	70.04	40.8	77.83	75.74	49.24	15.3	23.32	44.64	62.64	73.38	46.04	33.02	28.23	59.91	64.35	25.06	51.4	83.22	59.01	25.02	30.61	86.02	54.41	85.8	66.03	44.2	56.08	78.39	67.12	48.26	16.03	70.8	39.82	
49.65	0.0	45.04	55.76	52.7	10.63	53.85	18.03	37.22	55.97	16.28	14.76	68.88	46.75	70.29	68.88	58.14	15.81	19.72	28.65	10.3	32.02	24.19	25.81	20.59	40.01	37.05	57.87	29.07	64.62	32.14	25.55	27.2	23.71	22.8	38.08	40.45	11.4	9.43	40.2	51.08	22.8	20.22	18.79	11.18	52.2	22.02	45.71	65.07	13.15	15.23	56.36	71.02	39.7	63.81	47.17	67.2	61.52	51.86	21.02	66.31	50.16	17.03	59.3	52.8	9.85	79.31	27.66	48.27	26.4	53.76	69.66	51.55	48.08	62.94	43.42	59.03	58.31	13.6	60.41	30.07	51.43	58.52	8.06	57.14	29.0	64.85	44.69	31.91	49.77	68.45	41.0	52.24	42.06	71.34	32.02	21.0	67.96	69.63	18.38	23.02	6.32	59.2	20.22	19.7	19.1	38.64	35.78	40.16	62.29	37.48	68.03	26.42	53.71	65.31	39.82	31.91	34.79	13.6	47.27	70.18	29.15	28.32	37.59	19.0	36.24	57.8	40.05	48.27	62.37	48.04	47.01	52.47	38.9	7.21	60.54	25.24	6.71	35.51	42.05	11.4	27.46	39.56	37.59	62.13	13.45	25.63	27.31	46.96	55.0	61.03	18.03	34.83	13.04	60.83	18.44	59.46	33.73	34.93	40.36	
73.55	45.04	0.0	51.24	31.02	39.29	13.89	27.17	10.0	39.12	51.26	40.85	46.69	39.56	56.0	55.01	40.01	33.84	57.01	23.32	50.49	55.61	38.08	35.51	29.55	5.83	61.07	14.42	35.38	30.02	13.93	61.35	37.64	38.95	61.13	66.61	9.43	42.95	53.46	58.69	18.11	56.36	45.69	28.64	55.08	57.71	50.12	70.84	47.04	58.0	32.02	55.36	42.72	31.76	57.07	19.03	56.22	18.87	35.36	56.61	32.25	54.12	57.97	16.12	20.22	42.45	56.75	33.02	9.22	34.67	13.6	56.01	58.67	57.14	22.67	31.02	39.01	54.12	51.24	21.63	15.0	52.8	52.63	53.08	71.85	31.4	28.84	32.89	40.31	54.59	35.36	12.08	73.59	52.8	42.15	13.34	50.54	40.8	59.21	55.36	30.02	47.68	21.63	51.26	42.06	60.88	8.6	44.69	16.55	18.79	64.2	34.48	26.63	52.55	33.11	38.59	23.43	15.0	38.08	7.28	42.38	40.36	34.71	44.2	26.08	19.85	37.01	5.0	41.44	21.93	3.0	32.02	66.03	51.09	41.77	33.73	36.36	51.24	41.23	48.26	38.64	18.25	49.82	23.32	18.03	54.59	59.93	43.42	19.24	35.01	16.0	53.16	30.0	56.22	19.21	51.55	46.27	62.68	12.53	36.72	
38.05	55.76	51.24	0.0	22.8	45.28	64.85	47.54	43.57	15.62	45.28	41.05	23.19	12.04	16.55	15.23	16.64	41.63	75.47	61.2	66.04	32.65	70.34	69.63	38.9	47.07	33.53	63.07	27.31	37.8	44.05	81.3	28.65	70.6	78.49	40.26	42.2	63.98	56.64	26.93	69.12	43.83	72.24	56.52	65.6	12.17	38.29	38.05	17.12	65.19	44.01	5.0	31.32	21.0	8.06	33.11	12.21	49.82	17.2	76.66	37.44	10.05	53.26	50.22	71.31	46.04	29.61	69.05	60.44	69.43	44.42	15.65	14.14	16.03	72.5	20.4	18.87	3.0	48.08	72.24	49.0	7.07	2.83	59.67	27.86	68.73	39.82	18.44	23.85	11.05	36.72	39.29	35.36	18.38	32.57	46.04	39.7	28.79	14.14	47.63	35.74	52.01	41.11	74.69	36.4	55.61	54.59	20.52	34.93	52.01	37.36	37.22	34.71	4.0	34.67	16.76	64.07	58.08	62.03	45.31	30.36	26.63	28.23	18.44	48.27	64.03	20.0	50.01	10.05	46.01	52.2	19.31	23.54	20.59	48.55	27.2	69.86	56.85	20.25	15.0	60.54	52.09	18.87	29.15	53.6	69.07	45.28	29.07	69.05	19.8	57.98	73.43	25.18	67.8	47.63	73.36	10.44	39.56	55.15	17.26	
55.71	52.7	31.02	22.8	0.0	42.54	43.74	38.21	25.96	8.25	48.76	40.31	17.49	14.32	25.02	24.0	9.0	36.89	70.94	47.01	62.01	43.1	59.36	57.8	32.2	28.28	46.69	41.11	25.96	16.76	28.64	76.49	28.86	59.91	74.65	53.6	23.35	57.28	57.27	41.48	49.09	50.49	63.89	45.8	63.81	32.8	43.57	54.41	16.28	64.88	37.8	27.66	18.36	14.32	26.93	12.0	25.32	27.02	5.66	71.51	17.26	29.41	57.28	27.46	51.16	44.72	28.3	56.36	40.11	57.31	21.93	25.0	34.41	34.48	50.6	10.2	8.25	25.24	50.6	50.7	34.01	27.02	23.32	59.06	48.83	55.46	18.38	10.0	27.07	30.23	18.0	20.4	54.13	32.89	18.79	30.46	44.72	15.26	28.28	52.39	29.68	51.43	18.38	67.9	37.64	60.17	36.5	28.16	17.09	29.21	50.64	18.03	26.4	25.46	15.03	19.1	49.04	41.48	53.81	24.19	17.49	29.27	26.25	26.31	38.29	47.54	6.32	31.26	15.26	23.35	31.26	7.0	43.57	32.98	46.14	8.25	58.31	56.36	25.02	27.51	53.04	38.01	31.05	15.56	30.81	65.8	53.24	33.24	50.04	4.0	35.36	67.94	18.38	65.73	24.84	67.18	15.52	51.16	38.33	17.03	
43.66	10.63	39.29	45.28	42.54	0.0	50.09	13.04	30.27	45.45	12.81	5.0	58.41	36.12	59.67	58.26	47.63	6.08	30.23	28.43	20.81	24.74	29.43	30.08	11.18	33.73	30.36	53.14	18.44	55.36	25.5	36.06	16.64	29.27	33.42	33.12	33.06	19.42	15.3	32.14	48.83	19.1	28.28	18.87	21.4	42.45	15.23	39.92	54.49	22.36	7.28	46.1	60.9	29.21	53.34	38.08	56.61	54.0	41.4	31.38	56.92	40.16	18.68	52.04	50.8	3.16	68.77	31.02	44.28	30.36	46.01	59.03	41.98	38.64	59.48	33.02	48.6	47.89	12.08	57.31	25.08	41.23	48.02	16.55	49.09	31.78	55.79	34.21	21.47	39.85	58.87	33.02	45.61	32.56	61.29	25.96	14.76	57.8	59.08	16.64	13.0	9.22	50.64	29.73	10.05	21.59	34.44	25.63	31.4	55.04	31.78	58.52	16.76	43.38	55.71	29.21	32.02	32.2	19.03	40.11	60.03	18.79	17.69	27.31	14.42	35.36	47.43	34.48	37.64	54.23	42.2	36.62	44.0	29.43	3.61	50.54	29.83	13.93	25.06	31.95	17.0	23.85	29.83	27.86	55.15	24.08	22.63	17.46	45.45	44.65	54.92	28.18	24.41	23.43	53.04	28.23	48.84	28.65	31.38	29.73	
87.0	53.85	13.89	64.85	43.74	50.09	0.0	37.16	23.43	51.97	62.65	52.48	58.01	53.31	68.36	67.48	52.61	45.28	62.07	27.0	57.22	68.68	40.61	37.66	41.62	19.21	74.28	6.4	48.84	38.83	26.25	65.49	50.91	41.59	66.12	79.51	23.32	49.09	62.94	72.25	7.81	68.26	49.37	35.51	62.65	71.59	62.43	84.15	59.21	66.1	42.94	69.08	52.61	45.65	70.34	32.02	69.05	23.77	48.51	61.2	41.0	68.0	68.54	21.19	8.94	53.23	67.36	34.71	5.83	36.67	23.02	68.47	72.56	71.02	9.43	44.78	51.35	67.68	62.17	7.81	25.06	66.64	66.1	61.85	85.7	32.76	37.11	46.62	53.91	68.48	44.15	25.94	87.21	66.61	51.79	25.0	62.68	51.24	72.01	66.65	42.64	57.58	30.41	55.33	54.41	71.31	15.65	58.41	30.41	22.36	77.23	43.17	39.62	66.31	42.58	52.48	25.18	19.24	44.1	19.65	52.47	53.76	48.1	58.01	35.85	20.22	49.37	16.97	55.15	28.46	12.65	45.54	79.88	64.82	52.0	45.0	38.64	60.44	55.0	62.13	45.28	26.57	63.6	37.22	20.59	61.13	71.87	56.59	12.21	47.68	15.0	58.08	43.83	63.39	25.3	56.14	59.23	75.43	18.97	50.61	
54.59	18.03	27.17	47.54	38.21	13.04	37.16	0.0	19.24	43.27	25.81	16.28	55.44	36.4	59.48	58.14	45.22	9.43	33.29	16.55	25.08	35.36	22.8	22.2	9.0	22.0	41.18	40.52	21.02	47.89	14.14	38.6	21.1	23.09	37.22	45.0	22.56	19.21	26.31	41.44	35.81	31.89	25.81	9.06	28.64	48.0	27.02	51.11	52.7	31.14	6.4	49.65	55.97	27.73	55.36	30.53	57.38	43.57	38.83	33.6	49.74	45.04	31.38	41.3	37.8	16.12	66.22	22.0	31.38	22.09	35.9	59.03	48.04	45.18	46.52	30.53	45.61	50.45	25.06	44.29	12.37	45.28	50.0	26.0	57.72	22.09	47.85	32.25	26.02	45.01	52.15	23.41	55.95	39.32	56.08	14.0	26.91	53.08	60.17	29.68	12.04	20.62	41.79	29.7	19.72	34.18	21.54	31.06	23.32	44.28	43.27	51.62	13.0	46.69	49.09	30.81	20.12	19.21	15.62	29.27	55.23	24.19	20.02	32.0	1.41	22.8	44.05	22.2	38.28	44.64	30.15	33.84	52.17	36.5	14.87	45.34	22.36	24.08	29.02	37.0	14.87	10.82	36.22	22.67	44.1	29.15	35.47	25.0	32.56	41.23	43.1	30.0	22.85	30.08	42.95	29.07	48.3	40.61	18.36	30.36	
63.64	37.22	10.0	43.57	25.96	30.27	23.43	19.24	0.0	33.38	41.76	31.32	43.08	31.58	50.64	49.5	34.71	24.52	51.48	21.63	43.97	45.61	35.36	33.3	19.92	4.24	51.09	24.41	25.46	30.48	5.1	56.36	27.66	36.07	55.54	56.61	3.61	37.16	45.01	48.84	26.0	46.62	41.62	23.32	47.85	48.85	40.25	60.88	42.2	50.36	23.09	47.3	41.05	23.09	50.09	14.76	50.09	24.33	29.15	51.43	32.56	45.31	48.84	22.09	28.23	33.38	53.71	31.4	18.03	32.65	16.76	50.49	49.66	47.89	32.53	23.19	34.21	46.53	41.98	31.24	9.22	44.27	45.28	45.1	62.43	30.23	30.0	25.18	30.48	45.69	35.36	5.83	63.78	43.27	40.8	5.83	40.72	38.59	53.08	45.88	20.12	39.05	23.32	46.65	32.2	51.79	11.05	35.0	9.06	25.08	54.2	34.66	16.64	44.38	32.56	29.55	23.26	15.52	32.65	10.05	40.5	30.41	24.76	34.67	18.44	21.59	32.28	6.71	33.54	25.63	12.53	25.0	56.6	41.4	33.06	30.89	33.97	43.01	31.62	38.95	32.7	13.45	40.22	14.56	25.0	48.08	50.16	33.42	25.5	29.83	24.74	47.85	20.59	49.24	23.77	46.53	40.11	52.7	12.37	27.86	
51.42	55.97	39.12	15.62	8.25	45.45	51.97	43.27	33.38	0.0	49.66	42.44	13.04	11.18	17.26	16.12	2.24	40.31	74.97	53.76	65.76	41.3	65.3	63.98	36.12	36.06	44.0	49.34	27.46	22.2	35.44	80.66	30.02	65.76	78.49	51.0	31.06	61.85	59.36	38.12	57.22	50.29	69.07	51.48	66.84	26.83	43.66	50.64	9.43	67.42	41.77	20.62	18.03	16.28	18.79	20.1	17.12	34.67	4.47	75.74	21.95	23.77	58.18	35.36	59.3	47.2	23.35	62.77	48.26	63.56	30.08	17.12	28.64	29.41	58.82	12.81	4.0	17.69	51.88	58.94	40.8	21.02	15.62	61.61	42.94	62.03	24.21	11.31	26.93	24.7	21.54	28.07	49.34	29.15	19.0	37.36	44.94	15.0	20.1	52.92	33.24	53.82	25.81	72.62	38.95	60.93	44.18	26.48	24.33	36.89	48.0	21.93	30.61	18.87	19.24	18.03	56.04	48.84	58.82	32.39	17.03	29.55	28.02	24.33	43.57	54.92	4.47	39.05	11.0	30.61	39.46	9.43	38.08	30.0	49.04	11.66	64.4	58.82	24.04	24.02	57.8	44.6	28.0	21.02	38.59	69.35	52.63	33.24	58.0	4.47	43.38	72.25	21.21	68.88	32.45	71.7	7.28	49.16	45.71	16.55	
33.38	16.28	51.26	45.28	48.76	12.81	62.65	25.81	41.76	49.66	0.0	10.44	62.61	38.95	61.22	59.82	51.89	17.46	33.73	41.04	25.08	16.49	39.92	41.15	21.84	45.54	21.02	65.39	22.8	63.51	37.34	39.29	19.92	39.56	35.74	21.84	44.15	27.66	12.08	25.0	61.61	6.71	36.5	31.24	22.14	39.12	7.21	29.43	57.8	20.59	19.72	44.69	66.73	34.48	53.04	47.01	57.38	64.5	46.24	35.51	64.78	37.8	8.54	62.8	63.6	9.9	72.2	42.54	56.82	41.59	56.44	60.44	38.08	34.48	72.07	38.6	53.31	47.38	3.16	69.97	37.59	39.7	48.1	15.81	41.59	43.57	64.28	39.22	22.83	37.2	66.29	43.57	36.06	28.84	67.36	38.08	5.83	63.57	59.41	4.12	22.2	10.05	60.0	36.0	11.18	11.4	47.01	24.84	41.11	65.76	21.21	66.1	26.17	42.45	63.15	31.76	44.6	45.0	29.15	51.2	65.79	20.12	22.56	27.02	27.2	48.1	52.55	46.62	39.96	64.07	54.08	42.06	37.36	25.81	12.21	57.01	40.72	13.34	26.08	30.41	26.93	36.62	27.02	36.06	66.1	26.68	10.0	16.64	58.26	49.98	66.48	33.14	30.59	24.35	63.29	34.01	51.31	17.46	44.1	33.11	
39.0	14.76	40.85	41.05	40.31	5.0	52.48	16.28	31.32	42.44	10.44	0.0	55.47	32.56	55.9	54.49	44.65	7.21	34.48	32.45	25.06	19.92	34.37	34.93	11.4	35.11	25.63	55.04	15.0	54.13	26.93	40.31	12.73	34.23	37.44	28.84	33.73	24.33	17.0	27.17	51.86	15.81	33.24	23.26	24.76	37.64	10.82	35.34	51.22	25.0	9.9	41.59	58.6	26.42	49.09	37.22	52.63	54.23	38.59	35.78	55.54	35.47	18.0	52.47	53.91	5.0	65.6	35.74	46.65	35.17	46.17	55.23	37.11	33.73	61.91	30.41	45.79	43.57	11.0	59.91	27.46	36.67	43.83	19.21	44.1	36.4	54.74	31.38	17.2	35.11	57.28	33.24	40.8	27.66	59.09	27.73	10.63	55.46	55.0	14.56	12.0	11.4	50.09	34.48	5.1	21.0	36.89	21.02	31.0	55.44	27.29	57.01	16.0	38.95	54.12	25.46	36.06	35.38	24.02	40.79	57.7	14.42	14.42	22.83	17.69	39.05	44.78	36.25	33.94	54.0	43.66	34.0	39.0	24.52	7.62	48.47	34.71	16.4	20.81	27.31	22.0	26.91	25.0	26.48	55.73	28.02	19.42	12.65	48.8	42.06	56.04	32.7	21.93	26.91	53.08	32.89	45.28	24.41	34.21	26.25	
61.2	68.88	46.69	23.19	17.49	58.41	58.01	55.44	43.08	13.04	62.61	55.47	0.0	23.77	12.81	12.73	10.82	53.15	87.69	64.4	78.57	53.37	76.85	75.29	48.8	44.92	55.44	54.15	40.5	21.19	46.07	93.34	43.05	77.39	91.29	62.39	40.16	74.33	72.4	49.16	64.28	62.97	81.22	63.25	79.81	35.36	56.46	61.01	6.08	80.45	54.45	27.66	9.22	29.21	21.47	28.46	16.4	36.88	17.03	88.39	19.7	33.06	71.11	38.47	66.19	60.22	10.82	73.82	55.33	74.79	35.0	13.45	37.34	39.05	63.39	25.5	9.9	23.77	64.88	64.12	51.43	30.07	21.59	74.63	50.7	72.9	23.41	24.21	39.81	34.06	17.49	37.34	58.55	40.2	10.63	47.85	57.78	8.06	18.38	65.8	46.01	66.85	28.28	85.04	51.97	73.82	53.16	38.9	34.44	39.05	59.41	18.36	43.14	27.17	17.09	30.87	66.31	58.52	71.06	39.46	8.49	42.49	41.05	36.69	55.61	64.51	11.4	47.8	23.09	32.02	46.27	21.93	46.69	41.59	62.01	13.04	75.8	71.85	36.77	35.51	70.18	55.47	39.62	32.8	41.0	82.22	65.15	46.1	65.92	14.21	46.69	84.86	34.06	81.84	34.71	84.22	13.0	61.0	55.36	29.53	
41.44	46.75	39.56	12.04	14.32	36.12	53.31	36.4	31.58	11.18	38.95	32.56	23.77	0.0	23.6	22.2	13.34	31.62	66.22	49.37	56.85	30.15	59.14	58.24	28.18	35.17	33.06	51.97	17.69	31.02	32.02	72.01	19.85	59.46	69.53	40.05	30.36	53.85	49.2	27.46	57.28	39.22	61.72	45.22	57.28	19.1	32.7	40.26	18.87	57.49	33.62	15.81	29.15	9.06	19.24	22.2	21.02	40.36	9.22	67.2	31.32	15.56	47.41	40.31	59.48	37.48	33.29	57.49	48.7	57.97	34.06	23.02	20.52	20.25	61.29	8.54	15.13	15.03	41.34	60.84	37.01	13.6	14.04	51.74	34.83	57.07	32.7	6.71	16.12	16.28	31.58	27.51	39.81	18.68	30.07	34.01	34.01	26.08	23.77	42.05	25.06	43.93	32.2	64.66	28.6	50.09	42.58	15.3	23.09	42.45	37.05	31.78	23.41	13.0	28.86	7.21	52.15	46.04	51.43	34.0	28.16	18.87	18.44	13.15	37.0	52.01	15.0	38.08	2.0	37.2	40.72	8.49	29.41	19.1	39.62	21.38	58.52	48.92	13.0	13.34	50.12	40.2	17.12	17.12	43.84	60.21	41.48	22.36	57.07	13.15	47.63	63.82	13.6	59.4	38.29	63.51	12.73	38.05	43.1	6.4	
53.24	70.29	56.0	16.55	25.02	59.67	68.36	59.48	50.64	17.26	61.22	55.9	12.81	23.6	0.0	1.41	16.03	55.22	89.81	70.88	80.43	49.19	81.94	80.78	51.62	53.24	49.98	65.12	41.23	33.54	52.63	95.6	43.19	82.35	93.09	56.61	48.26	77.39	72.18	43.32	74.03	60.21	85.09	68.03	80.66	27.46	54.41	53.76	9.22	80.62	57.14	19.42	21.93	31.76	11.0	37.01	5.0	48.7	21.59	90.8	32.25	26.25	69.4	50.0	76.06	60.88	14.04	79.71	65.03	80.41	45.71	1.0	29.43	32.02	74.53	29.15	17.03	15.52	63.89	74.97	57.97	23.41	13.93	74.95	41.11	79.06	35.78	27.31	38.9	27.2	30.23	45.28	50.04	34.93	23.35	54.57	55.8	20.81	5.83	63.82	48.55	67.18	39.85	88.2	51.62	71.85	61.4	36.4	41.59	50.92	53.76	31.06	46.53	20.25	29.53	30.48	73.25	66.1	74.79	49.04	21.26	41.73	42.01	34.21	59.93	72.18	19.03	56.22	22.02	44.01	56.08	26.25	38.05	37.12	63.13	24.04	81.15	72.12	35.38	31.38	73.57	61.68	35.36	37.95	52.81	83.74	61.77	44.69	75.06	21.02	58.24	87.42	36.72	82.81	46.49	87.09	11.18	56.08	62.97	30.0	
52.15	68.88	55.01	15.23	24.0	58.26	67.48	58.14	49.5	16.12	59.82	54.49	12.73	22.2	1.41	0.0	15.0	53.82	88.41	69.64	79.03	47.85	80.62	79.48	50.25	52.15	48.7	64.33	39.82	33.12	51.42	94.2	41.77	81.02	91.68	55.36	47.17	76.01	70.77	42.06	73.06	58.83	83.73	66.71	79.25	26.31	53.01	52.61	8.54	79.21	55.76	18.25	21.93	30.41	10.05	36.0	4.12	48.1	20.4	89.4	31.91	25.0	68.01	49.34	75.11	59.46	15.0	78.43	64.07	79.12	44.91	1.0	28.28	30.81	73.76	27.86	16.12	14.32	62.48	74.15	56.75	22.14	12.65	73.54	40.2	77.79	35.36	26.0	37.48	25.96	30.0	44.18	49.01	33.62	23.35	53.37	54.41	20.62	5.66	62.43	47.17	65.76	39.22	86.82	50.21	70.46	60.3	35.0	40.45	50.33	52.5	30.81	45.18	18.97	29.15	29.07	72.03	64.94	73.43	48.09	21.21	40.31	40.61	32.8	58.6	71.02	18.11	55.15	20.62	43.46	55.15	25.0	37.01	35.78	61.72	23.41	79.85	70.71	33.97	30.02	72.2	60.44	34.0	36.69	52.2	82.33	60.42	43.28	74.03	20.0	57.57	86.02	35.36	81.39	45.88	85.7	9.85	54.78	61.81	28.6	
53.15	58.14	40.01	16.64	9.0	47.63	52.61	45.22	34.71	2.24	51.89	44.65	10.82	13.34	16.03	15.0	0.0	42.45	77.08	55.36	67.9	43.42	67.12	65.74	38.21	37.22	46.01	49.73	29.68	21.26	37.0	82.76	32.25	67.6	80.62	53.01	32.25	63.89	61.59	40.05	58.08	52.5	71.03	53.34	69.03	28.23	45.88	52.47	7.62	69.63	43.86	21.63	16.0	18.44	18.87	21.0	16.49	34.48	6.4	77.83	20.81	25.3	60.42	35.34	60.13	49.41	21.21	64.47	49.09	65.31	30.36	16.0	30.08	31.05	59.2	14.87	2.24	18.44	54.12	59.44	42.38	22.47	16.28	63.82	44.28	63.69	23.35	13.45	29.15	26.25	20.12	29.27	50.96	31.06	17.03	38.9	47.17	13.04	19.42	55.15	35.36	56.04	25.55	74.65	41.18	63.16	45.4	28.64	25.71	36.72	50.01	20.59	32.65	20.12	18.03	20.25	57.57	50.22	60.8	33.14	15.0	31.78	30.23	26.48	45.49	56.29	3.61	40.2	13.04	30.23	40.2	11.4	39.56	32.02	51.22	10.63	66.19	61.03	26.25	26.0	59.82	46.24	30.02	22.83	38.47	71.51	54.82	35.47	59.03	5.0	43.46	74.33	23.35	71.06	32.25	73.76	7.21	51.24	47.07	18.79	
45.18	15.81	33.84	41.63	36.89	6.08	45.28	9.43	24.52	40.31	17.46	7.21	53.15	31.62	55.22	53.82	42.45	0.0	34.71	25.94	25.46	25.94	30.02	30.07	5.1	28.16	31.76	47.93	14.32	49.34	19.92	40.46	13.34	30.07	38.18	35.61	27.17	22.36	21.38	32.28	44.69	23.02	30.68	17.46	26.93	40.31	17.69	41.68	49.52	28.23	3.16	43.01	55.23	24.04	49.66	32.02	52.48	48.01	36.12	35.61	50.92	37.66	24.33	46.1	46.75	9.0	63.66	30.41	39.45	30.15	40.0	54.64	40.11	37.01	54.71	27.66	43.28	44.38	17.46	52.7	20.25	38.33	44.28	22.47	48.84	30.81	49.73	29.0	18.44	37.48	52.92	27.0	46.62	31.0	55.57	20.62	17.69	52.15	55.07	21.54	7.21	15.3	44.55	33.12	10.3	27.29	29.68	23.19	25.32	49.09	33.84	52.55	10.77	40.16	49.77	25.06	29.53	28.28	20.62	34.23	54.38	16.12	13.42	24.52	10.82	32.2	42.01	29.15	33.29	48.17	36.69	31.24	43.42	28.02	9.49	44.78	30.02	19.92	21.84	29.43	18.97	19.8	28.02	21.93	49.25	29.07	26.63	16.12	41.73	39.2	49.24	32.2	19.1	28.84	47.01	31.91	44.2	31.24	27.02	25.24	
66.03	19.72	57.01	75.47	70.94	30.23	62.07	33.29	51.48	74.97	33.73	34.48	87.69	66.22	89.81	88.41	77.08	34.71	0.0	35.13	9.43	50.22	22.36	25.32	38.9	53.14	54.59	67.36	48.6	81.12	46.52	5.83	46.87	21.38	4.12	54.01	55.04	14.32	22.09	58.69	57.08	39.2	13.34	28.46	12.0	71.69	40.52	62.03	84.22	15.3	33.24	76.06	89.02	58.73	83.53	63.81	86.84	75.27	70.71	2.24	83.01	69.78	30.02	72.73	58.22	29.53	98.29	28.28	57.31	26.31	68.15	89.2	70.94	67.42	70.03	62.23	77.79	78.03	30.59	67.07	42.72	71.12	78.23	18.11	75.31	30.27	81.01	63.66	51.62	69.35	85.44	56.36	69.18	61.47	89.2	45.69	39.29	86.05	89.31	34.13	41.73	24.35	74.69	7.62	39.36	30.27	49.03	55.47	56.6	75.58	54.15	84.91	44.6	73.43	82.38	59.41	37.0	43.42	18.97	61.1	88.24	48.88	47.8	57.31	33.62	42.0	76.42	52.2	67.8	77.08	59.91	65.76	71.06	58.31	26.93	78.41	24.33	20.4	55.23	61.72	18.79	38.9	59.09	55.44	75.0	7.07	41.01	46.96	52.15	73.59	72.57	4.0	53.76	10.05	75.03	6.08	78.87	50.09	44.91	59.82	
71.12	28.65	23.32	61.2	47.01	28.43	27.0	16.55	21.63	53.76	41.04	32.45	64.4	49.37	70.88	69.64	55.36	25.94	35.13	0.0	30.41	51.88	14.76	12.21	25.0	21.21	57.71	32.25	36.5	51.66	18.38	38.83	37.11	15.65	39.2	61.29	25.0	22.2	38.08	57.94	22.8	47.51	22.8	10.0	36.14	63.39	43.27	67.6	62.97	39.85	22.83	64.01	62.68	40.31	68.59	36.36	69.63	42.19	49.34	34.37	53.81	60.21	45.0	39.45	24.35	31.14	75.13	9.9	22.2	11.4	36.24	70.6	63.64	61.0	35.36	41.98	55.15	64.2	39.62	32.56	13.0	60.03	63.39	36.25	74.04	8.6	50.91	43.93	41.77	60.3	56.73	27.46	72.5	55.32	62.43	16.55	43.01	60.21	72.57	44.55	27.66	33.6	43.86	28.64	36.24	47.43	14.76	46.87	29.97	42.06	59.68	55.97	27.07	61.01	54.04	45.0	3.61	8.54	17.26	29.07	62.13	40.26	35.51	47.52	15.23	7.62	53.31	19.21	51.35	45.0	25.94	44.64	68.41	52.63	29.0	52.48	13.04	35.36	44.41	52.47	18.68	9.22	52.17	32.98	41.15	34.23	50.99	41.44	18.38	50.7	37.95	31.14	36.06	36.67	42.44	29.27	59.91	56.86	10.82	44.05	
58.08	10.3	50.49	66.04	62.01	20.81	57.22	25.08	43.97	65.76	25.08	25.06	78.57	56.85	80.43	79.03	67.9	25.46	9.43	30.41	0.0	41.44	20.81	23.32	29.83	46.1	46.1	62.01	39.2	72.9	38.9	15.26	37.44	20.0	12.73	46.17	47.43	8.25	14.32	49.82	53.15	31.02	13.6	22.02	6.4	62.39	31.58	54.08	74.97	10.63	24.21	66.65	80.21	49.5	74.09	55.47	77.42	68.15	61.55	10.77	74.71	60.42	22.8	65.73	54.57	20.12	89.11	25.94	52.04	24.19	60.73	79.81	61.68	58.19	65.76	53.08	68.68	68.6	22.02	62.97	35.69	61.72	68.8	10.44	66.61	27.73	72.92	54.45	42.19	60.01	77.03	48.47	61.0	52.2	80.45	38.33	30.41	77.2	79.88	26.08	32.56	15.3	66.85	11.18	29.97	23.77	43.05	46.07	48.3	68.66	46.01	76.54	35.61	64.01	73.93	50.0	32.98	38.05	13.15	53.85	79.4	39.45	38.42	47.89	25.63	37.85	67.36	45.54	58.41	69.57	53.46	56.64	62.17	49.04	17.49	69.63	22.47	12.04	45.79	52.33	12.0	32.25	49.77	46.62	68.25	4.12	33.24	37.58	48.51	64.54	66.37	8.06	44.55	6.32	67.72	9.06	69.53	42.05	39.01	50.45	
19.24	32.02	55.61	32.65	43.1	24.74	68.68	35.36	45.61	41.3	16.49	19.92	53.37	30.15	49.19	47.85	43.42	25.94	50.22	51.88	41.44	0.0	54.13	54.82	27.8	49.82	5.83	70.0	20.59	59.54	42.45	55.79	18.03	53.94	52.2	11.18	46.87	43.05	28.46	8.54	69.43	12.21	52.04	43.08	38.6	24.04	10.0	15.81	47.8	36.77	29.07	30.81	59.3	29.61	39.66	45.54	44.78	64.62	39.01	51.97	60.3	23.6	22.47	63.56	71.59	23.19	61.68	55.66	62.97	55.08	56.86	48.3	22.67	19.1	77.99	33.38	45.28	34.13	19.65	76.42	44.69	26.08	35.36	32.28	25.18	56.3	60.83	33.14	16.76	22.8	61.07	45.28	20.88	14.42	60.21	43.84	11.05	56.22	46.32	17.0	26.17	26.17	58.24	52.15	15.65	24.21	53.76	15.0	41.59	66.31	8.6	61.13	29.07	29.15	58.14	24.02	55.47	53.6	43.57	53.34	58.31	15.65	21.1	17.03	36.72	57.98	45.1	51.74	30.41	62.94	58.01	36.12	20.88	12.08	26.17	51.01	54.57	29.83	18.11	18.03	41.44	45.22	13.93	34.93	67.12	43.17	12.81	12.21	67.01	43.01	68.96	49.5	27.86	40.8	62.97	50.25	40.8	8.06	51.86	26.08	
72.8	24.19	38.08	70.34	59.36	29.43	40.61	22.8	35.36	65.3	39.92	34.37	76.85	59.14	81.94	80.62	67.12	30.02	22.36	14.76	20.81	54.13	0.0	3.0	31.58	35.61	59.67	46.32	43.57	65.8	31.24	25.02	43.19	1.0	26.17	61.68	38.9	13.45	32.8	61.52	35.01	46.62	9.06	13.93	27.2	70.26	44.38	68.96	74.71	31.4	27.07	72.37	76.06	50.33	78.16	49.68	80.06	56.94	60.83	21.1	67.9	67.48	41.05	54.2	36.01	31.05	87.66	6.0	36.4	4.0	50.8	81.54	70.11	67.03	48.04	52.8	67.23	73.25	37.58	45.01	26.17	67.9	72.8	29.73	78.41	8.0	65.19	54.63	48.26	67.36	70.71	41.04	74.95	61.01	75.93	29.73	43.68	73.41	82.87	42.49	34.71	30.41	58.26	15.03	39.2	42.8	29.53	53.15	42.8	56.82	60.73	70.01	35.74	69.43	67.9	53.6	15.52	23.26	10.77	43.6	75.43	46.1	42.58	54.33	22.14	20.4	65.51	33.84	61.03	59.64	40.71	55.9	73.17	58.0	28.16	65.6	2.0	30.0	51.48	59.3	13.0	21.93	58.03	44.29	55.9	23.71	49.66	46.01	30.0	62.77	52.55	18.44	45.54	26.93	57.14	16.28	70.77	57.25	25.55	53.16	
73.68	25.81	35.51	69.63	57.8	30.08	37.66	22.2	33.3	63.98	41.15	34.93	75.29	58.24	80.78	79.48	65.74	30.07	25.32	12.21	23.32	54.82	3.0	0.0	31.14	33.3	60.44	43.42	43.19	63.64	29.41	28.02	43.01	4.0	29.15	62.77	36.8	15.62	34.71	61.98	32.02	47.85	12.04	13.15	29.68	70.06	45.22	69.89	73.35	33.84	27.02	71.85	74.2	49.34	77.37	47.8	79.06	54.38	59.51	24.08	65.76	67.19	42.8	51.62	33.02	31.95	86.09	3.0	33.53	1.0	48.41	80.41	70.01	67.01	45.04	51.62	65.76	72.57	38.95	42.01	24.21	67.48	72.03	31.83	78.77	5.0	62.97	53.49	48.04	67.12	68.62	39.05	75.69	61.03	74.03	27.8	44.6	71.61	81.91	43.91	34.23	31.91	55.97	18.03	39.62	44.69	26.93	53.01	41.05	54.2	61.68	67.9	34.93	68.88	65.86	52.95	12.65	20.59	12.21	41.23	73.6	46.0	42.19	54.08	21.38	17.46	64.01	31.4	60.17	57.2	38.08	54.63	73.44	58.08	29.15	63.82	1.0	31.89	51.16	59.08	14.42	20.0	58.01	42.95	53.24	26.4	51.0	46.17	27.0	61.29	49.77	21.38	44.64	29.53	54.64	19.24	69.64	58.31	23.02	52.39	
46.87	20.59	29.55	38.9	32.2	11.18	41.62	9.0	19.92	36.12	21.84	11.4	48.8	28.18	51.62	50.25	38.21	5.1	38.9	25.0	29.83	27.8	31.58	31.14	0.0	23.77	33.6	43.83	12.04	44.27	15.65	44.55	12.17	31.78	42.52	38.18	22.36	25.81	26.48	33.11	41.73	26.83	33.54	18.03	31.76	39.0	20.81	43.6	45.45	33.24	5.66	40.79	50.48	20.0	46.82	26.93	49.19	43.05	31.83	39.62	45.88	36.06	29.15	41.19	43.86	14.04	59.41	31.0	35.81	31.06	35.01	51.11	39.05	36.22	51.04	23.35	38.9	41.76	22.2	49.2	16.97	36.35	41.44	27.51	49.04	31.06	44.64	24.84	17.03	36.01	47.93	22.02	47.89	30.41	50.77	16.64	21.1	47.43	51.89	25.96	3.16	20.4	39.46	36.62	12.81	32.14	26.25	22.09	20.22	44.18	36.12	47.54	5.83	37.85	44.78	22.14	28.46	25.81	23.26	29.43	49.65	15.3	11.05	23.0	10.05	30.41	37.54	25.06	29.97	43.1	32.31	26.87	43.42	27.66	14.56	39.96	31.26	25.0	20.02	28.0	21.95	17.49	27.29	17.0	44.41	33.6	30.41	16.55	39.2	34.71	44.64	36.12	15.0	33.62	42.0	35.61	40.5	33.97	24.08	21.93	
67.88	40.01	5.83	47.07	28.28	33.73	19.21	22.0	4.24	36.06	45.54	35.11	44.92	35.17	53.24	52.15	37.22	28.16	53.14	21.21	46.1	49.82	35.61	33.3	23.77	0.0	55.32	20.25	29.7	30.48	8.25	57.78	31.89	36.4	57.25	60.8	5.0	38.9	48.17	53.08	22.14	50.57	42.54	24.7	50.36	52.8	44.29	65.12	44.55	53.08	26.48	50.96	42.06	26.93	53.34	16.49	53.0	22.14	32.0	52.92	32.65	49.24	52.39	19.65	24.35	36.88	55.36	31.11	13.89	32.56	15.26	53.15	53.67	51.97	28.28	26.68	36.5	50.01	45.61	27.02	10.44	48.1	48.66	48.0	66.57	29.73	29.7	28.64	34.71	49.66	35.61	8.0	68.01	47.43	41.68	8.0	44.72	39.81	56.0	49.65	24.19	42.3	22.67	47.85	36.24	55.32	8.25	39.2	12.17	22.56	58.41	34.83	20.81	48.08	33.02	33.54	22.2	13.89	34.18	8.06	41.59	34.66	29.0	38.83	21.02	19.7	34.53	3.0	37.11	24.19	8.54	28.16	60.75	45.61	36.35	32.31	34.06	46.04	35.81	43.05	34.48	14.32	44.41	18.38	22.2	50.22	54.13	37.64	22.09	32.25	21.21	49.4	24.7	51.62	21.93	47.93	43.0	56.86	10.82	31.78	
13.42	37.05	61.07	33.53	46.69	30.36	74.28	41.18	51.09	44.0	21.02	25.63	55.44	33.06	49.98	48.7	46.01	31.76	54.59	57.71	46.1	5.83	59.67	60.44	33.6	55.32	0.0	75.43	25.81	63.35	48.08	60.02	23.43	59.44	56.29	7.0	52.2	48.26	32.56	6.71	75.17	15.52	57.22	48.85	42.76	23.32	15.3	10.0	49.65	40.52	34.89	30.87	62.01	33.84	39.81	50.16	45.31	69.35	42.19	56.44	63.95	23.77	25.63	68.43	77.34	28.64	63.06	61.35	68.59	60.73	61.72	49.04	21.63	18.36	83.55	37.36	48.0	34.54	24.08	82.04	50.45	26.57	36.06	36.5	20.88	62.03	64.76	36.88	21.47	22.85	64.5	50.48	15.3	15.3	63.0	49.52	16.12	59.0	46.52	20.62	31.89	31.0	62.63	57.01	21.47	26.83	59.46	18.68	46.65	71.11	4.0	64.63	34.66	29.73	61.66	27.66	61.29	59.41	49.03	58.52	61.01	20.81	26.4	20.4	42.54	63.81	48.04	57.31	33.0	67.42	63.41	39.81	17.49	14.0	31.58	54.33	60.17	34.23	22.14	20.02	46.87	51.04	16.0	39.82	72.01	47.52	14.76	17.69	72.8	46.17	74.09	54.15	32.65	44.91	67.62	55.04	42.58	6.4	57.63	29.83	
87.78	57.87	14.42	63.07	41.11	53.14	6.4	40.52	24.41	49.34	65.39	55.04	54.15	51.97	65.12	64.33	49.73	47.93	67.36	32.25	62.01	70.0	46.32	43.42	43.83	20.25	75.43	0.0	49.68	34.13	28.18	71.02	52.01	47.3	71.45	81.02	23.35	54.01	66.71	72.86	14.14	70.66	54.92	40.05	67.19	70.72	64.5	85.15	55.9	70.46	45.88	67.54	48.09	45.0	68.01	29.97	66.22	18.44	46.24	66.61	36.22	67.12	71.78	16.12	15.0	56.3	63.03	40.52	10.05	42.45	19.42	65.31	71.85	70.6	9.49	43.57	48.27	65.8	65.19	10.0	28.16	65.51	64.08	65.92	85.43	38.6	32.25	45.28	54.49	67.68	39.32	25.5	87.68	66.6	47.17	27.31	64.88	47.0	69.12	69.46	44.42	61.13	26.0	60.83	56.44	74.63	19.24	58.69	29.83	16.76	78.6	38.33	41.05	64.88	38.05	52.01	30.81	24.02	49.01	18.03	48.04	54.67	49.04	58.05	39.29	25.96	46.32	18.79	53.71	23.35	12.04	43.83	79.65	65.07	55.36	41.3	44.38	64.33	55.17	61.85	50.01	30.41	63.7	36.88	14.87	66.0	74.24	57.8	18.6	44.92	8.94	63.39	43.86	68.07	20.22	61.52	56.61	77.1	23.09	50.0	
38.18	29.07	35.38	27.31	25.96	18.44	48.84	21.02	25.46	27.46	22.8	15.0	40.5	17.69	41.23	39.82	29.68	14.32	48.6	36.5	39.2	20.59	43.57	43.19	12.04	29.7	25.81	49.68	0.0	41.05	23.02	54.41	3.0	43.74	51.86	31.76	26.4	36.67	31.91	23.43	50.48	25.0	44.94	30.07	39.62	27.02	18.0	35.47	36.24	40.0	16.76	28.86	44.01	11.7	35.34	25.5	38.28	44.27	23.71	49.65	42.19	24.02	31.32	43.08	52.7	19.85	50.61	43.01	43.28	43.1	36.4	40.61	27.17	24.52	57.98	15.81	30.89	30.08	24.7	56.64	26.4	24.33	29.97	34.21	38.08	43.01	42.0	16.55	5.39	24.0	43.57	24.7	38.42	18.97	44.6	24.7	19.03	40.85	40.82	26.48	9.0	26.4	38.47	47.41	11.7	34.21	34.67	10.44	21.02	45.88	29.15	43.42	9.85	25.96	40.45	10.82	39.81	35.85	34.79	32.76	43.08	5.0	1.0	11.05	22.0	41.11	29.97	31.89	19.21	42.95	37.64	19.31	32.31	16.55	21.93	34.21	43.29	31.4	8.0	16.03	33.24	28.16	15.81	14.56	46.62	42.52	28.07	8.54	48.76	27.31	48.37	46.32	8.0	41.73	42.72	46.14	30.41	28.23	33.54	11.31	
72.45	64.62	30.02	37.8	16.76	55.36	38.83	47.89	30.48	22.2	63.51	54.13	21.19	31.02	33.54	33.12	21.26	49.34	81.12	51.66	72.9	59.54	65.8	63.64	44.27	30.48	63.35	34.13	41.05	0.0	35.0	86.28	44.05	66.53	85.09	70.21	26.91	66.89	70.6	58.24	45.88	66.03	72.01	53.6	75.77	48.88	59.03	71.17	24.7	77.49	49.4	42.8	14.0	30.07	39.7	17.46	36.06	16.03	21.93	81.3	2.24	45.65	71.85	18.03	47.54	57.97	29.02	61.55	37.34	62.94	16.55	34.0	50.61	50.99	43.0	26.17	19.1	39.7	64.94	44.1	39.7	43.05	37.54	71.78	65.0	60.21	2.24	26.48	43.1	46.53	5.39	25.0	70.77	49.65	13.04	36.24	60.07	13.34	38.59	67.36	42.45	64.56	8.54	76.84	52.35	74.81	38.01	44.72	24.6	18.11	67.27	4.47	38.6	41.05	4.12	35.69	52.63	44.2	62.68	23.02	14.04	45.01	41.11	42.95	47.51	49.65	17.8	32.8	31.78	11.05	28.64	23.54	59.94	49.73	58.82	10.63	64.35	69.26	41.44	44.27	62.43	43.93	47.8	27.66	20.1	76.92	69.0	49.01	48.47	18.36	26.02	77.7	33.06	77.47	14.0	76.55	28.28	67.6	41.23	33.54	
60.96	32.14	13.93	44.05	28.64	25.5	26.25	14.14	5.1	35.44	37.34	26.93	46.07	32.02	52.63	51.42	37.0	19.92	46.52	18.38	38.9	42.45	31.24	29.41	15.65	8.25	48.08	28.18	23.02	35.0	0.0	51.48	24.84	31.89	50.57	53.26	8.54	32.2	40.05	46.4	27.46	42.49	37.01	18.6	42.76	48.08	36.36	58.0	44.6	45.28	18.25	47.38	44.82	23.09	51.04	18.44	51.62	29.43	31.05	46.53	37.01	44.64	44.15	27.17	29.68	28.64	56.82	27.78	20.52	28.84	21.84	52.39	48.7	46.62	35.61	24.08	36.77	47.04	37.36	33.97	5.39	43.93	46.0	40.05	60.83	26.83	34.67	26.08	28.3	44.92	39.7	10.0	61.4	41.59	44.69	2.0	36.72	42.2	54.59	41.44	16.4	34.13	28.18	41.88	28.3	47.07	11.66	33.12	11.66	30.15	50.99	39.05	13.45	44.41	36.8	28.86	20.62	14.04	27.78	15.13	44.2	27.8	22.2	33.11	13.34	20.0	34.93	9.43	34.01	30.68	16.76	26.48	55.01	39.45	28.16	34.41	30.0	38.0	29.97	37.7	27.73	9.43	38.47	15.03	30.02	43.01	46.07	30.41	26.0	32.31	29.43	42.94	19.65	44.15	28.86	41.68	41.77	49.2	11.18	27.46	
71.18	25.55	61.35	81.3	76.49	36.06	65.49	38.6	56.36	80.66	39.29	40.31	93.34	72.01	95.6	94.2	82.76	40.46	5.83	38.83	15.26	55.79	25.02	28.02	44.55	57.78	60.02	71.02	54.41	86.28	51.48	0.0	52.7	24.02	4.12	59.14	59.94	19.42	27.46	64.29	60.03	44.55	16.12	33.11	17.26	77.47	46.17	67.19	89.94	20.0	38.9	81.88	94.49	64.44	89.36	69.07	92.66	79.85	76.38	5.0	88.2	75.58	35.06	77.25	61.0	35.36	103.97	31.02	61.0	29.02	72.92	95.0	76.69	73.16	73.06	67.9	83.44	83.86	36.14	70.03	47.42	76.94	84.06	23.54	80.81	33.02	86.09	69.35	57.45	75.15	90.7	61.4	74.43	67.23	94.64	50.54	44.92	91.55	95.13	39.46	47.42	30.08	79.65	10.2	45.18	35.01	53.16	61.29	61.85	80.06	59.41	90.14	50.21	79.26	87.66	65.22	40.31	47.3	23.71	65.8	93.72	54.71	53.6	63.13	38.83	45.28	82.04	56.65	73.6	81.86	64.2	71.42	76.66	64.08	32.76	83.87	27.02	25.96	61.06	67.54	23.85	43.46	64.88	60.96	79.38	12.65	46.17	52.77	55.01	79.21	76.66	8.6	59.46	15.13	79.71	9.85	84.65	55.33	49.04	65.6	
36.12	27.2	37.64	28.65	28.86	16.64	50.91	21.1	27.66	30.02	19.92	12.73	43.05	19.85	43.19	41.77	32.25	13.34	46.87	37.11	37.44	18.03	43.19	43.01	12.17	31.89	23.43	52.01	3.0	44.05	24.84	52.7	0.0	43.29	50.0	29.15	28.84	35.47	29.41	21.63	52.2	22.0	43.97	30.02	37.48	27.07	15.0	33.24	38.6	37.64	16.12	29.73	46.82	14.56	36.72	28.44	40.0	47.13	26.4	48.02	45.18	24.33	28.46	45.88	54.41	17.69	53.01	43.05	45.28	43.0	39.22	42.52	27.0	24.08	60.14	18.68	33.54	31.3	21.93	58.69	27.78	25.0	31.38	31.89	37.0	43.19	45.0	19.31	5.1	24.19	46.53	27.29	36.62	18.25	47.43	26.4	16.03	43.66	42.44	23.54	9.49	24.08	41.44	46.1	8.94	31.32	36.4	10.0	23.77	48.7	26.63	46.39	11.4	26.93	43.42	12.73	40.52	37.12	33.96	35.36	45.88	3.16	3.16	11.18	22.2	42.15	32.7	33.94	21.21	45.89	40.0	22.14	31.32	15.52	20.0	37.11	43.05	29.07	8.54	16.12	32.28	29.15	15.13	17.46	49.4	40.61	25.08	5.83	50.25	30.08	51.0	44.78	11.0	39.62	45.61	44.72	32.56	25.5	34.99	13.6	
72.53	23.71	38.95	70.6	59.91	29.27	41.59	23.09	36.07	65.76	39.56	34.23	77.39	59.46	82.35	81.02	67.6	30.07	21.38	15.65	20.0	53.94	1.0	4.0	31.78	36.4	59.44	47.3	43.74	66.53	31.89	24.02	43.29	0.0	25.18	61.35	39.62	12.81	32.2	61.4	36.01	46.24	8.06	14.32	26.4	70.35	44.15	68.68	75.18	30.61	27.17	72.57	76.69	50.7	78.45	50.33	80.41	57.8	61.29	20.1	68.62	67.6	40.5	55.07	37.01	30.81	88.2	7.0	37.36	5.0	51.61	81.94	70.18	67.07	49.04	53.23	67.74	73.5	37.16	46.01	26.87	68.07	73.08	29.07	78.31	9.0	65.95	55.04	48.37	67.48	71.42	41.73	74.73	61.03	76.58	30.41	43.42	74.03	83.22	42.05	34.93	29.97	59.03	14.04	39.12	42.2	30.41	53.24	43.42	57.71	60.44	70.72	36.06	69.63	68.59	53.85	16.49	24.17	10.44	44.41	76.06	46.17	42.76	54.45	22.47	21.38	66.04	34.67	61.35	60.46	41.59	56.36	73.11	58.01	27.89	66.22	3.0	29.41	51.62	59.41	12.65	22.63	58.08	44.78	56.8	22.83	49.24	46.0	31.0	63.29	53.49	17.46	45.88	26.08	57.98	15.3	71.18	56.92	26.42	53.45	
67.27	22.8	61.13	78.49	74.65	33.42	66.12	37.22	55.54	78.49	35.74	37.44	91.29	69.53	93.09	91.68	80.62	38.18	4.12	39.2	12.73	52.2	26.17	29.15	42.52	57.25	56.29	71.45	51.86	85.09	50.57	4.12	50.0	25.18	0.0	55.23	59.09	18.38	23.77	60.73	61.03	40.79	17.12	32.57	13.6	74.25	42.72	63.29	87.69	16.03	36.88	78.89	92.8	62.23	86.53	67.74	90.0	79.38	74.28	5.1	86.95	72.47	31.14	76.84	62.13	32.45	101.83	32.14	61.4	30.15	72.24	92.46	73.41	69.86	74.01	65.8	81.39	80.99	32.57	71.03	46.82	73.93	81.27	19.92	77.13	34.13	85.0	67.18	54.64	72.01	89.36	60.37	70.58	63.98	93.01	49.77	41.44	89.81	92.42	35.69	45.28	26.83	78.72	11.18	42.19	31.0	53.15	58.31	60.54	79.7	55.58	88.84	48.27	76.32	86.28	62.63	41.01	47.52	23.09	65.19	92.01	51.87	51.09	60.21	37.59	46.01	80.06	56.32	71.06	81.15	64.03	69.35	73.08	60.84	30.0	82.2	28.16	22.47	58.25	64.5	22.85	43.01	61.72	59.2	79.12	9.43	42.3	49.74	56.08	77.23	76.69	8.06	57.28	11.4	79.12	10.0	82.22	51.48	49.03	63.13	
12.04	38.08	66.61	40.26	53.6	33.12	79.51	45.0	56.61	51.0	21.84	28.84	62.39	40.05	56.61	55.36	53.01	35.61	54.01	61.29	46.17	11.18	61.68	62.77	38.18	60.8	7.0	81.02	31.76	70.21	53.26	59.14	29.15	61.35	55.23	0.0	57.98	49.48	32.02	13.34	79.91	15.3	58.25	51.97	42.01	29.55	18.03	8.06	56.57	39.2	38.6	37.34	69.01	40.52	46.24	56.65	51.87	75.77	49.16	56.0	70.86	30.36	24.08	74.73	82.04	30.87	69.86	63.98	73.76	63.16	68.03	55.66	27.73	24.7	88.87	44.15	55.0	41.11	24.52	87.21	55.15	33.24	42.72	36.01	23.85	64.85	71.59	43.74	27.86	29.41	71.45	56.44	15.52	22.2	70.0	54.56	18.36	66.0	52.92	20.1	36.88	31.78	69.26	57.31	25.5	24.52	64.38	25.5	52.77	77.47	3.0	71.57	40.0	36.4	68.59	34.53	64.9	63.78	50.92	64.5	68.01	26.83	32.25	27.29	46.4	67.8	55.04	62.63	40.0	74.0	69.07	46.69	21.93	21.0	33.62	61.29	62.39	34.13	28.86	27.02	48.7	55.32	23.0	46.1	78.29	47.0	13.0	23.32	77.23	53.15	80.13	54.08	39.0	44.05	74.09	55.23	49.5	4.47	62.24	36.67	
64.44	40.45	9.43	42.2	23.35	33.06	23.32	22.56	3.61	31.06	44.15	33.73	40.16	30.36	48.26	47.17	32.25	27.17	55.04	25.0	47.43	46.87	38.9	36.8	22.36	5.0	52.2	23.35	26.4	26.91	8.54	59.94	28.84	39.62	59.09	57.98	0.0	40.72	48.01	49.52	26.93	48.7	45.22	26.93	51.2	48.3	42.15	61.85	39.62	53.6	26.0	46.17	37.74	22.36	48.37	11.7	48.0	21.1	27.0	55.01	29.0	44.72	51.48	19.0	29.12	36.12	50.7	34.83	18.38	36.12	13.34	48.17	49.24	47.71	32.02	21.84	31.58	45.12	44.55	31.06	12.81	43.46	43.74	48.26	62.43	33.6	26.4	23.77	31.14	45.18	31.83	3.0	64.35	43.42	37.44	9.43	42.72	35.36	51.0	48.27	22.14	42.0	19.72	50.25	34.18	54.45	13.15	35.38	7.28	22.0	55.47	31.11	18.38	43.32	29.07	29.15	26.42	18.38	36.24	7.07	37.22	31.4	25.81	34.83	21.84	24.35	29.61	8.0	32.28	22.14	11.31	23.19	56.61	41.77	36.0	27.73	37.48	46.1	31.89	38.83	36.25	17.03	40.46	13.89	22.09	51.55	52.2	34.67	27.07	27.29	22.47	51.43	20.62	52.63	20.4	50.12	38.0	54.2	15.23	27.29	
61.0	11.4	42.95	63.98	57.28	19.42	49.09	19.21	37.16	61.85	27.66	24.33	74.33	53.85	77.39	76.01	63.89	22.36	14.32	22.2	8.25	43.05	13.45	15.62	25.81	38.9	48.26	54.01	36.67	66.89	32.2	19.42	35.47	12.81	18.38	49.48	40.72	0.0	19.42	51.01	44.91	34.21	9.0	14.32	14.32	61.85	33.06	57.07	71.22	18.36	20.25	65.19	75.17	45.8	72.01	49.65	74.79	61.03	57.49	14.42	68.8	59.48	27.78	58.52	46.32	20.02	85.04	18.03	44.0	16.4	53.85	76.85	61.39	58.05	57.56	49.04	64.44	66.71	25.0	54.74	28.46	60.41	66.64	16.28	68.01	19.72	66.73	50.61	40.5	59.2	71.28	42.06	63.51	51.97	75.29	31.38	32.14	72.25	77.41	29.73	28.84	17.72	60.37	10.82	29.43	29.41	35.23	44.92	42.44	61.4	48.84	70.72	31.24	62.39	68.24	47.41	24.74	30.0	5.0	46.82	74.41	37.95	35.78	46.49	19.42	29.61	62.97	38.08	55.57	62.77	45.89	52.5	63.13	48.84	17.03	64.54	14.87	16.64	44.01	51.24	4.47	24.74	49.24	41.73	60.88	12.04	37.0	36.88	40.26	60.14	58.69	10.82	40.8	14.56	60.75	9.9	66.29	45.12	31.14	47.51	
44.0	9.43	53.46	56.64	57.27	15.3	62.94	26.31	45.01	59.36	12.08	17.0	72.4	49.2	72.18	70.77	61.59	21.38	22.09	38.08	14.32	28.46	32.8	34.71	26.48	48.17	32.56	66.71	31.91	70.6	40.05	27.46	29.41	32.2	23.77	32.02	48.01	19.42	0.0	37.0	60.42	17.12	27.31	28.18	10.2	51.11	19.24	40.0	68.01	8.6	22.02	56.4	75.58	43.42	64.54	53.37	68.59	69.07	55.57	24.02	72.12	49.65	8.54	67.01	62.17	12.65	82.42	36.77	57.28	35.38	61.13	71.45	50.12	46.53	72.11	47.41	62.77	58.9	8.94	69.64	38.64	51.4	59.46	4.0	53.37	38.21	71.06	48.37	33.3	49.09	74.0	48.17	47.1	40.82	76.06	40.2	17.89	72.45	70.77	12.04	28.16	6.08	65.92	25.5	20.62	10.0	47.54	36.12	46.69	70.01	32.06	73.68	32.02	54.04	70.84	42.01	41.34	44.01	22.63	55.0	74.69	30.48	31.38	38.21	27.46	45.65	61.77	48.51	50.45	69.46	56.44	51.0	49.34	37.74	12.04	65.39	34.06	2.83	36.8	42.01	20.52	36.4	38.83	43.01	70.01	15.03	19.03	27.59	56.36	59.06	69.35	22.09	38.91	12.37	68.18	23.35	61.85	28.02	43.97	43.01	
15.0	40.2	58.69	26.93	41.48	32.14	72.25	41.44	48.84	38.12	25.0	27.17	49.16	27.46	43.32	42.06	40.05	32.28	58.69	57.94	49.82	8.54	61.52	61.98	33.11	53.08	6.71	72.86	23.43	58.24	46.4	64.29	21.63	61.4	60.73	13.34	49.52	51.01	37.0	0.0	73.82	20.59	60.01	49.73	47.13	16.64	18.25	13.0	43.29	45.31	35.44	24.17	56.04	29.53	33.11	46.14	38.63	65.37	36.67	60.42	58.69	17.09	30.89	64.66	76.03	31.0	56.52	62.59	66.71	62.17	57.98	42.38	15.0	11.66	81.34	32.7	42.11	27.86	28.16	80.06	49.4	19.92	29.41	40.8	17.0	63.06	59.77	31.95	18.38	16.16	59.03	47.51	15.0	9.0	57.08	48.01	19.42	53.08	39.81	25.5	30.89	34.53	58.18	60.41	22.36	32.45	58.01	14.42	43.42	67.23	10.44	59.23	33.02	23.09	56.29	22.85	61.47	58.67	51.16	55.44	55.04	18.6	24.21	15.65	42.72	63.51	42.3	55.32	27.17	63.07	60.83	34.79	12.37	8.54	34.0	48.84	61.81	38.33	18.03	14.14	49.09	50.54	10.44	36.4	68.26	51.66	20.62	16.55	71.87	40.61	70.8	57.87	29.21	49.34	63.53	58.55	36.22	13.04	56.6	25.08	
88.24	51.08	18.11	69.12	49.09	48.83	7.81	35.81	26.0	57.22	61.61	51.86	64.28	57.28	74.03	73.06	58.08	44.69	57.08	22.8	53.15	69.43	35.01	32.02	41.73	22.14	75.17	14.14	50.48	45.88	27.46	60.03	52.2	36.01	61.03	79.91	26.93	44.91	60.42	73.82	0.0	67.62	44.0	32.31	58.94	74.85	62.29	85.15	65.0	62.64	42.01	73.08	59.44	49.04	75.13	37.12	74.33	31.3	53.46	56.01	48.08	71.31	66.73	28.64	2.24	51.87	73.98	29.02	9.0	31.02	29.61	74.06	75.64	73.79	13.04	48.76	57.01	72.03	60.75	10.0	24.76	70.23	70.61	58.87	88.19	27.02	44.27	50.7	55.76	71.69	51.24	29.83	88.81	68.96	58.69	25.81	62.37	57.87	77.32	65.46	43.28	55.47	37.36	50.0	54.45	69.35	15.81	60.54	34.21	30.02	77.83	50.29	40.8	70.21	49.48	55.54	20.22	16.64	40.02	25.0	59.23	55.22	49.65	60.42	34.41	15.3	55.01	19.31	59.2	35.85	18.03	50.01	82.37	66.89	50.25	51.24	33.02	57.78	57.31	64.85	41.48	25.0	65.86	40.5	28.3	56.89	71.22	57.63	5.1	53.08	22.8	53.08	46.52	59.44	32.7	51.04	64.38	75.66	17.69	53.85	
27.07	22.8	56.36	43.83	50.49	19.1	68.26	31.89	46.62	50.29	6.71	15.81	62.97	39.22	60.21	58.83	52.5	23.02	39.2	47.51	31.02	12.21	46.62	47.85	26.83	50.57	15.52	70.66	25.0	66.03	42.49	44.55	22.0	46.24	40.79	15.3	48.7	34.21	17.12	20.59	67.62	0.0	42.95	37.8	27.29	36.12	7.0	23.09	57.78	25.0	25.61	42.52	67.91	36.22	51.22	50.25	56.04	68.45	47.3	41.11	67.12	35.38	10.3	66.94	69.66	16.4	72.01	49.24	62.43	48.3	60.42	59.36	34.83	31.24	77.7	40.31	54.12	45.61	9.22	75.72	43.27	37.64	46.62	21.1	36.4	50.25	67.0	40.61	23.54	34.66	68.36	47.8	30.02	26.17	68.66	43.42	6.08	64.76	57.8	5.1	26.57	16.49	63.29	42.11	14.56	12.04	52.7	24.17	44.91	69.86	15.0	68.26	30.36	40.61	65.28	32.28	51.09	51.09	35.85	55.66	66.94	21.21	25.02	26.4	33.3	54.45	53.6	51.88	39.92	67.6	59.09	43.57	32.7	23.43	18.87	58.69	47.42	19.0	26.25	28.84	33.62	42.64	25.0	39.2	70.34	32.14	3.61	17.26	64.44	51.2	71.17	39.0	33.0	29.43	67.08	40.05	50.99	11.05	50.0	33.96	
69.87	20.22	45.69	72.24	63.89	28.28	49.37	25.81	41.62	69.07	36.5	33.24	81.22	61.72	85.09	83.73	71.03	30.68	13.34	22.8	13.6	52.04	9.06	12.04	33.54	42.54	57.22	54.92	44.94	72.01	37.01	16.12	43.97	8.06	17.12	58.25	45.22	9.0	27.31	60.01	44.0	42.95	0.0	18.44	19.85	70.61	42.05	65.92	78.49	24.08	28.23	73.68	81.32	53.34	80.23	55.23	82.73	64.4	64.64	12.04	74.03	68.15	35.85	61.74	45.04	29.02	92.01	15.03	44.91	13.04	57.8	84.6	70.21	66.91	57.01	56.3	71.4	75.03	33.73	54.0	32.45	68.96	74.85	23.71	77.01	17.03	71.61	57.98	49.04	67.91	76.69	47.01	72.44	60.83	81.32	35.81	41.11	78.52	85.43	38.33	36.67	26.48	64.9	6.0	38.33	37.12	37.34	53.6	48.1	64.47	57.71	76.06	38.59	70.84	73.76	55.54	24.19	31.32	10.3	50.61	80.62	46.57	44.01	55.08	25.61	29.15	69.81	41.15	63.51	66.73	48.47	59.64	72.11	57.71	26.02	70.72	11.05	24.7	52.5	59.91	11.7	28.3	58.05	48.41	63.69	15.62	45.61	45.71	39.01	67.01	60.73	9.49	48.37	19.1	64.41	7.28	73.93	53.94	33.24	55.46	
