190
0.0	63.01	67.07	52.2	68.6	38.33	22.83	22.85	62.43	45.61	35.69	44.41	54.13	27.07	52.48	24.6	59.82	70.09	26.63	67.08	56.3	57.98	43.28	64.03	28.23	39.2	28.0	40.25	71.03	71.57	65.76	31.3	29.7	16.55	12.37	48.7	63.29	59.21	30.41	22.0	47.04	55.95	27.02	71.59	44.05	15.0	67.19	26.08	60.13	76.69	69.18	20.88	28.32	33.42	32.25	30.23	42.58	18.0	65.46	64.88	55.58	17.49	62.03	31.91	20.0	28.23	53.81	34.21	72.84	60.37	53.71	45.28	30.15	45.18	29.0	66.19	52.8	38.08	66.29	6.4	44.82	17.46	37.16	60.22	21.95	50.01	63.2	29.7	37.22	35.85	8.06	40.61	70.11	45.49	31.06	5.1	42.76	43.42	37.12	65.52	26.63	15.52	26.93	64.64	9.22	25.06	34.83	41.59	22.02	49.77	76.66	30.41	53.08	10.2	71.28	46.1	58.05	60.17	37.2	45.61	37.54	51.16	61.77	49.04	40.0	61.68	31.0	38.33	59.54	32.0	32.65	37.66	23.32	20.62	72.01	58.03	28.16	59.3	26.02	41.34	27.8	36.77	35.01	31.38	68.68	64.2	56.73	48.88	31.76	30.02	48.51	24.02	62.13	59.09	80.62	38.01	72.01	72.11	57.87	25.5	60.54	62.51	42.43	34.21	51.24	35.0	5.83	46.96	48.76	23.54	51.97	61.4	65.38	36.62	51.48	18.03	66.73	27.02	61.06	24.52	28.6	54.92	37.95	72.56	40.31	35.13	68.45	28.02	45.31	52.35	
63.01	0.0	18.44	55.04	8.25	49.04	40.46	71.61	4.47	102.62	46.82	92.66	14.14	45.79	64.28	42.72	4.0	89.09	59.54	51.24	68.12	6.32	20.12	23.71	74.63	42.72	43.57	80.11	43.83	25.46	49.04	32.53	92.46	62.03	54.12	53.24	5.0	42.76	33.12	77.99	39.2	60.0	61.77	12.37	19.24	72.84	44.94	37.01	34.21	86.37	36.72	48.1	71.81	31.95	38.08	69.05	90.43	49.58	3.0	64.5	29.27	66.84	16.55	68.73	65.8	62.97	73.82	72.69	89.0	64.07	59.03	42.43	48.51	41.44	34.89	35.34	81.25	36.06	27.78	61.62	75.58	79.4	66.07	2.83	74.67	47.04	43.68	34.0	43.32	54.08	55.0	44.1	38.08	26.02	53.34	65.3	98.6	100.42	88.2	56.29	88.53	54.56	85.63	2.0	53.82	77.16	28.3	80.62	54.12	88.96	15.13	64.85	15.13	70.84	8.54	95.88	80.89	53.46	73.33	17.49	27.51	41.0	7.62	20.62	38.6	20.62	42.06	46.01	30.08	41.59	75.18	33.11	65.25	61.68	69.43	39.62	51.0	32.02	81.69	77.62	61.29	53.76	87.66	31.89	23.43	19.72	81.22	15.0	56.86	91.24	25.32	80.16	42.45	61.07	19.24	52.01	32.02	9.49	19.42	38.47	91.22	46.32	43.93	70.68	93.23	51.04	68.41	84.5	24.33	75.6	27.0	45.12	33.11	30.81	13.42	80.45	60.21	89.38	91.01	76.4	76.66	27.17	51.24	73.98	23.35	90.0	66.91	91.02	86.01	15.03	
67.07	18.44	0.0	43.32	12.65	42.01	44.64	69.66	14.14	100.57	41.04	87.97	14.0	43.83	53.14	52.01	21.26	76.69	55.9	35.13	56.32	16.12	30.41	7.07	71.45	36.12	41.88	74.2	26.25	7.21	33.06	36.14	94.83	70.46	61.0	42.54	13.45	28.28	41.05	77.42	29.68	47.54	58.0	11.0	29.43	73.57	28.28	41.98	19.24	72.11	18.97	57.08	82.02	42.11	36.36	80.02	85.8	50.54	16.64	50.16	17.0	66.03	5.1	80.1	64.2	74.06	63.32	84.1	75.95	50.8	47.13	33.29	60.41	32.45	43.05	18.25	72.01	49.48	10.2	63.98	67.74	84.43	78.77	18.44	82.87	35.85	28.0	42.05	37.48	47.63	59.14	58.52	20.25	40.85	65.49	68.03	96.26	98.49	84.85	41.0	90.05	55.07	85.45	17.2	58.52	85.71	36.01	74.4	64.01	81.84	16.28	60.14	31.38	72.9	17.46	91.44	70.23	39.32	85.29	27.46	38.33	29.55	11.4	18.03	32.53	6.4	39.41	59.91	15.52	38.6	70.77	30.53	75.06	71.11	54.04	25.5	47.51	17.46	80.6	71.03	57.28	47.01	84.9	36.67	5.0	3.61	70.94	21.1	51.66	92.11	19.42	79.4	27.02	47.85	18.38	65.73	13.6	17.26	9.43	46.17	81.54	31.02	35.81	65.3	86.53	64.13	71.69	77.39	18.87	74.03	17.69	30.07	16.12	42.58	18.11	85.09	45.0	91.3	81.15	74.65	86.21	15.81	44.2	59.0	28.16	87.86	52.01	94.43	79.63	30.89	
52.2	55.04	43.32	0.0	53.94	14.42	41.01	40.11	51.16	66.31	17.8	50.25	41.0	27.2	9.85	55.17	55.04	34.06	27.17	18.03	13.15	49.0	48.7	36.4	38.83	17.2	27.66	35.85	27.2	42.06	17.89	38.28	70.06	65.0	54.92	3.61	51.24	16.4	47.43	49.16	16.12	5.39	28.02	53.85	48.38	49.09	22.2	41.87	24.6	32.57	30.48	57.38	78.39	52.15	27.8	78.77	48.37	35.85	55.23	13.45	26.68	40.11	41.0	79.88	37.05	74.4	20.12	83.22	34.06	10.3	4.0	13.6	66.48	14.56	48.6	28.6	29.41	62.97	34.89	46.17	27.02	67.47	82.46	53.0	73.93	8.0	19.1	48.01	18.44	16.49	47.41	71.61	30.41	60.93	70.72	49.73	61.85	64.62	49.77	14.0	64.12	36.77	56.57	55.15	48.37	77.08	45.65	35.51	64.03	41.04	59.48	27.17	58.46	51.62	58.86	53.85	26.93	9.22	85.7	47.8	51.88	14.14	48.26	35.13	20.12	37.36	25.46	71.22	27.86	24.76	35.74	27.73	71.87	67.96	20.62	18.36	24.17	26.0	50.64	31.91	27.02	15.52	50.92	40.5	40.72	39.85	27.73	43.57	21.21	64.5	30.07	50.36	19.1	7.81	61.68	75.07	37.2	59.03	36.5	48.92	38.47	16.4	13.89	29.41	46.01	72.18	53.6	36.88	31.06	44.28	28.07	16.28	29.68	55.57	43.19	67.08	14.56	66.07	38.01	44.41	80.06	28.44	14.32	22.8	40.5	54.71	17.03	72.03	40.0	57.49	
68.6	8.25	12.65	53.94	0.0	50.09	45.79	75.07	6.32	106.22	48.37	95.13	15.62	48.92	63.56	49.73	12.17	87.82	62.2	47.52	67.08	10.77	26.93	19.24	77.62	43.83	46.75	81.99	38.9	18.87	45.4	37.44	97.65	68.96	60.54	52.63	5.39	40.0	39.56	82.04	38.9	58.55	64.4	4.12	25.96	77.34	40.79	42.54	31.02	84.0	31.62	55.08	79.25	39.05	41.11	76.66	92.91	53.91	5.39	62.0	27.29	70.71	13.04	76.42	69.35	70.58	73.5	80.4	87.37	62.2	57.87	42.38	56.22	41.44	41.44	30.81	81.6	44.0	22.8	66.61	76.56	85.42	74.01	10.0	81.61	46.1	40.2	40.5	44.78	55.47	60.54	52.24	32.89	34.13	61.13	70.46	102.07	104.06	91.21	53.15	93.41	58.8	89.87	6.32	59.54	84.2	34.54	82.37	61.39	90.34	8.06	67.12	23.35	75.8	5.0	98.47	80.52	51.01	81.15	24.04	34.71	39.81	7.07	22.2	39.82	17.0	44.82	54.08	27.0	44.2	77.67	35.61	72.57	68.88	66.27	37.01	53.6	29.0	85.56	79.18	63.82	55.01	90.91	37.22	17.46	15.13	81.04	19.72	58.83	95.9	25.94	84.15	39.12	59.21	12.08	60.07	25.94	5.1	17.46	44.94	91.39	43.1	44.38	72.72	94.83	59.0	73.78	85.87	25.06	79.25	26.25	42.05	28.64	38.33	17.2	86.35	57.14	94.4	91.09	79.98	83.95	25.5	52.33	71.11	28.3	93.51	64.07	96.57	87.71	23.19	
38.33	49.04	42.01	14.42	50.09	0.0	27.02	30.08	45.88	59.64	3.61	46.01	35.11	12.81	18.79	41.23	48.05	43.17	15.81	29.07	23.26	42.72	38.21	36.07	30.53	6.32	13.45	32.2	34.93	43.19	28.0	25.63	59.03	50.61	40.5	10.82	46.24	22.56	34.44	38.9	12.81	19.1	17.46	51.11	38.12	37.34	30.41	28.3	26.93	44.78	35.34	43.14	64.01	39.4	14.87	64.35	43.86	21.47	49.98	27.8	25.46	28.44	38.28	65.46	25.71	60.0	26.17	68.8	44.27	24.04	16.97	9.43	52.5	10.0	35.36	32.65	32.39	50.09	36.24	32.56	26.57	54.33	68.12	46.57	59.81	12.0	26.48	34.89	6.0	5.66	33.11	58.31	35.85	49.48	56.59	36.35	55.22	57.69	43.42	27.2	53.37	22.8	46.82	49.65	34.0	62.97	33.53	32.45	49.68	40.25	56.94	18.6	49.01	39.0	54.63	49.52	33.06	21.84	71.28	38.01	39.85	15.23	43.46	28.46	10.44	35.61	11.66	57.69	28.43	11.18	29.07	17.0	57.45	53.54	35.0	22.47	10.2	27.2	41.23	29.15	16.55	5.0	43.83	27.86	41.01	38.42	33.0	35.36	10.3	54.41	24.17	40.5	25.71	22.02	59.91	61.22	40.5	55.04	33.29	35.23	42.43	25.08	6.4	23.35	44.78	58.26	40.31	35.78	25.08	34.54	24.41	24.19	32.76	43.08	35.9	54.15	28.64	55.11	42.3	34.93	65.8	26.25	2.24	36.77	30.07	47.17	31.4	60.3	37.74	48.01	
22.83	40.46	44.64	41.01	45.79	27.02	0.0	33.84	39.66	63.63	23.43	56.75	31.38	14.76	45.49	14.21	37.48	68.54	26.08	51.43	49.93	35.23	21.4	42.3	38.08	24.21	13.6	47.04	52.63	49.65	49.66	8.54	52.01	27.29	17.03	37.48	40.5	42.15	10.2	38.59	29.97	46.01	28.02	48.76	22.02	32.8	49.65	3.61	40.61	71.56	49.37	16.64	40.26	15.03	13.89	39.56	54.57	11.18	42.8	54.45	35.13	28.23	39.56	40.31	28.16	34.44	51.08	44.01	70.21	50.99	43.93	29.68	25.5	29.15	10.0	46.39	54.34	24.52	45.04	21.21	46.69	39.92	41.88	37.64	39.0	35.81	45.88	10.05	22.67	28.18	14.76	31.78	50.49	27.46	29.73	24.84	59.94	61.4	50.92	51.87	48.1	15.81	45.8	42.01	13.93	42.01	13.04	48.01	23.71	57.01	53.85	32.06	32.25	30.41	48.6	59.48	57.25	46.62	46.1	23.35	17.72	34.44	38.95	26.68	22.83	39.62	15.56	30.89	39.12	16.28	40.31	17.46	33.24	29.12	61.55	40.16	20.25	39.32	42.54	46.04	28.07	28.65	49.77	8.6	46.69	41.98	56.61	26.08	27.2	50.93	27.02	40.82	44.6	48.8	57.8	34.21	51.01	49.41	35.69	8.54	63.95	46.1	27.8	38.01	60.21	31.24	28.02	53.01	27.07	37.16	31.02	44.78	45.18	19.03	28.65	40.72	54.2	48.92	64.13	38.08	43.42	34.01	28.02	63.7	17.49	51.43	58.0	50.77	53.08	31.38	
22.85	71.61	69.66	40.11	75.07	30.08	33.84	0.0	69.66	31.14	29.53	23.19	59.46	26.17	36.5	43.05	69.34	49.04	14.32	57.71	39.29	65.6	54.56	64.64	5.39	34.48	28.32	17.49	64.85	72.11	57.07	39.82	30.0	39.4	33.54	37.34	70.29	52.5	43.97	9.06	42.49	42.05	12.65	77.08	55.01	10.82	60.17	37.34	56.8	57.31	65.39	41.11	50.48	48.51	33.97	52.84	21.1	22.85	73.41	50.36	54.38	6.0	65.19	54.59	5.83	51.08	34.44	56.6	52.2	45.4	40.01	39.4	51.35	39.81	43.42	62.65	31.14	56.32	65.51	17.46	23.6	31.06	60.01	68.82	42.52	41.48	56.32	43.68	32.76	25.0	25.08	61.03	65.92	61.13	53.15	17.89	27.02	29.0	17.09	54.08	24.02	18.03	16.76	72.8	27.07	45.28	46.62	18.87	44.15	26.93	82.76	13.0	65.8	15.56	78.87	25.71	37.2	49.25	59.68	55.95	51.55	45.31	68.01	53.04	37.44	63.41	30.41	59.14	57.8	31.14	10.0	39.6	46.07	43.46	56.89	52.55	22.2	56.82	11.18	19.1	13.6	25.96	16.12	41.15	69.63	66.22	35.61	56.61	19.92	24.52	50.33	10.44	55.66	45.1	86.27	59.84	70.24	79.51	60.31	40.79	38.01	54.57	36.25	13.42	28.64	56.72	20.0	24.19	50.99	4.47	52.2	53.85	62.61	52.39	58.41	30.02	54.01	26.0	38.6	5.0	49.68	54.64	28.46	56.04	48.55	18.44	53.6	32.39	22.47	64.88	
62.43	4.47	14.14	51.16	6.32	45.88	39.66	69.66	0.0	100.77	43.86	90.21	10.77	43.6	60.53	43.42	7.21	85.21	57.14	46.84	64.28	4.47	20.62	19.24	72.42	39.56	41.4	77.37	39.36	21.26	44.64	31.4	91.61	62.64	54.23	49.5	1.0	38.47	33.24	76.38	35.51	56.04	59.36	10.05	19.65	71.51	40.5	36.36	29.83	82.22	32.25	48.76	72.99	32.76	35.81	70.46	87.98	48.1	4.12	60.3	25.08	65.12	12.08	70.26	63.89	64.38	70.21	74.24	85.02	60.01	55.15	38.83	50.09	37.85	35.11	30.87	77.88	38.05	23.32	60.61	72.45	79.18	68.01	4.47	75.29	43.19	39.29	34.18	40.31	51.08	54.38	46.53	33.62	28.44	55.04	64.4	96.67	98.6	86.02	51.97	87.46	53.04	84.15	4.0	53.34	77.88	28.23	77.82	55.11	86.01	14.32	62.27	18.03	69.81	9.22	93.49	77.28	49.25	75.06	17.72	28.44	37.05	3.16	17.46	35.47	16.16	39.66	48.26	25.71	39.12	72.72	30.53	66.29	62.59	65.12	35.36	48.55	27.66	79.98	74.73	58.83	50.7	85.6	31.06	19.1	15.26	77.67	13.6	54.12	90.03	21.84	78.52	38.08	57.01	18.38	54.23	27.66	9.9	15.13	38.63	87.8	41.98	40.52	68.0	90.38	53.04	67.68	81.54	20.88	73.76	23.09	40.79	28.64	32.14	11.31	80.13	55.9	88.41	87.56	74.52	77.67	23.02	48.1	69.72	22.2	88.09	62.65	90.43	83.19	17.72	
45.61	102.62	100.57	66.31	106.22	59.64	63.63	31.14	100.77	0.0	59.82	18.0	90.61	57.31	59.48	69.89	100.21	59.54	44.69	84.31	60.42	96.67	84.91	95.27	29.21	64.82	59.46	31.05	93.02	102.62	84.17	70.46	24.7	59.21	57.97	64.4	101.41	81.01	73.36	25.06	72.42	66.41	42.64	108.21	85.44	31.38	88.1	67.23	86.53	71.18	94.67	66.48	65.38	77.39	65.12	69.18	19.1	53.25	104.48	73.01	84.81	35.81	96.21	71.18	36.88	70.01	52.61	71.57	63.51	68.15	64.85	69.07	75.5	69.63	72.45	92.11	44.05	83.49	95.8	43.46	41.0	40.31	78.06	99.81	55.44	69.84	84.53	72.9	63.25	54.08	51.62	86.12	95.02	89.96	75.66	41.11	4.47	2.24	16.55	79.38	22.2	48.26	18.68	103.86	53.49	56.89	76.66	31.78	66.91	31.06	113.9	41.05	95.88	35.44	109.99	15.13	51.01	75.39	74.67	86.53	80.95	74.63	99.16	84.17	68.12	94.26	61.52	83.74	88.01	62.23	30.89	70.72	64.0	63.13	78.09	81.63	53.08	86.84	21.1	35.17	43.42	54.92	15.81	71.56	100.26	97.08	49.01	87.62	49.41	18.25	81.34	22.83	84.12	68.96	117.39	82.73	100.12	110.63	91.29	69.35	43.74	82.29	66.03	37.12	27.46	79.91	40.02	33.06	82.04	27.02	82.98	81.84	92.36	81.02	89.5	38.33	78.16	23.54	44.72	26.25	61.98	85.28	57.69	75.43	79.4	12.73	75.5	30.08	29.07	95.02	
35.69	46.82	41.04	17.8	48.37	3.61	23.43	29.53	43.86	59.82	0.0	47.01	33.11	9.43	22.36	37.64	45.61	46.57	15.26	31.4	26.83	40.5	35.06	35.47	30.61	5.0	9.9	33.62	36.35	42.8	30.15	22.14	57.72	47.41	37.22	14.21	44.28	24.08	30.87	38.08	13.0	22.63	17.2	49.65	35.01	35.9	32.06	24.7	27.31	48.37	36.06	39.62	60.83	35.85	11.4	61.06	44.82	18.38	47.93	31.24	25.0	27.2	37.01	62.13	24.7	56.61	29.43	65.51	47.76	27.59	20.52	10.2	48.92	10.44	31.76	33.24	35.13	46.52	36.06	30.15	28.86	52.09	64.66	44.27	56.92	14.32	28.07	31.3	3.61	7.28	30.08	54.71	36.69	46.1	53.04	34.06	55.44	57.8	43.86	30.08	52.2	20.22	46.1	47.54	30.87	60.08	30.08	34.0	46.23	42.15	55.47	19.1	46.01	37.12	52.77	50.45	36.22	24.7	67.96	35.01	36.4	16.28	41.59	26.4	8.6	34.66	8.06	54.08	28.3	7.62	29.73	14.14	54.2	50.25	38.42	23.54	8.06	27.29	40.71	30.87	16.4	7.07	44.05	24.35	40.46	37.48	36.06	32.76	10.63	53.49	22.47	39.81	27.17	25.5	58.6	57.63	40.71	53.24	32.02	31.62	45.18	27.02	7.07	24.41	46.52	54.67	38.05	37.7	23.32	34.0	23.35	26.0	33.11	39.56	33.53	52.01	31.76	53.85	45.1	34.48	62.77	25.5	5.1	40.31	27.0	47.2	34.83	58.69	39.36	45.01	
44.41	92.66	87.97	50.25	95.13	46.01	56.75	23.19	90.21	18.0	47.01	0.0	79.61	46.96	42.54	66.19	90.79	41.77	33.12	68.0	43.01	86.45	76.9	82.07	18.68	51.86	49.19	14.42	77.39	89.1	68.1	62.03	35.47	60.42	56.08	48.83	90.74	65.8	66.94	22.8	58.69	49.66	30.89	96.61	77.25	29.61	72.4	60.17	72.25	53.24	79.81	64.0	69.64	71.59	54.59	72.73	2.24	45.61	94.15	55.66	71.45	29.15	84.02	74.63	28.64	72.03	34.93	75.96	45.71	50.92	48.3	55.15	74.06	55.87	66.49	77.47	26.08	79.51	82.04	40.01	23.77	46.14	80.78	89.94	60.42	54.82	69.07	66.71	50.61	40.36	48.01	84.01	80.0	84.17	75.43	39.32	14.14	17.12	7.62	62.65	30.41	41.0	22.2	93.65	50.01	62.61	69.26	14.76	66.37	13.15	102.42	28.02	88.26	34.93	99.32	3.61	33.02	59.06	79.12	78.0	74.46	60.21	88.2	72.95	55.61	81.57	50.61	82.01	74.25	51.11	17.49	59.68	66.48	64.54	60.42	66.84	41.68	72.86	19.31	18.36	31.38	41.04	10.3	63.57	87.0	84.39	31.02	77.83	36.4	27.66	69.4	21.19	68.82	52.0	105.6	82.3	85.8	99.86	79.03	63.95	26.25	66.57	52.35	22.67	10.3	79.23	40.02	15.13	70.21	21.02	70.29	66.29	77.99	75.5	79.26	44.42	61.1	32.53	27.2	20.02	67.54	72.25	43.86	57.56	70.26	12.73	57.97	40.31	11.18	87.32	
54.13	14.14	14.0	41.0	15.62	35.11	31.38	59.46	10.77	90.61	33.11	79.61	0.0	33.3	50.16	38.01	14.14	75.03	46.62	38.91	54.04	8.0	16.76	14.76	62.01	28.79	31.14	66.65	33.3	20.4	36.67	22.85	82.68	56.57	47.3	39.12	11.18	29.73	27.07	66.53	25.08	46.04	48.83	17.8	15.81	62.01	33.29	28.46	21.95	72.69	26.91	43.1	68.03	28.16	25.5	66.03	77.39	38.6	14.87	50.99	16.16	55.17	9.06	66.12	53.76	60.07	59.68	70.11	75.03	50.25	45.0	28.28	46.53	27.29	29.07	24.76	67.19	36.06	18.87	51.62	61.68	71.31	64.94	12.0	69.05	33.0	31.3	28.07	29.55	40.31	46.1	45.31	28.32	28.3	51.62	55.57	86.45	88.46	75.6	43.32	78.24	43.42	74.41	14.56	45.31	71.85	22.02	67.08	50.01	75.24	23.35	51.62	20.62	60.75	19.72	82.93	66.75	40.02	71.34	13.93	24.52	27.07	8.6	6.71	24.7	11.18	29.21	46.49	18.03	28.6	62.13	20.0	61.07	57.14	56.32	26.57	38.01	19.72	70.01	63.98	48.26	39.92	75.29	23.09	17.46	12.37	67.08	7.28	43.42	80.6	11.18	68.62	29.97	47.27	27.02	52.2	24.6	20.25	7.81	32.25	77.13	33.62	29.83	57.31	79.62	50.45	59.06	70.77	10.2	63.66	13.15	32.31	22.63	28.86	4.47	72.09	47.13	79.32	76.9	64.38	72.25	13.93	37.34	60.64	14.32	77.9	53.6	81.88	72.45	19.85	
27.07	45.79	43.83	27.2	48.92	12.81	14.76	26.17	43.6	57.31	9.43	46.96	33.3	0.0	30.81	28.84	43.83	53.85	13.93	40.26	35.23	39.66	30.59	39.36	28.84	12.17	2.24	35.17	44.0	46.96	38.83	16.03	51.62	38.01	27.78	23.6	44.2	32.14	23.54	33.6	20.0	31.89	16.16	50.91	30.81	29.97	40.11	16.76	33.54	56.86	42.58	30.41	51.43	28.64	7.81	51.62	44.72	9.22	47.43	40.61	29.73	22.2	39.2	52.7	20.52	47.2	36.4	56.08	55.46	36.8	29.73	18.25	40.0	18.11	24.04	39.62	40.31	38.9	40.85	22.09	33.02	44.05	55.32	43.05	47.8	23.41	36.12	23.77	10.2	13.42	20.88	46.52	43.42	40.05	43.93	26.17	53.15	55.17	42.44	39.4	46.52	12.17	41.62	46.87	21.54	50.96	24.0	35.9	36.88	44.72	56.59	19.65	41.98	30.08	52.8	50.12	42.72	34.01	58.52	31.32	30.07	24.08	41.87	26.87	13.15	37.74	4.47	45.65	33.53	5.39	29.55	13.45	44.78	40.82	47.8	31.0	6.0	32.98	36.88	33.38	15.81	13.89	42.01	18.0	44.29	40.5	42.2	30.89	13.04	48.37	24.41	35.61	35.06	34.83	60.11	48.83	46.17	53.41	34.41	23.26	50.16	35.51	15.52	25.71	48.51	45.8	30.15	40.45	25.0	30.41	26.83	34.37	39.05	32.56	32.45	44.18	41.18	47.93	50.25	31.11	53.49	29.55	13.45	49.52	23.41	44.6	44.2	51.92	41.23	41.0	
52.48	64.28	53.14	9.85	63.56	18.79	45.49	36.5	60.53	59.48	22.36	42.54	50.16	30.81	0.0	59.64	64.03	25.08	25.94	25.81	4.47	58.14	56.29	46.24	34.01	23.77	31.91	28.46	36.07	51.88	26.25	44.38	66.27	66.84	57.31	11.05	60.67	26.08	53.23	45.28	25.08	7.21	26.0	63.6	56.09	46.57	31.11	47.01	34.44	26.08	40.0	61.07	80.0	58.18	33.62	80.92	40.85	38.18	64.63	14.0	36.4	37.95	50.7	82.22	34.79	77.1	10.3	85.28	25.71	9.0	6.4	22.0	70.8	23.0	54.12	38.28	19.85	68.88	44.72	46.14	18.79	66.13	85.56	62.13	74.43	17.46	28.43	53.67	24.35	17.69	49.04	77.03	39.82	68.01	74.65	49.19	55.08	57.97	43.17	20.12	60.21	37.8	52.01	64.5	50.33	77.52	52.2	27.86	67.21	32.2	69.26	23.77	66.61	49.98	68.45	46.1	17.09	17.03	87.97	55.73	58.52	23.77	57.71	44.01	27.46	47.13	30.41	76.32	37.7	29.97	30.07	34.93	73.88	70.18	20.4	28.18	26.17	35.85	46.01	24.35	25.08	17.03	44.72	46.62	50.57	49.65	17.89	52.09	20.81	60.01	39.05	46.1	28.6	9.49	71.51	79.63	46.87	68.66	46.1	53.85	28.65	25.5	21.21	24.0	37.2	76.61	52.8	28.3	40.05	40.2	37.48	25.61	39.45	61.85	52.0	65.46	18.68	62.29	28.18	40.11	80.99	38.08	17.49	20.12	48.05	48.66	17.12	68.88	31.76	65.62	
24.6	42.72	52.01	55.17	49.73	41.23	14.21	43.05	43.42	69.89	37.64	66.19	38.01	28.84	59.64	0.0	39.0	82.29	38.6	64.66	64.07	39.05	22.8	51.35	48.0	38.21	27.8	58.42	64.62	58.08	62.77	18.79	53.6	19.31	12.81	51.66	44.38	55.07	11.05	45.35	43.27	60.21	40.26	53.37	23.77	38.6	62.17	13.6	52.2	85.7	60.44	5.39	30.02	10.77	27.66	28.16	64.12	23.09	45.54	68.59	46.17	37.05	47.0	28.44	38.01	22.36	64.85	32.39	84.12	65.19	58.14	43.42	11.31	42.8	9.06	57.57	67.36	13.6	54.74	26.68	59.48	38.21	28.64	40.16	31.95	49.68	58.59	10.05	36.77	42.19	18.44	18.44	61.68	21.26	15.81	28.79	66.76	67.68	59.54	65.6	51.11	26.31	51.26	44.6	16.49	34.48	16.0	59.54	12.0	68.47	57.57	44.38	30.23	34.54	51.26	68.47	70.77	60.44	33.96	25.71	15.23	47.71	43.74	35.36	36.4	48.17	29.73	17.09	50.0	30.41	51.16	30.02	23.09	19.24	75.66	52.77	34.0	50.6	49.48	58.05	40.52	42.72	57.87	17.09	55.08	50.04	70.01	31.14	40.72	54.59	37.36	47.54	57.25	62.97	61.68	20.0	60.83	52.2	44.18	6.71	76.66	59.17	41.77	50.01	71.11	17.03	30.41	64.78	37.11	45.4	41.76	57.8	56.04	12.81	34.13	39.6	68.12	51.31	76.92	46.39	34.37	44.64	42.2	77.9	24.08	58.69	72.12	50.99	64.28	29.68	
59.82	4.0	21.26	55.04	12.17	48.05	37.48	69.34	7.21	100.21	45.61	90.79	14.14	43.83	64.03	39.0	0.0	89.0	57.7	52.55	68.0	6.32	16.64	25.81	72.56	41.77	41.59	78.55	45.79	28.43	50.33	29.83	89.38	58.31	50.61	53.01	8.06	43.68	29.68	75.43	39.0	60.13	59.93	16.28	15.81	70.09	46.52	33.97	35.47	86.83	38.83	44.38	67.91	28.23	36.25	65.12	88.55	47.01	7.0	65.12	30.08	64.4	18.6	64.78	63.51	59.03	73.33	68.73	89.09	64.38	59.03	42.05	44.55	41.05	31.38	37.22	80.41	32.06	30.0	58.69	74.46	76.01	62.07	2.83	70.94	47.04	44.94	30.53	42.2	52.89	51.86	40.11	40.22	22.02	49.37	62.29	96.26	98.01	86.09	57.28	85.59	52.01	82.98	6.0	50.61	73.39	25.0	79.12	50.29	87.6	19.1	63.16	11.18	67.9	12.37	93.94	80.4	54.13	69.35	14.21	23.77	41.19	9.9	20.02	37.66	22.47	40.31	42.01	31.38	39.92	73.35	31.62	61.4	57.87	70.34	40.52	49.24	33.24	79.2	76.22	59.51	52.63	85.44	29.0	26.17	22.02	80.62	13.0	55.36	88.39	25.0	77.62	43.66	61.4	23.19	48.01	34.66	13.34	20.62	34.99	90.43	47.43	43.29	69.08	91.76	47.04	65.3	83.17	24.0	73.24	27.29	46.17	34.99	26.93	12.17	77.1	61.13	86.37	90.26	74.06	72.8	27.89	50.22	74.73	20.81	87.66	67.68	87.8	84.5	11.05	
70.09	89.09	76.69	34.06	87.82	43.17	68.54	49.04	85.21	59.54	46.57	41.77	75.03	53.85	25.08	82.29	89.0	0.0	44.65	44.28	21.0	83.02	81.22	69.63	44.41	48.66	55.36	33.12	55.46	74.33	45.69	68.68	74.73	86.05	77.67	36.01	85.29	48.51	77.16	55.76	50.0	29.27	43.6	87.48	81.05	59.82	51.08	70.58	57.49	12.37	61.1	82.86	98.41	82.22	57.97	100.12	41.23	59.54	89.27	27.73	60.53	53.04	74.81	101.67	50.21	97.2	17.46	104.24	4.0	25.96	30.07	47.04	93.06	48.04	77.83	60.08	18.03	92.7	67.45	63.78	25.5	80.0	106.02	87.02	91.24	42.05	49.65	77.49	49.03	40.5	68.82	100.32	60.54	92.65	96.38	65.76	55.9	58.86	46.49	37.58	68.88	57.69	59.93	89.2	70.46	94.11	76.66	31.76	88.2	28.64	92.96	39.82	91.66	64.54	92.78	44.41	12.04	37.64	107.17	80.75	82.97	48.17	82.3	69.01	52.47	71.02	54.41	99.32	61.19	54.12	39.41	59.84	93.09	89.81	27.66	51.2	48.33	59.23	54.59	30.23	43.01	40.16	49.04	70.88	73.5	73.35	13.45	77.16	41.59	67.23	64.0	55.57	50.29	28.86	94.83	102.0	68.35	92.91	70.46	77.08	16.0	46.49	46.27	36.07	32.14	98.88	68.62	27.86	65.0	51.04	62.13	47.13	61.68	86.02	77.03	78.82	34.0	71.11	15.0	50.48	98.29	62.39	41.48	22.63	72.99	52.81	27.46	78.71	31.62	90.67	
26.63	59.54	55.9	27.17	62.2	15.81	26.08	14.32	57.14	44.69	15.26	33.12	46.62	13.93	25.94	38.6	57.7	44.65	0.0	44.1	29.68	53.34	44.38	50.61	15.56	20.25	16.16	21.38	50.7	58.01	43.29	29.61	43.42	41.73	33.02	24.02	57.69	38.33	36.0	23.09	28.18	30.08	2.24	63.89	44.64	22.0	46.1	29.0	42.49	50.25	51.08	38.48	54.56	41.01	21.47	55.87	30.89	15.52	61.06	38.9	40.22	13.0	51.62	57.31	10.05	52.63	27.66	60.11	47.01	34.18	27.89	25.08	48.85	25.5	36.06	48.33	28.79	50.49	51.31	20.25	20.88	40.52	61.4	56.82	48.55	27.46	42.2	36.01	18.6	11.05	24.21	57.01	51.62	53.08	51.88	23.26	40.36	42.64	29.07	41.11	37.66	13.04	31.02	60.54	25.81	51.62	37.34	22.2	43.57	31.14	69.66	6.0	55.79	24.52	66.29	36.36	32.76	36.01	62.94	45.22	43.1	31.02	55.22	40.0	23.43	49.58	17.49	55.66	43.57	18.03	15.65	26.63	48.8	45.34	45.88	38.28	8.6	42.54	25.5	20.0	2.0	12.04	29.0	31.4	55.61	52.4	31.76	44.72	6.0	38.6	36.8	24.7	41.48	33.24	73.0	57.78	55.95	66.85	46.67	34.37	38.08	40.61	21.93	12.04	34.71	54.63	26.93	27.02	37.54	18.79	38.29	39.81	48.3	45.01	46.14	40.02	41.59	39.46	38.33	19.24	55.22	40.61	14.32	46.07	37.34	32.02	42.38	45.01	27.46	54.82	
67.08	51.24	35.13	18.03	47.52	29.07	51.43	57.71	46.84	84.31	31.4	68.0	38.91	40.26	25.81	64.66	52.55	44.28	44.1	0.0	26.87	46.24	51.86	28.28	56.75	28.16	39.85	53.67	11.18	31.14	2.24	46.04	87.46	77.83	67.42	20.4	46.57	9.9	55.0	66.75	21.47	18.6	45.28	46.1	51.22	66.07	7.07	51.11	17.09	37.66	17.26	68.0	91.18	58.9	37.58	90.87	66.19	49.48	50.45	16.55	22.83	57.08	34.93	91.71	54.15	85.87	35.38	95.34	42.72	19.21	19.72	22.14	75.72	22.47	56.61	17.0	45.34	69.35	25.02	61.52	44.42	83.38	93.15	49.98	88.06	17.12	7.62	55.8	30.08	33.06	61.13	78.64	16.49	64.66	80.45	65.38	79.85	82.64	67.78	6.71	81.61	51.62	74.33	50.7	61.68	91.21	51.74	53.24	75.13	58.01	51.0	44.91	59.17	68.03	52.47	71.59	41.11	8.94	97.51	50.0	57.28	17.0	43.68	35.23	28.64	30.81	37.0	78.87	21.19	36.06	53.76	34.67	84.31	80.23	19.03	12.81	39.2	19.31	68.45	49.65	44.28	32.06	68.95	48.01	31.0	32.39	42.45	44.1	38.12	82.2	30.61	68.07	8.94	16.97	52.15	83.6	24.52	52.35	31.95	57.98	53.15	5.66	24.74	47.43	63.01	81.02	69.35	54.08	31.4	61.98	26.63	7.07	19.03	61.55	42.54	83.22	10.44	83.49	52.5	62.17	93.61	25.06	30.0	24.19	44.55	72.73	17.46	89.09	57.45	58.31	
56.3	68.12	56.32	13.15	67.08	23.26	49.93	39.29	64.28	60.42	26.83	43.01	54.04	35.23	4.47	64.07	68.0	21.0	29.68	26.87	0.0	62.03	60.64	49.34	36.35	28.16	36.36	29.43	37.64	54.63	27.66	48.85	68.73	70.94	61.52	15.03	64.38	28.64	57.7	47.85	29.0	8.94	29.53	66.94	60.42	49.65	32.8	51.48	37.34	21.63	42.19	65.44	84.02	62.65	38.08	85.04	41.48	42.45	68.36	12.65	39.81	41.23	54.13	86.37	38.08	81.32	8.6	89.38	21.38	8.06	9.22	26.08	75.21	27.07	58.59	40.71	18.6	73.35	47.54	49.93	19.42	69.46	89.83	66.03	78.23	21.1	30.53	58.14	28.79	22.02	53.15	81.49	41.88	72.42	79.03	52.84	56.09	59.03	44.41	20.62	62.65	41.87	54.23	68.26	54.49	81.3	56.65	28.64	71.51	31.76	72.53	26.93	70.86	53.31	72.01	46.49	14.42	18.6	92.1	60.02	62.97	27.29	61.4	48.01	31.78	50.45	34.89	80.78	40.8	34.44	32.06	39.29	77.99	74.33	18.0	31.02	30.48	38.9	48.26	25.32	28.65	21.4	46.17	51.08	53.49	52.89	15.62	56.22	24.84	62.2	43.0	48.51	30.89	9.9	74.63	84.05	49.24	72.18	49.65	58.31	26.4	27.46	25.5	26.31	36.72	81.02	56.36	28.23	44.0	42.76	41.19	27.78	42.05	66.31	56.04	68.71	18.36	64.78	25.81	42.58	84.88	41.59	21.95	16.76	52.39	50.16	15.13	71.59	31.95	69.87	
57.98	6.32	16.12	49.0	10.77	42.72	35.23	65.6	4.47	96.67	40.5	86.45	8.0	39.66	58.14	39.05	6.32	83.02	53.34	46.24	62.03	0.0	16.28	19.85	68.51	36.4	37.44	73.82	39.66	23.32	44.01	27.02	87.2	58.24	49.77	47.1	5.39	37.36	28.79	72.18	33.06	54.04	55.57	14.32	15.3	67.21	40.25	31.91	29.15	80.62	32.8	44.38	68.73	28.44	31.91	66.27	84.22	43.84	7.81	58.86	23.77	60.96	12.73	66.12	59.82	60.21	67.6	70.11	83.02	58.22	53.0	36.22	46.01	35.23	30.68	31.06	74.95	34.23	24.08	56.22	69.26	74.71	64.07	4.0	70.88	41.0	38.63	29.73	37.0	47.76	49.93	42.95	34.21	25.0	51.0	60.0	92.62	94.49	82.1	50.96	83.1	48.8	79.91	7.21	48.88	73.5	23.77	74.32	50.8	82.64	18.79	58.59	15.26	65.44	13.45	89.69	74.67	47.85	71.01	13.34	24.19	35.06	5.1	14.32	32.28	16.4	35.85	44.55	25.08	35.36	68.96	26.83	61.98	58.25	64.03	34.21	44.78	26.93	75.82	71.31	55.07	47.43	81.61	26.63	20.81	16.28	74.97	9.22	50.57	85.7	19.1	74.33	37.34	55.23	22.85	50.49	29.07	14.21	14.32	34.18	84.93	41.11	37.66	64.4	86.93	49.16	63.25	78.19	18.11	69.66	21.1	39.85	28.84	28.02	7.21	75.66	54.82	84.02	84.72	70.43	73.35	21.59	44.92	68.45	17.8	84.02	61.39	85.98	79.71	14.76	
43.28	20.12	30.41	48.7	26.93	38.21	21.4	54.56	20.62	84.91	35.06	76.9	16.76	30.59	56.29	22.8	16.64	81.22	44.38	51.86	60.64	16.28	0.0	31.38	58.31	32.56	28.44	65.73	48.41	37.11	49.68	14.87	72.92	42.06	34.0	45.88	21.59	42.01	13.04	59.91	33.11	54.08	46.57	30.59	1.0	54.2	47.38	17.8	36.12	81.27	42.72	28.16	52.47	12.17	24.02	50.09	74.67	31.76	22.85	60.84	29.73	49.24	25.71	50.01	48.75	44.05	64.38	54.01	82.0	58.87	52.5	35.11	30.07	34.18	14.76	40.22	70.01	19.31	35.34	42.52	63.2	59.36	48.37	17.46	54.71	41.23	44.6	13.89	32.25	42.0	35.38	28.64	44.1	12.81	35.13	45.97	81.12	82.68	71.59	54.92	69.31	36.72	67.2	21.93	34.06	57.28	8.49	66.49	34.53	75.31	34.79	50.22	11.4	51.66	28.64	79.85	71.25	50.61	55.04	3.0	8.0	36.72	21.1	17.03	28.86	27.86	28.07	29.73	32.8	28.02	59.77	21.38	45.71	41.98	67.12	39.05	36.5	34.06	63.81	63.95	46.32	42.01	70.66	13.42	34.21	29.12	71.11	9.49	43.29	72.25	21.26	62.13	43.19	56.08	38.9	35.44	41.23	29.55	24.17	18.36	80.02	46.23	35.17	56.29	79.08	33.73	48.84	71.02	20.52	58.18	25.46	44.82	38.28	12.17	12.37	60.46	58.31	70.01	80.01	59.06	57.07	27.66	40.11	70.68	8.25	72.56	63.95	71.22	71.81	10.44	
64.03	23.71	7.07	36.4	19.24	36.07	42.3	64.64	19.24	95.27	35.47	82.07	14.76	39.36	46.24	51.35	25.81	69.63	50.61	28.28	49.34	19.85	31.38	0.0	66.07	30.48	37.58	68.12	20.12	7.62	26.17	34.06	90.87	69.01	59.14	35.78	18.79	21.21	40.31	72.72	23.43	40.52	52.63	18.03	30.46	69.32	21.59	40.05	12.17	65.07	13.04	56.14	81.15	42.2	32.31	79.51	79.93	46.82	22.47	43.1	10.63	61.4	7.21	79.76	59.36	73.68	56.46	83.73	68.88	43.74	40.16	27.02	60.64	26.25	42.3	11.7	65.3	50.7	4.24	60.41	61.29	81.49	79.08	23.02	81.15	29.07	21.02	41.3	32.02	41.73	56.29	60.01	14.42	43.05	65.73	64.51	90.91	93.24	79.31	34.01	85.87	51.08	80.78	22.85	55.9	84.1	35.51	68.25	63.29	75.45	23.35	54.49	34.71	69.08	24.19	85.59	63.32	32.25	85.16	28.64	38.9	22.83	16.12	16.03	27.2	3.61	34.89	61.1	8.54	34.0	65.07	26.57	74.11	70.06	47.1	18.44	42.44	10.44	75.72	64.82	51.86	41.04	79.51	35.0	5.0	4.12	64.08	21.93	46.01	87.71	15.52	74.63	20.0	40.79	25.3	66.73	9.85	24.08	7.28	45.1	74.73	24.0	29.73	59.41	80.21	64.85	68.31	71.03	15.3	69.07	12.53	23.02	9.49	43.32	19.24	82.01	38.01	87.24	74.32	69.63	85.01	10.0	38.21	52.01	27.29	82.62	45.0	90.82	73.41	34.06	
28.23	74.63	71.45	38.83	77.62	30.53	38.08	5.39	72.42	29.21	30.61	18.68	62.01	28.84	34.01	48.0	72.56	44.41	15.56	56.75	36.35	68.51	58.31	66.07	0.0	35.61	31.06	12.21	64.62	73.41	56.32	43.46	32.39	44.78	38.83	36.4	73.01	52.39	48.27	11.7	43.27	40.11	13.45	79.4	58.69	15.56	59.81	41.48	57.45	53.23	65.76	46.27	55.76	52.95	36.62	58.18	16.49	26.93	76.28	48.01	55.61	11.18	67.18	59.94	10.05	56.46	30.68	61.91	47.71	43.01	38.21	39.96	56.57	40.5	47.85	63.13	26.4	61.13	66.61	22.8	19.24	35.61	65.39	71.87	47.63	41.23	56.08	48.05	34.06	25.06	30.27	66.12	66.19	65.51	58.46	23.26	24.84	27.2	13.6	52.61	26.31	22.36	18.0	75.72	32.25	50.33	50.6	13.6	49.48	21.54	85.15	12.08	69.64	20.62	81.61	21.54	32.76	48.05	65.0	59.51	55.79	45.65	70.6	55.44	38.95	65.12	32.8	64.28	58.82	33.42	5.0	42.01	51.43	48.85	54.23	52.77	24.08	57.69	12.0	14.21	14.21	25.94	13.45	44.94	71.06	67.94	31.06	59.68	20.25	26.0	52.35	12.17	55.54	43.05	88.53	65.12	71.02	82.2	62.23	45.4	32.8	54.08	36.89	10.05	23.35	61.98	25.24	18.87	53.08	6.71	53.81	53.49	63.29	56.89	61.29	34.41	52.15	28.44	33.42	6.32	54.82	56.08	28.65	52.95	51.88	16.64	51.09	35.44	17.09	68.71	
39.2	42.72	36.12	17.2	43.83	6.32	24.21	34.48	39.56	64.82	5.0	51.86	28.79	12.17	23.77	38.21	41.77	48.66	20.25	28.16	28.16	36.4	32.56	30.48	35.61	0.0	11.7	38.28	32.06	37.8	26.68	21.1	62.36	49.77	39.4	13.89	39.92	20.02	30.23	42.95	8.25	22.47	22.2	44.94	32.39	40.52	28.02	24.76	22.47	49.24	31.32	40.8	63.16	34.99	10.63	63.06	49.68	21.38	43.66	30.48	20.0	31.95	32.2	64.01	29.55	58.31	32.02	67.54	49.48	27.46	20.59	6.08	49.52	6.0	31.4	28.46	38.64	45.79	31.06	34.0	32.89	56.0	66.03	40.26	59.91	11.66	24.02	30.81	2.0	11.66	32.98	54.41	32.02	44.27	53.91	38.01	60.44	62.8	48.84	27.78	56.92	24.0	50.99	43.32	33.53	63.06	28.64	38.59	47.71	46.52	50.77	24.04	43.1	41.44	48.33	55.32	39.0	22.47	69.84	32.14	34.93	12.0	37.16	22.14	4.12	29.73	8.94	54.04	23.32	8.06	34.66	11.18	56.36	52.33	37.48	19.1	12.65	22.36	45.65	35.36	21.4	11.18	49.04	23.32	35.47	32.56	39.05	29.15	15.56	58.31	17.89	44.72	23.0	25.0	53.82	58.0	35.78	48.75	27.2	31.83	48.66	23.35	3.61	29.21	51.0	55.15	42.01	42.05	18.79	38.95	18.44	22.2	28.23	38.47	29.61	56.04	30.0	58.52	48.51	39.45	65.46	20.52	8.54	40.0	24.33	52.2	33.97	63.15	43.91	42.11	
28.0	43.57	41.88	27.66	46.75	13.45	13.6	28.32	41.4	59.46	9.9	49.19	31.14	2.24	31.91	27.8	41.59	55.36	16.16	39.85	36.36	37.44	28.44	37.58	31.06	11.7	0.0	37.36	43.05	45.19	38.33	14.0	53.31	38.08	27.73	24.08	42.01	31.4	21.84	35.61	19.1	32.53	18.38	48.8	28.64	31.76	39.32	15.23	32.25	57.98	41.3	29.73	51.48	26.93	5.66	51.48	46.96	10.0	45.22	41.11	28.16	24.21	37.2	52.48	22.63	46.87	37.95	55.95	56.86	37.48	30.41	17.72	39.05	17.46	22.47	38.33	42.19	37.34	39.22	23.35	35.0	45.18	54.82	40.82	48.27	23.26	35.36	22.14	9.85	14.87	21.38	45.18	42.19	38.12	43.14	27.46	55.32	57.31	44.65	39.36	48.3	13.6	43.6	44.65	21.84	51.42	22.02	38.08	36.4	46.87	54.45	21.84	39.81	31.62	50.61	52.35	44.38	34.0	58.31	29.12	28.16	23.35	39.7	24.76	12.0	35.85	3.0	44.42	32.02	4.0	31.78	11.4	44.72	40.71	48.27	30.07	8.06	31.58	38.95	35.51	18.03	15.23	44.2	16.03	42.49	38.59	43.93	28.65	15.0	50.25	22.47	37.64	34.23	35.38	58.0	47.8	44.64	51.22	32.45	21.95	52.09	34.93	15.23	27.89	50.7	44.82	31.4	42.58	23.02	32.53	25.08	33.73	37.66	30.81	30.23	45.4	41.34	49.66	52.15	33.24	53.76	27.86	14.42	50.21	21.19	46.75	44.69	53.45	43.42	38.83	
40.25	80.11	74.2	35.85	81.99	32.2	47.04	17.49	77.37	31.05	33.62	14.42	66.65	35.17	28.46	58.42	78.55	33.12	21.38	53.67	29.43	73.82	65.73	68.12	12.21	38.28	37.36	0.0	62.97	75.01	53.71	50.99	41.79	56.8	50.29	34.41	77.83	51.4	57.14	22.8	44.69	35.47	19.24	83.22	65.97	27.66	57.98	50.16	58.0	43.01	65.44	57.27	67.96	62.07	42.38	70.33	12.53	36.0	81.39	41.98	57.49	22.85	70.46	72.07	20.88	68.45	22.0	74.09	36.67	37.11	34.01	41.11	67.68	41.87	57.04	63.13	15.23	71.06	67.9	34.54	10.05	47.42	77.39	77.47	59.82	40.46	54.64	57.08	37.22	26.63	41.48	76.79	65.6	74.33	69.92	35.36	26.68	29.61	15.03	48.47	35.85	32.14	26.93	80.96	43.42	62.48	58.69	1.41	61.03	10.05	89.04	15.52	77.13	32.8	86.35	18.03	22.14	44.72	77.18	66.48	64.38	45.97	75.18	59.94	42.19	67.8	38.28	75.13	60.14	38.63	7.62	47.01	63.53	60.84	47.27	52.5	29.41	58.69	21.47	4.12	19.42	27.2	17.03	52.77	73.0	70.6	20.25	65.55	23.26	34.48	56.08	22.47	54.41	37.95	92.09	76.4	71.51	86.83	65.46	55.01	20.62	52.15	38.42	9.49	13.34	73.25	37.44	6.71	56.94	18.38	56.61	51.87	63.7	66.07	66.71	46.1	47.13	38.08	21.26	17.69	67.01	58.41	30.0	45.0	58.52	21.02	44.55	45.62	6.08	76.16	
71.03	43.83	26.25	27.2	38.9	34.93	52.63	64.85	39.36	93.02	36.35	77.39	33.3	44.0	36.07	64.62	45.79	55.46	50.7	11.18	37.64	39.66	48.41	20.12	64.62	32.06	43.05	62.97	0.0	21.1	10.0	45.88	93.94	79.83	69.43	28.65	38.91	12.37	54.13	73.76	24.0	29.0	52.2	36.88	47.63	72.18	5.0	51.55	12.53	48.51	7.28	68.62	92.89	57.31	39.46	92.05	75.47	53.04	42.54	27.73	18.87	63.35	27.29	92.66	60.64	86.65	46.01	96.46	53.85	30.23	29.73	26.17	75.15	26.08	55.95	8.6	55.87	67.12	16.16	66.03	54.2	88.02	93.23	43.05	90.93	23.41	8.54	55.04	34.06	39.85	64.28	76.55	6.08	60.96	80.11	70.06	88.55	91.24	76.48	17.89	88.29	56.04	81.61	42.95	64.5	94.05	50.12	62.68	75.89	68.12	41.3	52.55	53.91	73.44	43.68	80.99	52.01	19.1	98.35	46.1	54.92	20.1	36.24	31.4	31.06	23.32	40.05	77.18	15.62	39.05	62.17	35.17	85.87	81.74	29.61	13.0	44.41	14.42	75.89	59.08	51.24	38.9	77.39	47.54	21.59	24.17	53.26	39.62	44.92	89.29	27.78	75.29	9.22	27.8	42.01	82.37	14.0	43.42	25.61	57.94	64.03	10.82	29.27	55.9	73.11	80.06	74.06	64.03	28.3	69.26	23.32	11.18	10.82	59.36	37.48	88.09	21.54	90.03	63.41	69.57	95.9	20.81	36.4	34.93	42.19	81.02	28.46	95.04	67.2	53.15	
71.57	25.46	7.21	42.06	18.87	43.19	49.65	72.11	21.26	102.62	42.8	89.1	20.4	46.96	51.88	58.08	28.43	74.33	58.01	31.14	54.63	23.32	37.11	7.62	73.41	37.8	45.19	75.01	21.1	0.0	29.27	41.3	98.49	76.11	66.37	41.88	20.52	26.0	47.04	80.26	30.41	45.69	60.0	16.16	36.14	76.92	24.08	47.27	17.49	68.73	14.0	63.01	88.02	48.51	39.92	86.21	86.98	54.42	23.43	47.07	17.8	68.96	11.4	86.37	66.89	80.31	62.18	90.35	73.25	48.38	45.62	33.94	66.91	33.24	49.04	14.32	71.34	56.32	7.21	68.01	67.8	89.02	85.33	25.61	88.36	35.23	24.74	48.04	39.41	48.84	63.79	65.46	15.03	47.93	72.01	72.11	98.23	100.6	86.56	37.48	93.47	58.69	88.32	24.08	63.35	91.27	42.11	75.07	70.06	82.01	20.22	61.72	38.59	76.69	23.26	92.63	68.88	36.69	91.66	34.21	44.91	29.21	18.6	23.09	34.67	10.05	42.49	66.76	14.87	41.59	72.25	34.18	81.01	77.0	50.16	23.71	49.93	16.4	83.22	71.59	59.2	48.1	86.83	42.11	3.0	8.06	69.77	27.66	53.26	95.29	23.09	82.15	24.04	45.54	21.02	72.53	7.28	22.85	14.04	52.0	80.53	27.89	36.8	66.48	86.83	70.83	75.89	77.62	22.8	76.55	20.12	27.2	12.65	49.24	24.74	89.56	41.44	94.85	80.06	77.1	92.02	17.49	45.28	55.33	34.01	90.0	48.51	98.43	80.16	38.08	
65.76	49.04	33.06	17.89	45.4	28.0	49.66	57.07	44.64	84.17	30.15	68.1	36.67	38.83	26.25	62.77	50.33	45.69	43.29	2.24	27.66	44.01	49.68	26.17	56.32	26.68	38.33	53.71	10.0	29.27	0.0	44.1	86.7	76.22	65.79	19.92	44.38	7.81	53.01	66.1	19.7	19.1	44.55	44.05	49.04	65.19	5.39	49.24	14.87	39.46	15.52	66.19	89.54	56.85	35.85	89.16	66.24	48.05	48.27	18.03	20.59	56.22	32.76	89.96	53.34	84.1	36.07	93.62	44.27	20.25	20.0	20.62	73.78	20.88	54.64	15.03	45.97	67.27	23.0	60.3	44.65	82.22	91.3	47.76	86.59	16.0	5.39	53.82	28.64	32.25	59.67	76.58	14.87	62.48	78.55	64.2	79.71	82.46	67.62	8.25	80.89	50.36	73.76	48.51	60.17	89.74	49.68	53.34	73.35	58.41	49.01	44.38	56.94	67.0	50.36	71.69	42.01	9.22	95.75	47.8	55.17	15.23	41.48	33.02	26.93	28.64	35.44	76.84	18.97	34.48	53.49	32.76	82.64	78.55	21.0	10.63	38.05	17.09	67.91	49.74	43.57	31.26	68.71	46.04	29.02	30.27	43.28	41.88	37.34	81.58	28.43	67.47	6.71	17.8	50.25	81.61	22.8	50.25	29.73	56.08	54.04	3.61	23.35	47.17	63.41	79.06	68.18	54.41	29.21	61.39	24.41	5.0	17.0	59.46	40.31	82.1	12.17	82.73	53.41	61.61	92.05	22.83	29.07	26.08	42.43	72.45	19.24	88.2	57.69	56.08	
31.3	32.53	36.14	38.28	37.44	25.63	8.54	39.82	31.4	70.46	22.14	62.03	22.85	16.03	44.38	18.79	29.83	68.68	29.61	46.04	48.85	27.02	14.87	34.06	43.46	21.1	14.0	50.99	45.88	41.3	44.1	0.0	60.22	35.01	25.08	34.99	32.2	36.36	9.22	45.61	24.84	43.57	31.78	40.31	15.23	40.31	43.38	6.0	33.53	70.21	41.98	22.8	47.52	13.89	10.77	46.32	59.81	17.2	34.71	51.4	27.66	34.67	31.05	46.84	34.0	40.8	51.42	50.7	69.89	48.55	41.68	25.5	29.68	24.76	10.63	39.05	56.14	24.7	37.01	29.21	49.0	48.47	47.42	29.7	47.1	31.89	39.82	9.9	20.12	28.44	23.26	33.42	43.17	24.19	34.48	33.02	66.57	68.24	56.8	47.42	56.08	22.2	53.15	33.97	22.47	50.04	8.06	51.79	30.08	60.67	45.49	35.51	26.25	38.42	40.46	65.0	58.05	42.43	52.5	16.12	14.32	29.21	30.53	18.25	18.44	31.26	14.32	33.24	31.58	14.56	44.92	11.4	40.45	36.35	58.26	34.0	22.02	32.02	49.41	49.37	31.58	28.64	55.95	2.24	38.33	33.54	57.71	17.8	29.0	58.73	19.1	47.8	38.47	46.04	49.4	37.64	43.05	41.23	27.29	12.08	66.07	40.5	24.41	41.59	64.33	35.0	36.36	56.44	19.03	43.57	23.35	39.12	37.66	17.46	20.25	49.24	50.21	57.01	66.12	44.42	51.09	26.31	27.2	61.03	9.22	57.98	54.82	59.17	57.07	25.3	
29.7	92.46	94.83	70.06	97.65	59.03	52.01	30.0	91.61	24.7	57.72	35.47	82.68	51.62	66.27	53.6	89.38	74.73	43.42	87.46	68.73	87.2	72.92	90.87	32.39	62.36	53.31	41.79	93.94	98.49	86.7	60.22	0.0	38.63	40.8	67.19	92.42	81.58	60.11	21.02	70.6	72.03	42.19	100.4	73.66	21.84	89.44	55.44	84.77	84.76	93.68	49.09	42.05	63.03	58.6	46.17	35.0	44.29	94.81	80.22	81.34	30.59	89.94	48.17	33.38	48.05	62.82	48.0	78.39	75.24	70.01	67.91	56.36	68.15	58.69	90.8	57.01	66.57	92.48	31.06	50.96	17.46	55.33	89.64	32.06	70.86	85.51	59.4	60.44	54.45	37.54	67.12	94.37	74.81	55.36	27.2	24.7	23.26	28.84	84.05	6.08	39.81	14.87	94.02	38.9	33.02	64.44	43.08	47.42	47.17	105.68	43.0	82.76	21.95	100.6	34.66	63.91	79.16	51.01	75.17	67.21	73.98	90.7	77.03	64.51	89.0	56.08	64.47	85.09	57.01	36.88	64.4	41.98	42.06	86.58	81.25	49.73	84.43	20.62	45.22	43.19	55.44	26.08	60.61	95.75	91.68	62.03	78.01	49.37	7.81	75.58	20.22	84.72	75.06	109.55	62.3	97.74	101.4	85.42	55.17	60.54	84.01	64.76	42.43	45.61	59.81	24.08	46.96	76.03	26.08	78.39	83.19	90.44	66.07	80.45	15.52	84.01	4.0	61.4	26.17	38.05	81.15	57.71	85.33	69.4	22.8	83.38	5.39	43.42	82.04	
16.55	62.03	70.46	65.0	68.96	50.61	27.29	39.4	62.64	59.21	47.41	60.42	56.57	38.01	66.84	19.31	58.31	86.05	41.73	77.83	70.94	58.24	42.06	69.01	44.78	49.77	38.08	56.8	79.83	76.11	76.22	35.01	38.63	0.0	10.44	61.4	63.6	68.96	29.61	37.66	56.61	69.34	42.52	72.53	43.01	30.81	76.66	29.02	67.9	91.93	76.66	13.93	13.42	30.08	40.52	14.14	58.69	29.15	64.85	78.23	62.39	34.0	65.38	15.62	36.36	11.7	69.35	18.44	88.62	74.06	67.12	55.71	18.03	55.36	27.66	73.68	69.07	29.73	72.03	22.47	61.03	21.47	20.62	59.46	12.65	61.33	72.8	28.64	47.93	49.41	17.8	28.65	77.78	39.41	16.76	21.54	57.01	57.14	52.95	77.39	37.85	29.07	41.0	63.91	16.64	15.3	34.71	58.14	9.22	66.31	76.84	46.23	49.24	25.5	70.58	61.81	74.03	72.01	21.21	44.92	34.54	61.03	62.82	53.04	49.34	66.07	40.85	25.94	66.37	41.79	49.19	44.72	7.07	4.12	85.44	67.19	41.05	66.61	41.44	57.8	43.19	50.22	50.64	34.01	73.11	68.18	72.8	50.01	46.1	41.77	54.08	39.46	71.57	72.4	80.96	23.77	78.06	71.51	62.07	24.33	77.03	72.73	53.31	50.48	67.68	21.19	20.4	63.51	54.04	39.85	58.22	71.47	72.44	31.76	52.95	23.26	79.18	37.36	77.52	40.8	16.12	61.2	50.77	86.61	42.3	50.16	81.84	34.89	61.85	48.76	
12.37	54.12	61.0	54.92	60.54	40.5	17.03	33.54	54.23	57.97	37.22	56.08	47.3	27.78	57.31	12.81	50.61	77.67	33.02	67.42	61.52	49.77	34.0	59.14	38.83	39.4	27.73	50.29	69.43	66.37	65.79	25.08	40.8	10.44	0.0	51.31	55.15	58.52	21.02	34.13	46.17	59.41	34.13	63.91	34.89	27.17	66.22	19.1	57.56	82.81	66.37	8.54	23.77	22.8	30.08	23.85	54.15	19.21	56.8	68.24	52.15	27.66	55.9	25.0	29.41	19.8	60.61	28.3	80.0	64.2	57.2	45.31	18.0	44.94	19.24	63.39	61.29	25.94	62.01	16.12	53.24	25.61	28.43	51.43	22.02	50.99	62.36	20.12	37.58	39.7	8.94	28.28	67.48	34.06	19.65	17.12	55.11	55.79	49.0	67.08	38.47	20.0	39.29	55.9	7.21	25.0	26.0	51.55	10.77	60.17	68.54	38.08	42.64	22.56	62.61	58.0	65.73	61.72	30.81	36.67	27.2	50.6	54.08	43.29	38.9	56.32	30.46	26.08	56.14	31.38	42.72	34.37	17.0	13.04	75.45	56.75	31.24	56.32	38.21	50.7	34.67	40.46	47.04	24.33	63.39	58.55	64.66	41.11	36.8	42.05	44.0	36.22	61.13	62.43	72.62	26.31	68.0	63.51	52.35	15.65	69.86	62.3	42.95	42.95	62.17	23.19	18.03	56.92	44.01	35.06	48.04	61.03	62.2	25.46	43.97	26.91	68.96	38.59	70.26	36.06	26.48	51.04	40.8	76.84	32.98	47.38	71.85	38.21	55.79	42.01	
48.7	53.24	42.54	3.61	52.63	10.82	37.48	37.34	49.5	64.4	14.21	48.83	39.12	23.6	11.05	51.66	53.01	36.01	24.02	20.4	15.03	47.1	45.88	35.78	36.4	13.89	24.08	34.41	28.65	41.88	19.92	34.99	67.19	61.4	51.31	0.0	49.65	17.03	44.1	46.39	14.04	8.6	25.02	52.81	45.61	46.01	23.71	38.42	24.41	35.47	31.14	53.81	74.79	48.88	24.41	75.17	46.87	32.25	53.6	17.03	25.63	37.01	39.85	76.28	34.0	70.8	20.88	79.61	36.35	13.6	6.71	11.05	62.97	12.04	45.22	29.0	29.53	59.68	34.67	42.72	26.17	64.13	78.87	51.09	70.38	6.71	20.25	44.65	15.0	13.15	43.83	68.24	31.24	57.94	67.18	46.32	59.93	62.65	47.85	17.12	61.29	33.24	53.94	53.46	44.78	73.54	42.49	34.21	60.44	40.36	58.52	24.52	55.9	48.37	57.49	52.43	27.89	12.0	82.1	45.12	48.75	13.0	46.69	33.0	17.09	36.4	21.93	67.8	27.29	21.26	33.62	24.7	68.26	64.35	24.21	18.44	20.62	25.55	48.05	30.61	24.02	12.17	48.85	37.22	40.31	39.0	28.46	41.19	18.03	61.81	28.02	47.68	20.0	11.31	60.93	71.59	37.54	57.72	35.17	45.45	39.0	17.89	10.77	27.31	45.28	68.68	50.22	36.07	29.02	41.59	26.48	17.49	29.83	52.35	41.01	63.79	18.03	63.2	38.63	41.77	76.49	27.2	10.77	26.25	37.64	52.55	20.62	69.0	38.95	54.92	
