110
0.0	16.4	15.56	15.23	11.18	19.24	26.4	17.49	23.85	38.59	28.32	13.6	32.56	23.77	16.12	29.43	16.76	33.42	6.08	16.28	20.59	23.26	40.22	29.15	35.78	9.0	21.21	19.8	6.08	21.59	10.2	9.22	38.28	5.0	21.21	25.5	22.09	16.49	29.07	15.52	13.42	39.7	22.8	34.21	25.71	21.59	23.02	17.2	21.63	3.61	17.03	1.0	27.29	25.18	16.55	6.32	18.36	17.72	22.02	24.08	11.05	26.42	25.06	20.59	26.17	4.12	14.0	24.02	10.2	7.21	30.81	32.7	4.24	16.49	9.06	15.03	27.31	9.22	17.26	13.04	20.62	28.28	34.0	7.81	26.4	30.02	24.02	35.51	33.24	32.2	16.28	26.93	29.41	15.52	10.82	19.03	12.08	6.71	19.85	18.03	36.62	26.48	11.66	18.38	24.21	14.87	14.87	18.87	27.46	18.25	
16.4	0.0	2.24	4.12	25.81	30.68	10.0	33.84	27.86	22.36	30.08	29.53	19.42	38.08	28.23	16.76	18.97	33.62	11.4	21.02	20.62	39.45	23.85	31.76	19.92	10.77	5.39	24.02	20.0	37.16	15.0	25.5	36.36	11.66	28.44	33.06	19.21	10.82	45.25	17.72	29.68	23.35	32.76	27.59	35.69	13.6	35.85	1.0	37.54	19.85	31.95	17.03	34.0	18.03	7.81	15.52	26.31	19.31	38.42	26.48	12.04	33.0	12.04	5.0	42.45	19.24	27.29	36.77	11.0	9.85	35.36	28.6	16.4	27.51	11.7	9.22	35.06	15.03	12.21	17.12	23.19	20.12	18.03	16.55	14.14	32.25	18.44	33.62	24.41	28.84	11.66	17.09	18.44	28.64	19.03	33.24	15.13	23.02	36.24	30.46	20.25	17.89	21.19	23.0	40.31	5.1	20.1	3.0	30.87	33.62	
15.56	2.24	0.0	5.83	25.55	31.05	11.18	32.8	25.63	23.77	31.62	28.3	21.59	38.01	28.46	18.97	16.76	35.34	11.18	22.02	22.14	38.28	25.06	29.53	21.59	11.18	5.66	25.18	19.72	35.78	13.04	24.76	38.28	10.63	26.31	34.0	17.03	8.6	44.6	15.52	28.6	24.21	33.38	29.73	36.35	11.66	36.06	3.16	37.01	19.1	30.46	16.28	35.06	16.12	5.66	13.93	27.07	17.09	37.54	27.89	10.0	34.06	11.05	7.07	41.73	18.03	27.31	37.0	9.06	8.6	36.67	30.61	16.12	27.89	12.17	10.77	36.0	13.15	10.0	18.0	24.52	18.38	19.65	16.76	13.0	30.02	16.4	35.51	26.63	30.81	9.43	15.52	17.12	26.93	17.12	31.62	16.0	22.02	35.38	30.68	21.47	16.16	21.59	24.08	39.7	6.71	21.0	5.1	28.64	32.2	
15.23	4.12	5.83	0.0	23.35	27.31	12.21	32.65	30.41	23.6	25.96	28.79	18.0	35.23	25.06	15.03	21.47	29.55	9.43	17.12	16.49	38.48	25.5	34.67	20.59	7.81	9.06	20.0	17.69	36.69	16.49	23.85	32.45	11.18	30.36	29.15	22.63	14.14	43.28	20.12	28.64	25.61	29.12	24.21	32.02	17.49	32.65	4.0	35.38	18.36	31.78	15.65	30.02	21.95	11.4	16.0	22.56	21.95	36.89	22.36	13.93	29.02	16.12	5.66	40.61	18.68	24.41	33.54	12.65	10.0	31.26	24.84	14.21	24.17	8.6	5.1	31.14	16.28	15.56	13.34	19.1	24.17	18.87	13.6	18.25	35.23	22.2	29.68	21.47	25.0	14.87	21.19	22.56	29.07	20.22	33.38	11.4	21.93	34.67	27.29	21.93	21.93	17.89	19.03	38.29	1.0	16.28	4.47	33.62	33.24	
11.18	25.81	25.55	23.35	0.0	9.43	35.47	13.15	32.89	46.75	24.35	13.04	38.01	12.65	6.4	34.89	27.17	29.73	14.42	14.0	20.02	19.03	48.8	38.28	43.42	15.56	31.06	16.28	5.83	19.92	21.0	5.66	35.44	15.81	29.07	17.69	33.0	27.66	20.25	26.08	11.18	48.92	13.6	35.06	16.12	32.76	12.04	26.4	12.21	8.0	18.03	10.2	19.85	36.35	27.51	17.0	12.08	28.16	15.3	20.62	22.2	19.21	35.85	29.0	17.89	12.17	3.61	13.04	21.38	18.03	24.41	32.06	9.43	7.81	14.87	20.81	19.1	20.0	28.44	13.6	18.11	39.46	41.87	10.0	37.34	39.22	35.13	32.98	35.69	31.14	27.46	38.08	40.52	19.85	20.4	20.81	14.32	8.94	13.15	7.62	45.25	37.66	8.06	15.13	15.26	22.63	13.04	27.66	36.4	17.89	
19.24	30.68	31.05	27.31	9.43	0.0	39.36	20.59	42.15	49.2	18.0	21.93	38.29	9.85	3.16	35.38	35.9	23.09	20.22	12.04	17.49	25.63	51.61	47.54	45.45	19.92	36.06	12.08	13.15	27.78	29.43	15.0	29.07	23.0	38.47	8.94	41.3	35.01	22.2	34.71	19.85	52.48	4.24	31.62	6.71	40.05	5.66	31.02	15.03	16.76	26.91	18.25	11.18	44.0	34.23	25.5	6.71	36.88	20.62	15.3	30.07	10.77	41.98	32.65	21.0	21.19	5.83	6.4	29.02	25.02	16.16	27.66	16.0	3.16	18.97	23.32	10.0	28.44	36.0	14.42	14.32	47.01	44.2	14.32	43.74	48.47	43.05	27.0	33.54	26.48	35.0	45.18	47.38	29.21	29.41	29.73	16.12	18.36	18.97	2.24	48.26	45.04	9.49	11.66	18.0	26.4	12.04	31.78	45.69	26.4	
26.4	10.0	11.18	12.21	35.47	39.36	0.0	43.83	34.23	12.65	35.0	39.45	14.87	47.43	37.22	13.6	26.0	37.34	21.21	28.46	26.17	49.4	13.89	37.11	11.0	20.0	6.08	30.81	29.73	46.96	23.77	35.47	38.6	21.63	36.01	40.26	23.77	17.0	55.17	25.02	39.66	13.45	40.85	27.73	43.66	16.76	44.78	9.22	47.38	29.83	41.63	27.02	40.79	20.12	14.04	25.08	34.18	26.02	48.41	32.14	20.62	39.81	10.82	6.71	52.4	29.15	36.62	45.65	19.92	19.72	41.11	30.36	26.17	36.24	20.81	16.16	42.2	24.04	18.03	25.08	29.43	20.81	9.0	25.81	12.81	37.36	21.54	36.14	23.32	31.05	18.0	17.2	16.97	37.95	27.89	42.72	23.26	33.02	46.23	39.45	10.3	18.87	30.02	30.08	50.21	13.04	27.86	7.81	36.67	43.38	
17.49	33.84	32.8	32.65	13.15	20.59	43.83	0.0	29.07	56.08	37.36	5.39	49.34	16.64	18.38	46.17	26.93	42.72	23.26	27.07	33.02	6.08	57.69	34.0	53.24	25.63	38.42	29.43	16.28	7.21	23.02	9.22	48.51	22.2	24.0	29.53	33.62	31.4	13.6	26.4	4.24	57.01	24.7	48.0	26.4	36.06	19.8	34.67	9.49	14.32	8.25	17.0	31.76	38.47	32.56	19.85	25.0	27.86	5.39	33.73	25.61	31.3	41.11	38.08	10.44	14.87	15.81	20.52	25.5	24.21	36.67	45.18	18.97	20.25	25.3	31.62	30.53	22.2	31.62	26.08	31.26	41.59	51.48	21.38	42.01	35.0	36.67	46.1	48.26	44.28	30.81	41.34	44.1	13.0	20.12	10.77	26.31	10.82	4.0	18.36	54.08	40.31	21.02	28.28	10.0	32.2	26.02	36.36	32.0	6.71	
23.85	27.86	25.63	30.41	32.89	42.15	34.23	29.07	0.0	46.0	51.74	24.0	47.13	43.57	39.0	44.6	8.94	56.59	26.87	39.82	43.14	31.05	46.1	5.39	45.18	29.73	28.44	43.42	29.53	26.25	14.87	27.89	60.88	22.63	5.39	49.24	11.18	17.46	42.43	10.3	26.02	43.42	46.1	54.38	48.85	18.03	44.64	28.79	38.01	25.5	21.38	24.7	51.11	16.76	20.62	17.8	42.19	8.54	34.23	47.51	16.64	50.25	25.08	32.57	39.32	21.02	36.4	45.61	18.03	22.02	54.64	54.2	28.02	39.81	30.41	33.84	51.0	15.56	16.28	36.12	43.93	18.79	43.19	31.4	24.33	6.32	14.56	58.05	51.88	54.04	16.49	20.88	23.41	16.12	13.04	19.92	34.66	24.04	33.06	40.5	43.01	18.97	35.51	42.01	39.05	30.89	38.42	30.68	3.61	23.54	
38.59	22.36	23.77	23.6	46.75	49.2	12.65	56.08	46.0	0.0	40.8	51.88	14.04	58.05	47.51	15.52	38.21	41.59	33.02	37.44	33.54	61.77	3.0	48.26	4.12	31.24	18.68	38.95	41.23	59.51	36.4	47.43	41.01	34.0	48.26	48.3	35.06	29.27	66.84	37.34	51.97	6.71	49.93	29.0	52.48	28.02	54.82	21.47	58.9	41.88	54.23	39.12	48.33	30.41	26.48	37.7	43.27	38.12	60.46	39.0	33.24	47.42	21.1	18.03	64.2	41.59	47.38	55.61	32.57	32.2	47.43	33.14	37.8	46.23	31.89	26.17	50.09	36.69	30.15	34.83	37.12	30.08	5.0	36.8	22.36	48.37	32.25	39.12	24.0	34.23	30.27	26.68	25.3	50.6	40.52	55.36	33.3	45.28	58.25	49.68	3.16	28.64	40.36	38.59	61.85	24.21	37.2	19.72	48.09	55.95	
28.32	30.08	31.62	25.96	24.35	18.0	35.0	37.36	51.74	40.8	0.0	37.16	27.31	27.29	19.24	25.3	43.6	5.39	25.0	12.04	9.49	42.95	43.68	56.85	36.69	22.47	34.53	8.6	23.85	44.27	37.01	29.55	11.18	29.21	49.52	10.77	47.01	38.91	40.11	42.2	35.47	45.89	15.3	15.62	16.16	43.08	22.36	29.83	33.02	28.02	42.05	27.66	9.43	47.54	36.77	33.97	12.37	44.41	38.33	4.24	36.06	8.94	41.98	29.15	39.0	32.02	21.59	22.56	34.67	30.23	6.71	10.82	24.08	17.26	21.63	20.88	11.66	36.24	40.25	15.62	7.81	49.98	36.14	20.52	44.15	57.63	47.42	9.0	19.21	9.43	39.36	47.13	48.51	42.72	38.9	44.72	17.2	31.38	36.5	20.02	41.0	47.76	17.49	10.0	36.0	25.0	13.45	29.43	55.32	42.15	
13.6	29.53	28.3	28.79	13.04	21.93	39.45	5.39	24.0	51.88	37.16	0.0	46.1	20.25	19.21	42.95	21.54	42.54	19.65	25.96	31.58	10.0	53.34	29.07	49.24	22.36	33.84	28.79	14.14	8.06	17.8	7.62	48.1	17.89	19.1	30.61	28.23	26.25	18.97	21.02	2.24	52.43	26.17	46.27	28.32	30.81	22.47	30.41	14.04	11.05	5.0	13.34	32.8	33.12	27.59	14.87	25.06	22.47	10.77	33.24	20.52	32.2	36.07	34.01	15.81	10.3	16.4	23.32	20.52	19.72	37.44	43.93	16.03	20.81	22.2	28.44	31.89	17.03	26.4	24.19	30.36	36.24	47.42	19.03	36.88	30.07	31.3	45.54	46.0	43.17	25.61	36.06	38.83	8.25	14.76	7.81	24.02	7.07	9.22	19.8	49.74	34.99	19.92	27.51	15.13	28.46	24.74	32.2	27.07	5.1	
32.56	19.42	21.59	18.0	38.01	38.29	14.87	49.34	47.13	14.04	27.31	46.1	0.0	47.8	37.2	3.16	38.33	27.66	26.48	26.25	21.26	55.36	17.03	50.7	10.0	23.77	19.24	26.91	33.24	54.13	34.23	40.16	27.0	29.07	47.85	35.81	37.58	29.73	58.18	37.11	45.61	20.1	38.21	15.03	40.46	30.89	43.93	18.44	50.12	35.17	49.5	32.76	35.51	34.67	26.57	34.0	31.83	38.6	52.92	26.08	31.4	34.67	25.61	14.56	55.9	36.35	37.74	44.6	30.27	28.0	34.01	19.1	30.36	35.61	24.04	17.72	37.44	34.13	31.02	24.7	24.84	35.61	10.2	28.23	27.66	51.08	35.85	25.08	10.05	20.22	30.68	32.02	31.83	47.04	38.12	51.24	23.71	39.05	50.7	39.2	15.13	33.6	30.53	26.87	53.24	18.03	26.4	16.49	49.98	50.8	
23.77	38.08	38.01	35.23	12.65	9.85	47.43	16.64	43.57	58.05	27.29	20.25	47.8	0.0	10.63	44.82	39.01	32.06	26.83	21.63	27.29	19.85	60.31	48.84	54.45	27.46	43.42	21.93	18.38	23.43	33.24	16.0	38.05	28.46	39.05	17.0	45.18	40.26	13.04	38.05	18.03	60.8	12.04	41.44	12.17	45.35	5.0	38.59	7.81	20.4	24.6	22.8	19.03	48.84	40.16	29.27	16.55	40.01	14.21	25.0	34.71	19.0	48.47	40.8	12.65	24.08	10.82	5.1	33.96	30.68	24.08	37.36	21.93	12.21	26.63	31.89	17.12	32.25	41.0	23.35	24.17	51.97	53.08	21.63	49.98	49.82	47.52	36.22	43.38	36.14	40.02	50.7	53.16	28.46	32.0	27.29	24.76	20.0	13.45	8.6	56.85	50.22	17.69	21.47	9.85	34.41	21.4	39.66	46.87	23.32	
16.12	28.23	28.46	25.06	6.4	3.16	37.22	18.38	39.0	47.51	19.24	19.21	37.2	10.63	0.0	34.21	32.76	24.52	17.46	11.18	17.09	23.77	49.82	44.38	43.86	17.46	33.62	12.17	10.05	25.5	26.31	12.04	30.41	20.02	35.36	11.4	38.21	32.06	21.84	31.58	17.2	50.48	7.21	31.78	9.85	37.12	7.62	28.64	14.14	13.6	24.21	15.13	13.6	41.01	31.4	22.36	7.0	33.73	19.1	16.0	27.02	13.04	39.29	30.53	20.22	18.03	2.83	8.54	26.0	22.09	18.36	28.16	13.04	2.0	16.55	21.4	12.73	25.32	33.02	12.73	14.32	44.05	42.52	11.7	41.0	45.31	40.01	28.16	33.24	27.07	32.02	42.3	44.55	26.25	26.25	27.02	14.21	15.26	17.26	2.24	46.4	42.11	7.21	11.4	17.26	24.19	10.82	29.53	42.54	23.85	
29.43	16.76	18.97	15.03	34.89	35.38	13.6	46.17	44.6	15.52	25.3	42.95	3.16	44.82	34.21	0.0	35.74	26.17	23.35	23.35	18.6	52.2	18.44	48.33	11.4	20.62	17.2	24.21	30.08	50.99	31.4	37.0	26.17	26.02	45.12	33.29	35.36	27.31	55.07	34.48	42.45	21.02	35.47	14.56	37.8	28.84	41.04	15.81	47.01	32.02	46.39	29.61	33.12	32.8	24.17	31.02	29.0	36.06	49.77	23.71	28.64	32.25	24.04	12.08	52.77	33.24	34.67	41.73	27.46	25.02	31.95	18.03	27.2	32.65	20.88	14.56	34.99	31.26	28.64	21.63	22.2	33.97	11.05	25.08	26.17	48.75	33.84	24.02	9.85	19.0	28.23	30.41	30.48	44.01	35.23	48.17	20.59	35.9	47.54	36.24	16.03	31.89	27.46	24.08	50.12	15.0	23.43	13.93	47.54	47.68	
16.76	18.97	16.76	21.47	27.17	35.9	26.0	26.93	8.94	38.21	43.6	21.54	38.33	39.01	32.76	35.74	0.0	48.27	18.6	31.91	34.71	30.53	38.64	13.45	37.0	21.26	20.02	35.51	22.8	26.4	6.71	23.02	52.33	14.42	10.05	42.15	6.71	9.0	40.5	1.41	23.09	36.4	39.56	45.49	42.45	11.18	39.2	19.92	34.71	19.24	20.81	17.72	43.86	12.04	12.04	10.44	34.93	1.0	32.31	39.41	7.81	42.95	18.03	23.77	37.34	15.03	30.41	40.2	9.22	13.45	47.01	45.45	20.62	33.24	22.02	25.0	44.01	7.62	8.06	28.02	35.81	15.0	35.0	23.71	17.89	14.14	10.0	49.5	42.94	45.34	8.0	15.62	18.44	15.62	7.07	20.52	26.4	19.03	30.68	34.53	35.36	14.14	28.23	34.13	36.4	21.95	30.53	21.84	12.21	23.02	
33.42	33.62	35.34	29.55	29.73	23.09	37.34	42.72	56.59	41.59	5.39	42.54	27.66	32.06	24.52	26.17	48.27	0.0	29.73	17.2	13.6	48.27	44.55	61.62	37.48	27.02	37.64	13.89	29.15	49.65	41.77	34.93	6.0	33.97	54.56	15.13	51.31	43.05	45.01	46.86	40.85	47.17	20.02	13.89	20.4	46.96	27.07	33.24	38.12	33.29	47.42	32.8	13.34	51.43	40.71	38.9	17.72	49.04	43.57	9.43	40.61	13.15	45.22	32.02	44.05	37.2	26.93	27.17	39.2	34.83	8.94	8.94	29.21	22.56	26.25	24.6	15.52	41.04	44.42	20.52	12.81	53.71	37.22	25.61	47.43	62.37	51.48	4.47	18.38	7.62	43.57	50.7	51.87	48.02	43.86	50.09	21.93	36.72	41.77	25.18	42.19	51.48	22.83	15.26	41.05	28.64	18.6	32.57	60.14	47.54	
6.08	11.4	11.18	9.43	14.42	20.22	21.21	23.26	26.87	33.02	25.0	19.65	26.48	26.83	17.46	23.35	18.6	29.73	0.0	13.42	16.28	29.15	34.83	31.89	30.02	3.16	16.64	17.0	8.6	27.66	12.04	14.42	34.06	4.24	25.24	24.52	22.47	15.13	33.97	17.2	19.31	34.66	23.0	28.79	26.0	20.02	25.0	12.04	26.17	8.94	23.09	6.32	25.96	24.19	14.04	9.43	17.26	19.42	27.46	20.81	11.18	25.0	21.84	15.0	31.24	10.0	16.16	25.96	9.85	5.39	28.64	27.78	5.0	17.12	3.61	9.0	26.48	11.31	16.28	9.43	17.2	27.07	28.3	6.0	23.54	32.65	23.54	31.24	27.46	27.46	15.3	25.02	27.17	21.21	14.42	25.0	7.81	12.65	25.24	19.65	31.24	25.02	11.0	15.65	29.0	8.94	12.08	13.45	30.41	24.33	
16.28	21.02	22.02	17.12	14.0	12.04	28.46	27.07	39.82	37.44	12.04	25.96	26.25	21.63	11.18	23.35	31.91	17.2	13.42	0.0	6.08	33.02	39.96	45.0	33.6	11.4	26.17	3.61	12.08	33.54	25.24	18.44	22.36	17.49	37.48	12.04	35.85	28.16	32.89	30.53	24.52	41.15	12.53	21.1	15.23	32.76	17.69	21.1	25.0	16.12	30.68	15.62	13.04	37.11	26.48	22.02	5.83	32.76	29.15	7.81	24.6	12.04	33.0	21.84	31.05	20.0	12.37	18.38	23.26	18.79	15.23	18.11	12.04	9.43	10.44	12.37	14.04	24.41	29.41	4.12	4.47	39.81	32.45	8.49	35.01	45.8	36.69	19.7	22.14	17.26	28.46	37.34	39.12	30.89	26.91	33.24	6.08	19.7	27.07	13.04	36.72	37.66	6.08	2.24	28.16	16.12	1.41	21.38	43.42	31.05	
20.59	20.62	22.14	16.49	20.02	17.49	26.17	33.02	43.14	33.54	9.49	31.58	21.26	27.29	17.09	18.6	34.71	13.6	16.28	6.08	0.0	39.0	36.25	48.1	29.53	13.45	25.18	5.66	17.46	39.32	28.28	24.19	17.8	20.52	41.4	14.76	37.74	29.53	38.9	33.3	30.27	37.95	16.97	15.03	19.21	33.62	23.02	20.4	31.05	21.19	36.14	20.12	14.87	38.08	27.31	25.61	10.82	35.47	35.23	6.0	27.02	13.93	32.56	20.0	37.11	24.6	18.44	23.6	25.61	21.26	15.0	12.37	16.55	15.23	12.73	11.4	16.55	27.59	30.89	7.62	3.61	40.5	28.64	13.0	34.71	48.84	38.01	15.0	16.16	11.7	30.02	37.64	39.05	35.85	30.61	38.6	8.6	25.0	33.14	18.79	33.24	38.28	12.0	5.83	34.21	15.52	7.0	20.1	46.67	36.67	
23.26	39.45	38.28	38.48	19.03	25.63	49.4	6.08	31.05	61.77	42.95	10.0	55.36	19.85	23.77	52.2	30.53	48.27	29.15	33.02	39.0	0.0	63.29	35.51	59.03	31.62	43.83	35.23	22.36	5.0	27.59	15.3	54.13	27.78	25.71	34.54	37.22	36.07	12.17	30.23	9.85	62.43	29.55	54.01	30.89	40.46	23.85	40.31	12.04	20.25	9.85	22.85	36.77	42.44	37.54	24.84	30.59	31.38	5.66	39.46	30.41	36.4	45.97	43.83	9.49	20.25	21.38	24.41	30.48	29.68	41.79	51.09	25.0	25.71	31.32	37.64	35.34	26.87	36.12	32.14	37.12	45.49	57.25	27.46	46.69	36.5	40.5	51.79	54.33	50.16	35.38	45.61	48.41	15.23	24.21	11.18	32.39	16.55	6.71	23.41	59.68	44.41	27.0	34.13	10.82	38.08	32.0	42.06	33.54	7.62	
40.22	23.85	25.06	25.5	48.8	51.61	13.89	57.69	46.1	3.0	43.68	53.34	17.03	60.31	49.82	18.44	38.64	44.55	34.83	39.96	36.25	63.29	0.0	48.04	7.07	33.24	19.7	41.59	43.19	60.83	37.34	49.2	44.01	35.51	48.66	50.99	35.01	29.83	68.77	37.85	53.54	4.24	52.48	32.0	55.07	28.07	57.2	23.02	60.88	43.6	55.46	40.8	51.08	30.07	27.2	38.91	45.79	38.47	62.2	41.79	34.18	50.16	21.02	19.85	66.07	43.05	49.58	58.01	33.62	33.62	50.29	36.12	39.7	48.6	33.94	28.43	52.8	37.7	30.59	37.2	39.81	29.43	7.62	38.9	22.02	48.09	32.02	42.11	27.0	37.22	30.81	26.17	24.52	51.62	41.44	56.46	35.61	46.87	60.0	52.01	3.61	28.16	42.64	41.18	63.78	26.17	39.66	21.4	48.0	57.25	
29.15	31.76	29.53	34.67	38.28	47.54	37.11	34.0	5.39	48.26	56.85	29.07	50.7	48.84	44.38	48.33	13.45	61.62	31.89	45.0	48.1	35.51	48.04	0.0	47.85	34.66	31.62	48.6	34.89	30.59	19.85	33.24	65.76	27.66	10.0	54.59	13.34	21.02	47.17	14.87	31.14	45.01	51.48	58.82	54.23	20.4	50.0	32.65	43.1	30.87	26.08	30.02	56.44	18.0	24.17	23.02	47.51	12.81	39.05	52.63	21.26	55.57	27.17	36.25	44.1	26.4	41.79	50.96	22.67	26.87	59.91	58.9	33.29	45.19	35.38	38.42	56.36	20.62	19.7	41.23	49.04	19.24	45.89	36.62	26.02	1.0	16.03	62.94	56.08	58.8	20.12	22.02	24.19	21.0	18.36	24.33	39.7	29.41	38.0	45.88	45.18	20.02	40.82	47.2	44.0	35.23	43.6	34.44	2.0	28.16	
35.78	19.92	21.59	20.59	43.42	45.45	11.0	53.24	45.18	4.12	36.69	49.24	10.0	54.45	43.86	11.4	37.0	37.48	30.02	33.6	29.53	59.03	7.07	47.85	0.0	28.02	17.03	34.99	38.01	57.01	34.53	44.42	37.0	31.38	47.01	44.29	34.53	28.0	63.6	36.01	49.19	10.2	46.04	25.02	48.55	27.46	51.09	18.97	55.61	38.95	51.87	36.24	44.28	30.36	25.02	35.44	39.41	37.01	57.45	34.93	31.4	43.38	20.88	15.23	61.03	39.0	43.86	51.86	30.59	29.73	43.32	29.07	34.67	42.52	28.6	22.67	46.07	34.71	29.02	31.14	33.12	30.46	2.0	33.42	22.47	48.05	32.02	35.06	20.02	30.15	29.0	26.93	25.94	48.51	38.64	53.16	29.7	42.49	55.23	46.01	5.39	28.79	36.77	34.67	58.6	21.1	33.42	17.09	47.52	53.49	
9.0	10.77	11.18	7.81	15.56	19.92	20.0	25.63	29.73	31.24	22.47	22.36	23.77	27.46	17.46	20.62	21.26	27.02	3.16	11.4	13.45	31.62	33.24	34.66	28.02	0.0	16.16	14.87	10.0	30.41	14.87	16.55	31.14	7.21	28.3	23.09	24.6	16.76	35.61	19.85	21.84	33.42	22.2	25.63	25.18	21.38	25.08	11.18	27.66	11.4	26.02	9.06	24.33	25.71	15.13	12.53	16.0	22.02	29.53	18.36	13.6	23.35	22.2	13.45	33.02	13.04	16.64	26.0	12.21	7.81	26.57	24.7	6.71	16.76	1.0	6.08	25.08	14.21	18.03	7.28	14.76	28.44	26.4	5.83	24.08	35.38	25.3	28.32	24.33	24.41	17.09	26.08	28.0	24.33	17.49	28.02	5.39	15.3	27.29	19.7	29.7	26.31	10.44	13.6	30.61	7.07	10.2	12.21	33.24	27.17	
21.21	5.39	5.66	9.06	31.06	36.06	6.08	38.42	28.44	18.68	34.53	33.84	19.24	43.42	33.62	17.2	20.02	37.64	16.64	26.17	25.18	43.83	19.7	31.62	17.03	16.16	0.0	29.02	25.24	41.18	17.72	30.41	39.81	16.28	30.0	38.21	18.38	11.05	50.25	19.0	34.21	18.6	38.08	30.0	41.0	11.66	41.23	5.1	42.64	24.76	35.78	21.93	39.05	15.62	8.0	19.24	31.58	20.1	43.19	31.14	14.56	38.05	7.62	5.83	47.38	23.6	32.65	42.15	13.93	14.21	40.11	31.76	21.63	32.89	17.09	14.0	40.2	18.03	12.17	22.36	28.02	17.03	15.03	21.93	9.85	31.95	16.64	37.16	26.17	32.2	12.04	13.6	14.32	31.95	21.84	36.77	20.4	27.66	41.04	35.85	16.16	14.87	26.57	28.07	45.34	10.05	25.32	5.1	31.05	37.59	
19.8	24.02	25.18	20.0	16.28	12.08	30.81	29.43	43.42	38.95	8.6	28.79	26.91	21.93	12.17	24.21	35.51	13.89	17.0	3.61	5.66	35.23	41.59	48.6	34.99	14.87	29.02	0.0	15.26	36.14	28.84	21.19	19.31	21.1	41.01	9.49	39.4	31.62	33.96	34.13	27.2	43.08	11.31	19.65	13.6	36.14	17.49	24.0	26.31	19.42	33.62	19.1	10.05	40.52	29.83	25.61	5.39	36.36	31.0	4.47	28.18	9.06	36.06	24.33	32.39	23.43	14.0	18.03	26.83	22.36	11.7	16.03	15.56	10.2	13.93	15.03	11.4	28.02	32.89	7.62	2.24	43.17	34.0	12.04	38.12	49.41	40.16	16.76	21.47	15.0	31.95	40.61	42.3	34.13	30.48	36.25	9.49	22.83	29.02	13.6	38.48	41.0	8.94	1.41	29.43	19.0	5.0	24.08	47.01	33.84	
6.08	20.0	19.72	17.69	5.83	13.15	29.73	16.28	29.53	41.23	23.85	14.14	33.24	18.38	10.05	30.08	22.8	29.15	8.6	12.08	17.46	22.36	43.19	34.89	38.01	10.0	25.24	15.26	0.0	22.02	16.28	7.07	34.44	10.2	26.4	19.72	28.16	22.2	25.61	21.59	13.0	43.19	16.76	32.14	19.65	27.29	17.12	20.62	17.69	4.24	18.68	5.1	21.63	31.06	21.84	12.37	12.81	23.77	19.7	19.72	17.0	20.81	30.08	23.35	23.02	8.6	8.06	18.11	16.03	12.37	25.5	29.83	3.61	10.44	9.43	15.65	21.47	15.3	23.09	10.05	16.55	34.13	36.4	5.1	31.62	35.78	30.0	31.78	32.06	29.12	22.09	32.56	34.93	18.87	16.55	21.19	10.05	7.62	17.46	12.0	39.62	32.25	6.4	13.89	20.62	17.03	10.77	21.93	33.12	19.24	
21.59	37.16	35.78	36.69	19.92	27.78	46.96	7.21	26.25	59.51	44.27	8.06	54.13	23.43	25.5	50.99	26.4	49.65	27.66	33.54	39.32	5.0	60.83	30.59	57.01	30.41	41.18	36.14	22.02	0.0	24.21	15.13	55.36	25.63	20.88	36.72	33.02	32.65	17.12	26.25	9.06	59.68	31.91	54.15	33.6	36.77	26.91	38.08	15.81	19.1	5.66	21.38	38.95	38.42	34.41	21.95	31.95	27.2	9.85	40.52	27.2	38.47	42.64	41.79	14.32	18.03	22.85	27.59	27.46	27.31	43.83	51.62	24.08	27.31	30.27	36.5	37.74	23.6	32.56	32.06	37.85	41.4	55.15	27.0	43.19	31.58	36.4	52.89	54.01	50.8	31.89	41.77	44.6	10.82	20.52	6.32	32.0	15.13	10.0	25.55	57.25	40.46	27.46	34.93	15.23	36.4	32.39	39.92	28.64	3.61	
10.2	15.0	13.04	16.49	21.0	29.43	23.77	23.02	14.87	36.4	37.01	17.8	34.23	33.24	26.31	31.4	6.71	41.77	12.04	25.24	28.28	27.59	37.34	19.85	34.53	14.87	17.72	28.84	16.28	24.21	0.0	17.46	46.01	7.81	13.93	35.47	12.0	8.49	36.24	5.39	18.87	35.78	32.98	39.82	35.9	13.04	33.02	16.0	29.73	13.0	18.6	11.18	37.16	15.81	10.3	4.0	28.23	7.62	28.3	32.8	3.16	36.25	18.44	20.0	33.12	9.22	24.08	34.01	4.0	7.21	40.31	39.41	13.93	26.68	15.56	19.24	37.34	1.0	8.6	21.4	29.21	18.97	32.56	17.0	19.1	20.62	14.32	43.19	37.7	39.2	7.81	18.36	21.1	14.32	4.12	19.24	19.85	13.6	26.42	28.16	33.84	17.46	21.54	27.46	31.78	16.76	23.85	18.0	18.38	20.62	
9.22	25.5	24.76	23.85	5.66	15.0	35.47	9.22	27.89	47.43	29.55	7.62	40.16	16.0	12.04	37.0	23.02	34.93	14.42	18.44	24.19	15.3	49.2	33.24	44.42	16.55	30.41	21.19	7.07	15.13	17.46	0.0	40.5	14.21	23.77	23.35	29.27	25.08	19.85	22.09	6.08	48.84	19.21	39.05	21.63	30.08	16.76	26.25	12.53	5.66	12.53	8.49	25.5	33.24	25.55	13.6	17.49	24.02	13.04	25.63	19.31	24.84	34.13	29.41	16.97	8.25	9.22	17.72	18.79	16.4	30.0	36.5	9.85	13.45	16.16	22.47	24.76	16.49	25.63	17.0	22.8	36.4	42.72	12.17	35.36	34.21	31.78	37.95	39.12	35.69	24.7	35.47	38.08	14.21	16.0	15.26	17.12	4.0	10.82	13.04	45.61	34.79	12.37	19.92	15.0	23.32	17.26	27.8	31.32	12.65	
38.28	36.36	38.28	32.45	35.44	29.07	38.6	48.51	60.88	41.01	11.18	48.1	27.0	38.05	30.41	26.17	52.33	6.0	34.06	22.36	17.8	54.13	44.01	65.76	37.0	31.14	39.81	19.31	34.44	55.36	46.01	40.5	0.0	38.29	59.2	21.1	54.82	46.4	51.01	50.91	46.49	47.04	26.02	12.04	26.31	49.93	33.06	35.85	44.1	38.47	52.92	37.74	19.24	54.38	43.83	43.42	23.54	53.04	49.5	14.87	44.55	19.1	47.42	34.01	50.04	42.19	32.76	33.14	43.14	38.9	14.56	8.25	34.13	28.44	30.48	27.8	21.38	45.34	47.8	25.24	17.89	56.44	37.05	30.53	49.66	66.47	54.64	2.83	17.03	7.62	47.01	53.24	54.13	53.24	48.41	55.54	26.4	42.05	47.68	31.14	42.05	54.2	28.23	20.62	47.04	31.62	23.71	34.89	64.38	53.14	
5.0	11.66	10.63	11.18	15.81	23.0	21.63	22.2	22.63	34.0	29.21	17.89	29.07	28.46	20.02	26.02	14.42	33.97	4.24	17.49	20.52	27.78	35.51	27.66	31.38	7.21	16.28	21.1	10.2	25.63	7.81	14.21	38.29	0.0	21.1	28.16	18.68	12.04	34.06	13.04	18.03	34.83	26.17	32.7	29.15	17.12	27.29	12.53	26.63	8.6	20.62	5.83	29.73	21.0	11.7	5.39	20.88	15.26	26.91	25.0	7.28	28.79	20.12	16.16	31.14	7.62	18.25	28.28	6.08	2.24	32.65	31.91	7.0	20.02	7.81	12.37	30.08	7.07	13.0	13.6	21.4	24.02	29.55	9.49	21.54	28.43	20.1	35.47	31.05	31.62	12.0	22.36	24.74	18.0	10.3	22.2	12.04	11.4	24.76	22.09	31.91	22.09	14.32	19.72	29.21	11.05	16.12	14.32	26.17	22.14	
21.21	28.44	26.31	30.36	29.07	38.47	36.01	24.0	5.39	48.26	49.52	19.1	47.85	39.05	35.36	45.12	10.05	54.56	25.24	37.48	41.4	25.71	48.66	10.0	47.01	28.3	30.0	41.01	26.4	20.88	13.93	23.77	59.2	21.1	0.0	46.04	14.76	19.03	37.22	11.0	21.21	46.32	42.54	53.67	45.18	20.88	40.5	29.43	33.14	22.2	16.12	21.93	48.01	20.59	22.0	15.81	39.2	10.2	29.07	45.28	16.49	47.2	27.89	33.38	34.13	17.8	32.65	41.44	17.72	21.02	51.86	53.0	25.46	36.36	28.84	33.11	47.71	14.32	18.11	34.06	41.77	23.02	45.01	29.0	27.51	11.0	18.36	56.4	51.62	52.7	18.03	24.6	27.29	11.0	10.82	14.56	32.8	20.12	28.0	36.67	45.4	22.83	32.65	39.6	34.0	30.68	36.07	31.4	8.0	18.25	
25.5	33.06	34.0	29.15	17.69	8.94	40.26	29.53	49.24	48.3	10.77	30.61	35.81	17.0	11.4	33.29	42.15	15.13	24.52	12.04	14.76	34.54	50.99	54.59	44.29	23.09	38.21	9.49	19.72	36.72	35.47	23.35	21.1	28.16	46.04	0.0	46.84	39.62	30.02	40.85	28.6	52.55	5.1	26.08	5.39	44.41	12.0	33.14	23.54	23.85	35.61	24.6	2.24	48.66	38.21	31.78	7.28	43.08	29.41	9.9	35.44	2.0	45.01	33.73	29.27	28.3	14.21	12.04	34.21	29.83	7.28	21.47	21.54	9.9	22.09	24.33	2.0	34.54	40.79	16.0	11.18	51.48	43.38	18.68	47.0	55.47	48.05	19.42	29.07	20.12	39.81	49.16	51.04	37.48	36.24	38.42	18.0	26.25	27.86	11.18	47.93	49.37	13.93	10.2	26.31	28.16	13.0	33.38	52.84	35.23	
22.09	19.21	17.03	22.63	33.0	41.3	23.77	33.62	11.18	35.06	47.01	28.23	37.58	45.18	38.21	35.36	6.71	51.31	22.47	35.85	37.74	37.22	35.01	13.34	34.53	24.6	18.38	39.4	28.16	33.02	12.0	29.27	54.82	18.68	14.76	46.84	0.0	8.49	47.17	7.28	29.73	32.25	44.72	46.75	47.68	7.07	45.01	20.0	41.23	25.0	27.46	23.09	48.38	5.83	11.4	16.0	39.56	5.83	39.0	42.94	11.4	47.43	14.0	23.32	44.01	21.1	36.06	46.01	12.65	17.09	51.08	47.42	25.5	38.47	25.5	27.02	48.76	13.0	7.07	31.78	39.36	8.49	32.56	28.16	13.15	13.6	3.61	52.01	43.6	47.51	7.81	9.85	12.53	22.2	13.6	27.02	29.97	25.32	37.34	40.11	32.02	8.06	32.98	38.08	43.01	23.35	34.54	21.63	13.04	29.68	
16.49	10.82	8.6	14.14	27.66	35.01	17.0	31.4	17.46	29.27	38.91	26.25	29.73	40.26	32.06	27.31	9.0	43.05	15.13	28.16	29.53	36.07	29.83	21.02	28.0	16.76	11.05	31.62	22.2	32.65	8.49	25.08	46.4	12.04	19.03	39.62	8.49	0.0	44.42	8.06	27.2	27.86	38.05	38.29	41.05	5.1	39.32	11.66	37.58	19.92	27.02	17.46	41.0	9.06	3.16	11.66	32.39	9.06	36.62	34.93	5.83	40.02	10.0	15.23	41.34	17.0	30.27	40.31	6.32	10.0	43.32	38.95	19.03	32.0	17.72	18.6	41.59	9.22	1.41	24.04	31.38	12.0	26.0	21.1	10.63	21.47	8.54	43.6	35.23	39.05	1.0	10.44	13.0	22.47	12.21	27.46	22.14	21.47	34.67	34.13	26.48	10.05	26.08	30.36	39.82	14.87	26.93	13.42	20.25	29.07	
29.07	45.25	44.6	43.28	20.25	22.2	55.17	13.6	42.43	66.84	40.11	18.97	58.18	13.04	21.84	55.07	40.5	45.01	33.97	32.89	38.9	12.17	68.77	47.17	63.6	35.61	50.25	33.96	25.61	17.12	36.24	19.85	51.01	34.06	37.22	30.02	47.17	44.42	0.0	39.92	17.46	68.59	25.0	53.6	25.18	49.24	18.03	45.97	8.06	25.5	21.1	28.32	32.06	51.89	45.22	32.76	28.64	41.44	8.25	37.48	38.59	32.02	53.82	48.92	3.16	27.46	20.62	18.11	38.28	36.24	37.12	49.82	29.07	23.77	35.0	41.05	30.15	35.36	44.78	33.54	36.14	55.04	62.01	30.23	54.92	48.17	50.16	49.09	55.03	48.66	43.91	54.59	57.31	26.31	33.62	23.0	34.48	23.02	9.85	20.4	65.19	53.67	27.73	33.24	5.0	42.64	32.31	47.42	45.18	19.03	
15.52	17.72	15.52	20.12	26.08	34.71	25.02	26.4	10.3	37.34	42.2	21.02	37.11	38.05	31.58	34.48	1.41	46.86	17.2	30.53	33.3	30.23	37.85	14.87	36.01	19.85	19.0	34.13	21.59	26.25	5.39	22.09	50.91	13.04	11.0	40.85	7.28	8.06	39.92	0.0	22.47	35.74	38.33	44.1	41.23	10.82	38.12	18.68	33.96	18.11	20.62	16.49	42.54	12.21	11.0	9.22	33.62	2.24	31.78	38.01	6.4	41.63	17.46	22.56	36.77	14.0	29.27	39.12	7.81	12.04	45.65	44.05	19.31	32.02	20.62	23.6	42.72	6.32	7.28	26.63	34.41	15.26	34.01	22.36	17.49	15.56	10.3	48.08	41.59	43.93	7.07	15.56	18.38	15.56	6.32	20.52	25.0	18.11	30.08	33.38	34.53	14.21	26.93	32.76	35.74	20.59	29.15	20.62	13.6	22.8	
13.42	29.68	28.6	28.64	11.18	19.85	39.66	4.24	26.02	51.97	35.47	2.24	45.61	18.03	17.2	42.45	23.09	40.85	19.31	24.52	30.27	9.85	53.54	31.14	49.19	21.84	34.21	27.2	13.0	9.06	18.87	6.08	46.49	18.03	21.21	28.6	29.73	27.2	17.46	22.47	0.0	52.8	24.08	45.1	26.17	31.91	20.25	30.53	12.0	10.44	7.07	13.0	30.81	34.44	28.32	15.62	23.26	24.04	9.43	31.62	21.4	30.23	36.88	34.0	14.32	10.63	14.42	21.1	21.26	20.0	35.51	42.58	15.3	18.87	21.59	27.89	29.83	18.03	27.46	23.02	28.86	37.58	47.41	18.03	37.8	32.14	32.7	43.97	45.04	41.77	26.63	37.22	39.96	10.44	16.16	9.9	23.02	6.71	7.62	17.69	49.93	36.24	18.44	25.96	13.34	28.23	23.35	32.25	29.15	6.71	
39.7	23.35	24.21	25.61	48.92	52.48	13.45	57.01	43.42	6.71	45.89	52.43	20.1	60.8	50.48	21.02	36.4	47.17	34.66	41.15	37.95	62.43	4.24	45.01	10.2	33.42	18.6	43.08	43.19	59.68	35.78	48.84	47.04	34.83	46.32	52.55	32.25	27.86	68.59	35.74	52.8	0.0	53.67	35.13	56.36	25.5	57.98	22.63	60.83	43.19	54.2	40.36	52.81	27.02	25.5	37.74	46.96	36.14	61.72	43.68	32.65	51.87	18.44	20.0	65.8	42.2	50.0	58.83	32.25	32.8	52.39	39.0	39.62	49.4	34.21	29.15	54.42	36.24	28.46	38.08	41.44	26.08	10.0	39.2	19.1	45.0	29.07	45.0	30.15	40.01	28.79	23.0	21.1	50.09	39.81	55.01	36.36	46.23	59.55	52.7	5.0	25.0	43.27	42.54	63.64	26.4	40.71	21.26	45.1	56.08	
22.8	32.76	33.38	29.12	13.6	4.24	40.85	24.7	46.1	49.93	15.3	26.17	38.21	12.04	7.21	35.47	39.56	20.02	23.0	12.53	16.97	29.55	52.48	51.48	46.04	22.2	38.08	11.31	16.76	31.91	32.98	19.21	26.02	26.17	42.54	5.1	44.72	38.05	25.0	38.33	24.08	53.67	0.0	29.97	3.0	43.01	7.07	32.98	18.44	20.62	31.14	21.84	7.28	47.1	37.01	29.12	6.71	40.52	24.35	13.42	33.38	7.07	44.41	34.18	24.19	25.08	10.0	7.28	32.25	28.07	12.37	25.63	19.24	6.32	21.21	24.7	5.83	32.02	39.12	15.81	13.45	50.04	44.94	17.0	46.27	52.39	46.27	24.19	32.45	24.35	38.12	48.01	50.09	33.42	33.24	33.97	17.72	22.47	22.85	6.4	49.24	48.01	12.0	11.4	21.21	28.16	13.0	33.53	49.66	30.61	
34.21	27.59	29.73	24.21	35.06	31.62	27.73	48.0	54.38	29.0	15.62	46.27	15.03	41.44	31.78	14.56	45.49	13.89	28.79	21.1	15.03	54.01	32.0	58.82	25.02	25.63	30.0	19.65	32.14	54.15	39.82	39.05	12.04	32.7	53.67	26.08	46.75	38.29	53.6	44.1	45.1	35.13	29.97	0.0	31.38	41.04	36.77	26.87	45.89	35.51	50.64	33.96	25.0	45.34	35.38	38.08	25.0	46.04	50.25	16.55	37.74	24.41	37.44	24.21	51.97	38.33	33.38	37.16	36.36	32.65	21.93	5.0	30.59	29.83	25.3	20.59	27.2	39.36	39.7	22.09	17.46	47.01	25.18	27.29	39.66	59.41	45.97	10.44	5.0	6.4	39.05	43.6	44.1	49.73	42.95	52.95	22.36	39.46	48.17	33.24	30.15	44.82	27.02	20.4	49.03	23.6	22.02	25.5	57.69	51.35	
25.71	35.69	36.35	32.02	16.12	6.71	43.66	26.4	48.85	52.48	16.16	28.32	40.46	12.17	9.85	37.8	42.45	20.4	26.0	15.23	19.21	30.89	55.07	54.23	48.55	25.18	41.0	13.6	19.65	33.6	35.9	21.63	26.31	29.15	45.18	5.39	47.68	41.05	25.18	41.23	26.17	56.36	3.0	31.38	0.0	46.01	7.28	35.9	19.31	23.41	33.24	24.74	7.07	50.09	40.01	32.02	9.49	43.42	25.5	15.0	36.35	7.28	47.38	37.0	24.74	27.86	12.53	7.07	35.23	31.06	12.0	26.83	22.2	9.22	24.19	27.51	5.0	34.93	42.11	18.68	15.62	53.04	47.51	20.0	49.25	55.15	49.25	24.74	34.21	25.5	41.11	51.01	53.08	35.81	36.06	36.07	20.62	25.06	24.19	8.6	51.88	51.01	15.0	13.89	21.84	31.05	15.81	36.4	52.39	32.56	
21.59	13.6	11.66	17.49	32.76	40.05	16.76	36.06	18.03	28.02	43.08	30.81	30.89	45.35	37.12	28.84	11.18	46.96	20.02	32.76	33.62	40.46	28.07	20.4	27.46	21.38	11.66	36.14	27.29	36.77	13.04	30.08	49.93	17.12	20.88	44.41	7.07	5.1	49.24	10.82	31.91	25.5	43.01	41.04	46.01	0.0	44.41	14.21	42.54	25.0	31.11	22.56	45.71	4.47	6.32	16.55	37.22	10.77	41.34	39.22	10.77	44.72	7.07	17.03	46.14	21.93	35.36	45.4	11.4	15.03	47.8	42.2	24.08	37.01	22.36	22.36	46.39	13.89	4.47	28.64	35.74	7.07	25.5	26.02	6.71	20.62	5.0	47.17	37.54	42.44	5.39	5.39	8.06	26.25	16.28	31.24	26.68	26.4	39.45	39.2	25.0	5.0	31.02	34.93	44.72	18.36	31.58	15.56	20.1	33.24	
23.02	35.85	36.06	32.65	12.04	5.66	44.78	19.8	44.64	54.82	22.36	22.47	43.93	5.0	7.62	41.04	39.2	27.07	25.0	17.69	23.02	23.85	57.2	50.0	51.09	25.08	41.23	17.49	17.12	26.91	33.02	16.76	33.06	27.29	40.5	12.0	45.01	39.32	18.03	38.12	20.25	57.98	7.07	36.77	7.28	44.41	0.0	36.25	12.08	20.02	27.2	22.02	14.04	48.17	38.83	29.02	12.21	40.2	18.36	20.25	34.06	14.0	46.84	38.08	17.46	24.19	9.06	1.0	33.14	29.43	19.1	32.57	20.4	8.6	24.17	28.84	12.17	32.02	40.2	20.0	19.72	51.24	49.82	19.31	48.51	50.96	47.04	31.26	38.95	31.32	39.2	49.65	51.97	30.41	32.39	30.0	21.63	20.62	17.2	5.39	53.82	49.37	14.76	17.2	14.56	31.76	17.69	37.12	48.08	26.25	
17.2	1.0	3.16	4.0	26.4	31.02	9.22	34.67	28.79	21.47	29.83	30.41	18.44	38.59	28.64	15.81	19.92	33.24	12.04	21.1	20.4	40.31	23.02	32.65	18.97	11.18	5.1	24.0	20.62	38.08	16.0	26.25	35.85	12.53	29.43	33.14	20.0	11.66	45.97	18.68	30.53	22.63	32.98	26.87	35.9	14.21	36.25	0.0	38.21	20.62	32.89	17.8	34.01	18.6	8.6	16.49	26.48	20.25	39.2	26.31	13.04	33.02	12.17	4.0	43.19	20.12	27.78	37.16	12.0	10.77	35.23	28.02	17.03	27.86	12.08	9.06	35.13	16.03	13.04	17.26	23.09	20.59	17.09	17.0	14.32	33.12	19.1	33.12	23.6	28.3	12.53	17.46	18.68	29.61	20.02	34.21	15.3	23.85	37.01	30.87	19.42	18.36	21.54	23.02	41.01	5.0	20.22	2.0	31.78	34.54	
21.63	37.54	37.01	35.38	12.21	15.03	47.38	9.49	38.01	58.9	33.02	14.04	50.12	7.81	14.14	47.01	34.71	38.12	26.17	25.0	31.05	12.04	60.88	43.1	55.61	27.66	42.64	26.31	17.69	15.81	29.73	12.53	44.1	26.63	33.14	23.54	41.23	37.58	8.06	33.96	12.0	60.83	18.44	45.89	19.31	42.54	12.08	38.21	0.0	18.03	17.72	20.81	25.71	45.54	38.08	26.0	21.1	35.69	6.4	30.07	31.78	25.5	46.65	41.04	6.08	20.62	12.65	12.53	31.3	28.84	30.81	42.3	21.21	16.12	27.02	33.02	24.04	28.79	38.08	25.5	28.44	48.7	54.04	22.2	47.89	44.1	43.97	42.01	47.13	41.19	37.16	47.93	50.57	22.2	27.66	20.25	26.42	16.16	5.83	13.0	57.31	47.17	19.7	25.5	3.16	34.71	24.35	39.6	41.11	16.16	
3.61	19.85	19.1	18.36	8.0	16.76	29.83	14.32	25.5	41.88	28.02	11.05	35.17	20.4	13.6	32.02	19.24	33.29	8.94	16.12	21.19	20.25	43.6	30.87	38.95	11.4	24.76	19.42	4.24	19.1	13.0	5.66	38.47	8.6	22.2	23.85	25.0	19.92	25.5	18.11	10.44	43.19	20.62	35.51	23.41	25.0	20.02	20.62	18.03	0.0	15.13	2.83	25.81	28.44	20.12	9.0	17.03	20.22	18.6	23.85	14.32	25.0	28.65	23.85	22.63	4.47	11.18	21.02	13.6	10.82	29.73	33.53	5.0	14.32	11.18	17.46	25.55	12.0	20.62	13.6	20.59	31.58	37.22	8.25	29.97	31.78	27.17	35.78	35.01	32.89	19.65	30.36	32.89	14.76	12.65	17.46	13.15	4.0	16.4	15.3	40.0	29.83	10.63	18.03	20.62	17.89	14.76	22.2	29.07	16.0	
17.03	31.95	30.46	31.78	18.03	26.91	41.63	8.25	21.38	54.23	42.05	5.0	49.5	24.6	24.21	46.39	20.81	47.42	23.09	30.68	36.14	9.85	55.46	26.08	51.87	26.02	35.78	33.62	18.68	5.66	18.6	12.53	52.92	20.62	16.12	35.61	27.46	27.02	21.1	20.62	7.07	54.2	31.14	50.64	33.24	31.11	27.2	32.89	17.72	15.13	0.0	17.0	37.8	32.8	28.84	16.55	30.02	21.63	13.0	38.08	21.63	37.2	37.01	36.69	18.03	13.15	21.4	28.02	21.95	22.14	42.44	48.51	20.1	25.81	26.0	32.06	36.88	18.03	26.91	28.64	35.11	35.81	49.98	23.35	37.54	27.07	30.81	50.33	50.09	47.8	26.25	36.12	38.95	5.39	14.87	2.83	28.28	11.18	12.17	24.76	51.89	34.83	24.7	32.31	18.11	31.58	29.41	34.79	24.08	2.24	
1.0	17.03	16.28	15.65	10.2	18.25	27.02	17.0	24.7	39.12	27.66	13.34	32.76	22.8	15.13	29.61	17.72	32.8	6.32	15.62	20.12	22.85	40.8	30.02	36.24	9.06	21.93	19.1	5.1	21.38	11.18	8.49	37.74	5.83	21.93	24.6	23.09	17.46	28.32	16.49	13.0	40.36	21.84	33.96	24.74	22.56	22.02	17.8	20.81	2.83	17.0	0.0	26.42	26.17	17.46	7.28	17.49	18.68	21.4	23.43	12.04	25.55	25.94	21.1	25.46	4.47	13.0	23.02	11.18	8.06	30.0	32.31	3.61	15.52	9.0	15.13	26.4	10.2	18.25	12.53	20.0	29.27	34.48	7.21	27.31	30.89	25.02	34.99	33.14	31.78	17.26	27.89	30.36	15.81	11.66	19.1	11.7	6.32	19.21	17.03	37.2	27.46	10.82	17.69	23.43	15.23	14.21	19.42	28.3	18.11	
27.29	34.0	35.06	30.02	19.85	11.18	40.79	31.76	51.11	48.33	9.43	32.8	35.51	19.03	13.6	33.12	43.86	13.34	25.96	13.04	14.87	36.77	51.08	56.44	44.28	24.33	39.05	10.05	21.63	38.95	37.16	25.5	19.24	29.73	48.01	2.24	48.38	41.0	32.06	42.54	30.81	52.81	7.28	25.0	7.07	45.71	14.04	34.01	25.71	25.81	37.8	26.42	0.0	50.01	39.46	33.54	8.94	44.78	31.62	9.43	37.0	1.0	46.01	34.37	31.4	30.23	16.4	14.0	35.74	31.32	5.1	20.25	23.26	12.04	23.35	25.08	2.24	36.25	42.2	17.12	11.4	52.77	43.46	20.25	48.04	57.31	49.48	17.72	28.28	18.87	41.23	50.36	52.15	39.6	38.08	40.61	19.1	28.32	30.08	13.42	48.1	50.64	15.65	11.0	28.44	29.02	14.14	34.13	54.71	37.44	
25.18	18.03	16.12	21.95	36.35	44.0	20.12	38.47	16.76	30.41	47.54	33.12	34.67	48.84	41.01	32.8	12.04	51.43	24.19	37.11	38.08	42.44	30.07	18.0	30.36	25.71	15.62	40.52	31.06	38.42	15.81	33.24	54.38	21.0	20.59	48.66	5.83	9.06	51.89	12.21	34.44	27.02	47.1	45.34	50.09	4.47	48.17	18.6	45.54	28.44	32.8	26.17	50.01	0.0	10.77	19.65	41.44	11.31	43.83	43.66	14.14	49.03	9.49	21.21	48.75	25.0	39.12	49.16	15.03	19.03	52.2	46.62	28.0	41.01	26.68	26.83	50.64	16.76	8.0	32.98	40.16	3.16	28.46	30.15	8.06	18.03	2.24	51.62	41.73	46.87	9.0	4.12	6.71	27.66	18.36	32.56	31.05	29.41	42.05	43.05	27.29	2.24	35.13	39.29	47.54	22.83	35.9	19.85	18.11	35.0	
16.55	7.81	5.66	11.4	27.51	34.23	14.04	32.56	20.62	26.48	36.77	27.59	26.57	40.16	31.4	24.17	12.04	40.71	14.04	26.48	27.31	37.54	27.2	24.17	25.02	15.13	8.0	29.83	21.84	34.41	10.3	25.55	43.83	11.7	22.0	38.21	11.4	3.16	45.22	11.0	28.32	25.5	37.01	35.38	40.01	6.32	38.83	8.6	38.08	20.12	28.84	17.46	39.46	10.77	0.0	12.73	31.06	12.17	37.64	32.89	7.21	38.47	8.6	12.08	42.2	17.8	29.83	39.81	7.07	9.49	41.48	36.24	18.44	31.14	16.12	16.12	40.2	10.82	4.47	22.36	29.41	13.34	23.02	20.02	9.85	24.6	10.82	41.05	32.2	36.4	4.12	11.0	13.15	24.6	14.32	29.53	20.4	22.2	35.61	33.54	23.77	11.18	25.02	28.64	40.5	12.21	25.32	10.3	23.41	30.81	
6.32	15.52	13.93	16.0	17.0	25.5	25.08	19.85	17.8	37.7	33.97	14.87	34.0	29.27	22.36	31.02	10.44	38.9	9.43	22.02	25.61	24.84	38.91	23.02	35.44	12.53	19.24	25.61	12.37	21.95	4.0	13.6	43.42	5.39	15.81	31.78	16.0	11.66	32.76	9.22	15.62	37.74	29.12	38.08	32.02	16.55	29.02	16.49	26.0	9.0	16.55	7.28	33.54	19.65	12.73	0.0	24.6	11.4	25.0	29.73	5.83	32.65	21.26	20.4	29.68	5.39	20.1	30.02	5.66	6.0	36.89	37.22	10.3	22.8	13.04	17.72	33.62	3.0	12.08	18.38	26.17	22.8	33.53	13.6	22.2	23.85	18.25	40.61	36.4	36.89	11.18	21.93	24.6	13.15	5.0	17.72	17.03	9.85	23.02	24.19	35.34	21.19	17.89	24.21	28.18	16.03	20.62	18.44	21.4	18.36	
18.36	26.31	27.07	22.56	12.08	6.71	34.18	25.0	42.19	43.27	12.37	25.06	31.83	16.55	7.0	29.0	34.93	17.72	17.26	5.83	10.82	30.59	45.79	47.51	39.41	16.0	31.58	5.39	12.81	31.95	28.23	17.49	23.54	20.88	39.2	7.28	39.56	32.39	28.64	33.62	23.26	46.96	6.71	25.0	9.49	37.22	12.21	26.48	21.1	17.03	30.02	17.49	8.94	41.44	31.06	24.6	0.0	35.85	26.08	9.0	28.16	8.06	38.12	27.51	27.17	21.4	9.22	12.81	26.93	22.56	12.73	21.21	14.32	5.0	15.0	18.03	9.22	27.31	33.54	9.22	7.62	44.28	38.28	11.4	40.05	48.37	40.79	21.21	26.83	20.1	32.56	42.05	44.0	31.24	29.15	32.76	11.18	19.85	24.19	8.25	42.54	42.19	6.71	5.0	24.19	21.59	6.32	26.93	45.79	29.97	
17.72	19.31	17.09	21.95	28.16	36.88	26.02	27.86	8.54	38.12	44.41	22.47	38.6	40.01	33.73	36.06	1.0	49.04	19.42	32.76	35.47	31.38	38.47	12.81	37.01	22.02	20.1	36.36	23.77	27.2	7.62	24.02	53.04	15.26	10.2	43.08	5.83	9.06	41.44	2.24	24.04	36.14	40.52	46.04	43.42	10.77	40.2	20.25	35.69	20.22	21.63	18.68	44.78	11.31	12.17	11.4	35.85	0.0	33.24	40.22	8.49	43.86	17.72	24.04	38.28	16.03	31.4	41.19	9.9	14.21	47.89	46.1	21.54	34.21	22.8	25.61	44.94	8.54	8.0	28.84	36.62	14.21	35.01	24.6	17.46	13.45	9.22	50.21	43.42	46.01	8.06	15.0	17.8	16.4	8.06	21.26	27.2	20.02	31.62	35.51	35.23	13.45	29.15	34.99	37.36	22.47	31.38	22.14	11.66	23.85	
22.02	38.42	37.54	36.89	15.3	20.62	48.41	5.39	34.23	60.46	38.33	10.77	52.92	14.21	19.1	49.77	32.31	43.57	27.46	29.15	35.23	5.66	62.2	39.05	57.45	29.53	43.19	31.0	19.7	9.85	28.3	13.04	49.5	26.91	29.07	29.41	39.0	36.62	8.25	31.78	9.43	61.72	24.35	50.25	25.5	41.34	18.36	39.2	6.4	18.6	13.0	21.4	31.62	43.83	37.64	25.0	26.08	33.24	0.0	35.06	30.81	31.32	46.23	42.44	5.1	19.85	17.0	18.87	30.61	29.0	36.69	47.01	22.83	21.1	29.07	35.34	30.08	27.46	36.89	28.86	33.02	46.96	55.76	24.7	47.2	40.05	42.05	47.27	50.99	46.0	36.06	46.65	49.4	18.11	25.5	15.13	29.41	15.56	2.24	18.44	58.6	45.65	23.35	30.02	5.39	36.36	28.28	40.8	37.05	11.05	
24.08	26.48	27.89	22.36	20.62	15.3	32.14	33.73	47.51	39.0	4.24	33.24	26.08	25.0	16.0	23.71	39.41	9.43	20.81	7.81	6.0	39.46	41.79	52.63	34.93	18.36	31.14	4.47	19.72	40.52	32.8	25.63	14.87	25.0	45.28	9.9	42.94	34.93	37.48	38.01	31.62	43.68	13.42	16.55	15.0	39.22	20.25	26.31	30.07	23.85	38.08	23.43	9.43	43.66	32.89	29.73	9.0	40.22	35.06	0.0	31.91	8.6	38.47	26.0	36.12	27.8	18.11	20.62	30.53	26.08	9.0	12.37	19.85	14.0	17.49	17.26	11.4	32.02	36.25	11.4	3.61	46.17	34.18	16.28	40.61	53.41	43.46	12.37	19.21	11.18	35.34	43.42	44.91	38.59	34.66	40.72	13.04	27.29	33.14	17.12	38.9	43.97	13.42	5.83	33.14	21.38	9.22	26.08	51.09	38.28	
11.05	12.04	10.0	13.93	22.2	30.07	20.62	25.61	16.64	33.24	36.06	20.52	31.4	34.71	27.02	28.64	7.81	40.61	11.18	24.6	27.02	30.41	34.18	21.26	31.4	13.6	14.56	28.18	17.0	27.2	3.16	19.31	44.55	7.28	16.49	35.44	11.4	5.83	38.59	6.4	21.4	32.65	33.38	37.74	36.35	10.77	34.06	13.04	31.78	14.32	21.63	12.04	37.0	14.14	7.21	5.83	28.16	8.49	30.81	31.91	0.0	36.06	15.56	17.03	35.51	11.18	25.02	35.06	1.41	5.83	39.81	37.64	14.14	27.17	14.42	17.2	37.36	3.61	6.32	20.59	28.3	17.26	29.43	16.76	16.4	21.93	13.0	41.73	35.34	37.54	5.39	16.16	18.79	17.46	7.28	22.36	18.87	15.65	28.84	29.0	30.68	15.52	21.59	26.83	34.0	14.32	23.26	15.03	20.0	23.6	
26.42	33.0	34.06	29.02	19.21	10.77	39.81	31.3	50.25	47.42	8.94	32.2	34.67	19.0	13.04	32.25	42.95	13.15	25.0	12.04	13.93	36.4	50.16	55.57	43.38	23.35	38.05	9.06	20.81	38.47	36.25	24.84	19.1	28.79	47.2	2.0	47.43	40.02	32.02	41.63	30.23	51.87	7.07	24.41	7.28	44.72	14.0	33.02	25.5	25.0	37.2	25.55	1.0	49.03	38.47	32.65	8.06	43.86	31.32	8.6	36.06	0.0	45.01	33.38	31.26	29.41	15.81	14.04	34.79	30.36	5.39	19.72	22.36	11.4	22.36	24.08	2.83	35.34	41.23	16.12	10.44	51.79	42.54	19.31	47.04	56.44	48.51	17.46	27.59	18.36	40.26	49.37	51.16	38.9	37.22	40.0	18.11	27.59	29.73	13.0	47.17	49.65	14.76	10.0	28.28	28.02	13.15	33.14	53.85	36.89	
25.06	12.04	11.05	16.12	35.85	41.98	10.82	41.11	25.08	21.1	41.98	36.07	25.61	48.47	39.29	24.04	18.03	45.22	21.84	33.0	32.56	45.97	21.02	27.17	20.88	22.2	7.62	36.06	30.08	42.64	18.44	34.13	47.42	20.12	27.89	45.01	14.0	10.0	53.82	17.46	36.88	18.44	44.41	37.44	47.38	7.07	46.84	12.17	46.65	28.65	37.01	25.94	46.01	9.49	8.6	21.26	38.12	17.72	46.23	38.47	15.56	45.01	0.0	13.42	50.8	26.4	37.95	47.8	15.62	17.89	47.38	39.36	26.57	38.83	23.19	21.21	47.01	19.1	10.3	29.02	35.23	10.0	18.97	27.66	2.24	27.29	11.18	44.78	33.42	39.81	10.82	6.4	6.71	32.45	22.2	37.44	27.02	30.81	44.2	41.48	18.03	8.06	32.56	35.01	49.09	17.12	32.02	12.65	27.02	39.05	
