170
0.0	68.0	69.4	38.59	22.8	37.74	38.08	56.92	14.32	42.45	42.72	11.31	17.49	48.38	62.8	40.82	23.54	24.74	30.02	80.72	16.16	62.24	68.51	17.49	52.48	13.6	24.52	25.71	45.01	55.04	37.12	25.81	16.16	27.46	57.28	24.02	27.2	45.4	15.52	8.94	47.3	49.04	35.78	60.42	33.06	14.56	7.62	82.04	71.02	18.6	17.0	50.99	46.27	46.65	65.15	49.0	14.56	43.66	56.3	61.98	6.32	31.14	18.03	44.0	47.38	82.88	4.12	26.4	10.2	44.55	41.88	22.47	63.01	11.18	64.64	48.83	51.16	52.33	75.01	13.0	49.41	33.38	15.0	32.7	52.5	6.08	72.86	74.28	13.04	53.34	13.04	25.81	18.97	13.93	34.89	51.62	16.28	57.08	65.86	27.51	27.07	15.81	33.6	22.47	57.87	62.27	46.23	31.02	17.03	19.92	60.73	22.67	66.65	67.42	42.72	31.06	8.54	38.6	38.28	25.81	16.49	54.41	27.29	33.62	30.02	10.63	50.01	60.88	78.75	26.0	38.08	20.1	60.3	29.83	28.46	15.62	66.37	55.46	31.58	59.81	57.31	37.22	59.77	34.44	63.79	56.04	51.74	58.46	59.03	51.92	52.95	37.01	43.27	27.07	73.41	34.79	31.38	54.34	28.23	21.93	52.77	38.01	57.94	41.11	35.34	54.78	32.57	31.02	61.61	53.46	
68.0	0.0	30.61	40.01	75.31	40.0	53.24	15.23	54.38	47.01	51.08	72.11	85.48	49.04	42.05	27.31	65.62	86.56	38.01	28.64	51.97	43.01	6.71	83.49	35.47	80.45	85.8	43.6	62.37	66.13	37.01	46.32	79.38	71.06	79.4	81.34	41.62	55.54	66.22	68.35	50.96	29.61	55.57	54.2	62.01	58.41	69.07	27.17	6.0	85.15	70.09	53.14	66.49	36.88	12.17	62.36	58.82	25.5	13.04	83.49	61.77	45.45	78.87	35.78	29.07	23.09	65.0	90.43	62.03	29.0	60.42	60.14	33.14	69.2	8.6	32.98	29.41	15.81	24.7	55.07	32.02	65.01	81.54	47.04	27.2	73.79	19.31	23.77	55.01	14.87	57.43	69.53	49.4	77.83	44.01	25.63	52.39	35.13	23.35	53.26	44.6	57.57	40.31	45.79	22.2	36.4	24.19	71.06	75.96	83.17	50.04	63.7	39.62	56.08	26.25	43.42	61.85	49.25	59.94	82.76	80.99	48.33	73.11	34.44	59.03	78.39	34.48	52.48	19.0	46.69	30.23	63.15	38.0	41.98	69.18	66.6	36.07	40.25	47.8	84.48	36.72	42.72	48.88	75.01	17.12	78.16	26.93	77.16	63.98	20.59	72.8	32.28	60.93	62.2	13.15	49.01	53.82	44.55	71.25	65.8	57.49	30.02	44.78	73.33	75.0	44.28	70.01	43.93	79.12	25.96	
69.4	30.61	0.0	31.14	66.85	31.89	71.25	40.16	59.48	67.0	71.01	68.59	85.8	71.18	69.26	35.51	56.61	92.78	43.66	13.6	56.36	16.03	24.08	86.84	17.8	83.01	92.28	52.5	43.42	43.01	53.15	43.6	75.07	83.17	57.01	89.44	50.29	36.69	60.88	65.8	31.62	20.59	72.56	28.16	48.76	65.8	73.57	16.28	26.17	88.01	63.89	31.58	47.07	23.35	41.68	41.59	55.97	41.0	25.71	60.07	64.35	59.84	85.09	56.08	50.36	21.02	67.96	95.41	60.31	26.0	79.23	71.47	61.1	75.18	22.47	20.62	52.95	33.54	10.05	58.67	20.0	51.43	79.2	38.21	17.46	73.88	13.42	10.2	57.45	29.43	63.51	81.27	55.04	74.28	35.36	49.03	53.54	61.13	7.62	66.71	55.79	54.56	35.81	52.0	48.7	10.2	27.46	58.59	70.29	78.1	75.93	74.95	10.44	82.97	41.01	38.42	61.22	35.51	77.52	74.33	77.16	25.32	84.76	40.8	47.71	79.81	57.71	26.17	19.65	57.97	41.44	56.08	64.85	39.66	57.8	74.73	7.07	18.03	62.8	62.0	14.32	60.13	23.02	61.33	46.07	56.04	18.38	54.01	39.12	42.95	51.16	35.11	80.16	51.87	20.25	37.8	69.05	69.05	60.03	76.55	80.22	39.62	20.1	56.61	60.93	21.59	56.8	57.87	55.15	50.45	
38.59	40.01	31.14	0.0	37.16	1.0	50.29	37.16	30.59	48.75	52.0	37.54	54.67	54.59	60.11	19.21	26.93	62.65	18.97	43.42	27.46	24.52	37.34	56.08	13.89	52.15	62.24	27.46	24.19	31.11	34.48	13.0	44.2	56.22	42.19	60.08	25.71	18.44	30.0	34.66	15.81	12.08	50.45	26.93	22.0	37.48	43.46	45.22	40.31	57.14	33.29	19.72	28.18	8.06	43.97	25.61	24.84	27.66	27.07	46.87	34.01	37.64	55.15	40.8	38.18	47.41	37.58	64.88	29.21	11.05	57.97	45.01	54.82	45.54	33.24	10.63	42.45	28.79	38.01	29.12	11.4	25.0	48.1	7.62	15.65	42.8	37.12	37.44	27.51	26.68	34.71	54.23	27.07	43.28	4.47	39.82	23.41	51.62	28.84	42.43	31.78	23.43	6.0	25.02	43.57	23.71	16.49	31.26	39.66	47.43	63.6	48.09	28.23	71.4	26.91	7.62	30.23	9.85	55.32	44.78	46.23	19.42	57.43	18.36	19.24	48.83	45.34	26.48	43.86	33.54	23.43	25.55	55.87	10.05	29.61	46.1	27.78	17.46	40.52	47.01	18.79	40.72	24.08	35.06	45.69	40.82	15.23	40.8	31.62	35.51	35.51	13.45	59.2	22.8	39.85	9.0	45.89	55.8	31.78	49.25	63.07	21.26	21.02	33.54	35.01	18.0	30.07	35.74	43.42	42.01	
22.8	75.31	66.85	37.16	0.0	36.77	59.08	68.0	31.76	62.18	63.29	11.66	27.02	68.48	80.99	49.09	10.3	42.76	40.11	79.92	31.38	55.15	73.76	33.38	49.09	29.61	42.95	40.8	29.97	38.9	53.16	29.15	12.04	50.22	37.05	44.6	41.23	33.6	10.44	14.14	37.54	49.24	57.2	49.09	19.21	35.61	30.23	81.99	76.66	33.14	6.71	40.0	29.41	43.91	76.03	34.01	18.44	55.08	62.37	41.3	25.61	49.66	38.28	60.73	62.17	84.53	26.17	42.11	17.89	47.13	63.89	44.6	79.31	33.84	69.64	47.41	66.49	61.2	74.79	29.07	48.3	17.49	18.03	29.55	52.8	20.62	74.25	74.3	27.31	60.67	33.02	48.6	34.18	13.04	32.7	65.76	26.93	74.04	65.76	48.26	44.01	19.24	35.17	36.4	71.45	57.63	51.2	11.4	7.07	13.0	80.5	45.28	60.88	87.71	54.08	32.02	19.72	31.4	60.31	7.62	14.14	45.34	49.93	43.01	19.21	25.71	66.76	50.22	81.02	43.86	49.09	12.17	77.79	33.38	10.3	38.42	61.85	49.68	51.0	38.64	52.8	55.54	50.45	13.04	76.06	36.01	52.39	39.01	44.01	64.12	34.23	43.29	65.3	15.0	76.9	29.15	52.43	73.41	8.54	44.69	74.06	48.01	50.21	21.02	14.04	47.38	13.6	48.85	42.0	67.9	
37.74	40.0	31.89	1.0	36.77	0.0	49.34	36.77	29.61	47.85	51.08	36.88	53.91	53.71	59.4	18.6	26.57	61.74	18.03	44.05	26.48	25.5	37.48	55.23	14.76	51.31	61.33	26.48	24.7	31.83	33.62	12.08	43.6	55.23	42.72	59.14	24.74	19.1	29.41	33.94	16.64	12.53	49.48	27.89	22.02	36.5	42.54	45.8	40.45	56.3	32.76	20.59	28.65	8.94	43.68	26.25	24.08	27.02	27.02	47.43	33.11	36.69	54.23	40.0	37.48	47.89	36.67	64.01	28.43	11.0	57.01	44.01	54.2	44.6	33.38	11.31	41.77	28.46	38.6	28.16	12.04	25.02	47.42	7.28	16.12	42.01	37.59	38.01	26.57	26.48	33.73	53.24	26.08	42.64	4.12	39.2	22.47	50.93	29.41	41.44	30.81	22.67	5.0	24.02	43.05	24.6	16.28	31.14	39.12	46.87	62.8	47.1	29.15	70.6	26.25	6.71	29.41	10.3	54.34	44.38	45.61	20.4	56.44	17.49	19.1	48.01	44.6	27.46	44.28	32.56	22.67	25.06	55.17	9.06	29.43	45.12	28.65	18.44	39.56	47.51	19.7	39.81	25.08	35.01	45.31	41.34	15.65	41.4	32.45	34.99	36.06	12.73	58.24	22.56	40.16	9.06	44.91	55.0	31.58	48.26	62.17	20.52	22.02	33.73	35.0	19.0	30.02	34.79	44.05	41.4	
38.08	53.24	71.25	50.29	59.08	49.34	0.0	38.08	27.66	7.21	5.0	48.76	50.36	11.0	27.46	36.0	55.17	41.98	31.32	77.37	29.0	72.69	57.38	44.0	60.53	43.19	41.0	23.26	69.97	79.18	18.11	41.18	54.23	21.54	86.61	35.17	24.7	66.64	49.2	45.28	65.55	53.15	3.16	77.2	60.61	23.71	32.98	77.2	58.6	46.0	52.43	69.64	72.95	56.09	44.2	72.95	42.45	30.59	47.54	91.61	33.62	12.65	36.12	17.49	24.19	75.03	34.01	46.87	41.4	47.17	8.0	16.28	31.3	30.41	55.03	55.44	24.84	39.85	71.81	30.48	55.33	62.48	52.2	50.09	55.01	43.32	67.45	70.83	32.56	43.42	26.08	20.88	27.02	52.0	49.77	28.02	34.71	25.06	64.63	10.82	18.79	42.43	44.6	26.93	33.3	69.12	44.01	63.66	54.59	57.94	23.19	18.0	74.11	29.41	30.41	44.78	39.41	57.27	6.71	63.53	54.42	69.64	23.77	32.56	56.4	43.74	20.52	76.66	70.58	17.49	30.0	50.93	26.57	41.23	60.83	25.18	72.01	65.92	9.85	90.43	65.38	11.18	73.98	67.94	40.36	85.21	54.01	86.53	81.02	32.65	80.71	38.47	9.06	55.97	64.26	53.67	6.71	18.25	61.62	20.02	15.0	32.02	70.41	72.25	68.62	67.68	64.35	14.56	89.59	28.43	
56.92	15.23	40.16	37.16	68.0	36.77	38.08	0.0	42.72	31.78	35.85	62.8	74.09	33.96	29.12	19.24	59.21	73.24	28.16	42.0	40.8	48.6	20.22	71.12	38.18	68.45	72.42	31.38	61.27	67.12	22.67	39.12	70.04	56.59	79.18	67.62	29.73	55.07	58.08	58.86	51.31	30.48	40.5	57.98	57.97	45.65	56.8	41.11	20.88	72.9	62.07	54.41	65.31	37.2	8.25	62.27	50.16	13.34	14.76	83.73	50.6	31.14	65.73	20.59	13.89	37.85	53.49	77.39	52.61	26.93	45.19	46.1	21.02	56.44	19.03	34.06	14.32	8.6	37.12	43.97	33.3	60.88	71.31	42.72	29.73	62.94	32.02	36.12	44.38	12.04	45.19	55.15	37.95	68.25	40.16	10.44	42.58	21.21	32.57	38.9	31.38	49.09	35.17	34.48	8.54	42.72	21.1	65.92	67.36	73.98	36.22	49.58	47.01	42.95	14.32	37.85	51.97	47.01	44.78	75.06	71.39	50.99	58.69	25.02	54.34	66.85	19.42	56.59	33.54	33.29	19.24	56.04	24.74	35.36	63.64	53.25	43.83	43.86	33.24	84.08	41.23	27.8	53.08	70.21	8.54	77.83	29.0	77.52	66.22	5.66	72.47	25.5	45.69	56.72	27.29	45.54	39.05	30.02	65.49	51.74	42.58	20.02	48.84	70.21	70.41	47.38	65.31	29.83	79.92	11.05	
14.32	54.38	59.48	30.59	31.76	29.61	27.66	42.72	0.0	30.41	31.62	22.56	31.38	36.72	49.73	27.66	27.59	33.6	16.97	69.63	3.16	55.11	55.44	29.21	43.97	26.08	33.02	11.4	44.6	54.41	23.0	18.03	29.15	26.02	60.03	29.97	13.0	42.76	21.63	18.68	43.1	38.91	26.17	56.01	34.0	7.0	14.87	70.6	57.8	30.81	25.06	47.17	47.01	38.33	50.92	48.08	14.87	29.55	43.28	65.0	8.06	18.03	25.81	30.15	33.14	70.77	10.77	36.8	13.89	33.62	33.42	15.81	49.16	15.81	51.74	39.56	37.01	38.59	63.82	2.83	39.92	35.51	29.15	27.02	42.06	20.4	61.07	63.01	5.0	40.0	4.12	24.02	5.0	27.07	28.07	37.34	8.25	43.42	54.92	16.97	13.04	15.0	24.74	8.6	43.57	53.76	34.06	36.07	28.16	33.14	48.75	18.25	58.52	55.95	28.64	23.19	12.08	34.13	30.0	37.0	30.02	49.04	27.02	20.52	29.97	24.17	36.22	56.01	66.48	12.37	24.19	23.35	46.87	20.62	33.24	15.52	57.58	48.05	19.24	63.51	49.04	24.04	54.15	40.31	49.48	58.67	41.18	60.37	57.27	37.64	54.56	25.0	34.83	28.84	60.83	30.15	21.21	41.79	33.97	19.03	42.64	24.41	51.48	45.0	41.01	48.37	36.88	17.46	63.51	39.2	
42.45	47.01	67.0	48.75	62.18	47.85	7.21	31.78	30.41	0.0	4.12	52.55	56.04	6.4	21.02	32.56	57.2	48.76	30.02	72.18	31.06	69.86	51.55	50.16	57.72	49.0	47.8	23.35	70.0	78.77	14.56	41.23	58.52	28.64	87.21	42.06	24.21	66.04	51.97	48.85	64.41	50.01	10.3	75.39	61.52	27.89	38.21	71.81	52.55	52.15	55.47	68.43	73.25	53.76	37.44	72.67	44.65	26.0	42.43	92.2	37.34	12.81	42.58	11.4	18.03	69.26	38.33	53.6	44.29	44.15	13.42	22.02	24.17	36.01	49.48	52.63	18.03	34.53	66.75	33.12	52.39	63.66	57.07	49.65	51.48	48.05	62.17	65.76	34.99	38.33	29.73	27.86	28.6	56.32	48.88	21.47	36.4	17.89	60.07	15.13	19.1	44.41	43.42	27.59	26.4	65.76	40.31	65.6	58.31	62.36	18.38	24.33	70.71	25.55	26.02	44.1	42.49	56.6	13.45	67.23	58.94	67.78	30.87	30.46	57.28	49.16	13.45	74.67	64.85	18.6	26.68	53.01	19.65	40.5	62.8	31.02	68.36	63.32	11.18	91.29	62.37	8.06	71.78	70.0	33.42	85.8	50.49	86.83	80.13	26.57	81.06	36.06	13.93	57.38	58.52	53.25	12.04	12.04	63.82	26.48	14.32	28.86	68.01	73.59	70.6	65.46	66.07	14.14	89.81	21.63	
42.72	51.08	71.01	52.0	63.29	51.08	5.0	35.85	31.62	4.12	0.0	53.23	55.33	6.0	22.56	36.35	58.9	46.87	33.11	76.3	32.65	73.55	55.66	49.0	61.39	48.17	45.89	25.81	72.67	81.63	18.25	43.83	58.87	26.25	89.64	40.02	26.93	68.96	53.25	49.65	67.54	53.76	8.06	78.77	63.78	28.23	37.85	75.93	56.65	51.0	56.6	71.59	75.8	57.28	41.34	75.47	46.23	30.02	46.53	94.64	38.01	15.0	41.11	15.52	22.14	73.38	38.63	51.79	45.49	47.85	9.43	21.21	26.93	35.36	53.6	56.29	21.95	38.64	70.86	34.41	56.09	65.8	57.01	52.48	55.33	48.08	66.29	69.87	36.4	42.43	30.41	25.71	30.41	56.65	51.88	25.5	38.21	20.81	64.12	15.23	21.4	46.1	46.52	29.83	30.23	69.58	44.18	67.36	59.03	62.63	18.25	23.0	74.55	24.7	30.0	47.01	43.57	59.54	10.0	67.98	59.14	71.17	28.46	33.84	59.55	48.66	17.2	78.11	68.96	20.52	30.41	54.67	21.93	43.42	64.54	30.15	72.25	66.94	12.73	93.61	66.1	11.4	75.29	71.7	37.2	88.24	54.33	89.4	83.19	30.68	83.6	39.56	9.85	59.4	62.64	56.08	11.4	13.34	65.44	25.02	11.4	32.56	71.57	75.66	72.35	68.96	67.94	16.64	92.42	25.55	
11.31	72.11	68.59	37.54	11.66	36.88	48.76	62.8	22.56	52.55	53.23	0.0	18.38	58.69	72.28	44.92	15.3	32.06	34.71	80.92	23.09	59.08	71.59	23.02	50.93	19.0	32.14	33.06	37.66	47.38	45.28	26.42	7.28	38.6	47.68	33.24	34.0	39.56	8.06	4.0	42.49	49.2	46.65	55.15	25.71	25.06	18.6	82.62	74.32	23.19	7.0	45.69	38.12	45.25	71.02	41.77	13.42	49.5	59.62	52.17	15.23	40.52	26.93	52.61	55.04	84.31	15.0	32.14	10.2	45.79	53.01	33.6	71.57	22.2	67.54	48.17	59.14	57.01	75.43	20.22	48.92	25.18	10.63	30.41	52.8	9.22	74.06	74.81	19.03	57.25	22.85	37.01	26.08	5.83	33.24	59.0	20.22	65.92	66.22	38.01	35.51	14.76	33.84	29.0	65.03	60.31	48.75	21.21	5.83	11.18	70.94	33.97	64.2	77.88	48.51	30.81	11.0	34.67	49.41	14.76	8.94	50.12	38.28	38.08	23.77	15.0	58.69	55.95	80.45	34.93	43.57	13.42	69.43	30.89	19.03	26.91	64.54	52.8	41.44	49.73	55.32	46.57	55.47	24.04	70.35	46.53	52.2	49.25	51.97	58.31	44.05	39.92	54.41	19.92	75.66	31.4	42.06	64.2	18.25	33.24	63.63	42.95	54.38	31.4	25.0	51.31	23.09	40.02	52.35	61.01	
17.49	85.48	85.8	54.67	27.02	53.91	50.36	74.09	31.38	56.04	55.33	18.38	0.0	61.29	77.01	58.31	33.53	17.49	47.51	97.58	33.54	77.18	85.98	8.49	68.41	7.28	18.03	42.72	55.79	65.31	53.37	42.43	15.0	33.11	64.01	21.93	44.38	57.94	26.4	20.25	60.84	65.76	47.52	73.54	43.97	29.43	18.11	99.04	88.51	7.21	25.0	64.08	55.9	62.63	82.28	59.91	29.83	60.93	73.78	68.12	23.71	46.39	16.64	59.68	63.79	100.12	20.62	15.52	25.5	61.62	51.92	34.13	78.41	20.02	82.1	65.19	67.27	69.77	91.93	30.41	65.86	43.17	9.0	48.01	69.3	12.04	90.03	91.24	30.53	70.83	29.12	32.31	36.25	14.14	50.61	68.15	33.6	72.25	82.73	41.0	43.42	31.24	50.21	39.81	74.46	78.01	63.6	38.21	20.1	15.52	73.55	32.56	82.1	79.43	60.01	47.42	24.76	52.84	48.51	24.74	13.04	68.43	31.76	51.11	42.15	7.28	65.49	74.32	96.05	41.98	55.46	31.78	75.06	46.69	36.5	25.18	82.2	70.72	46.1	65.28	73.01	52.24	73.79	40.0	80.65	63.0	68.59	66.03	70.09	68.95	61.2	54.41	53.16	38.28	90.8	49.4	44.1	68.07	35.23	30.81	63.79	55.47	72.56	48.04	41.0	69.46	40.31	46.69	69.01	69.86	
48.38	49.04	71.18	54.59	68.48	53.71	11.0	33.96	36.72	6.4	6.0	58.69	61.29	0.0	16.76	37.64	63.6	52.77	36.06	75.43	37.44	75.0	54.13	55.0	62.94	54.15	51.79	29.7	76.22	84.88	20.12	47.51	64.51	32.02	93.51	45.89	30.48	72.11	58.31	55.04	70.33	55.08	14.04	81.02	67.88	33.84	43.74	74.81	54.82	57.0	61.77	74.3	79.51	59.24	38.48	78.82	51.04	30.41	46.01	98.49	43.46	19.21	47.1	15.13	21.02	71.81	44.27	57.71	50.61	49.34	13.6	27.17	22.02	41.3	52.47	57.87	19.65	38.01	70.18	39.45	57.57	70.04	62.82	55.8	56.29	53.85	65.38	69.18	41.34	42.0	35.85	31.58	35.0	62.3	54.92	23.54	42.8	16.28	64.03	20.88	25.5	50.8	49.4	33.97	27.31	70.61	45.12	72.01	64.47	68.31	12.37	29.0	75.5	19.24	30.59	50.22	48.76	62.68	15.23	73.41	64.85	73.41	34.21	36.24	63.64	54.59	14.56	80.23	67.47	25.0	31.95	59.41	16.64	46.62	69.2	36.12	72.99	68.62	17.49	97.62	67.45	14.21	77.25	76.4	34.0	92.1	55.32	93.09	86.09	29.27	87.32	41.63	13.45	63.78	61.19	59.41	17.26	7.62	70.21	31.02	9.06	34.18	73.39	79.98	77.01	70.94	72.47	20.52	96.05	23.09	
62.8	42.05	69.26	60.11	80.99	59.4	27.46	29.12	49.73	21.02	22.56	72.28	77.01	16.76	0.0	41.11	74.69	69.43	43.83	70.46	49.65	76.54	48.26	71.18	65.19	70.01	68.45	40.31	83.63	91.22	28.18	56.3	78.64	48.76	101.53	62.59	40.25	78.49	70.58	68.41	75.74	57.14	30.59	84.63	77.1	48.37	59.08	69.18	48.04	73.17	74.33	79.4	87.32	62.8	30.0	85.59	62.77	32.65	43.66	106.4	57.27	31.78	63.51	20.59	21.93	65.0	58.69	74.33	63.25	52.2	29.97	43.05	9.06	57.0	47.85	60.46	17.8	36.25	65.92	52.2	59.91	79.61	77.65	63.25	57.31	68.59	60.67	64.94	53.76	40.31	49.82	48.27	46.82	76.49	61.62	21.1	54.23	8.6	61.68	36.01	37.0	62.24	55.97	44.78	20.62	71.11	46.87	82.76	77.88	82.57	8.94	45.28	75.64	14.04	33.3	57.63	61.68	69.35	31.95	86.68	79.25	77.2	50.96	42.64	72.95	70.06	15.0	83.49	61.03	37.36	36.8	70.68	4.47	54.2	80.06	52.04	72.62	71.02	31.26	106.04	68.96	25.71	80.16	87.24	25.0	100.12	56.44	100.57	91.44	26.83	95.02	46.67	29.53	73.93	55.15	66.71	33.06	9.22	81.39	47.38	20.52	38.9	76.01	89.59	87.71	74.06	82.86	32.28	103.32	19.24	
40.82	27.31	35.51	19.21	49.09	18.6	36.0	19.24	27.66	32.56	36.35	44.92	58.31	37.64	41.11	0.0	40.05	60.88	10.82	43.38	25.0	37.36	27.8	56.85	25.3	53.6	60.21	18.03	43.27	50.25	18.11	20.0	52.2	48.33	61.29	56.4	15.81	37.64	39.46	41.11	34.66	17.46	37.12	43.91	38.9	32.65	42.52	43.91	30.23	58.41	43.42	38.29	47.17	21.95	27.02	44.82	31.78	8.49	15.62	66.03	34.67	24.33	53.08	22.85	19.21	43.42	38.01	64.35	34.79	11.7	44.0	36.67	35.61	43.14	24.08	20.25	23.35	12.17	37.58	28.02	19.92	41.76	54.23	23.77	19.03	46.53	34.13	36.67	27.78	12.53	31.11	46.52	22.67	50.6	21.47	20.62	25.08	32.56	29.41	31.32	20.62	30.59	16.16	19.1	24.6	33.24	8.06	46.69	49.03	56.04	45.28	40.25	38.21	53.0	7.81	18.68	34.54	28.84	42.11	56.32	53.76	36.36	50.09	7.21	35.17	51.31	26.63	42.94	39.05	22.85	6.0	37.01	36.8	16.12	44.41	41.4	36.01	31.02	27.29	66.04	29.83	25.08	39.81	50.99	27.66	59.91	18.03	60.0	50.33	16.55	54.64	6.32	45.01	37.48	33.24	26.83	33.54	37.59	46.27	42.06	46.57	4.12	35.85	51.26	51.2	33.54	46.1	22.36	62.63	22.8	
23.54	65.62	56.61	26.93	10.3	26.57	55.17	59.21	27.59	57.2	58.9	15.3	33.53	63.6	74.69	40.05	0.0	47.01	32.02	69.64	26.25	45.34	63.79	38.21	38.83	34.13	47.0	34.48	22.36	32.14	46.52	20.1	19.72	50.16	33.84	47.38	34.44	24.6	8.06	15.03	28.02	39.0	53.76	40.25	10.44	33.02	31.05	71.69	66.71	38.47	8.54	30.89	23.0	33.62	67.07	26.48	12.73	46.69	52.61	38.63	23.71	44.41	41.19	54.13	54.71	74.25	25.63	47.38	14.76	37.11	60.96	42.44	72.11	34.48	59.67	37.12	59.14	52.0	64.5	24.76	38.01	10.0	25.08	19.31	42.54	24.02	63.98	64.01	22.63	51.16	30.0	48.33	28.6	19.7	22.47	57.97	20.81	67.23	55.47	44.55	38.28	12.81	25.32	30.02	63.35	47.51	41.44	8.49	14.42	22.02	75.17	43.91	50.91	82.66	45.71	22.2	17.0	21.26	57.49	17.89	21.95	35.81	50.33	34.53	9.22	30.15	60.01	41.18	70.77	38.6	40.79	4.24	71.18	24.0	5.66	38.08	51.74	39.62	46.23	36.67	42.64	49.93	41.05	12.81	67.48	32.57	42.15	34.93	36.67	55.73	29.43	34.0	62.37	5.0	66.73	18.87	48.8	67.74	6.71	43.83	70.09	39.46	40.46	17.89	13.45	37.54	9.43	43.27	38.08	60.17	
24.74	86.56	92.78	62.65	42.76	61.74	41.98	73.24	33.6	48.76	46.87	32.06	17.49	52.77	69.43	60.88	47.01	0.0	50.45	103.23	36.62	86.73	88.39	9.49	76.49	13.15	1.0	43.14	69.18	79.1	50.77	49.66	31.32	21.02	79.63	7.0	45.25	70.04	39.05	32.06	72.03	72.2	38.83	85.15	57.14	28.28	19.24	104.2	90.55	10.3	39.05	75.71	70.01	70.68	80.99	73.25	39.29	61.07	76.38	84.01	28.64	42.54	7.81	55.46	60.9	104.24	25.08	5.0	34.93	67.12	41.01	27.73	72.73	17.8	84.86	72.47	63.51	70.84	97.42	34.13	72.95	57.01	25.63	57.25	75.47	23.0	94.64	96.61	35.36	72.84	29.83	21.21	38.42	29.83	59.24	65.37	39.36	66.41	88.48	35.34	42.01	40.52	57.25	41.87	71.59	86.33	67.62	53.24	35.69	32.7	64.28	24.7	90.87	69.0	60.31	55.04	33.24	63.32	38.12	41.79	29.73	79.12	19.0	53.91	54.45	17.12	60.54	85.62	99.9	40.0	56.59	44.18	68.41	53.24	51.09	20.0	90.34	79.85	41.15	81.39	81.44	47.42	84.48	55.73	78.39	78.52	74.63	81.3	83.38	67.68	76.11	58.6	42.0	51.16	94.11	59.48	37.0	60.21	50.25	22.47	53.0	57.28	82.54	63.39	56.72	79.38	55.15	43.57	84.38	66.65	
30.02	38.01	43.66	18.97	40.11	18.03	31.32	28.16	16.97	30.02	33.11	34.71	47.51	36.06	43.83	10.82	32.02	50.45	0.0	53.0	14.21	42.01	38.6	46.1	30.02	42.8	49.82	9.06	40.36	48.83	16.28	12.53	41.98	39.56	58.0	46.32	7.0	36.06	30.0	30.81	34.44	23.54	31.58	45.88	33.29	22.47	31.83	53.82	41.05	47.63	34.0	38.48	43.84	25.08	36.35	42.8	22.02	15.0	26.4	62.94	23.85	18.68	42.64	23.43	22.85	53.81	27.2	53.76	24.52	17.72	39.05	27.89	40.31	32.65	34.83	25.08	27.31	22.47	47.17	17.2	25.18	35.85	43.66	19.85	26.25	35.78	44.2	46.32	17.0	23.32	20.62	37.64	12.04	40.26	18.87	25.96	14.56	35.85	38.47	24.0	13.04	21.0	13.42	8.6	31.4	39.32	17.2	39.56	39.2	45.89	45.97	31.32	44.28	53.76	14.0	14.21	24.04	26.63	36.5	47.0	43.42	38.33	41.11	3.61	29.15	40.5	28.84	45.35	49.52	15.0	9.0	28.44	39.96	10.63	37.0	31.38	42.76	35.06	21.59	62.37	35.06	21.95	42.76	44.01	36.0	56.59	25.3	57.31	50.12	24.02	51.62	8.54	40.26	30.46	43.86	23.43	27.17	38.18	38.6	32.89	44.29	8.25	39.32	45.79	44.38	36.5	39.4	16.76	60.21	28.16	
80.72	28.64	13.6	43.42	79.92	44.05	77.37	42.0	69.63	72.18	76.3	80.92	97.58	75.43	70.46	43.38	69.64	103.23	53.0	0.0	66.61	29.15	22.2	97.95	30.89	94.26	102.65	61.29	57.01	56.22	59.48	55.15	87.62	91.71	70.18	99.32	59.06	50.29	73.41	77.9	45.22	31.83	79.12	41.01	62.17	75.47	84.2	3.16	22.8	99.25	76.61	45.12	60.64	36.06	40.79	55.11	67.94	46.84	29.83	73.01	75.29	67.07	95.44	60.83	54.45	9.43	78.87	106.21	72.14	36.24	85.15	80.06	61.66	85.45	23.02	32.8	56.08	37.66	5.83	69.2	32.02	64.88	91.44	50.8	28.28	85.56	10.05	6.71	68.25	33.96	73.5	89.9	64.9	86.68	47.8	52.09	64.54	63.07	14.87	74.46	63.98	66.53	47.38	61.59	50.09	23.77	35.85	72.01	83.01	90.8	78.1	83.63	23.02	84.48	47.13	50.25	72.84	48.76	83.93	87.46	89.64	38.83	93.47	49.74	60.9	91.29	61.13	39.01	10.82	66.21	48.85	68.82	66.27	50.93	71.12	84.38	20.22	31.62	69.89	75.11	27.86	66.22	36.12	74.85	45.71	69.26	29.0	67.07	52.01	46.17	64.5	44.65	85.91	65.0	15.52	50.77	76.22	72.01	73.36	85.42	84.29	47.42	33.54	70.21	74.46	35.17	70.26	65.19	68.0	53.01	
16.16	51.97	56.36	27.46	31.38	26.48	29.0	40.8	3.16	31.06	32.65	23.09	33.54	37.44	49.65	25.0	26.25	36.62	14.21	66.61	0.0	51.97	52.8	31.89	40.8	28.6	36.06	10.0	42.15	51.87	22.2	15.0	30.0	29.0	57.98	33.11	11.18	40.02	21.02	19.1	40.2	35.78	27.8	53.04	31.91	10.05	17.69	67.62	55.22	33.42	24.7	44.28	44.72	35.17	49.04	45.54	13.6	27.51	40.61	62.97	9.85	18.36	28.84	29.61	32.0	67.9	13.04	39.7	13.6	30.53	35.23	18.44	48.51	18.87	49.04	36.4	36.06	36.24	60.8	3.16	36.77	33.6	30.59	24.08	38.95	22.14	58.14	60.0	4.12	37.44	7.28	27.0	3.0	28.02	25.02	36.06	5.83	42.95	51.87	18.6	12.65	13.45	21.59	6.32	42.19	50.6	31.14	34.71	28.44	34.0	49.24	21.1	55.36	56.6	26.57	20.1	12.17	31.26	31.91	37.11	31.06	46.01	30.07	17.8	27.78	26.42	35.69	53.0	63.64	12.53	21.93	22.02	46.57	17.46	31.89	18.68	54.42	44.91	20.0	61.61	45.88	24.17	51.09	39.05	47.85	56.6	38.08	58.18	54.57	35.9	52.35	22.02	36.62	27.02	58.05	27.29	22.8	42.05	32.8	22.0	43.86	21.95	48.37	43.28	39.7	45.28	35.36	17.46	61.29	38.01	
62.24	43.01	16.03	24.52	55.15	25.5	72.69	48.6	55.11	69.86	73.55	59.08	77.18	75.0	76.54	37.36	45.34	86.73	42.01	29.15	51.97	0.0	37.22	79.62	12.17	75.58	86.38	51.0	28.64	27.07	55.32	37.36	64.82	80.62	41.05	84.48	49.01	22.47	51.04	56.94	17.8	19.92	73.33	12.17	36.12	61.98	67.68	32.06	39.82	80.5	53.41	16.55	31.95	17.03	52.33	26.25	47.85	44.94	34.06	44.05	58.19	60.3	79.38	60.08	55.54	37.05	61.68	88.64	52.33	25.71	80.62	69.26	69.34	69.92	34.41	17.26	59.03	40.5	26.08	53.6	17.46	38.42	69.63	29.55	19.24	65.76	28.86	26.17	51.92	36.62	59.23	78.64	51.48	64.4	27.51	55.47	47.8	68.0	20.62	66.01	55.04	46.52	30.41	49.16	56.86	6.71	30.08	45.61	59.67	67.36	81.94	72.44	6.32	89.47	44.6	32.02	53.71	24.41	78.31	62.29	67.01	10.3	81.88	40.2	36.12	72.01	63.16	10.2	35.51	57.01	43.17	45.8	72.07	34.53	45.34	70.61	9.0	7.07	63.29	46.01	7.62	62.17	7.0	47.71	55.97	40.11	20.12	38.0	23.09	49.74	35.36	34.23	81.74	40.36	35.11	27.78	69.12	74.46	47.51	73.68	83.93	41.0	5.0	42.05	47.17	7.81	43.6	58.31	39.12	57.31	
68.51	6.71	24.08	37.34	73.76	37.48	57.38	20.22	55.44	51.55	55.66	71.59	85.98	54.13	48.26	27.8	63.79	88.39	38.6	22.2	52.8	37.22	0.0	84.65	30.81	81.4	87.68	45.25	58.42	61.4	40.31	45.31	78.79	74.06	74.95	83.55	43.14	51.48	65.19	67.98	46.69	26.0	59.51	48.75	59.21	60.11	70.29	21.0	3.0	86.21	68.95	48.51	62.51	33.06	18.68	58.05	58.18	28.02	12.21	78.85	62.43	48.55	80.62	40.16	33.53	17.72	65.8	92.02	61.72	26.68	64.85	62.8	39.46	70.77	4.12	29.07	34.53	18.03	18.03	55.8	28.07	62.2	81.41	44.72	23.09	74.09	12.65	17.09	55.47	15.56	58.8	72.42	50.45	77.39	41.59	30.59	52.48	41.0	17.03	56.3	46.86	56.86	38.6	46.86	28.0	30.53	22.85	68.59	75.03	82.46	56.01	66.4	33.42	62.29	28.6	41.76	61.77	46.01	64.08	81.32	80.53	43.32	76.03	35.0	56.57	79.06	39.62	46.96	13.34	49.04	31.83	61.68	44.1	40.85	66.91	68.62	29.83	35.11	51.11	80.05	31.38	46.52	43.38	72.34	23.54	73.76	23.02	72.53	58.87	25.0	68.45	31.76	65.46	60.02	7.07	46.27	57.31	50.16	69.05	68.41	62.8	31.14	39.4	70.01	72.25	39.22	67.36	46.87	74.33	31.26	
17.49	83.49	86.84	56.08	33.38	55.23	44.0	71.12	29.21	50.16	49.0	23.02	8.49	55.0	71.18	56.85	38.21	9.49	46.1	97.95	31.89	79.62	84.65	0.0	69.97	4.12	9.85	39.96	60.53	70.35	49.4	43.27	21.84	25.3	70.35	13.45	41.88	61.85	30.41	23.54	64.2	66.4	41.01	77.2	48.51	25.5	14.42	99.16	87.01	2.0	30.02	67.72	61.13	64.14	79.16	64.63	31.78	58.31	72.47	74.67	22.67	41.76	8.54	55.08	59.81	99.7	19.1	9.22	27.31	61.72	44.72	28.16	73.35	14.87	80.92	66.29	62.94	67.68	92.2	29.0	66.85	48.17	16.16	50.09	69.81	14.32	89.83	91.44	29.73	69.2	26.08	24.74	34.21	20.4	52.35	64.26	33.42	67.08	83.1	35.51	39.81	33.11	51.04	37.8	70.58	79.76	62.94	44.05	26.31	23.26	67.07	26.0	84.12	72.56	57.45	48.55	25.94	55.71	41.44	32.31	20.25	71.51	23.77	49.68	46.1	8.06	60.64	77.79	95.48	38.08	53.25	35.69	69.58	47.2	42.0	19.24	83.86	72.9	41.0	72.01	74.79	47.3	76.9	46.39	77.08	69.26	69.03	72.11	74.81	65.74	67.01	53.74	45.89	42.58	89.94	52.0	38.12	62.07	41.05	24.02	56.72	53.6	75.24	54.15	47.38	72.09	46.01	42.38	75.17	65.79	
52.48	35.47	17.8	13.89	49.09	14.76	60.53	38.18	43.97	57.72	61.39	50.93	68.41	62.94	65.19	25.3	38.83	76.49	30.02	30.89	40.8	12.17	30.81	69.97	0.0	66.04	76.06	39.05	28.0	30.68	43.17	26.83	57.31	69.05	44.15	73.74	37.01	21.0	43.14	48.27	16.03	8.06	61.2	19.8	31.38	50.7	57.27	33.11	33.73	71.02	46.1	17.72	32.02	5.83	43.01	27.29	38.6	33.11	24.41	48.08	47.85	48.17	68.94	48.1	43.83	36.4	51.43	78.77	43.01	13.6	68.47	57.56	58.41	59.24	27.2	5.1	47.51	29.73	26.0	42.72	5.39	34.18	61.55	20.52	8.6	56.61	26.48	25.63	41.23	26.17	48.08	67.08	40.02	56.57	17.8	44.1	37.16	56.6	17.46	54.01	43.0	37.2	19.31	37.48	46.1	9.85	18.36	41.23	52.5	60.31	70.21	60.83	14.56	77.83	32.7	21.47	44.1	17.89	66.19	56.6	59.41	13.04	70.41	28.07	30.02	62.68	51.43	18.44	33.54	45.01	31.05	38.29	60.75	23.41	40.25	59.48	13.89	5.83	51.16	49.24	5.1	50.01	15.0	44.27	46.1	42.95	9.22	41.76	28.65	38.6	37.66	22.09	69.58	34.13	31.0	20.0	57.04	62.65	42.49	62.17	71.84	28.86	10.82	40.45	43.97	9.22	39.56	46.17	43.66	46.04	
13.6	80.45	83.01	52.15	29.61	51.31	43.19	68.45	26.08	49.0	48.17	19.0	7.28	54.15	70.01	53.6	34.13	13.15	42.8	94.26	28.6	75.58	81.4	4.12	66.04	0.0	13.34	37.12	56.44	66.27	47.13	39.41	18.38	25.94	66.48	15.81	38.95	57.72	26.31	19.42	60.08	62.63	40.31	73.08	44.41	23.09	11.7	95.52	83.82	5.0	26.0	63.6	57.08	60.21	76.56	60.53	27.73	55.47	69.2	70.86	19.1	39.81	9.9	53.15	57.57	96.21	15.62	13.34	23.26	58.05	44.64	27.02	71.7	13.04	77.62	62.43	60.88	64.66	88.53	25.61	63.01	44.1	13.04	46.07	66.07	10.2	86.27	87.78	26.17	66.03	23.26	25.08	31.06	16.76	48.37	61.98	29.73	65.49	79.4	34.06	37.34	29.07	47.2	34.67	68.31	75.8	59.46	40.11	22.56	20.25	66.37	25.32	80.13	72.18	54.59	44.65	21.95	51.62	41.23	29.07	17.0	67.42	24.7	46.4	41.98	4.0	58.86	73.68	92.02	35.74	50.25	31.58	68.18	43.42	38.01	18.03	79.92	68.88	39.32	68.25	70.83	45.54	72.8	42.58	74.67	65.38	65.3	68.18	70.71	63.16	63.03	50.25	45.88	38.47	86.56	47.93	37.01	61.01	37.12	23.54	56.52	50.48	71.18	50.25	43.57	68.03	42.05	40.26	71.25	63.6	
24.52	85.8	92.28	62.24	42.95	61.33	41.0	72.42	33.02	47.8	45.89	32.14	18.03	51.79	68.45	60.21	47.0	1.0	49.82	102.65	36.06	86.38	87.68	9.85	76.06	13.34	0.0	42.43	69.12	79.06	49.93	49.24	31.62	20.02	79.76	6.0	44.55	69.87	39.01	32.02	71.81	71.69	37.85	84.93	57.08	27.59	18.79	103.6	89.83	10.82	39.12	75.5	70.0	70.26	80.16	73.17	39.05	60.31	75.69	84.17	28.23	41.68	7.21	54.56	60.03	103.59	24.7	6.0	34.71	66.57	40.01	26.83	71.78	17.2	84.17	72.01	62.61	70.09	96.83	33.62	72.47	57.0	26.0	56.92	74.95	23.02	94.02	96.02	34.89	72.12	29.21	20.22	37.8	30.08	58.87	64.5	38.91	65.46	87.92	34.44	41.23	40.26	56.8	41.23	70.71	85.91	67.01	53.34	35.9	33.11	63.29	23.77	90.47	68.0	59.55	54.63	32.98	63.06	37.12	42.15	30.08	78.85	18.0	53.26	54.33	17.26	59.62	85.38	99.25	39.2	55.87	44.1	67.45	52.77	51.16	19.21	89.9	79.48	40.25	81.58	81.02	46.52	84.2	55.9	77.52	78.64	74.09	81.39	83.29	66.85	76.16	58.01	41.0	51.09	93.43	59.2	36.06	59.23	50.36	21.54	52.0	56.59	82.22	63.51	56.89	79.06	55.23	42.72	84.48	65.76	
25.71	43.6	52.5	27.46	40.8	26.48	23.26	31.38	11.4	23.35	25.81	33.06	42.72	29.7	40.31	18.03	34.48	43.14	9.06	61.29	10.0	51.0	45.25	39.96	39.05	37.12	42.43	0.0	46.87	55.95	12.37	18.03	40.0	30.68	63.89	38.42	2.24	43.38	30.36	29.07	42.38	32.56	23.09	54.34	38.18	14.87	25.55	61.91	47.42	41.68	34.21	46.49	50.0	34.01	39.56	49.74	22.47	18.36	33.3	68.88	19.42	10.82	35.38	19.92	22.0	61.4	22.14	46.86	23.35	26.68	30.68	18.97	38.64	25.61	41.77	34.13	26.08	27.8	55.47	13.04	34.23	40.36	40.45	26.83	35.17	31.78	52.15	54.59	14.04	29.7	13.89	28.79	7.0	38.01	26.57	26.08	13.93	33.24	47.01	15.03	4.47	21.93	21.59	4.47	32.25	48.37	25.5	42.72	38.33	44.0	40.8	22.47	53.34	48.41	17.49	21.54	22.09	34.01	27.89	46.87	41.05	46.87	32.31	11.7	33.94	35.47	25.96	53.94	57.01	6.08	13.45	30.41	37.0	18.03	39.96	23.43	51.79	44.01	13.42	67.94	44.1	15.62	51.48	47.17	38.08	62.48	34.21	63.6	57.78	26.25	57.8	17.46	31.95	34.21	51.09	30.41	18.44	33.29	41.18	24.17	37.2	14.21	48.17	50.33	47.71	45.28	43.01	9.22	66.61	28.02	
45.01	62.37	43.42	24.19	29.97	24.7	69.97	61.27	44.6	70.0	72.67	37.66	55.79	76.22	83.63	43.27	22.36	69.18	40.36	57.01	42.15	28.64	58.42	60.53	28.0	56.44	69.12	46.87	0.0	10.05	56.64	28.84	41.44	69.86	18.03	69.03	45.8	7.0	30.15	37.12	12.04	32.76	69.35	19.8	12.04	51.24	52.15	59.67	61.4	60.83	30.81	12.08	4.12	25.5	67.78	4.12	31.4	51.61	50.0	22.8	43.57	57.69	63.0	63.64	61.85	63.79	46.27	69.72	35.13	34.54	76.94	60.41	78.82	55.33	54.59	29.43	66.22	52.8	52.95	42.06	30.41	12.65	47.13	20.52	35.36	46.27	54.23	52.77	39.85	50.33	48.08	67.91	43.38	41.76	22.02	63.82	36.4	75.29	45.18	60.37	51.31	30.59	27.66	43.05	67.74	33.24	40.31	18.87	36.06	42.95	86.31	62.64	34.93	94.11	50.8	26.17	37.22	14.42	73.79	36.06	43.66	18.38	70.41	41.04	15.13	52.47	68.68	21.26	61.29	52.48	46.86	25.02	79.51	29.73	19.7	58.05	37.0	25.5	60.21	22.83	29.43	62.01	22.47	19.8	69.78	16.64	35.51	16.97	14.32	59.68	11.4	37.2	78.29	18.03	59.0	16.97	64.41	78.52	21.47	63.06	84.05	44.82	23.77	13.42	19.1	21.84	16.64	56.04	19.85	66.03	
55.04	66.13	43.01	31.11	38.9	31.83	79.18	67.12	54.41	78.77	81.63	47.38	65.31	84.88	91.22	50.25	32.14	79.1	48.83	56.22	51.87	27.07	61.4	70.35	30.68	66.27	79.06	55.95	10.05	0.0	65.0	38.01	50.7	79.83	14.0	79.06	54.71	12.81	40.05	47.04	15.81	37.12	78.72	15.52	22.0	61.13	62.2	59.14	64.29	70.58	40.45	13.0	9.49	30.02	72.95	6.32	41.44	58.73	54.56	17.46	53.6	66.73	73.01	71.7	69.3	64.0	56.32	79.51	45.18	40.22	86.33	70.21	85.8	65.38	57.87	33.54	73.55	58.52	53.0	51.92	34.44	22.2	56.52	29.15	39.0	56.14	55.23	53.01	49.73	55.57	57.97	77.88	52.92	51.2	30.0	70.84	46.17	82.73	46.39	69.86	60.42	40.61	35.61	52.33	74.2	33.02	46.04	27.51	45.35	51.87	94.49	72.53	33.24	102.3	58.0	34.67	47.27	22.2	83.26	44.28	52.89	18.25	80.41	49.04	25.18	62.29	76.42	17.46	62.13	61.72	54.49	35.0	86.98	38.28	28.86	68.07	36.06	26.48	69.35	19.03	30.41	70.72	20.1	27.29	75.47	13.04	39.4	11.18	5.66	66.22	8.54	44.55	87.66	28.0	60.83	25.55	73.82	86.68	30.36	73.01	92.96	52.35	23.02	19.42	26.42	22.36	25.3	65.0	13.0	73.0	
37.12	37.01	53.15	34.48	53.16	33.62	18.11	22.67	23.0	14.56	18.25	45.28	53.37	20.12	28.18	18.11	46.52	50.77	16.28	59.48	22.2	55.32	40.31	49.4	43.17	47.13	49.93	12.37	56.64	65.0	0.0	28.43	52.09	34.06	74.25	45.0	12.08	52.2	42.72	41.3	50.25	35.51	19.65	60.93	49.2	24.04	35.44	59.46	41.88	51.26	46.57	54.2	60.11	39.22	30.23	59.03	34.79	12.65	29.73	79.2	31.02	8.49	43.42	7.62	10.44	57.7	33.24	55.07	35.69	29.61	26.08	23.43	26.31	34.54	37.58	38.08	14.04	22.36	53.85	25.08	37.85	51.61	52.09	36.12	37.12	43.19	49.65	52.89	26.31	25.63	24.33	32.56	19.24	50.04	35.0	14.87	26.25	20.88	46.53	16.28	10.05	34.18	29.41	16.76	21.19	51.35	26.02	54.59	50.64	56.08	29.7	26.91	56.32	37.48	12.37	30.48	34.37	42.8	24.52	59.23	53.01	53.31	36.12	16.12	45.0	46.1	13.6	60.17	53.23	11.4	12.17	42.54	24.7	26.91	51.88	30.89	54.08	48.76	10.82	78.57	47.85	7.0	57.25	59.06	27.73	72.84	36.12	73.59	66.04	17.03	67.9	21.54	27.02	45.79	46.96	39.7	17.0	21.93	53.23	29.07	28.79	14.32	53.45	61.61	59.54	50.92	54.71	7.21	76.49	16.49	
25.81	46.32	43.6	13.0	29.15	12.08	41.18	39.12	18.03	41.23	43.83	26.42	42.43	47.51	56.3	20.0	20.1	49.66	12.53	55.15	15.0	37.36	45.31	43.27	26.83	39.41	49.24	18.03	28.84	38.01	28.43	0.0	33.54	44.0	46.01	47.13	17.03	25.63	19.92	23.02	25.32	23.35	40.72	38.05	20.81	25.02	30.46	56.64	48.1	44.41	23.77	29.43	32.02	21.02	47.01	31.76	13.04	26.68	33.53	50.99	21.02	28.84	42.15	35.81	35.34	58.01	24.6	51.97	17.03	19.42	48.33	33.24	52.8	32.57	41.23	23.02	39.81	32.06	49.52	16.28	23.6	23.32	36.62	9.22	26.87	30.41	47.8	48.84	14.56	31.58	22.09	42.0	15.3	32.25	10.05	38.28	10.44	48.37	40.31	31.95	22.47	11.66	7.81	14.32	43.42	36.67	22.47	27.2	29.73	37.16	58.05	36.06	41.23	65.8	25.71	5.39	17.69	16.49	45.31	36.5	35.36	31.02	45.04	14.56	16.64	36.24	41.34	38.0	54.08	23.71	20.88	17.03	52.48	4.47	24.74	33.38	40.71	30.36	31.38	50.21	31.78	33.3	36.12	31.62	47.38	44.6	26.17	45.61	40.16	35.69	39.82	14.14	49.66	18.03	49.24	12.65	35.85	50.33	26.48	37.0	55.22	19.42	33.54	33.29	31.95	30.41	26.93	27.2	48.6	40.5	
16.16	79.38	75.07	44.2	12.04	43.6	54.23	70.04	29.15	58.52	58.87	7.28	15.0	64.51	78.64	52.2	19.72	31.32	41.98	87.62	30.0	64.82	78.79	21.84	57.31	18.38	31.62	40.0	41.44	50.7	52.09	33.54	0.0	41.73	49.01	34.0	41.05	44.29	14.21	11.18	47.71	56.04	51.89	59.94	29.97	30.68	22.2	89.4	81.54	21.38	11.4	50.61	41.23	51.74	78.26	45.54	20.62	56.72	66.85	53.15	21.38	46.87	27.78	59.3	62.0	91.27	20.25	30.27	17.46	52.84	57.8	38.47	78.31	25.61	74.73	54.82	66.03	64.29	82.2	27.02	55.61	28.79	6.0	36.88	59.64	11.4	80.99	81.61	26.02	64.51	28.86	40.36	33.0	2.24	39.82	66.03	27.46	72.56	73.01	43.66	42.19	21.93	40.82	36.06	72.11	66.48	55.95	23.35	5.39	4.0	76.84	38.28	70.18	83.57	55.73	37.74	18.11	40.46	54.2	10.82	2.24	55.47	41.04	45.35	28.84	14.76	65.38	60.9	87.46	41.44	50.8	19.1	75.95	38.01	21.84	30.81	70.72	58.8	47.54	50.36	61.52	52.95	60.75	25.0	77.52	48.0	59.08	51.04	55.66	65.49	46.27	47.17	59.17	24.7	82.76	37.48	47.54	70.34	20.4	37.2	68.88	50.22	60.0	33.06	26.0	57.01	25.5	46.53	54.01	68.01	
27.46	71.06	83.17	56.22	50.22	55.23	21.54	56.59	26.02	28.64	26.25	38.6	33.11	32.02	48.76	48.33	50.16	21.02	39.56	91.71	29.0	80.62	74.06	25.3	69.05	25.94	20.02	30.68	69.86	79.83	34.06	44.0	41.73	0.0	83.93	14.04	32.89	68.59	42.49	36.36	69.12	63.06	18.38	82.02	58.52	19.03	20.0	92.13	75.8	27.2	44.42	73.17	71.84	63.64	63.7	73.55	38.6	46.04	62.77	88.77	26.57	25.61	16.76	37.01	43.19	91.07	24.6	26.02	35.47	57.28	20.0	11.7	52.8	16.4	71.02	64.33	45.0	56.04	85.91	28.16	64.54	59.46	37.8	53.04	65.8	30.41	82.3	85.0	30.27	58.83	22.09	2.0	29.15	39.6	54.01	47.51	34.13	46.52	77.62	17.8	27.73	39.29	50.25	31.58	53.41	78.64	56.08	58.14	44.05	44.69	43.29	8.25	83.55	48.01	45.49	49.04	33.24	60.13	17.12	52.35	41.11	75.01	2.24	42.38	54.82	28.02	41.34	82.0	86.61	25.5	42.94	46.24	48.1	46.17	55.46	12.08	82.23	73.55	23.35	86.82	74.15	29.07	80.06	61.77	60.44	82.64	64.85	84.76	83.02	50.93	79.06	48.08	21.02	52.81	80.45	56.14	17.8	39.56	55.47	7.0	32.02	44.28	77.23	68.03	62.65	74.17	59.51	27.2	87.92	48.41	
57.28	79.4	57.01	42.19	37.05	42.72	86.61	79.18	60.03	87.21	89.64	47.68	64.01	93.51	101.53	61.29	33.84	79.63	58.0	70.18	57.98	41.05	74.95	70.35	44.15	66.48	79.76	63.89	18.03	14.0	74.25	46.01	49.01	83.93	0.0	80.81	63.03	24.17	41.76	48.51	28.46	49.98	85.7	29.27	26.08	66.19	64.85	73.11	77.88	70.18	40.79	26.48	14.21	42.72	85.49	17.09	45.62	69.63	67.42	5.0	57.38	74.65	74.53	81.39	79.81	78.0	59.46	79.16	48.47	52.33	93.19	75.59	96.83	68.31	71.31	46.49	84.2	70.66	67.0	57.31	47.43	24.6	55.01	38.29	52.2	56.89	69.18	67.01	55.07	68.03	63.06	82.08	59.64	50.09	40.0	81.84	52.15	93.24	60.3	76.55	68.25	45.18	45.61	59.82	85.76	47.01	58.14	26.48	44.1	49.09	103.95	77.39	47.17	111.72	68.82	43.93	50.7	32.45	89.89	40.31	51.0	32.14	84.15	58.9	30.23	62.51	86.56	31.26	76.11	69.2	64.82	37.7	97.45	47.42	28.86	71.87	50.04	40.31	77.01	5.1	44.28	79.31	34.06	24.02	87.66	1.41	52.5	3.61	18.44	77.7	6.71	55.22	94.58	31.3	74.67	34.83	80.71	96.18	29.43	77.47	101.04	62.8	37.01	16.28	23.02	36.22	24.74	73.11	5.39	84.05	
24.02	81.34	89.44	60.08	44.6	59.14	35.17	67.62	29.97	42.06	40.02	33.24	21.93	45.89	62.59	56.4	47.38	7.0	46.32	99.32	33.11	84.48	83.55	13.45	73.74	15.81	6.0	38.42	69.03	79.06	45.0	47.13	34.0	14.04	80.81	0.0	40.61	69.18	39.32	32.39	70.71	68.88	32.02	83.86	57.08	23.85	17.12	100.12	85.59	15.0	40.02	74.55	70.26	68.01	75.21	73.01	38.12	55.87	71.7	85.38	26.48	36.62	6.32	49.24	54.92	99.81	23.19	12.0	34.01	63.53	34.01	21.63	66.13	14.56	80.16	69.46	57.31	65.76	93.49	31.02	69.86	57.31	28.84	55.32	72.01	24.04	90.44	92.65	32.57	68.01	25.94	14.32	34.48	32.2	57.01	59.36	36.69	59.81	84.72	29.15	36.77	39.2	54.42	37.74	65.51	83.57	63.51	54.34	37.7	36.06	57.31	18.36	88.26	62.0	55.15	52.5	32.06	61.81	31.14	44.78	32.76	77.47	12.0	49.65	54.0	19.24	54.13	84.17	95.43	34.66	51.74	44.1	61.68	50.33	51.97	15.0	87.46	77.49	34.99	82.97	78.77	41.18	82.76	57.28	72.4	79.62	71.12	82.2	83.01	62.01	76.79	54.71	35.0	51.09	89.5	57.87	30.46	53.37	51.42	16.12	46.0	52.63	80.52	64.54	58.24	77.37	56.09	37.8	85.33	60.54	
27.2	41.62	50.29	25.71	41.23	24.74	24.7	29.73	13.0	24.21	26.93	34.0	44.38	30.48	40.25	15.81	34.44	45.25	7.0	59.06	11.18	49.01	43.14	41.88	37.01	38.95	44.55	2.24	45.8	54.71	12.08	17.03	41.05	32.89	63.03	40.61	0.0	42.06	30.81	30.0	40.85	30.41	24.74	52.63	37.54	16.97	27.46	59.68	45.34	43.57	34.71	44.94	49.04	32.06	37.95	48.55	22.8	16.55	31.14	68.01	20.88	12.08	37.48	19.7	21.1	59.2	23.77	48.92	24.08	24.52	32.28	21.19	38.08	27.66	39.62	32.06	25.32	25.81	53.24	14.32	32.14	39.82	41.77	25.55	32.98	33.24	49.93	52.35	15.03	27.59	15.81	31.02	8.25	39.12	25.08	25.0	14.32	32.89	44.78	17.0	6.08	22.14	19.92	5.0	31.06	46.27	23.26	42.54	39.12	45.04	41.23	24.7	51.24	48.92	15.65	20.12	23.0	32.65	29.61	47.52	42.19	45.12	34.54	9.49	33.3	37.16	25.63	52.17	54.82	8.0	11.4	30.46	36.77	16.55	39.82	25.61	49.65	42.05	14.87	67.18	42.05	16.28	49.65	47.01	36.67	61.62	32.02	62.63	56.36	24.74	56.85	15.3	33.53	33.84	48.92	29.15	20.22	33.6	41.15	26.4	38.28	12.04	46.27	49.82	47.51	43.42	42.72	10.3	65.6	27.02	
45.4	55.54	36.69	18.44	33.6	19.1	66.64	55.07	42.76	66.04	68.96	39.56	57.94	72.11	78.49	37.64	24.6	70.04	36.06	50.29	40.02	22.47	51.48	61.85	21.0	57.72	69.87	43.38	7.0	12.81	52.2	25.63	44.29	68.59	24.17	69.18	42.06	0.0	31.62	38.33	5.1	25.96	66.31	15.65	14.42	49.65	52.09	52.89	54.45	62.36	33.11	6.4	11.05	18.68	61.33	7.21	31.06	46.1	43.32	28.65	43.0	54.12	63.39	58.9	56.59	56.89	46.04	71.06	35.23	28.18	73.93	58.46	73.25	55.01	47.68	22.56	60.88	46.53	46.1	40.45	23.54	16.28	49.66	16.55	28.44	47.54	47.27	45.89	38.33	43.86	46.53	66.61	40.8	44.28	17.2	58.26	34.53	70.04	38.21	57.58	47.85	30.02	22.8	39.92	61.85	26.57	34.0	23.35	38.95	46.32	81.69	61.0	28.65	89.5	45.34	21.95	37.12	9.43	70.94	40.36	46.53	12.21	69.35	36.24	15.81	53.85	63.66	16.64	54.33	49.24	41.73	26.25	74.28	25.55	23.43	57.14	30.46	18.68	56.8	29.15	22.56	57.98	16.97	25.24	63.53	22.85	28.64	22.47	14.56	53.82	17.46	31.83	75.24	19.7	52.0	13.0	61.47	73.88	25.5	61.66	80.26	39.6	17.49	19.92	24.7	15.23	21.26	52.35	25.0	60.44	
15.52	66.22	60.88	30.0	10.44	29.41	49.2	58.08	21.63	51.97	53.25	8.06	26.4	58.31	70.58	39.46	8.06	39.05	30.0	73.41	21.02	51.04	65.19	30.41	43.14	26.31	39.01	30.36	30.15	40.05	42.72	19.92	14.21	42.49	41.76	39.32	30.81	31.62	0.0	7.0	34.44	41.88	47.51	47.17	18.11	26.17	23.09	75.21	68.01	30.81	4.0	37.7	31.02	37.54	66.19	34.23	8.06	45.0	53.45	46.49	16.4	39.36	33.14	50.29	51.79	77.18	17.89	39.62	7.81	38.91	54.45	35.47	68.88	26.57	61.1	40.61	56.09	51.62	68.01	18.87	41.4	18.03	18.6	22.67	45.49	16.12	66.89	67.42	17.0	51.42	23.35	40.71	23.77	13.45	25.61	55.44	16.49	63.6	58.82	38.42	33.62	9.0	26.83	25.96	61.2	52.4	42.38	15.65	9.85	17.49	70.24	36.62	56.22	77.52	44.0	23.71	9.9	26.63	50.91	17.0	16.28	42.06	42.54	33.06	15.81	22.36	56.32	47.93	73.43	33.54	39.0	5.39	67.36	24.35	13.0	30.41	56.64	44.82	40.82	44.38	47.42	45.19	47.41	19.42	66.0	40.52	44.94	42.95	44.41	54.01	37.48	33.96	55.87	12.17	68.88	23.43	42.64	63.07	13.04	36.36	64.2	38.05	46.32	25.63	20.25	43.27	17.09	38.48	46.1	57.56	
8.94	68.35	65.8	34.66	14.14	33.94	45.28	58.86	18.68	48.85	49.65	4.0	20.25	55.04	68.41	41.11	15.03	32.06	30.81	77.9	19.1	56.94	67.98	23.54	48.27	19.42	32.02	29.07	37.12	47.04	41.3	23.02	11.18	36.36	48.51	32.39	30.0	38.33	7.0	0.0	40.85	46.1	43.27	53.76	25.08	21.63	16.55	79.51	70.68	24.04	8.06	44.27	38.01	42.52	67.08	41.19	10.0	45.54	55.95	53.16	11.66	36.69	26.17	48.66	51.04	81.02	12.04	32.76	6.32	42.44	49.82	30.48	67.6	20.12	63.95	45.25	55.15	53.16	72.35	16.28	45.97	25.02	13.6	27.8	49.68	9.22	70.8	71.7	15.03	53.49	19.24	34.67	22.09	9.49	30.48	55.0	16.28	61.98	63.13	34.48	31.58	11.4	30.61	25.0	61.03	57.8	45.18	22.14	9.49	15.13	67.23	31.14	61.85	74.25	44.55	27.66	7.0	32.65	46.23	18.38	12.65	48.33	36.24	34.21	22.56	15.52	54.74	54.42	77.1	31.05	39.62	12.17	65.51	27.46	19.65	24.41	62.01	50.48	37.7	50.92	52.8	42.72	53.71	25.5	66.37	47.3	49.04	49.82	51.35	54.33	44.41	36.25	51.22	19.1	72.2	29.15	38.59	60.41	19.31	30.61	60.21	39.05	52.35	32.28	26.4	49.24	23.77	36.14	52.95	57.01	
