130
0.0	19.65	19.7	34.37	26.4	33.12	15.62	30.07	9.22	24.08	18.25	29.73	18.11	31.38	31.4	38.01	19.03	24.84	28.16	31.76	46.1	37.44	44.82	28.64	15.0	19.8	42.3	30.68	20.52	29.0	25.46	14.14	32.65	16.76	20.0	39.81	35.61	18.36	19.42	23.26	11.18	42.05	37.2	24.08	7.07	30.68	18.03	27.89	26.02	18.03	12.04	43.93	30.08	25.71	33.54	28.44	20.4	32.25	21.95	36.24	25.61	31.3	37.01	38.0	45.31	30.87	13.34	11.18	20.59	39.05	33.62	34.93	11.7	18.11	29.07	16.0	30.08	38.6	25.81	18.44	30.23	43.14	39.12	13.45	28.43	14.21	37.8	8.49	30.41	39.05	19.42	11.0	25.0	27.59	42.2	35.36	27.8	15.81	38.63	14.32	3.16	26.68	14.14	24.19	25.08	38.91	37.11	43.86	34.13	25.55	34.48	19.92	22.67	33.73	25.18	21.21	26.42	28.0	24.19	41.77	31.76	24.6	44.55	29.73	28.65	30.46	25.3	22.85	28.18	42.45	
19.65	0.0	37.12	15.0	45.18	34.13	34.44	40.82	17.46	41.88	25.55	34.21	28.6	25.0	30.0	36.12	24.41	42.44	34.83	47.38	33.24	53.81	36.67	33.97	8.06	38.08	23.0	18.03	20.62	42.72	39.22	17.49	34.23	35.0	17.26	20.22	23.19	14.32	35.51	18.36	18.03	29.83	35.13	23.19	24.0	37.64	37.48	34.06	29.0	21.93	17.8	36.77	35.74	23.85	22.83	33.24	9.06	23.19	16.12	37.05	15.3	21.02	34.23	19.65	31.83	12.04	24.08	9.0	15.81	21.19	24.08	49.58	12.04	37.66	39.96	5.83	37.8	36.22	44.72	37.12	20.1	37.64	21.26	29.27	43.01	30.27	35.23	27.31	11.0	22.83	36.62	30.41	38.95	14.04	33.54	16.97	27.07	4.0	19.24	22.2	22.8	32.65	19.24	34.89	15.52	20.0	17.46	38.6	16.4	27.66	24.6	28.65	22.36	14.14	25.61	39.45	8.94	29.83	43.46	35.11	23.35	6.71	38.9	17.49	38.59	19.24	39.62	40.2	20.88	26.83	
19.7	37.12	0.0	52.09	24.19	50.25	18.97	41.23	20.02	26.08	18.03	45.61	32.8	36.62	49.58	55.87	20.25	27.07	21.47	36.12	65.8	39.12	64.07	23.32	30.02	22.36	60.07	50.33	39.41	12.37	10.0	33.29	49.58	3.61	39.45	57.0	44.72	38.01	3.61	30.87	20.22	61.74	55.17	42.8	13.34	22.47	9.0	21.95	24.76	36.24	31.06	63.01	45.22	29.41	53.23	23.85	39.85	39.45	31.02	53.15	36.06	50.99	55.23	56.57	65.0	46.27	29.7	28.16	29.73	57.87	40.82	40.2	31.38	10.0	40.31	34.93	21.19	56.59	23.19	20.4	38.91	61.85	52.63	8.06	10.77	7.07	55.9	18.44	48.09	50.92	25.0	10.63	33.84	39.56	61.59	49.82	46.1	33.14	54.33	31.89	17.49	21.63	20.88	14.32	44.78	53.76	54.01	62.48	48.05	43.14	54.12	16.28	41.4	51.01	27.02	23.19	41.3	26.91	20.22	60.8	38.59	40.11	63.25	49.4	17.46	50.16	33.53	3.16	35.36	53.31	
34.37	15.0	52.09	0.0	58.87	38.47	48.38	50.21	32.25	55.04	39.22	40.8	39.41	32.56	33.54	37.95	37.7	55.46	47.41	59.08	25.3	65.73	33.02	46.14	22.36	51.62	8.0	15.81	28.28	57.01	53.6	28.3	38.95	50.0	24.76	5.83	25.94	22.8	50.36	28.84	32.56	23.35	37.0	29.21	39.0	50.12	52.35	46.53	40.82	31.24	29.53	34.01	42.8	34.41	20.4	45.28	16.64	29.21	26.93	40.72	23.43	19.92	35.74	6.4	23.41	10.0	35.85	24.0	27.29	8.6	29.41	60.61	24.7	52.47	49.52	18.68	50.54	37.64	58.52	50.92	26.25	36.22	16.03	44.18	57.49	45.18	36.69	41.48	4.0	20.4	49.66	45.28	50.22	19.8	30.0	12.37	31.91	19.0	9.22	33.29	37.48	45.18	33.24	48.7	18.6	12.04	4.47	37.22	13.93	34.21	22.36	42.38	29.07	2.24	36.89	52.92	13.6	41.05	57.57	33.14	29.83	13.42	37.12	16.16	52.0	18.03	51.04	55.15	29.0	24.19	
26.4	45.18	24.19	58.87	0.0	39.22	10.82	23.6	33.97	5.39	38.47	33.24	23.09	55.8	41.0	45.54	40.31	5.83	44.92	13.42	63.07	15.0	57.27	46.49	41.4	7.28	66.41	50.36	35.01	36.0	34.13	31.58	38.28	21.59	37.22	64.62	61.52	37.66	27.46	48.27	35.47	59.03	45.22	37.05	26.4	46.32	15.3	45.22	46.52	31.02	29.83	55.54	31.78	49.09	51.01	46.82	42.72	57.49	47.42	41.23	51.62	49.04	45.88	61.13	63.01	56.94	24.19	37.44	46.01	61.61	58.9	17.46	34.18	14.32	23.02	40.31	45.12	46.49	1.0	8.06	55.9	53.16	65.46	27.31	34.01	26.93	46.17	18.03	55.15	65.44	10.0	18.87	16.12	53.91	55.73	61.59	38.47	41.68	64.41	27.17	23.43	44.6	37.8	38.08	44.41	65.0	62.24	53.45	60.46	34.53	51.01	38.08	36.01	58.69	47.51	6.08	52.7	48.75	4.0	53.37	56.85	50.77	54.41	49.37	41.59	49.16	15.26	25.0	53.26	68.77	
33.12	34.13	50.25	38.47	39.22	0.0	33.84	18.03	40.5	33.84	50.7	6.08	17.8	58.14	5.0	6.32	50.92	33.53	60.93	31.02	27.86	37.05	19.03	61.1	38.21	33.54	42.8	23.02	14.14	61.4	58.01	19.92	1.0	46.69	17.0	43.57	57.31	20.0	51.22	50.36	42.38	24.6	6.08	11.0	39.96	63.56	44.05	60.54	57.57	15.23	21.54	17.0	8.0	54.92	19.8	60.75	25.32	57.0	48.26	3.16	49.0	19.21	7.0	36.4	28.64	43.68	20.62	34.53	47.38	35.47	58.01	30.15	25.5	43.42	18.0	29.0	63.07	7.28	39.56	34.48	54.01	14.14	52.81	46.04	60.44	46.62	7.07	31.83	36.77	55.79	29.97	39.62	23.54	48.17	18.44	48.38	7.07	34.01	47.42	18.87	33.84	59.24	45.22	57.31	20.25	49.77	42.94	14.32	48.76	7.62	18.44	52.8	12.04	39.81	55.54	34.01	42.58	59.2	40.72	15.03	57.01	40.45	15.3	22.47	61.77	20.81	24.52	53.04	54.08	59.91	
15.62	34.44	18.97	48.38	10.82	33.84	0.0	22.36	23.6	8.94	29.41	28.43	16.12	45.79	34.44	39.96	31.02	9.85	37.22	18.25	54.74	22.85	50.33	38.47	30.61	4.47	56.04	41.0	26.48	31.32	28.64	22.0	33.02	15.52	28.07	54.08	50.99	28.02	21.38	38.01	25.24	50.64	39.45	29.12	16.55	39.05	10.82	37.34	37.64	22.56	20.02	48.85	27.59	39.36	42.3	38.64	32.56	47.2	37.01	36.4	41.04	40.2	39.82	50.99	54.45	46.14	15.3	26.63	35.61	51.62	48.6	22.09	23.77	10.0	21.47	29.73	38.01	40.82	10.3	2.83	45.45	46.96	54.64	19.1	29.73	19.03	40.31	7.21	44.6	54.67	6.08	10.05	14.87	43.19	48.38	50.77	31.38	30.89	53.67	18.25	12.73	36.5	27.78	31.0	35.0	54.2	51.62	47.41	49.65	27.73	42.58	29.61	27.89	48.1	38.08	5.83	41.88	39.85	9.22	46.62	46.62	39.96	48.3	40.0	35.06	40.05	14.56	21.02	43.01	58.05	
30.07	40.82	41.23	50.21	23.6	18.03	22.36	0.0	39.2	18.44	48.01	12.17	12.65	60.64	21.59	24.02	49.01	17.8	57.31	13.15	45.35	19.03	37.05	58.14	41.44	20.0	56.22	36.89	21.93	53.49	50.6	23.32	17.03	37.7	25.46	55.9	62.77	27.66	43.32	52.39	41.19	41.76	24.0	21.63	35.13	59.54	33.12	57.22	56.01	19.21	23.26	35.01	10.05	55.58	35.34	58.08	34.06	60.73	50.7	19.1	53.14	34.0	25.02	50.0	45.88	52.43	17.72	37.0	49.48	49.65	61.98	12.17	29.07	32.25	1.0	34.99	58.69	25.02	24.21	21.63	58.19	32.02	61.85	39.81	52.0	40.02	25.0	24.33	47.42	63.63	16.64	31.32	7.81	53.71	36.35	57.43	20.62	38.91	58.14	18.79	29.02	56.14	44.18	51.97	32.02	59.82	54.45	32.06	57.14	17.0	34.54	49.16	21.4	50.93	55.23	19.85	49.74	58.03	26.17	33.06	60.44	47.51	33.06	36.06	56.29	34.99	8.49	43.38	57.01	67.6	
9.22	17.46	20.02	32.25	33.97	40.5	23.6	39.2	0.0	32.45	10.3	37.85	27.0	22.36	38.01	44.72	10.44	33.29	20.59	40.72	48.83	46.14	49.58	20.62	10.0	28.02	40.2	33.02	26.83	25.5	21.93	20.62	40.16	18.44	25.24	37.01	27.59	22.8	18.11	14.42	2.0	45.0	43.83	30.41	8.06	23.32	22.36	20.12	17.26	25.3	18.97	49.04	38.47	16.49	36.88	20.25	22.2	23.6	13.45	43.66	17.8	34.71	43.42	37.11	47.71	26.31	22.02	8.94	12.04	38.6	25.0	44.01	15.81	22.83	38.21	16.64	23.02	45.18	33.24	26.4	21.93	48.83	33.24	12.0	25.63	13.0	44.29	17.0	28.28	32.25	28.18	15.81	34.21	20.59	46.69	30.08	34.44	13.6	34.37	22.36	11.18	18.79	5.0	18.44	28.32	33.96	34.0	49.65	28.46	32.89	38.21	12.81	29.07	31.06	16.03	29.41	21.38	19.1	31.14	47.01	23.02	20.1	50.22	32.2	22.63	33.42	34.48	23.0	19.42	35.23	
24.08	41.88	26.08	55.04	5.39	33.84	8.94	18.44	32.45	0.0	38.28	27.86	18.0	54.71	35.69	40.16	39.92	1.0	45.71	10.05	58.01	13.93	51.97	47.07	38.9	4.47	62.39	45.71	30.15	38.33	36.06	27.2	32.89	23.0	32.56	60.84	59.67	33.24	29.0	46.87	34.13	54.0	39.85	32.0	25.5	47.38	17.12	45.89	46.49	26.17	25.63	50.22	26.4	48.3	46.1	47.3	38.63	56.04	45.8	35.85	49.68	44.18	40.52	56.92	58.01	53.82	19.65	34.71	44.41	57.28	57.43	14.14	30.41	16.12	17.8	36.72	46.27	41.11	5.83	6.32	54.2	47.8	62.63	27.66	36.5	27.46	40.8	15.62	51.43	62.97	5.39	18.68	10.82	51.62	50.49	58.6	33.24	38.6	61.06	22.56	21.4	45.12	36.72	39.2	39.81	61.85	58.59	48.08	57.63	29.27	46.01	38.33	31.02	55.01	47.01	3.16	49.82	48.7	7.81	48.05	55.47	47.8	49.04	44.72	43.05	44.41	10.0	27.46	51.87	66.47	
18.25	25.55	18.03	39.22	38.47	50.7	29.41	48.01	10.3	38.28	0.0	47.8	36.35	18.6	48.3	55.01	2.24	39.22	10.3	47.54	58.26	52.2	59.67	10.44	17.49	33.84	46.84	42.52	37.12	18.11	15.0	30.87	50.33	18.38	35.51	43.17	26.93	33.02	14.76	13.34	8.6	54.56	54.12	40.71	13.15	13.04	24.21	9.85	8.25	35.47	29.15	59.2	48.27	11.4	46.67	10.2	31.83	21.47	14.04	53.85	19.1	44.55	53.71	44.78	57.01	31.4	31.58	18.38	13.0	46.52	22.83	51.2	26.08	25.0	47.01	26.17	12.81	55.47	37.59	31.95	21.19	59.08	36.12	11.4	19.0	12.04	54.59	24.19	35.47	33.73	34.93	19.7	42.19	23.02	56.73	34.01	44.72	22.2	39.2	32.28	19.0	8.54	6.4	9.49	38.21	38.01	40.02	59.91	32.0	43.08	48.1	3.16	39.36	37.64	9.22	35.11	26.48	10.44	34.99	57.2	20.59	25.96	60.46	41.77	13.04	43.14	42.3	20.12	17.46	35.74	
29.73	34.21	45.61	40.8	33.24	6.08	28.43	12.17	37.85	27.86	47.8	0.0	12.81	57.04	9.49	12.37	48.27	27.51	57.87	25.0	33.24	31.14	25.0	58.24	37.05	27.78	45.97	26.17	13.6	57.14	53.85	18.0	5.1	42.01	17.09	46.23	57.27	19.92	46.87	49.0	39.81	29.73	12.17	11.66	36.25	60.41	38.9	57.57	55.11	13.0	19.1	23.02	2.24	53.15	23.85	57.97	26.0	56.32	47.01	8.06	48.37	22.8	13.04	39.6	33.84	44.78	16.55	33.0	46.0	38.95	57.43	24.33	24.02	38.21	12.04	28.64	59.81	13.34	33.62	28.84	53.46	20.22	54.13	42.06	56.04	42.54	13.15	27.2	38.59	56.65	24.19	35.0	17.46	48.05	24.19	49.66	9.22	33.38	49.4	15.52	29.97	56.32	42.76	53.71	22.2	51.48	45.22	20.4	49.77	6.71	22.83	49.65	12.08	41.88	53.46	28.18	43.01	56.89	34.89	21.0	56.22	40.8	21.38	25.46	58.18	24.08	18.44	48.27	53.08	60.75	
18.11	28.6	32.8	39.41	23.09	17.8	16.12	12.65	27.0	18.0	36.35	12.81	0.0	48.05	18.38	23.85	37.12	18.03	46.1	19.72	40.01	26.42	34.48	46.69	28.79	16.49	46.14	28.16	12.37	44.42	41.18	11.31	17.03	29.21	15.23	45.22	50.16	16.64	34.13	39.81	29.0	36.0	23.32	14.0	24.04	48.51	26.25	45.89	44.1	8.54	10.82	32.89	12.53	43.19	28.16	46.53	22.8	48.08	38.08	20.52	40.5	26.31	23.71	40.25	40.01	40.46	5.1	24.35	36.88	40.31	49.34	21.26	16.64	25.61	11.7	22.8	47.8	24.7	23.19	17.09	45.54	30.87	49.82	29.55	43.27	29.97	24.19	14.42	36.24	51.31	13.15	22.2	10.82	41.15	32.76	45.45	15.52	26.42	46.69	6.4	17.72	44.72	32.0	41.44	22.47	48.1	43.42	31.3	45.0	11.7	28.02	37.85	13.04	39.82	43.01	17.26	37.44	46.04	23.77	30.68	47.8	35.23	32.2	27.2	45.88	26.68	11.66	35.47	44.38	55.23	
31.38	25.0	36.62	32.56	55.8	58.14	45.79	60.64	22.36	54.71	18.6	57.04	48.05	0.0	54.45	60.83	16.4	55.57	20.1	63.07	56.6	68.48	61.47	18.03	20.0	50.25	38.42	42.54	44.05	34.21	31.95	39.05	58.08	36.88	41.19	34.21	10.05	38.21	33.29	8.25	20.59	53.71	59.84	47.17	29.41	22.0	42.43	19.1	13.34	44.05	38.21	61.68	58.14	7.21	47.54	17.03	33.96	4.12	10.05	61.2	9.85	45.88	59.03	38.95	54.92	22.63	42.95	24.08	11.18	41.11	5.0	66.31	33.02	43.14	59.67	29.27	23.02	61.0	55.0	48.55	6.4	62.64	22.47	29.73	35.74	30.48	60.02	39.36	30.0	18.44	50.54	37.01	56.3	12.81	58.31	22.47	51.24	24.19	28.3	42.43	33.54	18.25	18.03	25.3	40.52	25.94	31.24	63.6	20.25	51.01	49.4	20.59	46.1	30.41	9.85	51.62	19.42	12.04	52.63	60.08	3.16	20.59	63.89	42.15	26.31	44.01	56.65	38.59	4.12	19.0	
31.4	30.0	49.58	33.54	41.0	5.0	34.44	21.59	38.01	35.69	48.3	9.49	18.38	54.45	0.0	6.71	48.33	35.51	58.59	34.13	23.77	40.45	16.28	58.6	34.71	34.79	37.8	18.03	11.18	60.21	56.73	17.49	5.66	46.1	13.34	38.59	53.08	16.28	50.21	46.87	39.81	20.25	5.83	7.62	38.42	61.29	44.1	58.14	54.78	13.45	19.42	14.56	11.7	51.66	14.87	58.18	21.02	53.08	44.72	7.28	45.1	14.21	5.66	31.4	24.35	39.05	20.0	31.32	43.93	30.48	54.04	33.73	22.47	43.57	21.38	25.18	60.9	7.21	41.23	35.47	50.04	12.53	48.08	44.69	59.41	45.34	6.4	31.4	31.95	51.2	31.32	39.05	26.02	44.01	15.0	43.68	3.61	30.27	42.54	17.69	32.56	56.8	42.54	55.47	15.52	44.94	38.01	13.04	44.15	6.71	13.6	50.61	8.94	34.93	52.5	35.44	38.21	56.3	42.06	12.37	53.15	36.12	13.89	17.49	59.91	15.81	27.02	52.5	50.36	55.32	
38.01	36.12	55.87	37.95	45.54	6.32	39.96	24.02	44.72	40.16	55.01	12.37	23.85	60.83	6.71	0.0	55.04	39.85	65.3	37.12	23.32	43.0	13.34	65.31	41.23	39.81	41.18	22.14	17.89	66.71	63.25	24.19	7.28	52.35	19.92	42.54	59.0	22.8	56.64	53.37	46.52	20.62	1.0	14.32	45.0	68.0	50.0	64.85	61.47	20.0	26.08	11.18	14.14	58.24	17.89	64.88	27.07	59.3	51.2	5.1	51.35	18.03	2.24	34.89	24.41	44.41	26.17	37.95	50.45	33.62	60.21	36.01	29.15	49.41	24.08	31.58	67.6	1.0	45.88	40.71	56.22	8.0	53.15	51.22	65.86	51.86	1.41	37.54	36.88	56.57	36.25	45.28	29.83	50.04	13.42	48.84	10.3	36.67	47.13	24.08	39.05	63.51	49.24	62.13	21.02	49.73	42.38	8.06	49.5	12.73	16.12	57.31	15.65	39.56	59.14	40.31	44.01	62.97	47.01	9.49	59.41	42.0	9.06	21.84	66.57	19.92	30.81	58.73	56.72	60.67	
19.03	24.41	20.25	37.7	40.31	50.92	31.02	49.01	10.44	39.92	2.24	48.27	37.12	16.4	48.33	55.04	0.0	40.85	10.63	49.04	57.38	53.85	59.2	10.3	16.4	35.47	45.22	41.73	37.16	20.02	17.03	31.02	50.6	20.52	35.36	41.48	24.7	32.76	17.0	11.18	8.54	53.76	54.13	40.72	14.56	13.45	26.25	10.0	7.0	35.74	29.41	58.82	48.84	9.22	46.01	9.85	31.14	19.24	12.0	54.08	17.03	43.93	53.67	43.38	56.08	29.61	32.25	17.8	11.05	45.18	20.59	52.63	25.94	27.02	48.01	25.5	13.45	55.46	39.45	33.62	18.97	58.83	34.06	13.45	21.02	14.14	54.56	25.5	34.01	31.58	36.4	21.47	43.42	21.0	56.22	32.06	44.78	21.26	37.34	32.76	20.1	8.6	5.83	11.18	37.64	36.06	38.33	59.68	30.02	43.32	47.51	5.0	39.4	36.06	7.21	36.77	24.74	9.06	36.89	56.86	18.36	24.35	60.21	41.01	14.32	42.45	43.57	22.36	15.23	33.53	
24.84	42.44	27.07	55.46	5.83	33.53	9.85	17.8	33.29	1.0	39.22	27.51	18.03	55.57	35.51	39.85	40.85	0.0	46.69	9.06	58.0	13.0	51.79	48.05	39.6	5.39	62.77	45.89	30.27	39.32	37.05	27.51	32.57	24.0	32.76	61.27	60.44	33.53	30.0	47.71	34.99	54.01	39.56	32.02	26.4	48.37	18.11	46.87	47.43	26.31	26.0	50.01	26.0	49.19	46.17	48.27	39.0	56.86	46.62	35.47	50.45	44.28	40.26	57.25	58.03	54.41	19.92	35.38	45.22	57.57	58.25	13.15	30.89	17.12	17.2	37.22	47.27	40.8	6.4	7.28	55.0	47.54	63.25	28.64	37.48	28.44	40.52	16.4	51.88	63.66	5.83	19.65	10.3	52.35	50.36	59.2	33.14	39.2	61.59	22.8	22.2	46.1	37.59	40.2	40.02	62.43	59.06	47.8	58.26	29.15	46.04	39.29	31.06	55.47	47.93	4.12	50.45	49.65	8.6	47.85	56.3	48.41	48.76	44.91	44.05	44.55	9.43	28.44	52.7	67.18	
28.16	34.83	21.47	47.41	44.92	60.93	37.22	57.31	20.59	45.71	10.3	57.87	46.1	20.1	58.59	65.3	10.63	46.69	0.0	55.44	67.94	59.44	69.81	2.24	26.91	41.44	54.63	52.33	47.41	14.76	13.45	41.15	60.54	23.41	45.79	50.7	30.02	43.27	17.89	18.97	18.87	64.35	64.41	51.0	22.2	2.83	29.73	1.0	7.07	45.69	39.4	69.4	58.24	14.14	56.64	3.16	41.77	24.02	20.62	64.08	25.0	54.56	64.01	53.34	66.6	38.63	41.48	28.43	20.12	55.23	25.08	59.3	36.36	30.68	56.32	36.12	3.16	65.76	43.97	39.46	25.08	69.34	41.44	18.11	16.64	18.25	64.88	33.06	43.91	38.05	43.1	27.17	51.01	29.12	66.84	40.26	55.01	31.83	45.88	42.38	28.44	2.24	16.4	7.21	48.27	44.15	47.54	70.18	38.08	53.31	58.14	8.25	49.65	45.62	11.18	42.58	34.01	8.06	41.11	67.42	23.02	34.0	70.72	51.62	6.32	53.08	51.0	22.2	21.1	39.05	
31.76	47.38	36.12	59.08	13.42	31.02	18.25	13.15	40.72	10.05	47.54	25.0	19.72	63.07	34.13	37.12	49.04	9.06	55.44	0.0	57.71	6.71	50.0	56.72	45.8	14.04	65.86	47.54	31.78	48.37	46.1	30.81	30.02	33.02	34.89	64.9	67.12	36.36	39.01	55.01	42.54	53.94	37.05	32.57	34.48	57.22	27.17	55.58	55.79	28.18	29.83	48.01	23.02	57.01	46.84	56.89	42.44	64.01	53.71	32.25	57.14	45.22	38.01	59.94	58.05	59.41	23.43	41.4	52.35	59.93	65.37	4.12	35.38	26.17	13.04	41.77	56.14	38.12	14.32	16.03	61.91	45.1	68.59	37.34	46.53	37.22	38.05	23.77	55.8	69.53	12.65	28.28	8.94	58.6	49.09	64.35	32.56	44.6	66.07	25.81	29.55	54.74	45.31	49.09	42.05	67.27	63.01	45.18	63.66	28.64	46.32	47.85	31.95	59.41	55.97	13.0	55.9	57.97	17.09	46.0	63.53	53.76	46.17	46.62	53.01	45.88	8.06	37.48	59.94	73.25	
46.1	33.24	65.8	25.3	63.07	27.86	54.74	45.35	48.83	58.01	58.26	33.24	40.01	56.6	23.77	23.32	57.38	58.0	67.94	57.71	0.0	64.13	11.4	67.18	41.04	56.22	24.0	15.81	28.28	74.09	70.49	33.24	28.79	62.77	26.93	27.17	51.08	27.86	65.3	51.22	50.0	4.12	22.83	26.02	52.77	70.77	62.64	67.21	62.24	32.25	35.44	13.45	35.44	56.85	12.65	66.47	26.63	53.71	49.04	28.18	46.87	14.87	21.47	19.42	2.0	34.93	39.46	40.0	48.92	17.26	54.12	57.49	34.44	62.36	45.12	32.2	70.84	22.47	63.13	56.44	50.61	16.97	41.0	59.06	73.93	59.94	21.95	49.73	26.83	45.61	53.08	56.3	49.25	43.91	10.0	37.64	25.18	36.12	33.54	36.5	48.47	65.8	51.86	67.2	21.02	36.67	28.64	17.69	39.22	29.15	12.17	61.22	27.07	27.51	58.8	57.14	37.22	63.03	63.39	14.21	54.2	36.06	17.03	16.64	71.22	15.65	50.25	68.94	52.7	49.24	
37.44	53.81	39.12	65.73	15.0	37.05	22.85	19.03	46.14	13.93	52.2	31.14	26.42	68.48	40.45	43.0	53.85	13.0	59.44	6.71	64.13	0.0	56.08	60.88	51.86	18.38	72.56	54.23	38.48	51.0	49.09	37.44	36.06	36.35	41.59	71.56	73.01	43.05	42.3	60.54	47.89	60.42	43.01	39.22	39.4	61.0	30.15	59.67	60.41	34.89	36.4	54.04	29.07	62.17	53.45	61.13	49.09	69.64	59.36	38.01	63.01	51.87	44.05	66.65	64.54	65.86	30.0	47.51	57.98	66.64	71.02	7.07	41.87	29.15	19.1	48.27	59.84	44.0	16.0	20.25	67.68	51.0	74.97	41.48	49.01	41.23	44.01	29.15	62.43	75.74	18.03	32.57	15.65	64.66	55.33	70.77	39.05	50.91	72.62	32.45	34.99	58.94	50.54	52.77	48.75	73.76	69.63	51.01	70.01	35.17	52.89	52.2	38.63	66.03	60.93	17.09	62.23	62.63	19.0	52.09	69.12	60.11	52.01	53.31	56.44	52.55	14.76	40.0	65.51	79.4	
44.82	36.67	64.07	33.02	57.27	19.03	50.33	37.05	49.58	51.97	59.67	25.0	34.48	61.47	16.28	13.34	59.2	51.79	69.81	50.0	11.4	56.08	0.0	69.4	43.57	50.96	33.73	18.97	24.7	73.76	70.18	30.81	20.02	60.75	24.84	36.22	57.49	26.87	64.2	55.01	51.09	10.44	13.15	21.47	51.86	72.62	59.48	69.2	64.9	28.18	33.02	2.24	27.02	60.42	13.93	68.82	28.3	59.14	52.77	18.44	51.62	15.65	12.04	28.16	13.04	41.59	35.34	41.4	52.35	26.31	59.77	49.16	33.94	59.03	37.01	33.84	72.47	12.37	57.49	51.55	55.97	5.83	49.04	58.26	73.25	59.03	12.17	46.53	33.38	53.24	47.54	53.85	42.19	49.34	3.16	45.18	18.97	38.59	42.01	32.65	46.62	67.8	53.41	67.9	21.63	45.0	37.01	6.4	46.39	22.8	12.08	62.37	22.83	35.06	61.91	51.66	42.72	66.04	58.24	4.0	59.46	41.11	5.66	19.31	72.18	17.46	43.19	67.12	57.38	57.14	
28.64	33.97	23.32	46.14	46.49	61.1	38.47	58.14	20.62	47.07	10.44	58.24	46.69	18.03	58.6	65.31	10.3	48.05	2.24	56.72	67.18	60.88	69.4	0.0	26.17	42.76	53.23	51.66	47.42	17.0	15.62	41.23	60.75	25.08	45.65	49.24	28.0	43.05	19.72	17.46	18.79	63.66	64.4	50.99	23.02	4.12	31.38	1.41	5.39	45.88	39.56	69.07	58.69	12.37	56.08	1.0	41.23	22.0	19.24	64.26	23.41	54.04	63.95	52.15	65.8	37.16	41.98	28.02	18.87	54.08	23.02	60.53	36.24	32.31	57.14	35.61	5.0	65.74	45.54	40.79	23.19	69.12	39.62	19.42	18.87	19.65	64.85	34.0	42.72	36.12	44.28	28.44	52.01	27.51	66.4	38.6	55.04	31.14	44.27	42.72	29.15	2.0	16.12	9.22	47.8	42.45	46.1	69.97	36.4	53.49	57.63	9.0	49.66	44.29	9.49	43.93	32.65	6.0	42.72	67.12	21.0	32.76	70.49	50.99	8.54	52.5	52.04	24.21	19.24	37.01	
15.0	8.06	30.02	22.36	41.4	38.21	30.61	41.44	10.0	38.9	17.49	37.05	28.79	20.0	34.71	41.23	16.4	39.6	26.91	45.8	41.04	51.86	43.57	26.17	0.0	34.71	30.27	25.5	24.08	34.79	31.32	19.1	38.12	28.28	21.38	27.02	21.47	18.44	28.07	12.17	10.2	37.48	40.26	27.29	17.46	29.73	31.62	26.17	21.4	24.08	18.44	43.42	38.21	17.09	30.0	25.5	15.26	19.42	10.05	41.3	11.7	28.02	39.56	27.51	39.7	16.49	23.77	4.47	9.22	29.15	20.62	48.55	13.04	31.95	40.5	9.85	29.83	41.48	40.8	33.42	16.76	43.86	24.19	22.0	35.17	23.0	40.52	23.43	18.44	24.08	33.97	24.7	38.08	12.81	40.5	20.62	31.4	5.0	24.52	22.8	18.03	24.76	11.18	26.83	21.95	24.35	24.0	44.78	19.24	31.02	31.62	20.59	26.17	21.1	18.36	36.12	11.7	22.47	39.12	41.59	19.24	10.2	45.19	24.84	30.53	26.4	38.59	33.0	16.03	27.59	
19.8	38.08	22.36	51.62	7.28	33.54	4.47	20.0	28.02	4.47	33.84	27.78	16.49	50.25	34.79	39.81	35.47	5.39	41.44	14.04	56.22	18.38	50.96	42.76	34.71	0.0	59.14	43.19	28.02	34.71	32.25	24.33	32.65	19.1	30.07	57.38	55.32	30.41	25.08	42.44	29.68	52.15	39.4	30.27	21.02	43.19	13.6	41.59	42.06	24.02	22.56	49.34	26.63	43.83	44.01	42.95	35.44	51.61	41.4	35.85	45.34	42.0	39.92	53.85	56.08	49.93	17.03	30.61	40.0	54.34	53.01	18.0	26.93	12.65	19.21	33.11	42.11	40.72	7.07	2.0	49.82	47.17	58.6	23.35	32.98	23.19	40.31	11.31	47.93	58.8	3.61	14.32	12.21	47.38	49.24	54.64	32.02	34.67	57.31	20.02	17.03	40.79	32.25	35.06	37.22	57.98	55.04	47.54	53.6	28.16	44.1	33.96	29.15	51.48	42.54	1.41	45.8	44.27	7.28	47.13	51.04	43.83	48.47	42.19	39.0	42.05	11.66	24.04	47.43	62.24	
42.3	23.0	60.07	8.0	66.41	42.8	56.04	56.22	40.2	62.39	46.84	45.97	46.14	38.42	37.8	41.18	45.22	62.77	54.63	65.86	24.0	72.56	33.73	53.23	30.27	59.14	0.0	19.85	34.41	64.76	61.39	35.34	43.42	58.0	31.06	4.24	30.48	29.53	58.31	35.78	40.45	23.35	40.31	34.71	47.0	57.27	60.3	53.71	47.85	37.74	36.77	35.17	48.08	41.18	23.32	52.33	23.77	34.71	34.01	44.65	30.02	23.6	38.95	6.4	22.0	16.12	42.95	32.0	34.54	7.62	34.66	67.12	32.28	60.41	55.61	26.48	57.78	40.71	66.1	58.52	32.02	37.95	18.36	52.15	65.31	53.15	39.82	49.24	12.0	23.32	57.01	53.24	56.94	26.08	31.05	16.28	36.8	27.0	10.82	40.25	45.4	52.39	41.0	56.32	24.21	13.89	7.21	38.9	18.38	39.62	25.06	50.0	34.83	9.22	43.83	60.41	20.62	47.89	65.25	34.79	35.47	20.88	38.6	20.52	59.46	22.02	57.8	63.13	35.23	26.4	
30.68	18.03	50.33	15.81	50.36	23.02	41.0	36.89	33.02	45.71	42.52	26.17	28.16	42.54	18.03	22.14	41.73	45.89	52.33	47.54	15.81	54.23	18.97	51.66	25.5	43.19	19.85	0.0	15.81	58.31	54.71	19.0	23.6	47.43	13.15	20.59	38.64	13.04	49.66	36.36	34.21	12.04	21.19	15.26	37.16	55.15	47.85	51.62	46.86	19.65	21.02	19.42	28.32	41.88	5.1	50.99	10.82	40.16	34.13	25.06	32.7	4.12	19.92	13.45	14.76	23.02	26.17	24.21	33.84	12.81	40.8	48.3	18.97	47.68	36.36	16.4	55.17	21.84	50.25	43.05	37.0	21.02	31.26	43.38	58.18	44.28	20.88	35.23	15.03	35.01	40.45	41.23	38.63	30.36	15.81	27.07	16.97	20.52	25.0	23.19	33.24	50.21	36.12	51.4	6.0	27.66	20.25	22.02	28.0	20.0	7.07	45.45	15.65	17.46	43.6	44.28	23.77	47.8	50.04	18.11	40.5	22.14	22.09	1.0	55.44	2.24	39.56	53.49	38.48	39.05	
20.52	20.62	39.41	28.28	35.01	14.14	26.48	21.93	26.83	30.15	37.12	13.6	12.37	44.05	11.18	17.89	37.16	30.27	47.41	31.78	28.28	38.48	24.7	47.42	24.08	28.02	34.41	15.81	0.0	49.5	45.97	6.4	14.04	36.06	3.61	33.97	43.74	6.32	39.7	36.22	28.64	24.19	17.0	3.61	27.59	50.12	34.93	46.96	43.66	4.0	8.49	23.6	15.23	40.79	16.0	47.01	12.53	43.05	34.13	17.26	35.06	14.04	16.64	28.3	28.07	31.3	11.18	20.4	33.24	28.18	44.1	32.76	11.4	34.54	21.26	15.13	49.74	18.36	35.0	28.16	40.11	22.63	40.71	33.94	48.84	34.66	17.49	21.93	25.61	43.08	25.02	29.15	22.85	34.53	22.36	36.24	7.62	20.02	36.4	8.25	22.02	45.62	31.38	44.41	10.3	38.28	32.56	23.35	36.25	7.07	16.12	39.45	2.24	29.07	41.48	29.0	29.41	45.22	35.13	21.4	43.01	27.2	24.04	14.87	48.83	14.32	23.77	42.44	40.01	47.17	
29.0	42.72	12.37	57.01	36.0	61.4	31.32	53.49	25.5	38.33	18.11	57.14	44.42	34.21	60.21	66.71	20.02	39.32	14.76	48.37	74.09	51.0	73.76	17.0	34.79	34.71	64.76	58.31	49.5	0.0	3.61	43.14	60.8	15.81	48.92	61.19	43.74	47.01	10.3	31.02	24.7	70.18	65.95	53.04	21.93	14.21	21.21	15.65	20.88	46.75	41.01	72.92	56.94	27.46	61.85	17.89	47.51	37.85	32.02	64.4	37.0	59.64	65.86	62.3	73.06	49.5	40.8	34.44	31.06	63.91	39.05	52.47	40.0	22.2	52.55	42.06	12.81	67.36	35.0	32.76	38.33	72.12	54.01	15.56	2.24	14.87	66.6	30.02	53.16	51.24	37.36	22.36	46.17	41.01	71.06	52.09	56.64	39.0	57.31	42.64	27.66	16.16	23.77	9.06	53.25	56.08	58.05	72.84	50.04	54.04	63.01	15.03	51.62	55.54	24.52	35.51	44.55	22.47	32.0	70.77	36.88	43.93	73.54	57.45	8.6	58.52	45.88	11.0	34.37	52.77	
25.46	39.22	10.0	53.6	34.13	58.01	28.64	50.6	21.93	36.06	15.0	53.85	41.18	31.95	56.73	63.25	17.03	37.05	13.45	46.1	70.49	49.09	70.18	15.62	31.32	32.25	61.39	54.71	45.97	3.61	0.0	39.6	57.43	13.15	45.34	57.87	41.23	43.42	7.28	28.16	21.19	66.57	62.48	49.52	18.38	13.6	19.0	14.21	18.79	43.28	37.48	69.35	53.71	25.0	58.25	16.4	43.91	35.44	29.02	61.03	34.06	56.04	62.37	58.82	69.46	46.27	37.44	30.87	28.0	60.41	36.69	50.16	36.4	20.0	49.65	38.47	12.21	63.89	33.14	30.27	35.69	68.59	51.09	12.04	4.0	11.4	63.13	26.83	49.73	48.51	34.71	19.31	43.42	38.01	67.48	49.01	53.15	35.47	54.15	39.2	24.21	14.42	20.4	6.71	49.65	53.01	54.74	69.31	47.0	50.61	59.41	12.04	48.1	52.17	22.14	33.14	41.3	20.59	30.15	67.21	34.48	40.61	70.01	53.85	8.06	54.92	43.17	9.49	31.78	50.22	
14.14	17.49	33.29	28.3	31.58	19.92	22.0	23.32	20.62	27.2	30.87	18.0	11.31	39.05	17.49	24.19	31.02	27.51	41.15	30.81	33.24	37.44	30.81	41.23	19.1	24.33	35.34	19.0	6.4	43.14	39.6	0.0	19.65	30.02	6.32	34.13	39.85	6.08	33.42	31.0	22.47	29.12	23.32	10.0	21.21	43.83	29.41	40.72	37.64	5.0	2.24	29.83	19.1	35.23	20.62	40.85	11.66	38.47	29.02	23.09	30.59	18.44	23.02	29.73	32.76	29.21	7.62	15.0	28.0	30.08	39.62	32.56	6.08	29.12	22.47	11.66	43.42	24.7	31.4	24.08	35.69	29.0	38.6	27.59	42.52	28.32	23.85	16.49	25.0	40.31	21.84	23.26	22.02	30.68	28.3	34.21	13.89	15.81	35.38	5.0	15.81	39.4	25.3	38.01	13.0	36.8	32.2	29.73	33.84	12.37	21.19	33.12	8.6	28.6	35.69	25.5	26.42	39.29	31.06	27.66	38.33	24.19	30.41	18.0	42.44	18.11	22.8	36.36	35.13	44.29	
32.65	34.23	49.58	38.95	38.28	1.0	33.02	17.03	40.16	32.89	50.33	5.1	17.03	58.08	5.66	7.28	50.6	32.57	60.54	30.02	28.79	36.06	20.02	60.75	38.12	32.65	43.42	23.6	14.04	60.8	57.43	19.65	0.0	46.01	17.03	44.1	57.43	20.02	50.61	50.25	42.06	25.5	7.07	11.05	39.45	63.16	43.28	60.17	57.28	14.87	21.19	18.0	7.0	54.74	20.52	60.41	25.5	57.01	48.17	3.61	49.01	19.85	8.0	37.01	29.55	43.97	20.0	34.37	47.27	36.12	58.03	29.15	25.32	42.64	17.0	29.02	62.65	8.25	38.63	33.62	54.04	15.13	53.14	45.49	59.82	46.04	8.06	31.14	37.16	56.04	29.07	38.95	22.56	48.26	19.42	48.7	7.28	34.0	47.85	18.36	33.29	58.87	44.92	56.82	20.62	50.16	43.42	15.3	49.04	7.28	19.21	52.39	12.0	40.25	55.32	33.11	42.76	58.94	39.81	16.03	57.0	40.61	16.28	23.02	61.29	21.4	23.54	52.35	54.04	60.17	
16.76	35.0	3.61	50.0	21.59	46.69	15.52	37.7	18.44	23.0	18.38	42.01	29.21	36.88	46.1	52.35	20.52	24.0	23.41	33.02	62.77	36.35	60.75	25.08	28.28	19.1	58.0	47.43	36.06	15.81	13.15	30.02	46.01	0.0	36.24	55.08	44.42	34.93	6.0	30.53	18.97	58.69	51.66	39.41	11.0	24.74	6.32	23.77	25.81	32.8	27.78	59.64	41.62	29.73	50.16	25.5	37.11	39.41	30.41	49.58	35.34	47.93	51.74	54.23	62.03	44.72	26.17	26.0	29.07	55.44	40.8	37.05	28.46	7.28	36.77	32.39	23.54	53.08	20.62	17.12	38.59	58.41	51.55	7.21	14.32	6.4	52.4	14.87	46.0	50.16	21.59	7.07	30.36	38.63	58.31	48.51	42.64	31.0	52.77	28.43	14.32	23.26	20.12	16.49	41.79	52.39	52.15	59.03	46.84	39.62	50.99	17.2	38.01	49.04	27.59	20.02	39.81	28.02	17.72	57.43	38.6	38.47	59.82	46.49	20.1	47.17	30.08	6.4	35.23	52.77	
20.0	17.26	39.45	24.76	37.22	17.0	28.07	25.46	25.24	32.56	35.51	17.09	15.23	41.19	13.34	19.92	35.36	32.76	45.79	34.89	26.93	41.59	24.84	45.65	21.38	30.07	31.06	13.15	3.61	48.92	45.34	6.32	17.03	36.24	0.0	30.48	40.45	3.0	39.41	33.54	26.93	22.8	18.97	6.0	27.02	48.55	35.74	45.28	41.63	6.71	8.54	24.04	18.79	38.33	14.32	45.18	8.94	40.0	31.4	20.02	32.0	12.17	18.38	25.06	26.48	27.73	13.04	18.03	30.59	25.08	41.01	36.06	9.43	35.44	24.76	12.0	48.26	20.25	37.12	30.0	37.01	23.6	37.12	33.42	48.41	34.21	19.31	22.8	22.02	39.56	27.29	29.55	25.94	31.26	22.2	32.65	10.05	17.03	32.8	10.05	21.95	43.91	29.53	43.28	7.28	34.67	29.0	24.41	32.7	10.44	14.87	38.01	5.1	25.5	39.22	31.14	25.96	43.08	37.0	21.93	40.01	23.77	25.0	12.17	47.63	12.0	26.83	42.54	37.12	43.66	
39.81	20.22	57.0	5.83	64.62	43.57	54.08	55.9	37.01	60.84	43.17	46.23	45.22	34.21	38.59	42.54	41.48	61.27	50.7	64.9	27.17	71.56	36.22	49.24	27.02	57.38	4.24	20.59	33.97	61.19	57.87	34.13	44.1	55.08	30.48	0.0	26.25	28.6	55.08	31.78	37.12	26.02	41.63	34.71	44.1	53.31	57.71	49.77	43.86	37.01	35.36	37.48	48.27	37.12	24.7	48.33	22.47	30.48	30.08	45.65	25.94	24.6	40.31	8.06	25.18	12.08	41.68	29.15	30.68	10.0	30.41	66.4	30.46	57.87	55.23	24.35	53.85	42.15	64.26	56.65	27.8	40.02	14.32	49.01	61.81	50.01	41.23	47.13	9.49	19.24	55.46	50.64	56.04	21.95	33.38	12.04	37.2	24.19	6.71	39.12	42.95	48.47	37.48	52.63	24.08	9.85	3.16	41.0	14.14	39.7	26.57	46.32	34.66	6.08	39.81	58.69	16.76	43.83	63.25	36.88	31.24	17.26	40.79	21.1	55.66	22.83	56.86	60.01	31.06	22.47	
35.61	23.19	44.72	25.94	61.52	57.31	50.99	62.77	27.59	59.67	26.93	57.27	50.16	10.05	53.08	59.0	24.7	60.44	30.02	67.12	51.08	73.01	57.49	28.0	21.47	55.32	30.48	38.64	43.74	43.74	41.23	39.85	57.43	44.42	40.45	26.25	0.0	37.48	41.63	13.89	26.25	48.7	58.0	46.39	35.47	32.02	49.41	29.02	23.09	44.64	39.56	58.05	58.69	16.28	43.74	27.0	32.06	6.0	14.21	60.21	10.0	42.43	57.01	32.25	49.24	16.16	45.19	25.94	15.62	34.48	5.1	69.97	33.84	50.0	61.85	28.64	33.0	59.01	60.81	53.81	5.83	59.54	13.04	37.22	45.12	38.08	58.01	44.05	24.35	8.54	55.0	43.28	59.54	9.22	54.34	14.21	50.25	24.04	19.8	44.01	38.29	28.07	24.41	34.71	38.01	17.03	23.6	60.53	12.21	50.8	45.71	29.41	45.54	23.71	19.24	56.73	15.03	22.0	58.73	56.72	7.0	17.0	60.67	38.47	36.12	40.45	60.03	47.01	9.49	9.06	
18.36	14.32	38.01	22.8	37.66	20.0	28.02	27.66	22.8	33.24	33.02	19.92	16.64	38.21	16.28	22.8	32.76	33.53	43.27	36.36	27.86	43.05	26.87	43.05	18.44	30.41	29.53	13.04	6.32	47.01	43.42	6.08	20.02	34.93	3.0	28.6	37.48	0.0	37.74	30.59	24.41	23.77	21.84	9.0	25.24	46.04	34.93	42.72	38.91	8.49	8.0	26.25	21.54	35.44	15.23	42.54	6.4	37.0	28.44	23.02	29.0	13.0	21.19	23.77	27.2	25.06	13.6	15.23	27.66	24.04	38.01	37.8	7.07	34.71	26.91	9.0	45.8	23.09	37.48	30.15	34.01	26.08	34.48	31.62	46.62	32.45	22.14	22.2	19.8	36.77	27.89	28.46	27.46	28.28	24.08	30.02	13.04	14.04	30.48	10.77	20.62	41.34	26.93	41.04	7.07	32.2	26.91	26.93	29.97	13.34	16.12	35.61	8.06	23.35	36.4	31.58	23.09	40.31	37.12	24.21	37.01	20.88	27.46	12.04	45.34	12.37	28.3	41.15	34.13	40.85	
19.42	35.51	3.61	50.36	27.46	51.22	21.38	43.32	18.11	29.0	14.76	46.87	34.13	33.29	50.21	56.64	17.0	30.0	17.89	39.01	65.3	42.3	64.2	19.72	28.07	25.08	58.31	49.66	39.7	10.3	7.28	33.42	50.61	6.0	39.41	55.08	41.63	37.74	0.0	27.86	18.0	61.29	55.9	43.19	12.53	18.97	12.17	18.36	21.21	36.77	31.24	63.25	46.65	26.08	52.84	20.25	39.0	36.24	28.16	54.2	33.24	50.61	55.87	55.11	64.4	44.05	30.61	26.68	26.93	56.52	37.59	43.05	30.89	13.15	42.38	33.84	17.72	57.31	26.48	23.09	35.85	62.29	50.01	6.32	9.22	5.39	56.59	19.72	46.39	48.08	27.46	12.08	36.14	36.88	61.61	47.38	46.67	31.58	52.09	32.56	17.69	18.03	18.25	10.77	44.29	51.35	52.04	62.97	45.54	43.93	53.85	12.81	41.77	49.16	23.6	26.02	39.05	23.35	23.54	61.07	35.36	38.0	63.7	48.75	14.14	49.65	35.9	5.39	32.2	50.33	
23.26	18.36	30.87	28.84	48.27	50.36	38.01	52.39	14.42	46.87	13.34	49.0	39.81	8.25	46.87	53.37	11.18	47.71	18.97	55.01	51.22	60.54	55.01	17.46	12.17	42.44	35.78	36.36	36.22	31.02	28.16	31.0	50.25	30.53	33.54	31.78	13.89	30.59	27.86	0.0	12.81	48.01	52.39	39.46	21.93	21.54	35.61	18.03	12.08	36.0	30.07	55.04	50.04	5.66	41.18	16.55	26.93	9.22	2.24	53.46	6.08	39.36	51.66	35.0	49.68	19.7	34.71	16.0	3.0	37.01	10.63	58.18	25.02	36.24	51.42	21.84	22.14	53.6	47.51	40.8	8.06	55.71	23.0	23.32	32.14	24.19	52.63	31.38	25.61	20.4	42.54	29.7	48.1	10.2	51.88	21.38	43.57	16.76	26.93	34.23	25.55	16.76	10.63	22.0	33.62	25.32	28.64	56.65	19.24	43.1	42.94	16.12	38.33	26.93	8.06	43.83	15.26	12.21	45.28	53.31	8.6	15.62	57.01	35.85	24.33	37.59	48.47	33.24	5.0	22.47	
11.18	18.03	20.22	32.56	35.47	42.38	25.24	41.19	2.0	34.13	8.6	39.81	29.0	20.59	39.81	46.52	8.54	34.99	18.87	42.54	50.0	47.89	51.09	18.79	10.2	29.68	40.45	34.21	28.64	24.7	21.19	22.47	42.06	18.97	26.93	37.12	26.25	24.41	18.0	12.81	0.0	46.23	45.62	32.2	9.22	21.63	23.32	18.36	15.3	27.2	20.88	50.61	40.45	14.56	38.21	18.38	23.43	22.02	12.04	45.54	16.64	36.07	45.18	37.64	48.83	26.08	24.02	10.0	10.63	39.22	23.43	45.88	17.49	23.85	40.2	17.8	21.4	46.96	34.71	28.02	20.52	50.48	32.57	12.17	25.0	13.15	46.07	18.79	28.64	31.3	29.97	17.03	36.14	19.7	48.17	29.61	36.25	14.32	34.13	24.33	13.0	17.0	3.0	17.2	29.7	33.54	34.06	51.31	27.89	34.79	39.6	11.31	30.87	31.26	14.04	31.06	21.1	17.12	32.53	48.6	21.4	20.0	51.87	33.42	21.26	34.71	36.4	23.09	17.8	34.13	
42.05	29.83	61.74	23.35	59.03	24.6	50.64	41.76	45.0	54.0	54.56	29.73	36.0	53.71	20.25	20.62	53.76	54.01	64.35	53.94	4.12	60.42	10.44	63.66	37.48	52.15	23.35	12.04	24.19	70.18	66.57	29.12	25.5	58.69	22.8	26.02	48.7	23.77	61.29	48.01	46.23	0.0	20.0	22.0	48.76	67.18	58.52	63.64	58.8	28.16	31.32	12.08	31.95	53.6	8.54	62.97	22.8	50.99	45.8	25.24	43.91	10.77	18.6	18.0	4.12	32.57	35.36	36.24	45.61	16.03	51.48	53.85	30.41	58.24	41.48	28.43	67.21	19.85	59.08	52.35	47.85	15.26	39.32	55.07	69.97	55.95	19.21	45.61	24.35	43.74	49.04	52.2	45.4	41.15	8.06	35.69	21.38	32.53	32.06	32.39	44.38	62.23	48.17	63.41	17.0	35.13	27.07	16.12	37.11	25.32	8.06	57.49	23.02	25.5	55.44	53.08	34.44	59.67	59.3	12.21	51.43	33.12	15.65	12.81	67.48	11.66	46.39	64.88	49.74	47.52	
37.2	35.13	55.17	37.0	45.22	6.08	39.45	24.0	43.83	39.85	54.12	12.17	23.32	59.84	5.83	1.0	54.13	39.56	64.41	37.05	22.83	43.01	13.15	64.4	40.26	39.4	40.31	21.19	17.0	65.95	62.48	23.32	7.07	51.66	18.97	41.63	58.0	21.84	55.9	52.39	45.62	20.0	0.0	13.42	44.2	67.12	49.41	63.95	60.54	19.21	25.24	11.05	14.04	57.28	17.0	63.98	26.08	58.31	50.22	5.39	50.36	17.09	1.41	34.0	23.85	43.42	25.5	37.0	49.48	32.76	59.21	36.06	28.23	48.83	24.02	30.59	66.73	1.41	45.54	40.25	55.23	8.06	52.17	50.45	65.12	51.09	1.0	36.88	35.9	55.58	35.85	44.6	29.61	49.04	13.0	47.85	9.43	35.69	46.17	23.35	38.29	62.61	48.33	61.29	20.02	48.76	41.44	8.25	48.51	12.04	15.26	56.44	14.76	38.6	58.19	39.92	43.01	62.03	46.62	9.22	58.42	41.0	9.22	20.88	65.73	18.97	30.59	58.05	55.73	59.68	
24.08	23.19	42.8	29.21	37.05	11.0	29.12	21.63	30.41	32.0	40.71	11.66	14.0	47.17	7.62	14.32	40.72	32.02	51.0	32.57	26.02	39.22	21.47	50.99	27.29	30.27	34.71	15.26	3.61	53.04	49.52	10.0	11.05	39.41	6.0	34.71	46.39	9.0	43.19	39.46	32.2	22.0	13.42	0.0	31.14	53.71	38.01	50.54	47.17	6.71	12.04	20.25	13.6	44.15	14.32	50.57	14.56	46.0	37.34	14.04	38.0	12.65	13.04	28.43	26.02	33.24	13.93	23.77	36.5	28.02	47.01	33.11	14.87	37.58	21.1	18.0	53.34	14.76	37.12	30.59	43.01	19.1	42.54	37.48	52.35	38.18	13.89	25.06	26.93	45.22	27.07	32.45	23.77	37.22	19.31	38.08	4.12	23.02	37.74	11.18	25.5	49.19	34.93	48.01	10.63	39.82	33.6	19.8	38.28	5.0	14.04	43.05	1.41	30.23	44.92	31.14	31.78	48.7	37.48	18.03	46.01	29.61	20.52	14.42	52.43	13.42	24.74	45.8	43.1	49.34	
7.07	24.0	13.34	39.0	26.4	39.96	16.55	35.13	8.06	25.5	13.15	36.25	24.04	29.41	38.42	45.0	14.56	26.4	22.2	34.48	52.77	39.4	51.86	23.02	17.46	21.02	47.0	37.16	27.59	21.93	18.38	21.21	39.45	11.0	27.02	44.1	35.47	25.24	12.53	21.93	9.22	48.76	44.2	31.14	0.0	24.52	14.32	22.09	21.38	25.0	19.1	50.99	36.4	22.83	40.31	23.0	26.57	31.14	21.26	43.05	25.81	38.08	44.05	43.29	51.89	33.96	19.7	15.0	19.85	44.55	32.56	38.08	18.36	14.76	34.13	21.59	23.77	45.61	25.61	19.24	29.73	50.21	41.23	6.4	21.4	7.21	44.82	11.05	35.0	40.31	21.84	7.81	29.07	28.65	49.2	37.95	34.83	20.0	41.98	21.1	6.32	21.02	11.4	17.46	31.76	41.76	41.19	50.93	36.4	32.45	41.34	14.04	29.73	38.05	21.54	22.36	29.12	23.54	23.35	48.84	30.48	27.66	51.62	36.25	21.93	37.12	29.15	16.49	26.91	43.27	
30.68	37.64	22.47	50.12	46.32	63.56	39.05	59.54	23.32	47.38	13.04	60.41	48.51	22.0	61.29	68.0	13.45	48.37	2.83	57.22	70.77	61.0	72.62	4.12	29.73	43.19	57.27	55.15	50.12	14.21	13.6	43.83	63.16	24.74	48.55	53.31	32.02	46.04	18.97	21.54	21.63	67.18	67.12	53.71	24.52	0.0	31.05	3.61	9.49	48.33	42.05	72.2	60.73	16.49	59.46	5.1	44.6	26.02	23.26	66.71	27.51	57.38	66.73	56.08	69.43	41.23	43.97	31.24	22.83	57.98	27.0	61.13	39.12	32.02	58.55	38.95	1.41	68.48	45.35	41.19	27.29	72.11	43.74	20.0	16.28	20.02	67.6	35.23	46.65	40.2	45.01	29.02	53.08	31.62	69.66	42.72	57.71	34.66	48.38	44.94	30.81	5.0	19.21	8.25	51.09	46.57	50.16	72.95	40.52	55.95	60.96	10.77	52.35	48.3	13.6	44.28	36.67	10.05	42.45	70.21	25.02	36.72	73.5	54.45	5.66	55.9	53.04	22.83	23.35	41.0	
18.03	37.48	9.0	52.35	15.3	44.05	10.82	33.12	22.36	17.12	24.21	38.9	26.25	42.43	44.1	50.0	26.25	18.11	29.73	27.17	62.64	30.15	59.48	31.38	31.62	13.6	60.3	47.85	34.93	21.21	19.0	29.41	43.28	6.32	35.74	57.71	49.41	34.93	12.17	35.61	23.32	58.52	49.41	38.01	14.32	31.05	0.0	30.08	31.91	31.3	27.2	58.18	38.21	35.38	50.0	31.78	38.12	44.69	35.23	46.75	39.96	47.8	49.65	56.01	62.1	48.08	24.19	28.64	33.84	57.01	46.1	31.26	29.15	1.0	32.25	34.01	29.83	50.8	14.32	11.7	43.6	56.6	55.54	12.81	19.42	12.21	50.22	13.0	48.37	54.59	16.55	7.07	25.5	42.94	57.27	52.2	40.82	33.54	56.04	26.83	15.0	29.55	25.0	22.8	41.98	55.97	54.92	57.14	50.7	37.44	50.6	23.32	36.67	51.62	33.42	14.32	43.32	34.13	11.4	55.95	43.93	41.76	57.98	46.87	26.31	47.3	25.08	10.44	40.46	57.45	
27.89	34.06	21.95	46.53	45.22	60.54	37.34	57.22	20.12	45.89	9.85	57.57	45.89	19.1	58.14	64.85	10.0	46.87	1.0	55.58	67.21	59.67	69.2	1.41	26.17	41.59	53.71	51.62	46.96	15.65	14.21	40.72	60.17	23.77	45.28	49.77	29.02	42.72	18.36	18.03	18.36	63.64	63.95	50.54	22.09	3.61	30.08	0.0	6.08	45.31	39.0	68.82	57.97	13.15	55.97	2.24	41.11	23.02	19.7	63.69	24.04	53.91	63.53	52.48	65.86	37.7	41.23	27.8	19.24	54.38	24.08	59.41	35.85	31.02	56.22	35.47	4.12	65.3	44.27	39.62	24.08	68.8	40.45	18.25	17.49	18.44	64.41	33.02	43.05	37.05	43.19	27.29	51.0	28.16	66.22	39.29	54.56	31.11	44.92	42.06	28.28	1.41	15.81	7.81	47.63	43.17	46.62	69.64	37.11	52.92	57.49	8.06	49.19	44.72	10.2	42.76	33.11	7.07	41.44	66.85	22.02	33.12	70.18	50.93	7.28	52.4	51.01	22.8	20.1	38.05	
26.02	29.0	24.76	40.82	46.52	57.57	37.64	56.01	17.26	46.49	8.25	55.11	44.1	13.34	54.78	61.47	7.0	47.43	7.07	55.79	62.24	60.41	64.9	5.39	21.4	42.06	47.85	46.86	43.66	20.88	18.79	37.64	57.28	25.81	41.63	43.86	23.09	38.91	21.21	12.08	15.3	58.8	60.54	47.17	21.38	9.49	31.91	6.08	0.0	42.45	36.14	64.66	55.73	7.07	51.4	4.47	36.62	17.12	13.89	60.73	18.03	49.41	60.01	46.87	60.81	31.78	39.2	23.71	13.6	48.83	18.25	59.44	32.31	32.76	55.01	31.06	10.2	61.85	45.62	40.16	18.03	64.88	34.37	19.24	22.47	19.72	60.93	32.39	37.44	31.02	43.17	27.86	50.36	22.14	61.85	33.24	51.26	26.4	38.9	39.62	27.07	5.0	12.37	12.08	43.27	37.11	40.72	65.76	31.05	50.0	53.01	8.6	45.88	38.95	4.12	43.32	27.29	2.24	42.94	62.77	16.12	27.46	66.24	46.23	13.04	47.8	50.49	26.25	14.04	32.14	
18.03	21.93	36.24	31.24	31.02	15.23	22.56	19.21	25.3	26.17	35.47	13.0	8.54	44.05	13.45	20.0	35.74	26.31	45.69	28.18	32.25	34.89	28.18	45.88	24.08	24.02	37.74	19.65	4.0	46.75	43.28	5.0	14.87	32.8	6.71	37.01	44.64	8.49	36.77	36.0	27.2	28.16	19.21	6.71	25.0	48.33	31.3	45.31	42.45	0.0	6.32	26.93	14.14	40.2	20.0	45.54	14.87	43.42	34.01	18.38	35.51	18.03	19.1	31.76	32.06	33.29	7.28	20.0	33.0	31.78	44.55	29.41	11.05	30.87	18.44	16.16	47.85	20.62	31.0	24.19	40.61	25.61	42.72	31.24	45.97	31.89	19.85	18.36	28.28	44.72	21.02	25.81	19.24	35.44	26.0	38.28	9.9	20.62	38.95	4.47	19.1	44.01	30.08	42.19	13.93	40.61	35.38	26.25	38.08	7.62	20.1	37.58	5.39	31.83	40.61	25.0	30.87	44.15	31.14	24.7	43.29	28.64	27.02	18.68	46.65	18.25	20.12	39.2	40.11	48.75	
12.04	17.8	31.06	29.53	29.83	21.54	20.02	23.26	18.97	25.63	29.15	19.1	10.82	38.21	19.42	26.08	29.41	26.0	39.4	29.83	35.44	36.4	33.02	39.56	18.44	22.56	36.77	21.02	8.49	41.01	37.48	2.24	21.19	27.78	8.54	35.36	39.56	8.0	31.24	30.07	20.88	31.32	25.24	12.04	19.1	42.05	27.2	39.0	36.14	6.32	0.0	32.02	20.0	34.06	22.8	39.22	13.0	37.85	28.16	24.7	30.08	20.62	25.0	31.32	34.93	29.73	6.4	14.14	27.07	31.78	39.05	31.83	5.83	26.93	22.36	12.04	41.59	26.63	29.61	22.2	35.17	31.11	39.05	25.46	40.36	26.17	25.81	14.32	26.08	40.5	20.25	21.02	21.21	30.46	30.53	34.71	15.81	15.65	36.24	4.47	13.6	37.7	23.77	36.06	15.03	37.48	33.29	31.83	34.21	13.93	23.41	31.3	10.63	29.68	34.37	23.77	26.63	37.85	29.15	29.83	37.66	24.41	32.53	20.02	40.5	20.22	21.93	34.13	34.37	44.42	
43.93	36.77	63.01	34.01	55.54	17.0	48.85	35.01	49.04	50.22	59.2	23.02	32.89	61.68	14.56	11.18	58.82	50.01	69.4	48.01	13.45	54.04	2.24	69.07	43.42	49.34	35.17	19.42	23.6	72.92	69.35	29.83	18.0	59.64	24.04	37.48	58.05	26.25	63.25	55.04	50.61	12.08	11.05	20.25	50.99	72.2	58.18	68.82	64.66	26.93	32.02	0.0	25.0	60.37	14.32	68.51	28.18	59.48	52.8	16.28	51.87	15.81	10.0	29.43	15.0	42.3	34.0	41.05	52.33	27.66	60.17	47.1	33.3	57.71	35.0	33.62	72.01	10.2	55.79	49.98	56.32	3.61	50.0	57.38	72.35	58.14	10.05	45.28	34.13	54.08	45.88	52.7	40.31	49.73	4.12	46.04	17.46	38.47	43.1	31.38	45.61	67.42	53.01	67.27	21.47	46.04	38.12	4.24	47.17	21.19	12.37	61.85	21.63	36.0	61.77	50.0	43.17	65.86	56.61	2.24	59.77	41.48	3.61	19.65	71.59	17.72	41.3	66.03	57.58	58.03	
30.08	35.74	45.22	42.8	31.78	8.0	27.59	10.05	38.47	26.4	48.27	2.24	12.53	58.14	11.7	14.14	48.84	26.0	58.24	23.02	35.44	29.07	27.02	58.69	38.21	26.63	48.08	28.32	15.23	56.94	53.71	19.1	7.0	41.62	18.79	48.27	58.69	21.54	46.65	50.04	40.45	31.95	14.04	13.6	36.4	60.73	38.21	57.97	55.73	14.14	20.0	25.0	0.0	54.04	26.08	58.46	27.73	57.56	48.09	9.49	49.65	25.0	15.0	41.73	36.06	46.52	16.76	34.06	47.04	41.11	58.69	22.2	25.18	37.48	10.0	30.08	60.08	15.13	32.2	27.8	54.74	22.09	55.9	42.05	55.76	42.49	15.03	26.93	40.5	58.31	23.02	34.67	15.81	49.48	26.31	51.43	11.4	34.71	51.31	16.12	30.08	56.75	43.42	53.85	24.21	53.34	47.2	22.2	51.48	8.6	25.06	50.0	13.89	43.83	54.23	26.93	44.6	57.56	33.62	23.02	57.43	42.38	23.19	27.59	58.31	26.25	16.76	47.8	54.23	62.39	
