180
0.0	19.72	14.21	10.44	73.41	70.29	7.62	47.2	59.67	46.86	25.18	22.56	31.3	25.5	20.0	61.03	18.03	26.4	37.54	31.58	41.79	54.56	53.94	31.62	29.97	40.36	66.84	57.31	23.71	60.9	20.62	74.97	74.06	46.27	15.81	50.09	26.02	40.72	44.38	28.6	29.02	38.63	53.14	49.09	3.61	38.29	25.32	45.28	58.0	40.5	52.35	19.03	54.23	14.14	32.06	61.01	10.44	13.42	27.02	75.69	46.01	33.97	24.19	43.27	19.24	23.32	34.21	33.54	71.51	17.72	52.77	16.76	34.67	50.16	17.26	60.0	17.03	58.14	17.03	57.7	33.11	37.48	54.74	18.44	36.25	51.61	51.87	38.42	11.0	24.7	27.86	11.4	24.21	31.95	52.2	34.21	18.03	34.0	9.85	6.0	49.4	26.08	44.94	16.4	30.59	48.84	57.7	63.6	1.0	63.89	34.01	45.61	29.15	50.29	37.48	19.31	26.57	35.78	29.07	55.04	28.18	33.62	58.31	29.07	24.08	56.92	41.3	27.07	31.02	50.8	49.25	39.45	48.51	30.41	55.07	33.24	18.11	22.56	30.41	22.2	15.81	42.19	33.14	21.02	67.42	48.09	27.59	54.41	25.08	37.0	50.01	43.19	32.76	47.38	16.12	34.53	30.27	34.48	36.4	30.81	21.47	46.1	30.23	51.04	32.14	52.0	8.06	47.41	56.86	63.82	45.0	13.93	30.81	36.4	41.11	8.94	26.0	54.13	48.17	37.01	
19.72	0.0	33.42	29.97	93.01	89.11	14.32	66.85	75.11	66.4	37.7	41.79	38.12	9.43	29.61	78.92	36.14	7.07	56.64	23.71	61.33	67.47	63.39	43.74	49.65	59.46	86.4	76.42	4.12	72.8	40.22	94.11	93.74	63.2	19.42	63.25	44.38	60.37	61.29	9.22	26.17	58.18	72.62	67.27	16.12	57.8	10.0	63.79	75.66	60.01	62.97	37.64	65.12	12.37	49.65	78.77	14.76	24.6	44.91	94.79	55.15	15.26	39.45	62.97	10.63	22.2	41.63	25.5	90.52	13.89	71.57	33.38	54.38	68.45	21.19	78.57	23.77	76.3	11.0	77.37	20.22	54.15	64.5	15.26	39.41	62.3	68.1	21.19	17.03	15.26	31.38	29.0	25.08	40.45	71.85	24.35	11.05	51.86	10.0	14.87	68.94	32.14	61.59	35.47	47.17	57.78	74.89	78.41	20.25	83.22	41.11	65.22	35.34	69.64	46.82	29.73	17.0	49.37	47.54	72.11	35.23	46.53	74.95	48.6	6.08	64.01	52.39	44.72	49.24	65.39	60.21	44.1	62.77	49.68	72.8	52.8	35.9	39.32	17.26	37.74	27.73	53.6	30.48	11.7	85.8	66.29	10.2	69.26	43.68	54.92	62.64	50.99	49.09	55.95	25.32	45.35	23.85	54.2	56.04	29.12	36.0	65.74	42.58	70.72	26.08	65.76	17.2	65.0	62.29	82.22	57.57	25.94	31.24	55.15	60.54	28.65	30.41	70.01	59.44	44.28	
14.21	33.42	0.0	8.06	59.64	56.08	21.63	33.62	55.01	33.02	18.44	14.32	28.6	37.58	27.17	52.77	15.0	39.66	23.35	44.6	30.27	53.15	46.1	33.62	18.11	26.17	53.01	43.14	37.2	60.14	7.28	60.81	60.54	40.31	22.09	39.46	19.72	28.64	31.05	42.52	40.79	27.17	41.59	40.79	17.69	24.41	37.16	36.5	50.22	29.15	43.66	14.14	45.22	24.7	26.42	52.95	20.62	15.03	21.63	61.52	48.88	48.08	14.32	29.97	33.29	29.02	39.85	46.49	57.31	31.3	43.05	17.46	21.54	41.59	28.64	45.8	20.1	49.5	27.86	45.22	47.01	32.76	46.62	31.78	44.41	52.63	38.83	52.63	23.77	38.47	37.01	6.0	28.28	27.59	38.59	47.54	28.79	20.25	23.43	18.6	37.66	25.5	31.78	2.24	27.02	51.62	44.01	59.54	13.45	52.61	30.48	31.91	36.5	39.2	41.15	17.46	40.25	35.47	21.93	41.44	26.08	34.41	44.92	15.26	38.18	50.77	33.11	22.2	24.17	39.0	40.5	37.01	37.05	16.28	41.15	22.02	15.81	20.62	44.42	12.53	14.56	33.62	44.41	31.62	53.25	39.81	41.77	50.77	18.36	30.08	39.81	47.42	29.21	50.61	25.02	27.46	43.01	21.84	22.83	34.71	23.26	33.96	32.25	37.59	44.64	49.82	17.46	33.62	52.01	49.65	35.17	14.14	41.05	22.2	30.07	7.07	35.01	49.19	39.22	42.38	
10.44	29.97	8.06	0.0	63.78	61.85	16.4	37.54	50.92	37.48	25.55	12.17	34.66	35.9	19.1	51.01	8.94	36.77	29.15	37.58	31.38	47.43	53.85	26.4	19.72	31.91	57.31	48.6	34.01	54.2	11.66	66.07	64.2	36.88	23.77	47.52	16.12	30.41	38.64	38.59	33.24	28.23	42.72	39.0	13.93	29.07	35.69	35.06	48.09	30.08	51.55	9.22	53.16	24.02	22.56	51.04	20.0	18.36	17.46	66.84	41.62	43.6	22.14	33.42	27.59	31.32	31.95	39.4	62.8	25.0	42.43	10.0	24.84	40.01	21.19	51.97	23.26	48.01	27.07	47.41	40.8	28.46	54.42	25.24	36.35	45.97	46.53	47.38	17.2	32.2	29.0	10.63	31.38	34.21	42.52	40.71	28.07	27.66	20.25	16.28	39.0	30.61	39.46	10.0	21.93	44.41	51.24	55.15	10.2	53.45	36.88	36.07	28.44	39.85	33.62	22.67	33.84	29.07	19.03	48.76	31.83	27.59	52.39	20.0	33.84	58.18	40.85	17.72	21.1	47.01	48.38	43.14	45.1	21.95	48.1	22.85	9.43	14.42	38.42	20.25	19.21	41.44	36.67	31.06	59.54	38.0	37.01	46.1	15.03	27.17	47.85	39.82	24.17	43.27	17.12	34.89	35.85	24.41	26.87	38.08	15.81	35.78	25.0	41.23	37.34	44.42	17.03	40.8	59.08	55.95	43.17	18.03	33.14	28.64	30.68	2.24	27.0	45.22	47.13	34.54	
73.41	93.01	59.64	63.78	0.0	15.81	80.16	26.25	59.0	26.63	64.2	53.81	73.98	96.9	76.4	43.1	60.96	99.3	37.12	99.36	35.51	69.58	68.47	70.66	44.55	34.44	6.71	19.24	96.83	75.17	52.8	10.82	4.24	51.42	79.61	55.23	54.41	35.0	41.19	102.0	93.41	38.01	28.16	42.95	77.01	35.23	96.38	42.06	45.0	36.89	64.38	58.8	63.64	83.86	53.71	44.1	79.92	72.01	55.47	11.66	79.7	107.3	58.87	30.41	91.29	84.69	80.95	100.9	12.81	88.39	36.5	65.3	38.95	41.77	82.88	22.2	76.06	41.0	86.95	20.88	103.97	55.15	67.6	88.39	89.07	76.69	41.19	111.13	80.62	95.46	85.7	64.66	82.64	70.61	21.26	102.83	87.82	44.6	83.01	78.24	29.55	75.58	42.11	57.69	58.18	81.04	33.73	63.07	72.8	26.17	73.35	27.8	82.15	31.62	77.47	70.38	96.9	66.31	51.87	35.36	73.76	68.45	37.11	44.41	97.45	76.53	63.13	56.3	51.62	49.25	63.13	78.77	51.09	43.57	31.14	42.64	61.72	61.61	101.82	59.62	69.78	62.07	95.44	90.43	21.47	43.17	100.77	61.29	54.2	49.66	57.22	82.28	58.14	81.61	77.34	64.94	97.31	39.6	37.01	87.28	67.42	30.53	70.24	22.63	98.23	65.76	76.85	36.12	81.3	22.14	58.0	70.66	90.7	39.4	37.22	64.66	84.05	56.22	62.07	81.86	
70.29	89.11	56.08	61.85	15.81	0.0	77.62	26.93	69.23	25.63	56.08	54.13	64.47	91.55	77.39	54.41	61.27	94.79	32.8	99.13	39.46	78.1	55.01	74.46	44.78	30.0	13.89	13.42	92.63	84.38	50.22	7.0	20.0	59.01	73.41	42.19	56.3	37.85	30.87	98.31	93.94	41.0	36.35	51.16	73.76	33.12	90.91	49.0	55.54	40.61	51.04	59.03	50.0	78.64	57.49	55.36	75.01	66.07	57.87	7.07	85.71	104.06	51.61	31.32	89.2	77.39	84.48	100.85	3.16	86.84	45.54	65.74	38.48	50.25	82.49	10.82	69.4	51.66	81.57	29.83	102.65	60.53	54.0	87.09	92.03	84.05	28.44	108.71	79.06	94.05	87.32	60.11	74.95	60.93	23.19	102.4	82.33	37.64	79.25	74.28	36.01	67.12	31.38	53.91	61.85	87.46	20.1	73.76	69.53	38.48	63.32	27.51	84.5	39.12	82.0	63.25	95.69	71.2	54.41	22.36	64.85	72.78	23.0	41.88	94.18	63.0	51.66	58.82	54.82	36.22	50.25	68.01	38.47	40.0	18.97	44.27	62.17	63.32	100.21	52.8	63.41	50.45	96.61	84.65	6.08	51.09	97.84	70.35	55.71	54.59	44.18	87.48	62.37	87.69	77.41	54.78	97.25	39.92	35.78	78.71	69.08	35.13	73.76	25.18	98.49	74.06	72.14	25.94	68.03	8.25	45.89	64.66	92.2	33.97	41.44	62.2	85.49	65.49	49.37	85.87	
7.62	14.32	21.63	16.4	80.16	77.62	0.0	53.91	61.4	53.76	32.0	27.73	36.69	22.09	17.49	64.63	21.84	21.38	44.82	24.19	47.41	54.71	60.41	31.02	36.06	47.63	73.66	64.54	18.44	60.54	27.59	82.13	80.6	49.04	18.87	57.31	30.08	46.65	52.0	22.36	22.36	44.29	58.6	52.95	5.0	45.25	22.2	49.48	61.4	46.07	59.08	23.41	61.03	14.21	35.36	64.5	12.21	19.24	30.59	82.88	44.1	27.2	31.58	49.82	11.66	25.5	31.24	26.17	78.75	10.2	57.28	19.1	41.23	54.13	11.66	67.42	21.54	61.98	16.12	63.63	25.5	40.01	61.29	11.05	31.62	50.54	59.46	31.14	5.0	17.09	23.02	18.97	27.2	37.85	58.9	26.68	17.0	41.59	6.71	7.62	55.01	31.02	52.55	23.85	33.02	46.87	65.31	64.94	8.54	69.08	39.56	52.4	25.46	55.54	35.51	25.32	18.97	36.14	33.24	62.65	33.53	33.53	65.92	36.07	17.49	62.82	48.04	30.41	34.93	58.25	56.04	44.38	55.9	37.64	62.65	38.95	21.59	25.08	22.83	29.61	22.09	49.01	26.68	19.7	74.89	51.97	20.62	55.73	29.41	40.61	57.14	40.61	35.0	45.22	13.04	41.11	23.02	40.8	43.19	33.3	22.2	51.97	29.73	57.63	25.0	52.63	11.7	55.01	62.3	71.28	52.09	20.1	25.08	43.83	46.52	15.56	21.4	56.14	55.01	34.06	
47.2	66.85	33.62	37.54	26.25	26.93	53.91	0.0	46.52	2.83	41.11	28.02	52.0	71.12	51.11	34.71	35.23	73.25	13.0	73.6	13.04	53.15	54.12	47.54	18.6	11.18	19.8	14.04	70.72	59.91	26.63	29.53	26.93	33.96	54.42	41.34	29.55	11.05	24.7	75.8	67.96	14.14	15.62	27.31	50.8	9.49	70.66	24.04	34.41	14.0	50.12	33.02	50.25	58.14	30.59	35.47	54.12	46.82	31.02	30.41	59.14	81.06	35.23	4.47	65.07	60.17	57.57	75.21	26.93	62.24	23.6	39.66	12.73	26.83	57.01	20.1	51.24	31.24	61.27	14.32	77.9	34.01	53.71	62.29	65.19	58.14	29.7	84.9	54.45	69.35	60.83	38.91	58.46	49.04	5.0	77.01	62.17	22.09	56.86	52.15	12.81	52.35	26.08	31.76	34.93	61.03	27.29	51.43	46.62	24.7	52.09	2.0	57.78	16.4	55.11	46.1	70.84	44.41	27.51	26.63	51.09	45.89	30.53	18.36	71.22	61.74	44.92	31.95	27.89	36.4	47.85	58.31	36.89	18.03	22.83	17.46	36.06	36.67	75.69	35.51	44.92	44.27	70.33	64.88	27.02	26.93	74.52	46.17	29.07	28.02	43.05	60.67	35.51	61.13	51.61	44.41	71.61	13.6	10.82	63.79	42.49	9.85	46.84	4.12	72.67	49.03	51.0	21.26	65.55	24.02	41.63	45.54	65.76	16.03	15.03	38.42	59.06	41.79	46.52	58.94	
59.67	75.11	55.01	50.92	59.0	69.23	61.4	46.52	0.0	49.19	72.4	40.71	83.35	83.49	46.04	16.28	42.06	82.05	53.41	66.22	34.67	13.45	95.46	32.25	41.11	53.82	56.32	59.14	79.06	16.76	49.93	68.26	56.08	15.0	74.63	84.39	35.34	37.44	68.6	81.06	58.94	35.61	32.98	19.24	62.17	48.6	83.6	23.02	14.0	34.41	91.93	41.79	92.7	73.76	28.64	15.3	70.09	69.08	33.62	69.26	29.41	83.49	66.85	43.91	67.07	82.22	39.22	66.76	67.74	63.07	23.77	42.95	43.93	19.7	55.08	65.79	74.09	18.0	76.49	39.46	73.76	22.47	95.46	62.13	47.01	22.63	75.17	83.55	58.08	67.6	49.48	60.42	82.28	81.84	47.76	69.64	77.47	60.83	67.74	65.51	34.18	80.5	70.0	55.07	29.12	29.07	73.79	5.0	59.91	33.14	84.91	47.41	44.38	30.68	33.24	72.45	67.9	26.08	33.12	72.95	81.01	29.15	76.94	48.84	76.03	101.98	83.63	33.24	30.89	80.6	89.1	91.59	80.28	51.62	69.32	37.48	41.76	37.11	73.16	65.73	69.35	83.55	58.19	80.41	71.57	19.72	77.23	6.32	36.67	25.24	85.7	34.13	26.93	30.61	50.0	80.0	64.03	41.77	46.23	88.96	39.2	36.67	33.14	45.88	63.6	11.66	67.45	66.57	104.48	69.26	82.73	68.54	53.45	56.08	33.02	53.14	49.03	5.83	87.68	38.08	
46.86	66.4	33.02	37.48	26.63	25.63	53.76	2.83	49.19	0.0	39.32	28.65	50.04	70.33	51.88	37.54	35.85	72.67	11.18	74.06	15.3	55.54	51.43	49.03	19.24	9.0	20.0	12.37	70.21	62.36	26.25	28.84	27.73	36.4	53.31	38.59	30.68	13.04	21.95	75.43	68.6	16.0	18.44	29.97	50.45	8.6	69.84	26.57	37.2	16.12	47.41	33.62	47.51	57.31	32.25	38.29	53.34	45.69	32.28	29.68	61.03	80.81	33.54	6.0	65.07	58.82	58.94	75.72	25.94	62.37	26.4	40.31	13.04	29.53	57.43	18.0	49.98	34.06	60.42	16.76	78.1	36.01	51.0	62.48	66.41	60.3	26.87	84.85	54.56	69.53	61.74	38.08	57.01	47.0	6.08	77.42	61.29	20.0	56.4	51.61	15.62	50.64	23.32	31.06	36.5	63.0	24.6	54.12	46.23	27.31	50.01	2.0	58.87	19.21	56.72	44.64	71.06	46.17	28.86	23.85	49.25	47.52	27.78	17.8	70.94	59.09	42.45	33.24	29.43	33.6	45.19	56.14	34.13	17.0	20.12	18.68	36.72	37.7	75.82	33.96	43.66	41.76	71.12	63.95	25.18	29.55	74.33	48.7	30.08	30.02	40.31	62.39	37.22	63.03	52.15	42.19	72.11	14.32	10.63	62.17	43.46	12.53	48.27	6.08	73.25	51.42	50.25	18.44	62.97	22.02	39.0	44.38	66.64	14.04	17.26	38.21	59.93	44.38	43.86	60.42	
25.18	37.7	18.44	25.55	64.2	56.08	32.0	41.11	72.4	39.32	0.0	32.02	11.4	37.2	43.66	68.01	33.42	41.68	28.16	56.08	43.17	71.45	28.86	51.87	32.31	30.41	57.57	45.31	40.25	78.49	22.47	62.18	66.22	57.45	18.87	25.71	37.64	40.79	25.61	46.52	54.15	40.52	53.46	56.46	27.0	32.0	36.4	52.0	65.92	42.45	27.17	32.56	29.07	25.5	44.2	68.35	23.09	13.34	39.7	62.65	67.12	52.8	6.08	39.01	42.43	21.4	57.27	58.08	58.18	42.05	57.28	35.51	32.56	57.01	42.43	45.28	14.42	64.51	27.78	55.0	56.09	50.61	29.61	43.01	60.73	71.06	31.24	58.87	36.12	48.37	52.63	15.23	18.87	9.43	45.4	58.31	28.3	19.65	29.61	25.18	49.5	11.4	25.5	17.69	45.28	69.89	38.9	77.1	24.19	64.28	12.53	39.12	53.14	51.97	59.17	8.06	50.36	53.91	39.41	36.07	10.0	52.8	38.29	25.71	43.66	32.65	16.12	40.36	41.62	27.73	24.08	19.24	25.08	24.19	37.8	36.4	34.21	39.05	53.15	6.71	10.2	17.03	58.31	30.0	51.61	55.54	47.76	68.6	36.24	47.17	25.32	65.37	47.42	68.8	40.52	9.49	55.01	33.96	32.14	23.09	41.34	45.4	50.48	45.18	57.0	68.01	21.38	30.23	33.6	48.26	20.22	12.17	55.9	25.32	43.68	23.71	50.7	66.57	23.02	59.93	
22.56	41.79	14.32	12.17	53.81	54.13	27.73	28.02	40.71	28.65	32.02	0.0	42.72	48.05	23.26	39.12	7.21	48.7	23.19	45.61	19.72	39.62	57.69	23.35	9.43	25.5	47.63	40.72	45.88	46.75	10.0	57.45	53.76	26.0	35.23	48.85	5.66	19.21	36.35	50.09	39.96	16.64	30.87	27.07	25.96	21.19	47.85	23.0	36.35	18.36	54.71	5.0	55.95	36.12	12.21	39.2	32.06	28.86	7.81	58.31	37.95	54.71	26.87	23.6	38.01	42.58	32.02	47.2	54.59	34.83	30.27	11.66	15.65	28.02	29.07	45.22	33.96	36.01	39.2	36.06	50.21	18.6	57.98	34.71	38.64	40.31	44.28	57.8	27.2	41.77	33.24	19.92	42.2	41.4	32.8	49.04	40.2	25.71	32.28	28.44	27.29	39.81	37.48	14.42	13.6	40.5	47.1	45.28	22.36	41.44	44.41	26.93	30.81	27.86	31.4	31.78	43.14	23.26	7.62	45.01	40.31	23.09	49.0	14.0	45.18	63.25	45.0	8.6	9.85	46.84	51.62	51.04	45.54	17.03	43.29	11.4	8.06	10.0	48.17	25.5	28.79	45.22	42.49	43.19	52.81	26.08	48.02	36.62	4.24	15.81	49.66	37.66	15.62	39.85	23.6	40.31	43.6	14.42	18.38	48.76	15.3	24.41	22.2	31.24	44.65	36.07	29.02	37.0	65.07	49.34	45.65	28.16	38.08	24.0	18.79	14.04	31.38	34.89	50.25	34.01	
31.3	38.12	28.6	34.66	73.98	64.47	36.69	52.0	83.35	50.04	11.4	42.72	0.0	34.79	51.11	79.38	43.19	40.26	39.0	59.54	54.57	81.69	25.32	60.96	43.66	41.05	67.47	54.82	39.62	88.62	33.54	70.94	76.3	68.48	19.03	27.8	48.26	52.17	33.62	45.89	58.94	51.92	64.78	67.78	31.95	43.1	33.84	63.32	77.25	53.85	25.3	42.64	27.51	26.0	54.92	79.71	25.32	17.89	50.22	71.31	76.06	52.17	17.46	50.16	45.28	17.09	65.19	61.52	66.85	45.89	68.68	44.6	43.93	68.35	48.1	53.85	15.3	75.89	27.17	66.07	58.0	61.29	26.48	47.07	67.54	80.62	37.44	58.86	41.44	51.24	59.09	24.04	13.93	3.61	56.08	61.2	27.29	30.07	32.39	29.12	60.83	6.0	33.11	28.3	55.61	78.87	45.79	87.98	30.41	75.54	3.0	50.0	60.42	63.35	67.8	12.21	53.24	63.66	50.25	43.05	3.16	62.24	44.41	37.11	44.18	26.31	15.81	50.8	52.48	31.83	22.85	8.49	29.0	35.51	45.62	47.76	43.86	48.84	55.0	18.03	15.81	17.2	63.32	27.89	59.48	66.85	48.26	79.32	46.87	58.18	26.63	73.82	57.8	77.62	47.41	10.0	58.86	45.35	43.42	14.87	50.33	56.72	59.55	56.01	61.0	78.41	25.0	38.63	25.63	56.36	22.02	17.49	61.68	36.01	55.08	32.56	57.27	77.52	22.36	67.96	
25.5	9.43	37.58	35.9	96.9	91.55	22.09	71.12	83.49	70.33	37.2	48.05	34.79	0.0	38.6	86.28	43.19	6.08	59.91	32.2	67.05	76.4	59.91	52.63	55.03	62.68	90.21	79.4	7.21	81.91	44.78	97.01	98.01	71.0	18.44	61.72	51.35	65.79	62.29	12.17	35.38	63.89	78.45	74.43	22.2	61.77	1.0	70.71	83.15	65.8	60.08	44.41	62.3	13.04	57.08	86.21	17.0	25.5	52.15	97.62	64.47	18.0	40.31	67.54	20.0	17.72	50.99	33.84	93.24	23.32	78.26	41.0	59.09	75.54	30.46	80.81	22.8	83.49	10.0	82.64	27.31	62.01	61.13	24.7	48.83	71.51	68.41	25.02	25.71	24.08	40.82	32.25	20.88	37.7	76.06	32.25	9.22	53.91	16.03	19.65	74.63	29.15	62.37	39.36	55.01	67.12	75.82	86.98	25.71	89.29	37.64	69.35	44.72	75.69	56.08	29.21	25.61	58.05	54.45	73.0	32.31	55.32	75.43	52.77	13.04	59.41	50.16	52.09	56.32	64.66	57.58	39.32	61.91	53.34	74.25	58.52	43.1	47.0	24.6	38.9	28.28	51.48	39.6	7.21	87.73	73.44	16.16	77.78	50.49	62.2	60.84	60.37	57.04	65.31	34.21	43.38	32.65	59.24	60.37	23.0	44.28	71.17	51.42	75.13	34.83	74.53	20.12	66.47	57.04	84.22	55.9	26.91	40.61	58.01	66.48	34.21	39.82	78.23	57.01	53.67	
20.0	29.61	27.17	19.1	76.4	77.39	17.49	51.11	46.04	51.88	43.66	23.26	51.11	38.6	0.0	52.2	16.16	36.35	45.88	23.43	41.11	37.85	72.42	14.14	32.65	48.38	70.46	63.98	33.38	43.32	29.27	80.62	75.93	35.74	35.36	66.61	22.02	41.4	57.22	35.01	17.03	38.42	50.99	41.59	20.52	44.38	38.9	39.12	48.7	39.7	70.34	18.38	72.03	31.62	24.41	51.87	29.07	33.29	21.21	81.49	26.63	37.66	41.0	46.65	21.02	42.52	14.21	24.76	77.83	17.03	47.17	11.7	38.91	42.94	9.06	68.35	37.01	50.16	33.62	57.28	29.53	26.93	73.08	16.12	17.26	33.11	65.19	38.63	13.0	22.14	10.2	28.46	43.84	51.43	55.76	27.02	34.48	46.17	24.19	24.08	48.08	46.04	58.14	29.07	20.59	29.41	69.23	49.04	20.81	60.22	53.71	50.12	9.49	47.51	18.03	38.95	22.85	20.0	24.76	66.91	48.02	17.03	70.71	36.4	30.0	76.16	59.48	20.52	25.5	66.07	67.19	59.36	64.2	39.05	65.73	33.84	15.23	14.87	28.23	39.05	35.36	60.17	19.24	37.12	75.96	40.71	31.26	40.0	22.2	29.68	66.91	23.35	21.93	27.8	4.47	53.14	21.26	37.59	41.63	50.25	9.22	46.1	13.04	54.08	21.93	36.22	27.59	58.86	76.48	72.45	62.17	33.62	14.87	46.1	39.62	20.4	8.25	41.3	65.97	17.03	
61.03	78.92	52.77	51.01	43.1	54.41	64.63	34.71	16.28	37.54	68.01	39.12	79.38	86.28	52.2	0.0	43.1	85.99	44.41	74.69	25.55	28.64	87.42	40.31	35.74	44.05	41.0	45.65	83.02	32.98	46.32	52.77	40.0	16.55	74.33	75.29	35.01	28.3	58.8	86.12	67.54	27.73	19.42	12.04	64.12	39.41	86.21	16.28	3.61	25.94	83.6	42.01	84.02	75.0	29.27	1.0	71.01	67.74	34.13	53.76	42.64	89.56	62.03	33.3	72.53	81.61	49.41	75.59	52.63	68.68	11.4	45.54	36.24	11.18	61.03	52.35	72.84	3.61	78.01	24.7	81.54	25.3	87.2	68.01	57.8	37.22	64.38	90.82	62.37	74.33	58.18	58.69	81.05	77.25	34.67	78.26	79.01	53.0	70.26	67.03	21.93	77.62	60.21	52.17	32.02	43.01	61.61	20.0	61.01	17.0	80.41	36.07	53.34	18.38	44.05	69.86	75.03	34.13	32.0	61.22	77.49	37.22	65.0	42.54	81.02	94.58	76.66	34.23	30.02	70.77	81.02	87.09	70.94	44.72	57.2	31.62	43.19	39.62	80.41	61.35	67.27	76.32	67.74	82.01	57.38	13.04	82.97	20.12	36.0	24.08	76.84	46.69	30.36	44.2	55.36	74.25	72.45	34.44	37.74	87.48	43.68	25.5	40.71	33.02	72.47	25.55	68.03	55.87	97.75	55.46	74.63	66.91	62.77	47.43	24.6	53.04	57.25	15.26	79.63	49.04	
18.03	36.14	15.0	8.94	60.96	61.27	21.84	35.23	42.06	35.85	33.42	7.21	43.19	43.19	16.16	43.1	0.0	43.17	29.83	38.42	26.4	38.6	60.83	18.79	16.64	32.28	54.82	47.85	40.26	45.45	14.14	64.66	60.81	28.28	32.57	53.16	8.25	26.17	42.01	44.01	32.76	23.43	37.22	31.26	21.02	28.23	43.1	27.66	40.01	25.0	58.18	2.24	59.62	32.14	14.04	43.05	28.28	27.29	9.0	65.51	34.0	48.3	29.15	30.81	31.38	40.16	26.17	40.0	61.77	28.02	35.44	4.47	22.83	32.39	21.93	52.2	32.2	40.31	35.06	42.8	43.19	19.65	61.27	27.8	32.14	37.64	50.01	51.04	20.59	34.83	26.25	19.21	40.31	42.45	40.0	41.87	36.06	31.06	27.17	24.02	33.84	39.41	43.05	16.12	13.0	36.72	53.46	46.24	18.11	47.42	45.25	34.13	24.19	34.0	26.57	31.4	36.12	20.52	11.4	51.24	40.46	19.42	55.15	20.4	39.0	65.73	47.89	9.06	13.15	51.79	55.04	51.66	50.22	23.19	49.82	18.38	1.0	5.66	41.23	27.46	28.02	48.3	35.34	39.05	59.81	30.27	41.59	37.16	7.62	19.03	53.76	32.89	15.23	35.78	16.4	42.44	36.4	21.63	25.5	47.01	9.06	31.24	17.46	38.42	37.44	35.51	25.5	43.19	67.01	56.3	49.4	26.93	31.02	30.27	25.24	11.18	24.35	36.4	53.71	28.44	
26.4	7.07	39.66	36.77	99.3	94.79	21.38	73.25	82.05	72.67	41.68	48.7	40.26	6.08	36.35	85.99	43.17	0.0	62.63	26.91	68.15	74.15	65.51	50.49	56.36	65.44	92.66	82.33	3.0	79.31	46.65	100.0	100.17	70.26	22.83	66.71	51.42	67.12	66.22	6.08	30.81	65.0	79.48	74.33	22.85	64.07	7.07	70.83	82.73	66.85	65.52	44.64	67.72	16.4	56.72	85.84	19.8	29.21	51.97	100.66	61.35	12.04	44.2	69.46	16.16	23.35	47.76	28.43	96.33	19.92	78.59	40.45	60.9	75.5	27.66	84.15	27.29	83.36	13.89	84.1	21.47	61.2	66.71	21.19	44.78	68.68	72.67	19.0	24.0	19.21	37.16	34.83	26.48	43.01	78.23	26.63	13.42	57.28	16.55	21.1	75.77	34.48	66.4	41.62	54.23	63.91	79.81	85.29	26.83	90.14	43.17	71.56	41.44	76.55	53.16	33.62	20.52	56.22	54.57	77.01	37.64	53.34	79.63	54.92	7.81	65.28	55.36	51.79	56.29	69.35	62.94	45.18	66.65	55.8	77.99	59.62	42.95	46.39	18.87	42.64	32.2	56.65	34.83	12.37	91.24	73.35	10.3	76.16	50.7	61.98	65.92	57.01	56.14	62.03	32.14	48.47	27.59	60.83	62.43	29.02	43.01	72.5	49.37	77.18	29.7	72.56	22.67	70.18	63.01	87.69	60.93	30.61	36.36	60.96	67.42	35.34	36.4	77.0	62.3	50.33	
37.54	56.64	23.35	29.15	37.12	32.8	44.82	13.0	53.41	11.18	28.16	23.19	39.0	59.91	45.88	44.41	29.83	62.63	0.0	66.65	19.1	57.27	43.01	46.01	15.13	2.83	30.41	19.8	60.31	64.4	17.49	37.48	38.63	39.12	42.49	31.11	27.02	16.28	15.26	65.8	61.85	17.8	26.93	34.66	41.04	5.0	59.36	30.48	43.28	19.1	39.2	27.66	39.7	46.87	30.81	45.0	43.01	34.89	29.07	38.18	59.68	71.42	22.36	11.7	56.4	47.76	55.15	68.43	33.97	54.08	33.02	34.21	9.85	34.66	50.09	22.83	39.0	40.8	49.93	27.17	69.89	36.06	42.8	54.38	61.81	60.44	22.47	75.93	46.32	61.29	56.04	27.8	45.88	36.06	17.26	69.84	50.77	9.22	46.69	41.77	23.26	39.46	16.64	21.21	34.37	61.98	24.0	58.41	36.8	37.11	39.12	11.0	53.94	26.42	54.04	33.53	62.97	44.55	26.31	22.09	38.12	45.18	26.17	9.49	61.52	50.25	32.7	30.07	27.66	27.2	36.62	45.4	26.91	7.21	20.1	17.09	30.81	33.14	67.42	22.8	32.7	32.2	64.85	53.34	30.41	33.97	65.12	51.62	26.0	30.46	32.56	60.13	35.69	61.66	45.31	31.58	64.85	12.08	7.21	50.99	38.47	19.24	45.0	17.03	66.21	53.23	40.0	14.32	53.67	26.83	30.23	33.54	60.73	3.16	20.52	29.41	54.12	48.01	35.23	57.04	
31.58	23.71	44.6	37.58	99.36	99.13	24.19	73.6	66.22	74.06	56.08	45.61	59.54	32.2	23.43	74.69	38.42	26.91	66.65	0.0	64.35	55.44	84.1	34.54	55.0	69.35	93.24	85.76	25.0	59.01	49.19	102.9	99.09	58.14	40.61	81.5	45.25	64.44	75.58	22.02	7.28	61.55	74.41	64.66	29.15	66.04	33.02	62.43	71.11	62.94	83.0	40.61	85.01	33.96	47.8	74.25	34.23	43.0	44.6	103.73	40.0	20.62	55.73	69.2	14.32	45.22	27.29	2.0	99.86	14.04	70.46	34.06	61.03	66.04	16.64	89.47	44.28	72.95	33.84	80.62	8.06	49.74	85.05	13.15	21.1	48.01	83.24	18.03	20.88	8.54	16.76	42.95	47.8	61.2	78.41	3.61	34.18	64.85	27.17	31.0	71.45	53.6	76.24	46.82	43.83	42.05	88.6	68.25	32.56	83.6	62.51	72.42	21.84	70.94	33.38	49.01	6.71	40.85	48.1	86.03	56.44	37.7	89.49	57.31	19.21	85.84	72.01	43.93	48.92	82.38	80.01	66.49	80.06	59.48	85.62	56.73	37.64	38.21	8.94	53.76	46.01	73.03	9.22	35.34	97.06	63.81	17.03	59.91	45.28	53.01	81.3	35.01	44.94	40.05	22.02	65.0	2.24	60.0	63.51	52.55	32.65	69.31	34.01	76.84	3.16	55.11	35.01	78.19	84.72	93.48	76.24	44.01	13.04	66.21	62.94	37.7	17.46	62.3	79.03	29.07	
41.79	61.33	30.27	31.38	35.51	39.46	47.41	13.04	34.67	15.3	43.17	19.72	54.57	67.05	41.11	25.55	26.4	68.15	19.1	64.35	0.0	40.26	62.01	35.47	12.17	19.21	29.97	27.0	65.39	47.13	23.09	41.11	34.83	21.19	52.35	50.21	19.1	2.83	34.06	69.77	58.14	3.16	11.4	15.62	45.31	14.14	66.76	11.66	24.21	1.41	58.26	24.41	58.8	54.57	18.38	26.08	50.45	45.1	20.0	42.06	46.27	74.43	37.11	9.49	57.69	59.08	45.69	65.8	39.05	54.41	14.32	30.48	10.77	15.56	48.17	33.14	50.04	21.95	57.72	16.4	69.53	21.1	61.85	54.2	53.67	45.1	40.5	77.42	46.87	61.22	50.22	36.22	58.0	52.2	16.28	67.88	58.69	27.46	51.62	47.43	7.62	53.46	35.47	29.07	22.85	48.09	39.56	39.66	41.44	22.36	55.36	13.34	46.65	9.0	42.72	46.1	62.48	31.78	16.4	38.48	52.95	33.53	42.54	17.46	64.88	69.07	51.11	20.81	16.12	46.1	55.61	61.98	45.97	19.31	35.11	8.54	27.02	26.25	67.62	36.67	44.0	50.77	60.0	61.61	40.0	15.0	67.74	33.62	19.1	15.13	51.66	48.05	23.09	48.26	42.45	48.85	62.24	9.22	12.21	64.07	32.02	5.0	34.93	14.32	63.03	36.14	47.3	31.91	72.2	37.05	49.2	44.05	55.22	22.02	2.0	32.89	48.6	29.53	54.2	46.82	
54.56	67.47	53.15	47.43	69.58	78.1	54.71	53.15	13.45	55.54	71.45	39.62	81.69	76.4	37.85	28.64	38.6	74.15	57.27	55.44	40.26	0.0	97.01	23.77	43.05	58.31	66.07	66.75	71.2	7.21	49.58	78.06	67.08	19.24	70.24	87.13	33.97	42.72	72.45	72.34	48.26	40.16	42.01	27.0	56.46	52.92	76.66	29.27	25.63	39.56	93.81	39.05	94.87	68.15	27.8	27.73	64.88	65.73	31.83	79.06	16.55	74.01	66.48	49.73	58.42	77.83	28.16	55.73	77.01	54.45	33.14	38.08	47.42	28.02	46.53	73.16	70.49	29.41	70.58	49.09	63.29	21.63	97.2	53.34	35.17	9.22	79.71	73.25	50.7	58.01	39.05	57.8	78.39	80.72	55.44	58.69	71.51	63.29	61.35	60.01	42.11	78.01	73.79	53.76	26.17	15.81	79.7	13.42	55.01	44.64	83.63	53.6	34.01	39.01	22.09	70.0	58.01	18.79	32.8	78.43	79.03	21.19	82.54	50.77	67.48	102.83	84.5	31.11	30.81	84.12	90.8	90.14	83.35	53.85	75.29	40.25	38.01	33.02	63.07	65.05	66.61	84.65	46.87	74.33	79.63	27.02	68.12	8.54	35.38	26.83	88.2	21.54	24.04	17.49	42.2	79.93	53.34	45.19	50.16	85.09	33.11	43.57	25.0	53.46	52.61	4.12	62.61	71.31	104.69	76.94	84.63	65.46	42.43	59.48	38.33	49.65	39.0	13.6	89.4	26.48	
53.94	63.39	46.1	53.85	68.47	55.01	60.41	54.12	95.46	51.43	28.86	57.69	25.32	59.91	72.42	87.42	60.83	65.51	43.01	84.1	62.01	97.01	0.0	79.61	54.49	43.57	62.97	50.22	64.94	104.2	47.71	62.01	71.85	80.62	44.1	13.34	63.25	59.2	29.55	71.2	82.73	60.31	69.46	77.34	55.44	48.01	58.94	73.0	86.21	61.85	4.12	59.54	5.1	51.16	69.2	88.01	50.0	41.19	65.46	62.03	94.83	77.47	31.78	54.38	70.01	42.2	85.8	86.09	58.0	70.18	76.03	63.56	51.74	77.47	71.2	46.27	40.01	83.82	52.47	68.03	83.1	75.43	1.41	71.25	89.56	97.94	27.29	84.17	64.78	76.01	81.49	43.97	39.05	23.02	56.46	86.01	52.61	34.71	57.01	53.15	66.04	31.26	28.23	44.72	71.28	97.53	35.01	100.41	52.95	78.72	22.36	52.35	81.91	69.34	87.24	35.13	78.01	80.78	64.2	33.14	28.16	80.13	32.02	46.69	69.46	8.06	13.0	66.29	66.22	19.24	6.4	21.47	17.72	43.84	37.34	57.98	61.72	66.24	80.1	33.62	38.33	12.53	86.98	53.15	49.04	76.58	73.55	92.76	61.85	70.84	11.4	93.52	73.24	96.6	69.38	19.42	83.22	53.81	49.82	38.08	69.35	62.13	78.26	57.27	85.29	93.24	49.09	33.84	13.04	47.01	12.81	40.31	84.72	40.0	63.25	52.2	79.56	89.81	7.81	88.39	
31.62	43.74	33.62	26.4	70.66	74.46	31.02	47.54	32.25	49.03	51.87	23.35	60.96	52.63	14.14	40.31	18.79	50.49	46.01	34.54	35.47	23.77	79.61	0.0	31.02	48.01	65.39	61.39	47.52	29.55	32.57	76.55	69.46	23.85	47.43	71.78	19.0	36.69	59.68	49.01	27.31	33.53	43.27	31.14	33.12	43.1	52.89	29.83	36.72	34.18	76.97	20.25	78.39	44.72	17.09	39.82	41.68	43.86	17.03	77.49	15.26	51.24	47.89	43.17	35.01	54.92	10.3	35.34	74.33	31.02	37.48	16.4	37.12	32.56	23.02	66.75	48.27	38.83	47.01	50.25	41.76	16.28	80.06	30.0	18.6	20.0	67.6	51.42	26.93	35.36	17.89	37.01	55.8	60.61	51.55	38.08	47.93	49.03	37.7	36.72	41.18	56.57	60.83	34.89	12.65	18.03	70.01	35.0	32.2	50.93	63.25	47.07	13.04	39.66	8.06	48.84	35.69	6.32	20.22	68.07	58.05	3.16	72.11	37.22	44.05	84.38	66.65	16.03	19.65	70.09	73.82	69.43	68.68	40.31	66.01	30.41	17.89	13.6	41.0	46.14	45.28	67.08	27.46	50.7	74.15	30.41	45.04	26.08	20.02	21.1	72.45	14.32	12.53	17.0	18.44	61.06	32.31	35.23	40.11	62.43	10.63	40.31	1.41	49.65	32.2	22.09	39.66	60.13	85.45	70.86	68.15	43.84	22.47	47.17	33.62	28.43	17.09	27.89	72.5	11.4	
29.97	49.65	18.11	19.72	44.55	44.78	36.06	18.6	41.11	19.24	32.31	9.43	43.66	55.03	32.65	35.74	16.64	56.36	15.13	55.0	12.17	43.05	54.49	31.02	0.0	17.0	38.29	31.38	53.67	50.25	11.0	48.02	44.69	26.17	40.2	44.1	12.04	10.77	29.73	58.31	49.4	9.06	23.54	24.17	33.54	12.17	54.71	19.7	33.62	11.05	51.09	14.42	52.01	42.45	15.81	36.06	38.33	33.02	14.0	48.88	44.55	63.25	26.4	14.21	46.86	47.01	40.45	56.61	45.18	43.86	25.32	21.1	6.32	24.7	38.42	36.14	38.0	32.28	45.61	27.73	59.41	21.47	54.56	43.84	47.54	45.54	37.36	66.71	36.12	50.91	42.54	24.08	46.04	41.63	23.43	58.41	46.57	20.25	39.81	35.47	19.65	41.98	31.02	17.0	19.24	46.87	39.05	46.01	29.55	34.53	44.78	17.49	39.85	21.1	39.0	34.37	52.35	29.43	11.18	37.22	41.76	30.07	41.3	7.81	53.54	60.88	42.52	15.0	12.65	41.15	48.17	51.48	40.31	10.82	35.0	4.12	17.49	18.68	57.28	25.63	32.06	42.45	51.88	49.48	43.68	23.26	56.61	38.29	11.18	16.4	45.22	45.04	20.62	46.53	33.02	39.12	53.01	5.0	9.22	52.24	24.35	16.16	30.07	21.93	54.08	39.12	35.17	29.43	63.41	40.26	41.87	32.0	47.42	16.76	12.0	21.02	40.72	35.38	46.75	42.19	
40.36	59.46	26.17	31.91	34.44	30.0	47.63	11.18	53.82	9.0	30.41	25.5	41.05	62.68	48.38	44.05	32.28	65.44	2.83	69.35	19.21	58.31	43.57	48.01	17.0	0.0	27.73	16.97	63.13	65.39	20.25	34.66	36.06	39.82	45.18	31.24	29.02	16.4	14.87	68.62	64.47	18.36	25.94	34.83	43.86	5.39	62.13	30.81	43.14	19.42	39.66	30.08	40.0	49.65	32.39	44.69	45.8	37.59	31.0	35.36	61.4	74.25	24.74	10.82	59.2	50.33	57.31	71.12	31.14	56.86	32.65	36.69	11.18	34.71	52.77	20.12	41.63	40.46	52.7	25.5	72.67	37.36	43.27	57.14	64.13	61.85	21.47	78.75	49.09	64.07	58.52	30.61	48.38	38.0	15.03	72.56	53.54	11.0	49.52	44.6	22.47	41.77	16.28	24.04	36.12	63.64	22.09	58.82	39.62	35.74	41.01	9.22	56.29	25.81	56.0	36.06	65.73	46.27	28.07	20.4	40.31	47.04	24.52	12.08	64.35	51.0	33.84	32.0	29.27	26.91	37.22	47.17	26.91	10.0	18.0	18.44	33.24	35.36	70.21	25.3	35.34	33.24	67.42	56.08	27.73	34.21	67.94	52.35	28.07	31.62	32.8	62.03	37.34	63.39	47.93	33.24	67.54	13.34	8.25	53.37	40.79	18.6	47.04	15.03	68.88	54.23	42.8	13.0	54.63	24.17	30.89	36.24	63.25	5.1	20.81	32.2	56.61	48.55	35.85	59.14	
66.84	86.4	53.01	57.31	6.71	13.89	73.66	19.8	56.32	20.0	57.57	47.63	67.47	90.21	70.46	41.0	54.82	92.66	30.41	93.24	29.97	66.07	62.97	65.39	38.29	27.73	0.0	13.0	90.21	72.01	46.23	12.0	9.0	47.38	72.9	49.65	48.55	29.15	35.01	95.43	87.42	32.25	24.08	39.12	70.43	28.6	89.69	37.66	42.43	31.3	58.86	52.63	58.25	77.18	48.33	41.98	73.25	65.3	49.74	13.0	75.19	100.77	52.2	24.08	84.86	78.0	75.64	94.81	11.7	82.04	33.0	59.2	32.53	38.05	76.69	17.09	69.35	38.47	80.26	17.0	97.67	50.29	62.17	82.07	83.63	72.69	35.69	104.69	74.25	89.14	79.92	57.98	75.96	64.13	14.87	96.67	81.12	37.95	76.4	71.61	24.74	68.96	36.0	51.04	52.8	76.69	28.79	60.67	66.22	24.7	66.91	21.26	76.54	27.29	72.45	63.69	90.61	61.35	46.14	30.08	67.19	63.32	32.31	37.8	90.91	71.02	57.01	50.61	46.07	43.74	57.43	72.44	45.4	36.89	25.71	36.62	55.61	55.76	95.48	52.92	63.07	56.0	89.59	83.73	18.38	39.2	94.26	58.0	48.26	44.6	51.62	77.49	52.92	77.13	71.22	58.55	91.21	33.3	30.48	80.65	61.59	25.08	64.88	16.4	92.2	62.13	70.18	30.0	75.66	18.03	52.09	63.95	84.91	32.7	31.78	58.14	78.23	53.01	56.32	76.69	
57.31	76.42	43.14	48.6	19.24	13.42	64.54	14.04	59.14	12.37	45.31	40.72	54.82	79.4	63.98	45.65	47.85	82.33	19.8	85.76	27.0	66.75	50.22	61.39	31.38	16.97	13.0	0.0	80.06	73.35	37.01	17.69	22.0	47.52	61.59	36.88	43.01	25.08	22.02	85.59	80.53	28.16	26.4	40.26	60.83	19.72	78.82	37.48	46.1	28.02	46.1	45.62	45.61	66.4	44.55	46.53	62.63	54.08	44.64	18.38	73.17	91.22	40.25	18.25	76.06	66.19	71.31	87.46	14.21	73.6	35.47	52.33	25.08	39.56	69.12	6.71	57.8	42.49	69.4	21.4	89.4	48.04	49.48	73.82	78.75	72.06	23.09	95.67	65.8	80.8	73.93	47.51	63.98	51.42	11.4	89.04	70.21	25.94	66.48	61.55	25.0	56.65	23.0	41.01	48.84	75.06	17.2	63.91	56.59	31.83	54.13	14.32	71.17	28.46	69.05	51.88	82.42	58.42	41.23	17.89	54.71	59.84	20.81	28.6	81.32	58.25	44.01	45.61	41.77	31.05	44.55	59.54	32.56	26.91	13.42	31.05	48.75	49.98	87.01	41.18	51.62	43.0	83.19	72.67	13.0	40.02	84.9	59.44	42.38	42.05	38.83	74.67	49.5	75.17	64.01	45.71	83.86	26.57	22.36	68.35	55.71	23.19	60.64	13.34	85.09	62.65	59.67	17.0	62.8	10.2	39.12	52.7	78.79	21.4	29.0	49.04	72.09	54.82	43.42	72.78	
23.71	4.12	37.2	34.01	96.83	92.63	18.44	70.72	79.06	70.21	40.25	45.88	39.62	7.21	33.38	83.02	40.26	3.0	60.31	25.0	65.39	71.2	64.94	47.52	53.67	63.13	90.21	80.06	0.0	76.4	44.1	97.74	97.64	67.27	21.54	65.55	48.51	64.4	64.4	6.32	28.43	62.24	76.69	71.39	20.12	61.61	8.06	67.91	79.76	64.08	64.76	41.76	66.94	14.76	53.76	82.87	17.8	27.46	49.03	98.41	58.52	12.65	42.44	66.89	13.42	23.02	44.94	26.63	94.11	17.09	75.69	37.48	58.31	72.57	24.74	82.04	26.0	80.41	12.65	81.39	20.25	58.22	66.1	18.38	42.19	65.8	71.02	19.24	21.0	16.97	34.44	32.56	26.08	42.2	75.72	25.06	12.37	55.23	13.89	18.6	73.01	33.73	64.64	39.2	51.24	61.1	78.01	82.3	24.19	87.32	42.58	69.07	38.63	73.74	50.29	32.2	18.44	53.24	51.66	75.21	36.88	50.36	77.94	52.43	5.83	65.07	54.41	48.84	53.37	67.98	62.1	45.01	65.31	53.41	76.06	56.86	40.02	43.42	17.46	40.8	30.53	55.66	32.56	12.0	89.2	70.41	9.22	73.17	47.8	59.03	64.85	54.23	53.15	59.24	29.15	47.43	25.5	58.18	59.91	29.27	40.01	69.78	46.39	74.63	27.66	69.58	20.52	68.25	63.03	85.63	59.81	28.84	33.84	58.73	64.62	32.65	33.62	74.0	61.4	47.54	
60.9	72.8	60.14	54.2	75.17	84.38	60.54	59.91	16.76	62.36	78.49	46.75	88.62	81.91	43.32	32.98	45.45	79.31	64.4	59.01	47.13	7.21	104.2	29.55	50.25	65.39	72.01	73.35	76.4	0.0	56.73	84.01	72.44	25.96	76.66	94.34	41.11	49.65	79.61	77.1	52.01	47.17	48.09	33.24	62.61	60.01	82.22	35.9	30.41	46.49	101.02	46.01	102.08	74.25	35.0	32.02	71.12	72.42	38.95	85.01	19.03	78.31	73.59	56.61	63.35	84.22	32.14	59.08	83.15	59.44	39.01	44.65	54.56	34.13	51.66	79.83	77.1	34.37	76.56	55.01	67.0	28.84	104.4	58.25	38.12	11.0	86.82	77.0	56.3	62.39	43.19	64.66	84.91	87.73	61.98	62.07	77.47	70.49	67.23	66.19	48.51	84.81	80.95	60.81	33.24	17.26	86.65	14.42	61.4	49.65	90.61	60.44	38.33	45.28	26.31	76.84	62.2	25.24	40.0	85.44	85.91	27.29	89.54	57.98	72.37	109.99	91.68	38.21	38.01	91.3	98.01	97.08	90.55	61.06	82.22	47.41	44.82	39.82	67.07	72.14	73.41	91.83	50.09	80.23	86.15	33.38	72.69	14.04	42.52	34.0	95.41	24.08	31.14	19.24	47.76	87.05	57.0	52.33	57.27	91.59	39.45	50.22	30.87	60.02	56.04	11.18	68.96	78.39	111.8	83.55	91.84	72.2	46.0	66.65	45.22	56.4	43.42	19.0	96.61	30.02	
20.62	40.22	7.28	11.66	52.8	50.22	27.59	26.63	49.93	26.25	22.47	10.0	33.54	44.78	29.27	46.32	14.14	46.65	17.49	49.19	23.09	49.58	47.71	32.57	11.0	20.25	46.23	37.01	44.1	56.73	0.0	54.56	53.54	34.99	29.27	39.22	15.62	21.38	28.02	49.2	44.6	20.02	34.37	34.48	24.21	17.69	44.38	30.08	43.97	22.02	44.78	12.37	46.07	31.95	21.93	46.57	27.86	22.02	17.8	55.32	47.54	54.56	17.03	22.83	39.05	36.01	40.31	50.99	51.22	36.62	36.22	18.0	14.32	35.17	32.7	40.31	27.0	42.95	35.11	37.95	52.43	28.32	48.02	36.89	46.01	50.25	36.01	58.73	28.84	43.83	39.46	13.15	35.06	31.91	31.62	52.35	36.06	17.0	30.23	25.55	30.41	31.32	29.0	6.0	23.6	50.16	40.02	54.64	20.0	45.4	34.99	25.0	38.01	32.06	40.52	23.54	45.49	33.12	17.03	37.66	31.38	32.7	41.44	8.49	44.69	53.26	35.0	18.6	19.21	37.66	41.68	41.68	36.14	10.3	36.69	15.03	15.13	18.97	50.0	15.81	21.1	35.23	47.8	38.9	47.89	33.53	48.1	46.23	14.21	24.7	39.92	46.84	25.61	49.4	28.16	30.41	47.42	14.56	15.81	41.3	23.19	26.68	31.32	30.53	48.85	45.97	24.7	29.61	55.15	44.29	35.78	21.0	43.93	17.09	23.0	12.04	37.48	44.1	40.31	42.58	
74.97	94.11	60.81	66.07	10.82	7.0	82.13	29.53	68.26	28.84	62.18	57.45	70.94	97.01	80.62	52.77	64.66	100.0	37.48	102.9	41.11	78.06	62.01	76.55	48.02	34.66	12.0	17.69	97.74	84.01	54.56	0.0	15.0	59.3	79.06	49.16	59.03	39.92	37.34	103.28	97.42	43.08	36.06	51.09	78.49	37.01	96.4	49.5	54.33	42.38	58.03	62.43	57.0	84.02	59.46	53.76	80.28	71.61	60.42	1.0	86.88	108.89	57.45	34.0	93.61	83.35	86.73	104.56	4.12	91.05	45.0	69.12	41.88	50.04	86.27	17.09	75.17	50.36	87.01	29.0	106.83	61.85	61.0	91.21	94.54	84.59	35.36	113.28	83.24	98.23	90.35	65.19	81.01	67.42	25.08	106.25	87.8	43.27	84.17	79.25	36.5	73.35	37.95	58.69	63.91	88.46	27.07	72.56	74.25	36.14	69.89	30.53	87.24	39.2	83.82	69.12	99.81	72.8	56.86	29.27	71.18	74.63	30.0	46.1	98.99	70.0	58.46	61.33	57.01	43.19	57.22	74.73	45.4	44.55	25.71	46.96	65.51	66.19	104.48	58.52	69.07	57.27	99.85	90.21	13.04	51.16	102.55	70.0	58.59	56.04	51.16	89.02	64.2	88.84	80.99	61.35	100.96	43.05	39.41	85.0	72.01	36.4	75.96	26.93	102.08	74.11	77.34	32.31	75.03	15.13	52.77	70.21	95.29	39.05	43.01	66.6	88.59	65.01	56.32	87.92	
74.06	93.74	60.54	64.2	4.24	20.0	80.6	26.93	56.08	27.73	66.22	53.76	76.3	98.01	75.93	40.0	60.81	100.17	38.63	99.09	34.83	67.08	71.85	69.46	44.69	36.06	9.0	22.0	97.64	72.44	53.54	15.0	0.0	49.34	81.02	58.55	53.91	34.66	44.01	102.65	92.96	37.54	26.4	40.8	77.67	36.24	97.53	40.31	42.11	36.24	67.74	58.69	67.08	85.0	52.7	41.0	81.01	73.41	54.82	15.81	77.83	107.8	60.73	30.81	91.55	86.38	79.76	100.57	17.03	88.53	34.21	65.07	39.41	39.56	82.73	25.71	77.62	38.12	88.12	19.24	103.97	53.67	71.02	88.46	87.98	74.46	44.55	111.4	80.81	95.52	85.0	65.76	84.43	72.99	21.95	102.59	89.01	46.57	83.76	79.08	28.3	77.62	45.0	58.67	57.14	79.06	37.36	60.0	73.5	23.0	75.8	28.65	81.27	29.97	76.03	72.11	96.9	64.85	51.22	38.83	75.93	67.12	40.8	45.28	98.01	79.91	66.01	55.61	50.8	52.61	66.37	81.39	54.33	44.72	34.53	42.43	61.52	61.07	101.91	61.35	71.31	65.0	94.81	91.68	25.55	41.11	101.21	58.69	53.81	48.37	60.53	80.62	56.94	79.71	77.1	67.48	97.0	39.82	37.74	89.29	66.84	29.83	69.12	23.02	97.84	63.35	77.9	39.0	84.59	26.0	61.07	72.09	90.0	41.11	36.4	65.22	83.41	53.6	65.28	80.53	
46.27	63.2	40.31	36.88	51.42	59.01	49.04	33.96	15.0	36.4	57.45	26.0	68.48	71.0	35.74	16.55	28.28	70.26	39.12	58.14	21.19	19.24	80.62	23.85	26.17	39.82	47.38	47.52	67.27	25.96	34.99	59.3	49.34	0.0	60.64	69.81	20.88	23.77	54.38	70.04	51.0	21.47	23.35	8.54	49.09	34.48	71.01	10.05	13.0	20.62	77.16	27.66	77.99	60.41	14.32	16.16	56.57	54.71	19.42	60.3	28.64	73.25	51.87	30.68	56.29	68.15	33.3	59.06	58.03	52.39	15.23	30.0	29.41	9.85	44.64	53.94	59.77	15.0	63.29	30.59	65.0	9.06	80.66	51.66	41.77	25.32	61.29	74.33	46.39	57.87	41.68	45.88	68.01	66.89	36.22	61.72	64.28	46.1	55.01	52.24	23.0	65.8	55.76	40.25	16.03	29.73	60.75	19.85	46.39	28.3	69.97	34.48	36.89	20.1	28.32	57.78	58.52	17.8	18.38	59.62	66.19	20.81	63.69	33.94	64.94	87.05	68.68	19.24	16.16	66.29	74.28	76.66	65.8	36.8	56.3	22.67	28.16	24.0	63.91	50.77	54.78	68.62	51.31	67.27	60.41	8.25	66.71	12.53	22.14	10.3	71.06	31.91	14.14	30.46	39.05	65.0	55.9	27.2	31.91	74.63	27.46	24.33	24.19	34.23	55.95	15.13	53.76	52.77	89.5	57.71	67.94	54.08	46.32	41.62	19.31	39.05	40.71	9.22	72.86	33.24	
15.81	19.42	22.09	23.77	79.61	73.41	18.87	54.42	74.63	53.31	18.87	35.23	19.03	18.44	35.36	74.33	32.57	22.83	42.49	40.61	52.35	70.24	44.1	47.43	40.2	45.18	72.9	61.59	21.54	76.66	29.27	79.06	81.02	60.64	0.0	44.01	39.81	50.64	43.86	27.86	40.5	49.25	63.64	62.29	14.87	44.94	17.69	58.14	71.57	51.24	43.57	32.98	45.71	7.07	46.32	74.43	6.71	7.62	41.23	79.63	61.72	34.18	21.93	51.24	26.31	7.62	49.52	42.58	75.21	27.2	65.0	32.2	43.17	63.2	30.53	62.63	4.47	71.18	8.94	66.94	39.01	52.2	45.18	28.46	50.48	67.42	50.0	40.52	23.85	32.25	41.88	16.12	8.49	21.1	59.24	42.19	9.43	35.81	13.6	11.4	59.68	13.04	43.93	23.35	45.54	64.54	57.38	78.77	15.26	74.67	22.02	52.55	44.05	61.29	53.15	10.82	34.23	51.48	42.58	54.56	16.0	49.4	57.01	36.4	25.5	45.28	32.98	41.48	44.72	46.53	40.79	25.96	43.83	36.4	55.87	44.1	32.89	37.7	36.01	20.62	10.0	34.21	44.94	11.31	69.43	61.29	29.61	69.64	38.64	50.8	43.32	58.69	47.76	63.03	31.14	25.96	40.02	43.74	43.97	15.0	37.22	55.9	46.04	58.52	42.2	67.54	7.81	48.1	44.15	65.95	38.28	8.94	43.83	40.31	52.15	21.59	40.22	68.96	40.02	52.35	
50.09	63.25	39.46	47.52	55.23	42.19	57.31	41.34	84.39	38.59	25.71	48.85	27.8	61.72	66.61	75.29	53.16	66.71	31.11	81.5	50.21	87.13	13.34	71.78	44.1	31.24	49.65	36.88	65.55	94.34	39.22	49.16	58.55	69.81	44.01	0.0	54.13	47.38	16.64	71.87	79.03	48.84	56.86	65.76	52.35	36.07	60.83	61.55	74.33	50.21	9.22	51.55	8.94	50.92	59.54	75.93	48.76	39.05	56.36	49.25	86.73	78.19	26.0	42.01	68.07	44.42	79.08	83.49	45.1	67.48	63.89	56.52	40.46	65.76	67.0	33.06	39.56	71.7	52.92	55.01	81.79	65.51	12.65	68.36	83.86	89.0	14.04	84.43	61.07	73.98	76.32	39.0	41.34	24.41	43.38	83.86	53.31	23.85	55.32	50.8	53.6	32.76	15.26	37.66	62.17	89.32	22.09	89.38	49.09	65.76	25.5	39.66	75.95	57.01	79.7	33.53	75.95	72.09	54.59	20.0	29.68	71.87	19.42	36.36	69.26	21.38	12.04	57.27	56.44	6.0	8.06	28.02	4.47	33.29	24.08	47.2	54.12	58.19	78.85	28.0	35.9	10.63	83.0	54.56	36.35	65.07	73.38	82.2	52.8	60.46	2.0	86.02	63.95	88.6	64.2	18.36	80.31	42.64	38.21	42.52	62.1	49.82	70.52	44.29	82.22	83.22	47.07	20.62	26.08	34.06	5.83	37.85	80.1	28.32	51.62	46.27	74.33	78.87	7.28	81.49	
26.02	44.38	19.72	16.12	54.41	56.3	30.08	29.55	35.34	30.68	37.64	5.66	48.26	51.35	22.02	35.01	8.25	51.42	27.02	45.25	19.1	33.97	63.25	19.0	12.04	29.02	48.55	43.01	48.51	41.11	15.62	59.03	53.91	20.88	39.81	54.13	0.0	19.42	41.0	52.2	39.05	16.4	29.41	23.09	29.15	24.19	51.24	19.42	32.02	17.69	60.21	7.0	61.4	40.01	6.71	35.0	36.06	33.84	2.24	59.93	32.98	56.36	32.53	25.08	39.36	47.3	28.44	46.69	56.46	35.85	27.2	11.66	18.25	24.19	29.21	48.05	38.9	32.14	43.0	35.38	50.61	13.04	63.51	35.51	35.74	34.89	48.84	58.83	28.64	42.44	31.38	25.08	47.13	47.01	34.0	48.8	44.0	30.68	35.36	32.02	26.25	45.18	42.2	20.0	8.06	35.44	51.01	39.82	26.0	39.36	50.0	28.79	28.23	26.08	27.02	37.12	43.6	18.03	3.16	49.09	45.79	18.25	53.15	18.44	47.17	68.88	50.61	3.16	5.0	51.87	57.14	56.61	50.7	21.59	47.01	12.08	8.54	7.21	48.83	31.14	34.01	50.8	41.05	47.0	55.54	22.09	49.66	31.06	1.41	11.05	55.01	33.14	10.0	34.93	23.43	45.97	43.14	16.49	21.21	53.76	13.04	24.08	18.03	32.25	43.93	30.41	33.14	41.19	70.72	52.17	51.11	33.24	36.36	28.28	17.69	18.25	29.68	29.55	55.76	30.15	
40.72	60.37	28.64	30.41	35.0	37.85	46.65	11.05	37.44	13.04	40.79	19.21	52.17	65.79	41.4	28.3	26.17	67.12	16.28	64.44	2.83	42.72	59.2	36.69	10.77	16.4	29.15	25.08	64.4	49.65	21.38	39.92	34.66	23.77	50.64	47.38	19.42	0.0	31.24	68.96	58.41	3.16	13.04	18.44	44.28	11.31	65.46	14.42	27.02	3.16	55.44	24.08	55.97	53.16	19.65	28.84	49.04	43.29	20.59	40.85	48.09	73.78	34.71	7.07	57.2	57.22	46.82	65.95	37.64	54.04	17.0	30.41	8.25	18.38	48.08	31.02	48.17	24.7	56.32	17.0	69.35	23.0	59.03	53.91	54.63	47.27	37.74	77.01	46.4	60.96	50.77	34.53	56.04	49.73	14.87	67.94	57.28	24.7	50.57	46.24	9.06	51.24	32.65	27.29	24.04	50.01	37.0	42.44	40.31	24.08	52.89	11.05	47.41	11.18	44.15	44.01	62.29	33.38	17.0	35.85	50.64	34.93	39.92	15.13	64.14	66.29	48.37	21.47	17.09	43.28	52.8	59.48	43.14	16.76	32.57	7.81	26.87	26.63	67.36	34.37	42.05	48.02	60.46	60.17	38.05	17.8	67.12	36.25	19.21	17.0	48.84	49.65	24.52	50.09	42.45	46.24	62.37	7.0	9.43	62.01	32.45	5.39	36.06	13.0	63.25	38.6	45.88	29.15	69.46	35.0	46.4	42.19	55.76	19.21	4.47	31.78	49.09	32.25	51.4	48.08	
