140
0.0	18.97	42.38	37.95	17.0	10.2	37.64	27.29	39.0	36.24	8.49	10.0	7.81	36.22	42.54	22.14	45.62	26.91	26.0	33.02	32.8	19.72	32.06	8.0	33.54	37.11	29.27	8.06	34.01	38.01	39.92	17.0	8.54	10.63	50.22	29.0	10.3	14.14	24.35	23.35	27.89	23.35	18.03	17.8	17.8	33.24	25.94	23.6	22.47	17.89	20.0	2.0	40.31	38.18	43.66	35.36	34.93	37.58	35.36	27.46	19.24	29.15	20.12	18.44	39.01	15.3	27.17	32.56	35.74	30.46	40.0	19.92	33.38	27.86	9.22	32.25	29.61	28.86	21.63	20.1	27.07	27.2	9.49	25.81	31.38	31.62	5.0	18.44	11.4	39.62	33.42	30.89	21.47	28.23	17.2	4.47	40.8	29.73	39.45	14.04	28.23	6.4	32.02	29.27	28.44	21.93	13.04	44.01	33.84	35.23	38.33	21.93	35.13	15.03	16.28	6.0	26.91	22.67	4.47	5.66	32.56	17.46	24.74	24.7	29.97	30.89	30.53	27.46	14.87	22.56	15.62	38.18	9.85	26.31	33.6	14.0	15.62	38.95	32.76	36.72	
18.97	0.0	29.73	18.97	27.51	20.4	51.04	9.22	21.84	26.93	24.0	27.78	24.02	47.41	24.21	29.15	34.71	44.94	17.09	26.57	51.11	24.35	16.12	22.8	48.84	23.43	26.93	25.08	44.28	28.02	54.2	6.08	15.13	26.02	41.88	12.53	29.15	21.54	5.39	10.05	9.06	11.18	12.04	36.24	32.39	44.78	41.44	20.02	41.15	14.14	6.32	17.09	29.07	22.85	24.7	20.25	38.21	40.05	17.03	24.7	32.65	40.82	36.12	27.78	21.59	17.49	45.89	44.94	23.35	22.8	38.47	37.0	15.03	46.82	27.29	24.17	16.28	16.4	18.0	21.26	36.67	28.07	27.17	36.25	39.96	36.88	21.1	31.05	27.02	36.14	46.49	39.12	40.31	18.79	16.49	23.41	23.43	18.87	55.17	6.4	9.43	13.15	19.1	37.7	10.05	16.64	31.4	25.08	43.05	44.42	43.74	39.66	17.26	33.38	35.17	24.74	39.85	9.06	16.12	14.14	43.86	31.83	6.0	43.66	37.44	12.73	49.19	10.3	18.79	40.01	30.27	49.66	9.22	44.05	33.06	7.21	17.09	56.22	14.04	27.78	
42.38	29.73	0.0	26.31	56.08	48.37	55.54	22.2	14.04	8.54	50.16	46.39	49.77	49.19	35.13	58.6	6.08	60.13	16.49	13.93	66.27	30.15	14.42	40.45	57.28	6.4	56.08	50.33	45.62	6.71	59.62	26.93	43.05	52.39	15.03	17.8	49.82	50.48	27.8	37.8	24.7	39.2	24.35	54.08	59.51	47.93	68.15	21.0	59.03	24.74	24.41	40.5	3.61	43.01	29.02	10.3	31.62	31.24	32.28	53.91	43.29	45.54	49.16	36.22	15.03	47.01	67.9	49.4	6.71	50.48	24.08	62.3	20.25	66.12	46.53	12.17	13.6	13.89	22.09	50.99	40.16	25.3	51.87	65.19	69.4	34.0	46.62	59.06	53.31	19.85	74.71	68.6	59.14	14.32	26.31	45.61	38.64	12.65	63.25	30.02	28.65	39.36	10.82	39.0	22.47	46.01	55.08	30.02	72.42	73.82	37.8	55.04	17.72	57.01	57.07	48.08	68.0	37.01	42.05	40.25	72.72	44.1	25.61	63.2	67.01	31.78	66.03	33.62	30.15	64.85	57.27	78.55	35.85	68.41	23.85	29.53	28.28	67.68	22.47	8.94	
37.95	18.97	26.31	0.0	44.1	38.05	67.18	12.04	12.37	29.27	42.43	46.52	42.58	62.48	9.06	43.93	32.39	63.53	25.06	32.28	69.77	38.95	14.56	41.18	66.07	21.0	36.24	43.74	59.03	29.07	70.72	22.47	33.24	44.28	41.3	13.89	48.1	38.05	13.6	19.42	10.3	20.62	26.17	55.04	50.01	60.21	59.0	31.06	60.01	28.28	20.0	36.06	28.02	17.49	5.83	17.03	49.19	50.16	7.07	34.44	49.82	56.59	54.08	43.86	11.4	33.14	64.76	60.83	23.09	28.84	45.61	55.33	7.62	65.79	46.1	29.12	19.31	20.62	30.0	34.93	51.74	39.45	45.89	51.79	54.12	49.4	39.81	48.04	45.28	41.98	62.65	53.16	59.24	25.08	31.11	42.38	12.37	23.41	72.47	24.6	10.05	32.02	20.62	52.01	10.63	28.16	50.22	6.4	57.28	58.52	55.47	58.18	9.06	52.17	54.12	43.68	56.32	19.24	34.93	32.98	59.23	49.41	13.42	62.63	51.24	9.49	68.03	13.34	34.71	58.42	48.04	64.76	28.16	62.51	42.15	25.06	32.56	74.33	6.4	30.27	
17.0	27.51	56.08	44.1	0.0	7.81	51.09	36.69	49.34	51.22	9.22	23.09	10.2	51.16	45.4	6.08	60.22	35.11	40.61	48.8	39.36	36.72	43.46	24.35	45.54	50.12	18.44	11.05	49.5	52.8	52.47	29.15	13.04	8.0	65.86	39.92	20.02	6.08	31.78	25.02	35.9	24.08	32.65	26.68	7.21	48.17	15.3	39.62	29.15	33.24	31.76	18.03	54.64	37.0	49.0	47.42	51.89	54.56	39.05	17.69	34.37	44.28	33.02	35.11	49.04	11.0	26.17	47.04	49.4	23.85	56.86	14.21	42.2	30.81	22.09	47.51	42.54	42.19	37.48	11.18	43.17	44.1	12.04	9.22	14.42	48.47	12.08	4.12	8.06	56.22	18.97	13.89	27.31	42.8	33.3	17.46	41.98	43.83	50.45	26.08	34.23	17.03	45.28	45.61	37.36	17.72	14.87	49.01	17.03	18.44	55.03	31.78	44.64	15.65	19.7	15.13	12.37	25.0	14.87	16.28	16.64	32.25	33.24	28.3	13.0	35.0	35.85	31.0	31.62	17.2	6.4	22.47	20.25	21.1	50.48	26.63	32.02	47.54	40.79	51.86	
10.2	20.4	48.37	38.05	7.81	0.0	46.87	29.61	42.2	43.42	5.66	18.44	6.4	46.04	40.52	12.08	52.43	33.29	32.8	41.01	38.42	29.55	36.06	18.11	42.06	42.49	19.92	7.81	44.01	45.0	48.76	21.47	5.39	6.71	58.05	32.57	16.55	4.0	25.08	19.92	29.15	19.31	24.84	24.19	12.04	43.05	21.1	31.89	27.8	25.46	24.17	10.77	46.87	33.62	43.29	39.92	44.94	47.54	33.73	18.38	29.02	39.01	28.86	28.64	41.98	7.07	28.18	42.19	41.68	22.8	49.4	17.46	35.36	31.24	17.46	39.7	34.89	34.48	29.73	10.77	37.22	36.72	9.9	17.03	22.02	41.76	6.08	10.77	7.62	48.6	26.4	21.4	26.25	35.0	25.61	12.17	37.7	36.06	47.54	18.36	28.02	9.22	37.59	39.46	30.41	14.87	14.21	43.42	24.76	26.17	48.51	29.07	37.66	15.81	19.1	10.77	19.7	19.65	7.21	8.49	24.41	27.07	26.31	28.32	20.25	29.43	35.38	25.5	24.19	20.62	10.0	30.23	12.53	24.74	43.05	18.87	24.41	45.79	34.13	44.05	
37.64	51.04	55.54	67.18	51.09	46.87	0.0	55.17	61.61	47.01	42.3	28.44	41.3	7.0	74.52	57.14	54.41	20.12	43.6	41.63	21.93	28.32	54.82	30.08	7.21	54.2	66.71	40.2	10.2	48.85	4.12	45.61	46.17	43.1	52.47	53.81	31.06	50.8	55.61	59.06	57.38	59.48	41.04	25.18	47.1	7.62	49.48	37.2	25.3	38.9	47.51	38.28	52.0	73.57	72.84	55.47	25.32	27.07	67.62	65.0	18.79	10.63	18.11	23.43	62.2	52.89	36.67	6.4	51.48	68.01	35.23	42.76	60.14	30.02	29.43	43.83	50.0	48.6	37.64	57.49	15.81	30.41	39.05	57.14	63.2	21.84	40.79	50.01	43.05	38.64	58.94	63.13	27.2	44.65	36.07	34.71	74.4	46.87	9.22	44.65	59.82	43.08	50.48	16.55	56.59	59.46	37.05	73.54	64.5	65.62	21.02	20.4	60.31	37.22	33.38	36.35	54.74	58.18	42.06	42.72	61.0	20.25	54.67	29.55	63.03	63.6	25.0	61.29	32.65	42.45	46.01	65.0	44.72	42.72	32.28	43.83	34.71	16.55	60.81	46.62	
27.29	9.22	22.2	12.04	36.69	29.61	55.17	0.0	12.65	21.59	33.06	35.11	33.02	50.61	19.72	38.01	27.78	51.89	14.32	23.0	58.18	27.02	7.81	29.55	54.04	15.81	33.97	34.0	47.2	22.14	58.69	10.77	24.33	35.13	35.85	4.47	37.11	30.68	5.66	15.62	3.0	17.03	14.14	43.66	41.59	48.27	50.64	19.7	48.7	16.28	8.06	25.32	22.36	23.0	17.8	12.04	38.28	39.56	13.6	31.83	37.8	44.6	42.19	31.83	12.37	26.4	54.45	48.84	16.55	28.3	36.12	46.04	6.08	54.82	34.79	20.02	10.2	11.05	18.36	29.68	39.82	28.23	36.01	45.31	48.76	38.01	30.0	40.26	36.12	33.0	55.66	47.89	48.08	15.03	19.1	31.58	20.88	14.04	60.44	13.34	7.07	22.0	12.65	40.22	1.41	24.08	40.11	18.44	51.88	53.24	44.38	46.52	8.06	42.11	43.57	33.24	49.04	14.87	25.0	23.0	52.92	37.44	3.61	51.66	46.14	11.0	56.65	11.7	22.67	49.01	39.46	58.69	18.0	53.0	31.78	13.6	20.52	62.43	5.83	22.56	
39.0	21.84	14.04	12.37	49.34	42.2	61.61	12.65	0.0	18.38	45.4	45.71	45.28	56.08	21.1	50.57	20.1	61.68	18.03	22.47	68.01	33.62	7.28	39.81	61.77	9.49	45.45	46.17	52.5	17.72	65.46	22.0	36.88	47.52	29.07	10.0	48.26	43.32	17.89	27.2	13.89	28.6	22.8	54.13	54.13	54.2	63.15	24.41	59.23	24.35	19.0	37.0	16.12	29.55	15.13	6.4	40.61	41.05	18.79	43.42	46.1	51.04	51.26	39.36	1.0	39.0	66.07	55.22	12.08	38.9	35.34	58.31	7.81	65.76	45.54	19.42	11.66	13.04	24.19	42.06	45.8	31.83	48.09	57.94	61.27	41.73	42.19	52.89	48.51	31.38	68.31	60.37	58.86	17.03	26.93	43.05	24.74	14.87	68.1	25.02	17.03	34.23	11.31	45.45	12.08	36.06	52.01	16.12	64.4	65.74	47.01	56.32	5.0	54.01	55.08	45.0	61.68	26.63	37.22	35.23	65.55	46.24	16.16	62.65	58.59	19.21	66.94	21.93	31.02	61.2	51.97	71.31	30.27	65.12	33.02	25.0	28.79	71.18	9.9	19.31	
36.24	26.93	8.54	29.27	51.22	43.42	47.01	21.59	18.38	0.0	44.42	39.05	43.91	40.71	38.33	54.45	9.49	52.01	10.63	5.39	58.08	22.0	15.0	33.24	48.76	8.94	53.85	44.29	37.12	2.0	51.08	22.67	38.29	46.65	15.0	17.26	42.72	46.01	26.57	36.25	24.52	37.58	18.6	46.39	53.85	39.4	62.18	13.34	51.24	18.36	20.81	34.48	5.1	44.28	33.24	12.37	23.43	23.35	34.01	51.62	35.06	37.0	41.01	28.02	19.31	43.19	60.64	40.85	6.32	49.24	17.0	55.95	22.02	58.42	39.29	4.12	11.4	10.77	14.87	47.63	31.62	16.76	45.62	60.44	65.12	25.55	40.82	53.82	47.51	13.0	69.34	64.38	51.48	8.49	19.31	39.0	41.01	8.06	54.71	25.46	28.64	34.21	9.06	30.46	22.36	43.57	48.47	34.21	68.01	69.43	29.73	47.01	20.22	50.33	50.0	41.63	62.68	35.34	36.62	35.0	67.8	36.0	24.35	55.58	62.94	32.39	58.01	33.24	22.8	58.31	51.62	73.6	31.14	61.68	15.62	24.76	21.19	59.23	24.0	1.0	
8.49	24.0	50.16	42.43	9.22	5.66	42.3	33.06	45.4	44.42	0.0	14.0	1.0	42.05	45.54	15.03	53.71	27.78	34.0	41.4	32.8	28.02	38.83	15.23	37.11	44.6	25.08	2.24	40.31	46.14	43.93	23.77	9.22	2.24	58.6	35.51	11.4	8.94	29.07	25.08	33.02	24.6	25.94	18.79	9.43	39.05	18.03	32.02	22.2	26.08	26.68	10.0	48.3	39.12	47.85	42.45	42.94	45.65	38.6	23.71	25.18	35.13	24.19	26.0	45.28	12.73	22.85	38.0	43.46	28.43	48.41	13.0	39.01	25.61	13.0	40.5	37.0	36.4	30.0	16.12	33.96	35.61	4.24	17.49	23.26	39.4	3.61	10.0	3.16	48.1	25.0	22.85	20.62	36.24	25.61	8.25	42.95	37.58	42.38	20.62	32.39	11.18	39.56	36.4	34.01	20.52	8.6	48.05	25.55	26.93	45.88	23.77	41.11	10.3	13.45	6.0	18.44	24.7	8.25	10.2	24.08	23.09	30.0	22.67	22.14	34.21	29.73	30.36	23.35	16.03	7.21	29.7	15.13	20.1	42.01	20.88	24.08	40.31	38.01	44.94	
10.0	27.78	46.39	46.52	23.09	18.44	28.44	35.11	45.71	39.05	14.0	0.0	13.0	28.07	51.87	29.02	48.51	17.2	30.07	34.79	23.32	18.36	38.47	6.0	23.77	42.01	38.33	12.04	26.48	41.0	30.36	24.35	18.36	15.13	51.48	35.9	4.24	22.36	33.12	33.24	36.25	33.3	23.09	8.54	20.62	25.08	26.25	25.71	13.6	22.0	27.2	11.31	43.74	48.1	52.33	41.11	31.24	34.06	44.65	36.69	11.4	21.21	10.44	14.14	45.89	24.7	21.59	24.0	40.11	40.25	38.42	19.1	41.11	20.1	1.0	34.93	35.06	34.01	24.33	29.12	20.62	26.08	11.4	30.36	36.4	27.2	12.37	22.8	15.3	39.12	35.23	36.14	13.15	32.14	20.1	6.32	50.45	34.06	29.53	21.93	37.22	16.28	37.0	23.26	36.4	31.76	11.4	52.77	38.28	39.56	33.12	12.04	42.45	12.73	11.18	8.0	29.53	32.53	14.42	15.62	35.78	9.22	33.11	17.03	35.69	40.22	21.54	37.01	16.28	20.62	18.97	40.82	19.21	23.32	32.2	21.54	18.11	29.0	40.85	39.29	
7.81	24.02	49.77	42.58	10.2	6.4	41.3	33.02	45.28	43.91	1.0	13.0	0.0	41.05	45.88	16.03	53.24	26.93	33.54	40.8	32.02	27.2	38.64	14.32	36.14	44.27	26.0	1.41	39.32	45.65	42.95	23.54	9.49	2.83	58.01	35.36	10.44	9.85	29.15	25.5	33.06	25.06	25.5	17.89	10.0	38.05	18.38	31.4	21.4	25.55	26.48	9.43	47.85	39.66	48.05	42.2	42.06	44.78	38.9	24.6	24.19	34.13	23.19	25.08	45.18	13.45	22.47	37.0	43.08	29.21	47.63	13.04	39.0	25.0	12.0	39.96	36.69	36.06	29.41	17.0	32.98	34.83	3.61	18.36	24.17	38.48	3.16	10.82	3.61	47.38	25.61	23.77	19.85	35.78	25.0	7.28	43.38	37.16	41.44	20.4	32.56	11.05	39.22	35.44	34.0	21.21	8.06	48.27	26.42	27.78	44.94	22.85	41.05	9.85	12.81	5.0	19.1	25.08	8.06	10.05	24.84	22.09	30.02	22.02	23.09	34.48	29.0	30.68	22.63	16.0	7.81	30.41	15.03	20.02	41.23	20.62	23.43	39.45	38.05	44.42	
36.22	47.41	49.19	62.48	51.16	46.04	7.0	50.61	56.08	40.71	42.05	28.07	41.05	0.0	70.21	57.08	47.76	24.08	38.21	35.36	27.2	23.6	49.52	28.28	12.53	48.26	65.49	40.11	3.61	42.49	11.05	41.68	44.55	43.19	45.54	48.84	31.4	50.04	51.62	56.08	53.01	56.65	36.62	26.93	48.05	3.0	51.62	31.83	28.3	34.41	43.27	36.5	45.62	70.21	68.01	49.82	18.44	20.1	63.51	63.64	17.03	7.07	18.68	19.7	56.73	51.48	40.22	4.47	45.49	65.97	28.28	44.6	55.23	34.06	29.07	37.74	44.6	43.19	32.56	56.32	10.82	24.41	39.32	58.05	64.13	15.23	40.01	50.64	43.29	31.78	61.1	63.95	30.02	39.05	31.62	34.0	70.49	41.23	16.12	41.15	55.76	41.0	44.82	10.63	52.01	57.49	38.08	68.77	65.73	66.94	14.04	22.83	55.15	38.6	35.11	36.06	56.32	55.15	40.45	40.79	62.64	19.0	50.48	33.02	63.64	59.68	29.73	57.71	28.65	44.78	46.69	67.07	42.06	45.65	25.63	40.25	30.53	23.09	56.08	40.25	
42.54	24.21	35.13	9.06	45.4	40.52	74.52	19.72	21.1	38.33	45.54	51.87	45.88	70.21	0.0	44.0	41.19	69.07	33.62	41.23	75.17	46.62	23.54	47.01	72.84	30.02	33.96	47.17	66.85	38.12	77.9	29.0	36.4	47.13	50.16	22.47	52.84	39.62	19.1	20.62	17.2	21.38	33.6	60.21	51.97	67.8	60.67	39.36	65.0	35.81	27.02	40.82	37.0	11.66	7.21	26.08	57.78	58.87	7.21	32.56	56.57	64.03	60.31	51.09	20.1	34.53	68.35	68.25	32.14	25.96	54.57	57.97	16.49	70.21	51.31	38.08	28.16	29.41	38.08	35.01	59.41	47.85	49.4	52.0	53.34	57.71	43.46	49.5	48.08	50.99	63.0	52.35	64.01	33.84	38.6	47.01	5.0	32.28	79.21	30.48	14.87	36.24	29.61	59.91	18.36	28.02	53.85	6.4	56.44	57.56	63.98	63.82	18.11	55.71	58.18	47.85	57.08	20.88	38.91	37.12	59.08	55.9	19.85	67.08	50.36	11.66	73.06	15.23	41.87	61.13	50.22	64.28	32.76	65.25	50.92	31.14	39.82	80.43	14.87	39.32	
22.14	29.15	58.6	43.93	6.08	12.08	57.14	38.01	50.57	54.45	15.03	29.02	16.03	57.08	44.0	0.0	63.13	41.11	43.84	52.5	45.19	41.63	45.28	29.83	51.62	52.43	13.6	17.0	55.33	55.9	58.55	31.89	16.4	14.04	69.31	41.68	26.08	8.6	32.7	24.52	36.77	23.35	36.12	32.76	12.21	54.08	18.36	43.6	35.11	37.01	34.21	22.85	57.49	34.53	48.37	49.4	57.01	59.62	38.21	13.42	40.2	50.16	39.05	40.52	50.16	11.66	31.24	53.01	52.01	20.25	61.4	19.21	43.08	36.36	28.02	50.93	45.0	44.82	41.4	9.06	48.84	48.76	18.11	8.0	10.82	53.76	17.46	8.6	14.14	60.46	19.0	10.0	33.24	45.97	37.44	23.19	40.11	46.75	56.52	29.0	34.48	20.81	47.8	51.2	38.48	16.03	20.88	48.26	13.89	15.26	60.44	37.85	45.69	21.54	25.63	21.02	13.34	24.74	19.24	20.25	15.3	38.12	34.44	34.0	8.49	34.53	41.59	30.59	36.24	21.93	12.08	20.88	23.35	25.5	55.07	29.7	36.36	53.49	41.44	55.15	
45.62	34.71	6.08	32.39	60.22	52.43	54.41	27.78	20.1	9.49	53.71	48.51	53.24	47.76	41.19	63.13	0.0	61.03	19.72	14.04	67.0	31.14	20.12	42.72	56.89	12.08	61.4	53.67	44.27	7.62	58.52	31.24	47.2	55.95	9.0	23.32	52.2	54.82	33.29	43.27	30.41	44.65	27.78	55.73	63.13	46.84	71.55	22.8	60.53	27.73	29.0	43.83	5.66	49.04	35.0	16.16	29.55	28.65	38.33	59.2	44.01	44.91	50.04	37.05	21.1	51.66	70.09	48.51	11.4	56.08	20.81	65.39	26.25	67.74	48.76	13.6	18.44	18.38	24.35	55.87	39.62	25.08	55.04	69.4	73.88	32.57	50.12	62.97	56.82	16.64	78.55	73.11	60.83	17.49	28.79	48.47	44.72	16.4	62.59	34.21	34.44	43.27	15.62	38.08	28.18	51.22	57.94	36.0	76.84	78.24	35.36	56.14	23.77	59.81	59.48	51.08	71.87	42.44	45.79	44.1	76.84	45.1	31.06	64.94	71.59	37.7	67.12	39.36	32.28	67.78	60.9	82.66	40.0	71.17	22.14	33.6	30.68	67.6	28.46	9.22	
26.91	44.94	60.13	63.53	35.11	33.29	20.12	51.89	61.68	52.01	27.78	17.2	26.93	24.08	69.07	41.11	61.03	0.0	44.72	47.01	6.32	30.02	54.41	22.36	13.0	56.72	52.77	25.55	24.84	54.01	19.65	41.15	34.71	27.73	61.98	52.2	17.03	36.72	50.25	50.25	53.24	50.21	38.9	9.22	29.61	21.93	30.15	39.2	6.08	37.36	43.86	28.43	57.04	65.07	69.35	56.52	36.77	39.4	61.85	51.48	17.03	20.25	11.0	24.0	61.98	40.22	16.55	19.8	54.45	56.04	46.17	24.02	57.78	10.0	17.8	48.04	50.45	49.24	38.47	43.91	23.77	36.22	23.71	39.32	45.18	32.31	27.8	32.98	27.31	48.27	39.46	45.28	8.06	46.53	34.93	22.63	67.62	48.66	16.0	38.95	54.38	33.3	51.97	26.4	53.23	47.8	20.25	69.84	46.01	47.0	35.51	5.39	58.87	19.65	15.52	22.8	36.0	49.58	31.11	32.56	42.05	16.03	50.12	9.49	45.54	57.43	6.32	54.2	30.81	23.09	29.12	45.54	36.4	22.8	41.0	38.47	32.98	12.53	57.7	52.0	
26.0	17.09	16.49	25.06	40.61	32.8	43.6	14.32	18.03	10.63	34.0	30.07	33.54	38.21	33.62	43.84	19.72	44.72	0.0	9.49	50.99	15.65	11.31	24.08	43.83	12.04	43.83	34.01	34.66	12.21	47.43	12.21	27.66	36.24	25.5	11.18	33.38	35.38	18.03	26.93	17.26	28.16	8.06	38.01	43.42	36.24	51.89	6.4	43.05	8.25	10.77	24.17	14.32	37.12	30.23	12.08	24.17	25.3	27.89	41.59	28.46	33.02	33.96	21.54	18.6	32.65	51.48	37.2	10.05	39.85	22.0	45.88	17.49	50.0	30.15	7.21	6.4	5.0	6.32	37.2	27.8	14.42	35.47	49.82	54.49	24.41	30.41	43.27	37.12	19.24	58.83	53.76	43.0	2.24	10.0	29.12	35.17	4.0	50.12	14.87	21.1	23.6	7.28	27.59	15.52	33.54	38.6	31.06	57.38	58.8	30.41	39.46	17.03	40.52	40.61	31.62	52.15	25.96	26.08	24.41	57.2	28.86	16.0	47.01	52.33	25.18	50.36	25.02	14.04	48.38	41.18	63.01	20.52	51.92	17.46	14.14	12.0	53.49	18.79	11.31	
33.02	26.57	13.93	32.28	48.8	41.01	41.63	23.0	22.47	5.39	41.4	34.79	40.8	35.36	41.23	52.5	14.04	47.01	9.49	0.0	53.01	17.12	17.72	29.15	43.42	13.45	53.23	41.05	31.76	7.28	45.69	21.47	36.12	43.6	17.2	19.1	38.63	43.93	27.29	36.4	26.0	37.64	16.4	41.77	50.8	34.01	58.83	9.43	46.53	15.56	20.25	31.4	10.44	46.0	36.77	16.12	18.38	18.6	36.22	50.99	30.0	31.62	36.01	23.02	23.32	41.62	56.32	35.47	10.63	49.34	13.34	52.35	24.74	53.76	35.11	3.16	13.15	12.04	11.4	46.32	26.25	11.4	42.19	58.0	62.97	20.25	37.8	51.09	44.41	10.0	66.4	62.29	46.87	8.06	15.81	35.36	43.42	9.06	49.34	23.85	30.02	31.83	11.7	25.08	24.02	42.95	44.72	37.7	65.76	67.18	24.76	42.11	23.41	46.52	45.88	38.08	59.82	35.44	33.97	32.53	65.19	31.06	25.18	50.99	60.96	34.0	53.08	34.23	18.79	54.56	48.6	70.94	29.21	57.78	10.63	23.02	17.49	53.94	26.48	5.1	
32.8	51.11	66.27	69.77	39.36	38.42	21.93	58.18	68.01	58.08	32.8	23.32	32.02	27.2	75.17	45.19	67.0	6.32	50.99	53.01	0.0	36.12	60.73	28.64	14.87	62.97	57.45	30.61	28.65	60.07	20.25	47.42	40.31	32.45	67.6	58.52	22.67	41.62	56.44	56.08	59.48	55.97	45.22	15.0	33.24	25.55	32.14	45.4	10.63	43.68	50.16	34.41	63.13	70.84	75.59	62.82	41.76	44.27	67.96	56.3	23.02	24.7	17.12	30.07	68.31	45.45	17.03	23.32	60.67	61.22	51.42	26.93	64.08	10.0	23.85	54.15	56.75	55.54	44.72	48.83	28.86	42.05	28.6	42.45	48.05	37.36	33.24	36.77	31.91	53.76	41.0	48.27	12.21	52.77	41.23	28.43	73.6	54.92	15.23	45.18	60.54	39.2	58.25	31.32	59.51	53.15	24.7	76.06	48.51	49.37	39.81	11.7	65.19	23.71	19.72	28.28	38.47	55.44	36.88	38.42	44.18	22.2	56.36	11.4	48.76	63.51	4.0	60.22	37.11	25.32	33.11	47.01	42.44	24.0	46.53	44.72	39.29	9.0	63.98	58.03	
19.72	24.35	30.15	38.95	36.72	29.55	28.32	27.02	33.62	22.0	28.02	18.36	27.2	23.6	46.62	41.63	31.14	30.02	15.65	17.12	36.12	0.0	26.63	13.45	28.18	27.2	46.39	27.02	20.25	24.0	32.02	18.38	25.96	30.0	33.24	25.5	22.47	33.24	28.18	33.73	29.41	34.53	13.04	24.74	36.88	21.26	43.93	9.49	29.43	10.82	19.72	18.79	27.02	47.17	44.55	27.73	15.52	18.03	39.96	44.28	13.15	17.69	19.03	6.08	34.13	32.76	39.56	21.93	24.74	45.04	20.52	37.01	31.83	36.67	18.87	18.03	21.95	20.59	9.43	37.85	12.81	7.81	27.59	45.49	51.11	13.0	24.7	38.01	30.61	20.81	52.35	50.61	29.83	17.09	8.06	20.52	47.01	19.31	34.48	18.44	32.25	21.59	22.85	13.42	28.43	37.01	29.21	45.28	53.54	54.92	20.0	25.02	32.02	30.81	29.53	23.35	46.1	32.76	22.47	21.84	52.01	14.0	26.93	33.96	49.65	36.24	36.01	34.54	6.0	38.83	34.83	57.49	21.02	41.68	14.14	17.46	7.28	37.95	32.56	22.02	
32.06	16.12	14.42	14.56	43.46	36.06	54.82	7.81	7.28	15.0	38.83	38.47	38.64	49.52	23.54	45.28	20.12	54.41	11.31	17.72	60.73	26.63	0.0	32.56	54.71	8.06	41.77	39.46	45.97	15.13	58.6	15.13	30.68	41.0	28.46	3.61	41.11	37.58	13.45	23.43	10.3	24.84	15.52	46.87	47.8	47.51	56.75	17.69	51.97	17.09	12.17	30.07	14.87	29.43	19.24	4.24	34.99	35.78	19.03	39.62	38.91	44.2	44.01	32.25	7.62	33.62	59.01	48.41	9.22	36.06	31.05	51.62	7.07	58.55	38.33	14.56	5.0	6.4	17.2	37.2	39.05	25.61	41.3	52.33	56.08	35.61	35.51	46.82	41.98	27.46	62.39	55.23	51.62	10.82	19.7	36.0	26.02	8.94	61.06	18.25	14.32	27.66	6.08	38.9	8.06	31.83	45.1	20.12	59.17	60.54	41.34	49.04	5.83	47.1	48.01	38.05	55.71	22.67	30.59	28.64	59.93	39.0	11.31	55.44	53.54	17.72	59.67	19.24	23.77	54.45	45.61	65.74	23.77	58.31	27.73	18.11	21.54	63.98	9.0	16.0	
8.0	22.8	40.45	41.18	24.35	18.11	30.08	29.55	39.81	33.24	15.23	6.0	14.32	28.28	47.01	29.83	42.72	22.36	24.08	29.15	28.64	13.45	32.56	0.0	26.63	36.01	37.22	13.89	26.02	35.17	32.65	18.79	16.28	17.0	46.07	30.08	9.49	22.09	28.02	29.41	30.89	29.68	17.12	14.32	23.6	25.32	30.48	19.92	19.42	16.0	21.54	8.25	37.85	44.2	47.01	35.13	27.78	30.53	39.82	35.36	11.4	21.21	13.45	10.77	40.02	23.19	27.46	24.74	34.13	37.95	33.94	23.6	35.47	26.08	6.08	29.12	29.07	28.02	18.44	28.07	19.1	21.26	14.21	32.65	38.48	24.17	12.37	25.06	17.49	34.21	38.95	38.08	19.1	26.17	14.14	7.21	45.97	28.07	32.8	16.64	32.2	13.0	31.0	21.38	30.87	29.41	15.81	47.51	40.71	42.06	30.68	17.0	36.69	17.49	16.76	10.0	32.8	28.6	12.17	12.65	38.83	9.85	27.78	23.02	37.34	35.47	27.2	32.53	10.44	25.55	21.63	44.2	15.0	28.64	27.59	16.12	12.17	33.42	35.34	33.53	
33.54	48.84	57.28	66.07	45.54	42.06	7.21	54.04	61.77	48.76	37.11	23.77	36.14	12.53	72.84	51.62	56.89	13.0	43.83	43.42	14.87	28.18	54.71	26.63	0.0	55.15	61.98	34.93	14.56	50.7	7.0	43.86	42.05	37.66	56.01	53.25	25.71	45.88	53.74	56.04	55.97	56.3	40.0	19.03	41.01	11.4	42.76	37.58	18.44	38.01	46.1	34.48	53.85	70.8	71.84	55.9	29.07	31.26	65.76	60.41	16.28	12.04	13.42	22.47	62.27	48.47	29.55	9.22	52.55	63.98	39.05	36.22	59.41	22.83	24.7	45.22	50.12	48.76	37.59	52.81	17.26	32.02	33.54	51.0	57.01	25.0	36.06	44.1	37.48	42.01	52.17	57.0	20.4	45.19	35.23	30.08	72.25	47.42	6.4	42.45	57.98	39.45	50.99	19.03	55.44	55.46	31.06	72.47	58.14	59.21	25.96	14.0	59.91	31.0	27.02	31.32	48.26	55.22	38.01	38.95	54.45	17.03	53.08	22.47	57.04	61.55	17.8	58.9	31.4	35.69	40.11	58.25	41.62	35.74	35.13	41.73	33.6	11.05	59.82	48.51	
37.11	23.43	6.4	21.0	50.12	42.49	54.2	15.81	9.49	8.94	44.6	42.01	44.27	48.26	30.02	52.43	12.08	56.72	12.04	13.45	62.97	27.2	8.06	36.01	55.15	0.0	49.68	44.92	44.65	8.25	58.18	21.02	37.12	46.82	20.62	11.4	45.18	44.42	21.4	31.4	18.36	32.8	19.24	50.04	53.85	46.65	62.63	17.72	55.08	20.02	18.36	35.17	7.07	37.11	24.52	4.12	31.83	32.02	26.48	47.51	40.26	43.83	45.89	33.24	10.44	40.8	63.29	47.89	2.83	44.1	25.94	57.01	14.32	62.01	42.05	10.63	7.62	8.25	18.25	44.69	38.47	23.85	46.57	59.17	63.25	33.42	41.11	53.23	47.76	21.93	68.88	62.43	55.01	10.2	22.02	40.61	33.14	8.06	61.33	24.17	22.36	33.62	5.1	37.74	16.12	39.62	50.01	25.5	66.29	67.68	38.21	51.48	12.04	51.97	52.35	42.95	62.17	30.61	36.4	34.54	66.73	40.79	19.21	59.0	60.8	25.63	62.39	27.29	26.08	59.67	51.62	72.56	29.97	63.35	24.08	23.77	24.02	65.15	16.49	9.85	
29.27	26.93	56.08	36.24	18.44	19.92	66.71	33.97	45.45	53.85	25.08	38.33	26.0	65.49	33.96	13.6	61.4	52.77	43.83	53.23	57.45	46.39	41.77	37.22	61.98	49.68	0.0	27.31	63.2	54.92	68.68	31.78	21.02	25.06	68.8	38.29	36.4	16.16	28.32	18.38	31.83	16.97	37.34	43.86	25.46	62.51	31.91	45.54	47.01	38.9	33.12	29.07	55.8	23.09	39.56	46.01	61.81	64.13	29.55	2.24	48.51	58.42	48.76	47.0	44.82	14.04	44.55	61.81	50.0	8.06	64.2	32.53	37.64	49.2	37.36	51.0	43.01	43.27	43.32	9.22	56.04	52.39	29.07	20.62	20.1	59.3	25.96	21.93	25.55	62.39	31.05	19.1	45.28	45.65	40.26	32.02	29.43	45.79	67.42	29.73	28.43	25.02	45.8	58.0	33.94	10.3	32.76	39.22	23.02	24.0	66.27	48.85	40.46	33.84	37.74	30.68	26.4	19.1	25.08	25.0	26.48	46.69	30.48	46.62	17.12	26.93	54.08	23.6	40.45	35.38	24.84	31.06	25.5	39.05	58.24	30.68	39.81	65.3	35.61	54.71	
8.06	25.08	50.33	43.74	11.05	7.81	40.2	34.0	46.17	44.29	2.24	12.04	1.41	40.11	47.17	17.0	53.67	25.55	34.01	41.05	30.61	27.02	39.46	13.89	34.93	44.92	27.31	0.0	38.47	46.07	41.77	24.33	10.77	3.16	58.25	36.22	9.22	11.18	30.27	26.83	34.13	26.42	26.0	16.55	9.9	37.12	17.89	31.62	20.0	25.94	27.29	9.85	48.33	41.05	49.24	42.95	41.68	44.42	40.16	25.94	23.35	33.24	22.09	24.6	46.1	14.87	21.19	36.01	43.66	30.61	47.51	12.17	40.01	23.6	11.05	40.31	37.36	36.69	29.68	18.36	32.28	34.71	2.24	18.79	24.7	38.01	4.0	11.18	3.61	47.38	25.5	24.35	18.44	36.25	25.24	6.71	44.72	37.7	40.16	21.21	33.73	12.0	39.85	34.79	35.01	22.63	6.71	49.48	26.83	28.18	44.38	21.54	42.01	8.54	11.4	4.12	19.1	26.4	9.0	11.0	25.0	21.21	31.06	20.62	23.77	35.74	27.59	31.95	22.67	15.03	7.81	30.48	16.0	19.0	41.11	21.38	23.6	38.08	39.12	44.78	
34.01	44.28	45.62	59.03	49.5	44.01	10.2	47.2	52.5	37.12	40.31	26.48	39.32	3.61	66.85	55.33	44.27	24.84	34.66	31.76	28.65	20.25	45.97	26.02	14.56	44.65	63.2	38.47	0.0	38.91	14.32	38.47	42.19	41.59	42.3	45.34	30.08	48.01	48.37	53.14	49.65	53.76	33.29	26.42	46.84	3.16	50.99	28.28	28.43	31.06	39.96	34.13	42.05	67.12	64.54	46.23	15.13	17.0	60.21	61.29	15.13	5.39	17.89	16.76	53.15	49.16	40.46	5.39	41.88	63.35	25.08	43.86	51.74	34.66	27.46	34.13	41.04	39.62	29.07	54.08	7.62	20.81	37.85	56.75	62.82	11.7	38.05	49.24	41.77	28.44	60.42	62.59	30.0	35.47	28.3	32.14	67.23	37.64	19.0	38.08	52.48	38.47	41.23	7.07	48.6	54.92	37.0	65.3	64.56	65.8	11.4	22.8	51.62	37.7	34.44	34.37	55.36	52.2	38.12	38.33	61.68	17.26	47.17	33.3	62.17	56.44	30.81	54.56	25.5	44.29	45.35	66.31	39.29	45.49	22.14	37.16	27.29	25.5	52.63	36.67	
38.01	28.02	6.71	29.07	52.8	45.0	48.85	22.14	17.72	2.0	46.14	41.0	45.65	42.49	38.12	55.9	7.62	54.01	12.21	7.28	60.07	24.0	15.13	35.17	50.7	8.25	54.92	46.07	38.91	0.0	52.92	24.04	39.82	48.37	13.89	17.72	44.64	47.51	27.31	37.12	25.0	38.47	20.25	48.37	55.57	41.23	63.95	15.3	53.24	20.12	22.02	36.24	3.16	44.55	32.76	12.04	25.0	24.76	34.13	52.7	37.05	38.9	43.01	30.02	18.68	44.55	62.59	42.72	6.0	50.09	18.03	57.78	22.02	60.41	41.23	6.08	12.08	11.66	16.76	48.92	33.53	18.68	47.42	62.01	66.6	27.29	42.54	55.47	49.24	13.89	71.02	65.86	53.46	10.0	21.19	40.85	41.01	9.22	56.61	26.91	29.12	35.81	9.49	32.31	22.8	44.65	50.33	33.73	69.53	70.94	31.24	49.01	20.02	52.2	51.92	43.46	64.35	36.24	38.28	36.62	69.4	38.0	25.08	57.56	64.38	32.76	60.01	33.84	24.74	60.17	53.34	75.21	32.65	63.57	17.2	26.25	23.09	61.19	24.08	2.24	
39.92	54.2	59.62	70.72	52.47	48.76	4.12	58.69	65.46	51.08	43.93	30.36	42.95	11.05	77.9	58.55	58.52	19.65	47.43	45.69	20.25	32.02	58.6	32.65	7.0	58.18	68.68	41.77	14.32	52.92	0.0	48.92	48.47	44.55	56.57	57.49	32.56	52.63	58.9	61.91	60.83	62.27	44.55	26.02	48.01	11.7	49.65	41.05	25.32	42.45	50.93	40.72	56.08	76.55	76.42	59.36	29.43	31.14	70.94	67.05	21.63	14.42	19.92	26.87	66.03	55.03	36.06	10.3	55.47	70.38	39.32	43.19	63.78	29.15	31.32	47.85	53.82	52.43	41.4	59.48	19.72	34.44	40.45	58.0	64.01	25.96	42.72	51.09	44.41	42.76	59.03	64.0	27.29	48.55	39.62	36.69	77.62	50.77	5.83	47.8	63.13	45.62	54.38	20.62	60.11	61.85	38.05	77.1	65.12	66.19	25.0	21.0	64.03	38.0	34.01	38.08	55.23	61.06	44.38	45.19	61.4	22.83	58.05	29.12	64.03	66.84	23.71	64.4	36.07	42.58	47.1	65.12	47.51	42.45	36.4	47.01	38.18	13.6	64.38	50.7	
17.0	6.08	26.93	22.47	29.15	21.47	45.61	10.77	22.0	22.67	23.77	24.35	23.54	41.68	29.0	31.89	31.24	41.15	12.21	21.47	47.42	18.38	15.13	18.79	43.86	21.02	31.78	24.33	38.47	24.04	48.92	0.0	16.12	25.96	37.64	12.0	26.48	23.6	10.0	16.0	12.21	17.03	6.0	32.89	32.89	39.12	41.76	14.14	37.95	8.06	3.0	15.0	25.61	28.79	28.3	18.68	32.14	34.01	22.02	29.55	27.59	35.23	31.62	22.2	22.02	20.52	44.1	39.41	20.25	28.44	32.76	36.5	16.76	44.15	24.04	19.42	13.42	13.04	12.04	25.0	30.89	22.02	26.17	38.28	42.64	30.81	20.4	32.2	26.93	30.68	47.85	41.87	37.36	14.21	10.44	21.1	28.84	14.87	50.25	3.16	14.21	12.65	16.12	31.78	12.08	21.54	30.02	28.84	45.61	47.01	37.66	35.78	18.25	32.02	33.14	23.0	41.15	15.0	15.52	13.6	45.79	27.02	9.22	41.0	40.36	18.03	45.88	16.16	13.04	39.32	30.68	51.62	8.94	43.19	27.17	3.0	11.18	51.87	16.55	23.43	
8.54	15.13	43.05	33.24	13.04	5.39	46.17	24.33	36.88	38.29	9.22	18.36	9.49	44.55	36.4	16.4	47.2	34.71	27.66	36.12	40.31	25.96	30.68	16.28	42.05	37.12	21.02	10.77	42.19	39.82	48.47	16.12	0.0	11.05	53.04	27.2	17.69	7.81	20.0	16.12	24.02	15.81	19.8	25.5	17.26	41.59	26.31	27.2	29.73	20.62	18.79	8.06	41.62	30.61	38.64	34.54	41.48	43.97	29.41	19.1	27.66	37.48	28.64	26.02	36.67	7.0	31.95	41.0	36.36	21.93	45.18	22.09	30.15	34.13	17.49	34.66	29.53	29.15	25.0	12.04	35.01	32.7	13.0	22.2	26.87	38.64	7.21	16.16	12.04	44.1	31.78	26.17	28.43	29.83	21.1	12.21	34.0	30.81	47.89	13.04	23.19	4.47	32.25	37.01	25.18	13.42	17.46	38.83	29.73	31.14	45.54	30.0	32.39	19.31	21.95	12.04	25.08	15.65	4.12	4.12	29.68	25.96	21.1	31.06	24.84	25.0	37.64	21.19	20.25	25.18	15.13	35.51	7.21	29.27	38.91	13.6	20.12	47.01	29.02	38.95	
10.63	26.02	52.39	44.28	8.0	6.71	43.1	35.13	47.52	46.65	2.24	15.13	2.83	43.19	47.13	14.04	55.95	27.73	36.24	43.6	32.45	30.0	41.0	17.0	37.66	46.82	25.06	3.16	41.59	48.37	44.55	25.96	11.05	0.0	60.8	37.66	12.04	9.22	31.02	26.57	35.0	26.0	28.18	18.97	7.21	40.2	15.81	34.21	21.95	28.3	28.86	12.21	50.54	40.31	49.65	44.64	44.78	47.51	40.26	23.85	26.48	36.35	25.02	27.73	47.38	13.6	21.47	39.05	45.69	29.0	50.45	11.05	41.05	24.76	14.14	42.72	39.22	38.63	32.2	16.4	35.44	37.64	4.12	15.65	21.54	41.15	5.83	8.06	1.0	50.21	22.8	21.19	20.25	38.47	27.8	9.85	44.38	39.81	42.72	22.8	34.23	13.34	41.79	37.95	36.06	21.4	7.81	49.82	23.71	25.06	47.54	24.04	43.19	9.22	12.81	7.28	16.28	26.25	10.44	12.37	22.02	24.33	32.02	21.93	20.62	35.9	29.21	32.02	25.46	14.14	5.0	27.59	17.26	18.25	44.05	23.09	26.25	40.25	40.0	47.17	
50.22	41.88	15.03	41.3	65.86	58.05	52.47	35.85	29.07	15.0	58.6	51.48	58.01	45.54	50.16	69.31	9.0	61.98	25.5	17.2	67.6	33.24	28.46	46.07	56.01	20.62	68.8	58.25	42.3	13.89	56.57	37.64	53.04	60.8	0.0	31.38	55.46	60.81	41.15	51.0	38.63	52.35	33.24	57.87	68.01	45.18	76.01	26.63	62.36	32.65	35.81	48.6	13.6	57.72	44.0	24.74	27.17	25.5	47.07	66.57	45.12	44.0	51.2	38.6	30.07	58.14	72.8	47.1	19.31	63.95	17.26	69.46	34.93	69.64	51.89	18.38	25.94	25.55	28.6	62.63	39.05	25.96	59.36	75.07	79.91	31.02	55.0	68.25	61.61	14.0	83.6	79.2	62.94	23.43	33.02	52.48	53.6	23.02	61.2	40.36	42.72	48.84	23.26	37.0	36.4	58.52	61.77	45.0	82.76	84.17	32.02	57.49	32.56	63.53	62.65	55.23	77.01	50.12	51.09	49.58	82.33	46.57	38.91	67.05	77.79	46.17	68.25	47.54	35.85	71.59	65.8	88.09	45.97	74.69	21.1	39.62	34.67	67.0	37.11	14.21	
29.0	12.53	17.8	13.89	39.92	32.57	53.81	4.47	10.0	17.26	35.51	35.9	35.36	48.84	22.47	41.68	23.32	52.2	11.18	19.1	58.52	25.5	3.61	30.08	53.25	11.4	38.29	36.22	45.34	17.72	57.49	12.0	27.2	37.66	31.38	0.0	38.33	34.01	10.0	20.0	7.28	21.4	13.42	44.38	44.38	46.67	53.37	17.2	49.48	15.26	9.0	27.0	17.89	27.07	19.21	7.81	35.34	36.4	17.12	36.12	37.22	43.19	42.05	30.81	10.05	30.02	56.08	47.42	12.08	32.76	32.39	48.37	6.4	55.9	35.69	16.03	6.0	7.07	16.28	33.6	38.18	25.55	38.12	48.75	52.48	35.51	32.25	43.32	38.64	29.07	58.87	51.62	49.03	11.4	18.03	33.06	24.33	10.05	59.64	15.03	11.4	24.33	8.25	38.29	5.1	28.28	42.01	20.0	55.57	56.94	41.59	46.82	6.71	44.01	45.1	35.0	52.2	19.21	27.29	25.32	56.36	37.12	7.81	52.77	49.93	15.13	57.28	16.16	21.95	51.24	42.2	62.17	20.4	55.15	28.46	15.0	19.72	62.18	7.62	18.25	
10.3	29.15	49.82	48.1	20.02	16.55	31.06	37.11	48.26	42.72	11.4	4.24	10.44	31.4	52.84	26.08	52.2	17.03	33.38	38.63	22.67	22.47	41.11	9.49	25.71	45.18	36.4	9.22	30.08	44.64	32.56	26.48	17.69	12.04	55.46	38.33	0.0	20.25	34.54	33.42	37.95	33.3	26.02	7.81	16.76	28.44	22.02	29.41	12.21	25.18	29.43	12.08	47.3	48.17	53.85	44.0	35.47	38.29	45.65	34.93	15.23	24.74	13.0	18.38	48.37	23.32	18.11	27.17	43.42	39.12	42.64	14.87	43.17	17.72	3.61	38.6	38.01	37.05	27.89	27.31	24.6	30.23	8.0	26.68	32.76	31.4	10.82	19.24	12.0	43.27	31.06	32.56	11.18	35.51	23.54	5.83	51.04	37.34	31.02	23.77	38.48	16.64	40.11	27.29	38.33	30.81	7.21	54.23	34.48	35.74	37.22	12.53	44.72	8.49	7.28	5.83	25.5	32.8	14.21	15.81	31.78	13.0	34.79	14.56	32.25	41.18	20.25	37.74	19.92	16.4	15.3	36.72	20.12	19.24	36.4	23.54	21.59	29.41	42.72	43.01	
14.14	21.54	50.48	38.05	6.08	4.0	50.8	30.68	43.32	46.01	8.94	22.36	9.85	50.04	39.62	8.6	54.82	36.72	35.38	43.93	41.62	33.24	37.58	22.09	45.88	44.42	16.16	11.18	48.01	47.51	52.63	23.6	7.81	9.22	60.81	34.01	20.25	0.0	25.71	19.1	29.83	18.25	27.59	27.73	12.37	47.04	21.1	35.0	31.06	28.43	26.08	14.56	49.2	31.78	43.01	41.59	48.7	51.26	33.14	14.76	33.02	43.01	32.76	32.56	43.01	5.1	30.23	46.17	43.83	19.8	52.84	18.79	36.14	33.94	21.38	42.43	36.89	36.62	32.8	7.21	41.19	40.25	13.04	14.76	19.1	45.61	10.05	10.0	9.9	51.87	25.0	18.38	29.41	37.54	28.84	16.12	36.4	38.42	51.26	20.62	28.16	12.21	39.66	43.42	31.32	12.53	17.03	43.05	22.02	23.43	52.39	32.7	38.6	18.38	22.02	14.56	18.44	19.03	10.77	11.66	22.36	31.06	27.2	31.14	17.03	29.02	38.42	25.02	27.73	21.93	10.77	28.18	14.87	26.0	46.53	21.26	27.78	49.24	34.71	46.69	
24.35	5.39	27.8	13.6	31.78	25.08	55.61	5.66	17.89	26.57	29.07	33.12	29.15	51.62	19.1	32.7	33.29	50.25	18.03	27.29	56.44	28.18	13.45	28.02	53.74	21.4	28.32	30.27	48.37	27.31	58.9	10.0	20.0	31.02	41.15	10.0	34.54	25.71	0.0	10.0	4.12	11.4	15.23	41.59	37.12	49.09	46.17	22.36	46.52	17.46	8.54	22.47	27.78	19.42	19.31	17.69	41.0	42.58	12.04	26.17	37.48	45.22	41.23	32.2	17.46	21.19	51.2	49.41	21.95	22.83	40.01	42.05	10.44	52.2	32.65	24.52	15.23	15.81	20.62	24.19	40.82	30.81	32.39	40.16	43.38	40.16	26.31	35.51	32.02	37.22	50.7	42.49	45.69	19.24	20.12	28.79	18.87	18.68	60.11	11.4	4.24	18.44	17.89	41.59	5.83	18.44	36.67	19.7	46.52	47.85	46.84	44.94	13.0	38.64	40.52	30.08	44.15	9.22	21.38	19.42	47.76	36.8	2.24	49.04	40.71	8.06	54.56	7.0	23.02	45.1	35.06	53.49	14.56	49.16	35.13	12.04	21.1	61.4	9.06	27.51	
23.35	10.05	37.8	19.42	25.02	19.92	59.06	15.62	27.2	36.25	25.08	33.24	25.5	56.08	20.62	24.52	43.27	50.25	26.93	36.4	56.08	33.73	23.43	29.41	56.04	31.4	18.38	26.83	53.14	37.12	61.91	16.0	16.12	26.57	51.0	20.0	33.42	19.1	10.0	0.0	13.45	1.41	22.0	41.11	31.4	53.31	40.2	30.07	45.61	24.02	16.28	21.93	37.74	14.87	24.02	27.66	48.09	50.01	14.04	16.28	40.31	49.24	42.8	36.4	26.63	14.04	47.93	53.23	31.91	13.0	48.51	37.36	19.42	50.25	32.53	33.84	25.06	25.5	28.02	15.52	45.54	38.01	29.07	32.39	34.79	46.53	23.32	29.07	27.51	46.1	43.29	33.84	44.41	28.46	26.17	27.66	17.89	28.23	62.2	15.3	10.3	16.97	27.78	46.84	15.56	8.94	33.54	24.0	37.95	39.22	53.46	45.25	22.2	35.34	38.08	28.02	37.05	1.0	19.21	17.69	39.81	39.12	12.21	47.17	31.95	10.05	53.6	6.08	27.89	40.52	29.61	45.35	14.42	44.64	43.1	16.28	26.48	62.24	17.49	37.16	
27.89	9.06	24.7	10.3	35.9	29.15	57.38	3.0	13.89	24.52	33.02	36.25	33.06	53.01	17.2	36.77	30.41	53.24	17.26	26.0	59.48	29.41	10.3	30.89	55.97	18.36	31.83	34.13	49.65	25.0	60.83	12.21	24.02	35.0	38.63	7.28	37.95	29.83	4.12	13.45	0.0	14.87	16.4	44.78	41.19	50.61	50.25	22.47	49.77	18.6	9.9	25.96	25.08	20.0	16.12	14.42	41.11	42.45	10.77	29.73	39.7	46.86	43.83	33.97	13.42	25.3	54.92	51.09	19.31	25.81	39.12	46.01	6.32	55.66	35.85	23.02	13.15	14.04	21.02	28.18	42.2	31.02	36.22	44.27	47.42	40.72	30.15	39.62	36.0	36.0	54.82	46.52	49.04	18.03	21.4	32.28	18.03	17.03	62.37	14.32	4.12	22.2	15.52	42.72	2.24	22.2	40.45	16.64	50.57	51.89	47.17	47.89	8.94	42.43	44.15	33.73	48.27	12.81	25.18	23.19	51.87	39.2	3.16	52.5	44.72	8.0	57.78	8.94	24.76	49.04	39.12	57.58	18.25	53.08	34.71	14.76	22.67	64.07	5.0	25.5	
23.35	11.18	39.2	20.62	24.08	19.31	59.48	17.03	28.6	37.58	24.6	33.3	25.06	56.65	21.38	23.35	44.65	50.21	28.16	37.64	55.97	34.53	24.84	29.68	56.3	32.8	16.97	26.42	53.76	38.47	62.27	17.03	15.81	26.0	52.35	21.4	33.3	18.25	11.4	1.41	14.87	0.0	23.02	41.04	30.59	53.85	39.32	31.14	45.45	25.0	17.46	22.02	39.12	14.87	25.08	29.07	49.04	51.0	15.0	14.87	40.71	49.77	43.01	37.0	28.02	13.15	47.42	53.71	33.29	11.7	49.65	36.69	20.81	49.93	32.56	35.11	26.42	26.83	29.07	14.32	46.17	39.0	28.65	31.26	33.53	47.38	23.02	28.16	26.93	47.3	42.19	32.57	44.2	29.73	27.07	27.59	18.38	29.55	62.43	16.12	11.66	17.03	29.15	47.54	16.97	7.62	33.12	25.02	36.69	37.95	54.33	45.28	23.6	34.89	37.74	27.8	36.01	2.24	19.1	17.69	38.64	39.45	13.6	46.87	30.68	11.18	53.41	7.28	28.64	39.85	28.86	44.15	14.76	43.97	44.18	17.12	27.29	62.29	18.87	38.48	
18.03	12.04	24.35	26.17	32.65	24.84	41.04	14.14	22.8	18.6	25.94	23.09	25.5	36.62	33.6	36.12	27.78	38.9	8.06	16.4	45.22	13.04	15.52	17.12	40.0	19.24	37.34	26.0	33.29	20.25	44.55	6.0	19.8	28.18	33.24	13.42	26.02	27.59	15.23	22.0	16.4	23.02	0.0	31.4	35.36	34.21	43.86	8.25	36.5	2.24	6.71	16.16	22.36	34.48	31.89	18.03	26.17	28.02	26.93	35.11	23.85	30.48	28.64	17.69	23.09	25.24	44.1	34.71	17.72	34.37	26.93	37.95	19.42	43.19	23.02	14.87	12.0	11.05	6.08	30.02	25.81	16.03	27.51	41.87	46.67	25.0	22.36	35.23	29.07	25.08	50.77	45.97	36.22	10.3	5.0	21.38	34.0	11.7	46.4	7.62	19.24	15.62	14.14	26.42	15.56	27.2	30.81	32.56	49.52	50.93	31.78	33.53	20.12	32.76	33.14	23.77	44.1	21.0	18.03	16.4	49.2	23.71	13.89	40.11	44.6	23.26	44.15	21.84	8.6	40.52	33.12	55.0	12.81	44.15	21.21	6.71	6.4	48.76	19.85	19.21	
17.8	36.24	54.08	55.04	26.68	24.19	25.18	43.66	54.13	46.39	18.79	8.54	17.89	26.93	60.21	32.76	55.73	9.22	38.01	41.77	15.0	24.74	46.87	14.32	19.03	50.04	43.86	16.55	26.42	48.37	26.02	32.89	25.5	18.97	57.87	44.38	7.81	27.73	41.59	41.11	44.78	41.04	31.4	0.0	22.0	24.17	24.7	33.14	5.1	30.15	35.74	19.42	51.24	55.9	60.84	49.37	35.0	37.8	53.0	42.49	13.6	21.1	8.6	19.31	54.34	31.06	15.26	22.47	48.0	46.87	43.42	17.72	49.65	12.04	8.94	42.3	43.29	42.19	32.02	34.89	22.63	31.95	14.87	32.02	38.05	30.61	18.6	25.08	18.68	44.78	34.18	38.01	5.1	40.0	28.02	13.45	58.6	42.01	23.77	30.46	45.65	24.21	45.1	25.46	44.94	38.6	12.04	61.27	39.32	40.45	35.38	5.1	50.96	12.04	8.25	13.6	29.61	40.46	21.93	23.43	35.9	11.66	41.63	9.22	38.01	48.55	13.0	45.22	24.0	17.89	21.1	40.16	27.46	19.21	37.58	30.08	26.02	21.63	49.4	46.53	
17.8	32.39	59.51	50.01	7.21	12.04	47.1	41.59	54.13	53.85	9.43	20.62	10.0	48.05	51.97	12.21	63.13	29.61	43.42	50.8	33.24	36.88	47.8	23.6	41.01	53.85	25.46	9.9	46.84	55.57	48.01	32.89	17.26	7.21	68.01	44.38	16.76	12.37	37.12	31.4	41.19	30.59	35.36	22.0	0.0	45.12	9.06	41.4	23.54	35.51	35.74	19.42	57.71	44.01	55.15	51.55	51.31	54.08	45.4	24.84	31.95	41.48	29.43	34.13	53.94	17.46	19.1	43.74	52.8	31.06	57.38	7.07	47.38	24.19	19.7	49.93	46.24	45.69	39.41	18.36	41.23	44.6	9.43	10.05	16.12	47.51	13.04	3.61	6.4	57.28	15.62	16.03	21.59	45.65	35.0	16.4	48.76	46.96	45.4	29.73	40.0	20.25	48.85	43.86	42.43	24.7	10.05	55.23	17.72	18.97	53.67	27.02	49.65	10.05	14.14	13.6	9.22	31.26	17.46	19.31	15.26	29.73	38.33	21.93	16.03	41.19	29.55	37.22	32.56	10.0	2.24	20.62	24.04	13.89	50.99	30.08	33.42	41.76	46.17	54.38	
33.24	44.78	47.93	60.21	48.17	43.05	7.62	48.27	54.2	39.4	39.05	25.08	38.05	3.0	67.8	54.08	46.84	21.93	36.24	34.01	25.55	21.26	47.51	25.32	11.4	46.65	62.51	37.12	3.16	41.23	11.7	39.12	41.59	40.2	45.18	46.67	28.44	47.04	49.09	53.31	50.61	53.85	34.21	24.17	45.12	0.0	48.85	29.83	25.81	32.02	40.8	33.54	44.38	67.54	65.8	48.01	18.03	20.02	61.03	60.67	14.04	4.12	15.81	17.0	54.82	48.51	37.8	2.24	43.91	63.06	28.02	41.79	53.04	31.83	26.08	36.24	42.64	41.23	30.41	53.34	8.49	22.83	36.35	55.11	61.19	14.32	37.01	47.68	40.31	31.26	58.31	61.0	27.46	37.2	29.21	31.0	67.96	39.41	16.03	38.47	53.25	38.08	43.01	8.94	49.68	54.57	35.17	66.53	62.82	64.03	14.56	20.25	53.08	35.74	32.31	33.06	53.45	52.39	37.48	37.85	59.77	16.0	48.01	30.61	60.67	57.14	27.8	55.07	26.08	42.05	43.74	64.26	39.22	43.05	24.74	37.59	28.02	22.36	53.81	39.0	
25.94	41.44	68.15	59.0	15.3	21.1	49.48	50.64	63.15	62.18	18.03	26.25	18.38	51.62	60.67	18.36	71.55	30.15	51.89	58.83	32.14	43.93	56.75	30.48	42.76	62.63	31.91	17.89	50.99	63.95	49.65	41.76	26.31	15.81	76.01	53.37	22.02	21.1	46.17	40.2	50.25	39.32	43.86	24.7	9.06	48.85	0.0	49.4	24.33	43.83	44.64	27.73	66.21	52.2	64.07	60.44	57.49	60.31	54.23	31.76	36.89	45.62	33.11	40.36	62.97	26.17	15.52	47.17	61.47	38.48	64.38	7.21	56.44	22.2	25.5	58.18	55.03	54.42	47.51	26.25	46.32	51.74	16.64	12.04	16.55	53.41	21.54	11.18	14.87	64.66	9.49	17.0	22.36	54.13	43.05	23.6	57.27	55.54	46.1	38.6	49.01	29.12	57.58	49.09	51.48	32.98	14.87	64.12	16.49	17.26	59.08	29.12	58.69	13.6	16.55	20.81	6.71	40.11	26.25	28.16	12.04	34.67	47.38	21.0	18.03	50.09	28.16	46.1	40.22	7.07	11.18	15.52	32.98	8.54	58.05	38.9	41.34	41.11	55.23	62.65	
23.6	20.02	21.0	31.06	39.62	31.89	37.2	19.7	24.41	13.34	32.02	25.71	31.4	31.83	39.36	43.6	22.8	39.2	6.4	9.43	45.4	9.49	17.69	19.92	37.58	17.72	45.54	31.62	28.28	15.3	41.05	14.14	27.2	34.21	26.63	17.2	29.41	35.0	22.36	30.07	22.47	31.14	8.25	33.14	41.4	29.83	49.4	0.0	38.05	6.71	14.04	22.02	18.11	41.77	36.4	18.36	18.68	20.22	33.24	43.32	22.56	26.63	28.28	15.52	25.0	33.12	47.3	30.81	15.3	42.58	18.68	42.94	23.6	45.18	25.96	9.22	12.81	11.4	2.24	38.01	21.4	8.54	32.76	48.8	53.91	18.36	28.43	41.77	35.0	17.0	57.01	53.26	38.21	7.62	6.4	25.94	40.5	9.85	43.83	15.81	25.96	22.8	13.42	21.21	21.02	35.44	35.34	37.2	56.64	58.05	24.7	34.06	23.35	37.16	36.69	28.65	50.45	29.07	24.76	23.43	55.9	23.19	20.62	42.3	52.01	30.08	45.04	29.27	9.49	45.19	39.2	61.62	20.59	48.47	13.04	14.87	8.06	47.43	24.7	13.6	
22.47	41.15	59.03	60.01	29.15	27.8	25.3	48.7	59.23	51.24	22.2	13.6	21.4	28.3	65.0	35.11	60.53	6.08	43.05	46.53	10.63	29.43	51.97	19.42	18.44	55.08	47.01	20.0	28.43	53.24	25.32	37.95	29.73	21.95	62.36	49.48	12.21	31.06	46.52	45.61	49.77	45.45	36.5	5.1	23.54	25.81	24.33	38.05	0.0	35.23	40.8	24.19	56.14	60.31	65.8	54.45	38.59	41.34	57.8	45.79	17.46	23.35	11.66	23.77	59.44	34.83	12.04	23.85	53.01	50.61	47.42	18.0	54.71	7.28	13.93	47.17	48.37	47.27	37.0	38.28	25.81	36.4	18.03	33.24	39.12	34.13	22.63	26.93	21.47	49.04	33.73	39.2	2.0	45.01	33.06	18.03	63.25	47.04	22.02	35.47	50.54	28.84	50.16	28.6	49.98	42.52	14.32	66.21	40.0	41.01	38.29	5.66	56.04	13.6	9.49	17.69	30.02	45.0	26.4	28.02	36.12	15.81	46.62	5.0	39.46	53.34	8.06	49.93	29.02	17.26	23.09	39.81	32.25	17.46	41.79	35.11	31.06	18.38	54.42	51.35	
