140
0.0	21.93	38.0	27.73	30.02	24.33	50.0	52.17	21.21	55.95	80.8	41.11	14.76	30.41	11.7	68.62	61.22	45.25	41.01	38.83	79.81	15.3	54.41	41.44	54.49	49.0	53.71	68.59	66.61	65.46	51.42	14.21	59.08	33.02	82.1	22.47	39.85	54.2	70.77	39.92	17.12	2.24	15.26	69.86	20.4	62.82	27.02	26.63	3.0	55.95	28.44	58.83	65.07	63.78	10.82	48.01	62.65	32.56	61.85	22.85	34.44	55.95	73.36	43.97	21.21	42.72	19.03	19.24	35.85	66.84	53.6	23.6	34.0	58.52	16.12	39.2	48.76	57.22	55.23	60.64	22.2	43.19	72.14	56.22	46.23	45.88	70.72	13.0	58.25	42.3	50.29	42.76	5.39	53.85	43.01	61.77	72.11	14.87	36.06	62.1	27.0	41.77	20.02	38.64	34.37	50.0	78.77	38.21	20.52	58.52	60.42	26.02	45.22	66.1	73.24	43.68	41.59	48.76	25.08	33.84	49.82	51.4	50.25	54.23	37.59	24.7	62.97	68.43	40.8	36.88	25.18	53.01	38.01	13.0	64.88	68.88	66.07	28.44	63.01	49.04	
21.93	0.0	20.12	17.89	38.91	6.4	28.44	31.06	7.81	34.01	62.61	21.1	7.28	38.47	10.3	49.09	40.31	25.94	38.28	23.09	61.29	35.51	56.08	45.34	35.36	30.36	40.05	48.83	58.05	48.1	30.15	31.0	42.06	15.26	64.47	12.81	30.08	33.24	56.57	18.03	7.62	22.14	33.02	59.14	26.4	52.24	10.63	6.32	19.24	40.61	24.21	37.2	58.52	43.28	14.0	43.38	48.37	26.93	48.17	1.0	12.53	34.13	57.72	33.73	35.51	21.21	23.26	25.08	22.09	48.3	32.25	35.44	16.64	41.76	6.08	22.36	26.93	50.29	36.24	50.36	6.32	23.32	52.01	53.24	25.61	34.23	50.61	8.94	36.88	36.25	52.4	43.28	25.96	41.0	32.76	46.1	59.14	30.07	40.61	62.43	26.91	42.52	21.95	18.11	29.15	32.57	61.47	37.64	34.53	47.1	59.91	25.5	23.54	56.57	55.54	45.97	19.72	27.29	33.11	38.6	31.95	30.41	34.53	41.01	24.08	17.8	42.8	53.15	24.33	19.42	28.02	35.74	34.67	11.4	49.24	59.68	45.28	8.94	57.94	29.83	
38.0	20.12	0.0	36.07	59.03	14.56	17.2	17.03	27.46	26.42	65.76	27.89	25.96	58.59	27.29	50.8	39.29	32.56	56.59	35.78	63.95	53.08	74.97	65.0	40.01	11.0	51.55	50.01	72.09	54.01	16.97	49.82	49.25	5.1	68.47	32.2	46.04	33.38	65.76	15.03	21.1	39.05	51.62	71.47	46.52	65.19	11.05	21.93	35.0	50.22	43.28	33.24	73.82	43.17	33.24	60.61	58.25	45.25	58.69	19.24	16.55	29.15	65.12	48.88	55.08	12.37	43.38	45.19	36.89	52.15	19.1	55.36	4.0	49.37	25.3	34.01	23.54	65.86	41.01	63.69	16.28	29.61	51.92	70.6	29.07	48.3	50.7	26.48	34.48	53.41	71.51	62.29	43.05	53.14	48.02	54.59	69.43	49.24	60.46	80.72	46.62	61.62	42.06	7.0	47.38	40.79	66.19	56.64	54.12	59.81	77.99	45.22	14.87	70.01	60.13	65.3	19.03	15.81	53.23	58.52	39.62	31.14	44.64	52.81	38.59	37.01	43.74	61.4	35.85	31.3	48.02	43.57	53.04	25.0	57.43	73.16	43.97	11.18	74.09	11.18	
27.73	17.89	36.07	0.0	27.02	24.19	37.64	41.44	10.44	39.05	53.81	19.1	18.03	26.08	21.02	43.01	38.28	21.19	20.62	12.21	53.04	34.83	38.9	29.53	29.15	44.65	26.0	43.27	41.11	38.29	40.16	28.02	31.89	31.89	54.82	6.0	13.0	32.02	43.08	26.93	23.54	26.42	30.23	43.19	16.76	36.12	28.3	14.14	26.57	28.3	7.62	38.47	41.0	39.81	17.09	25.5	34.93	9.22	34.18	18.36	21.47	37.05	45.65	17.03	28.79	31.78	14.32	16.16	8.49	40.36	41.76	26.68	33.3	31.24	17.12	13.42	31.06	32.76	29.68	34.06	24.17	20.4	47.17	35.36	24.33	18.44	45.79	20.0	36.88	18.38	35.47	26.25	28.6	26.25	16.03	34.13	44.64	26.08	25.63	44.82	12.17	25.61	12.08	31.62	11.4	23.43	51.4	20.62	27.86	31.4	42.2	11.05	32.89	40.0	46.1	29.41	25.71	37.0	22.09	24.04	23.6	29.61	22.8	26.57	10.0	3.61	38.47	40.71	14.42	12.37	15.0	26.17	17.03	25.02	37.22	43.01	42.54	25.61	40.16	43.57	
30.02	38.91	59.03	27.02	0.0	44.78	64.13	67.68	31.95	66.07	74.09	46.01	33.84	1.41	34.06	66.48	64.13	47.38	20.52	37.48	73.93	23.0	26.02	13.04	53.85	69.08	43.57	67.07	46.65	59.06	66.49	17.46	53.23	54.12	74.06	27.89	29.55	58.42	58.05	53.15	40.0	27.78	18.11	52.2	12.53	46.1	48.88	38.6	31.62	47.89	20.1	65.19	42.95	65.0	27.02	27.2	51.4	21.84	49.82	39.81	47.3	64.01	62.63	32.25	11.0	57.72	15.65	13.89	33.38	62.65	68.25	7.07	55.47	52.33	34.13	39.32	58.08	36.89	54.12	43.93	43.57	47.1	71.17	31.62	51.09	35.36	69.89	34.21	63.39	25.61	22.0	17.46	26.0	42.44	31.76	53.0	57.31	15.81	8.54	34.01	15.03	16.55	17.09	56.3	21.54	47.13	70.46	16.28	11.05	43.86	33.06	16.0	59.23	47.43	66.37	16.28	52.47	63.35	5.83	7.21	47.8	56.22	44.38	43.27	33.73	24.19	63.32	57.8	39.62	39.05	12.04	49.04	20.0	38.21	55.47	49.4	67.91	47.85	39.56	68.35	
24.33	6.4	14.56	24.19	44.78	0.0	26.0	27.89	14.21	33.02	65.55	24.04	11.4	44.42	13.0	51.43	41.62	29.12	44.65	28.07	64.08	39.01	62.48	51.66	38.28	25.32	45.04	51.0	63.79	51.66	27.2	35.36	45.89	9.49	67.68	19.21	36.06	34.67	61.13	17.03	7.28	25.08	37.22	64.5	32.25	57.71	4.24	11.18	21.38	45.1	30.61	37.48	64.51	44.94	18.68	49.65	53.04	33.29	53.0	5.83	13.04	33.97	61.81	39.56	40.52	18.79	29.15	30.89	27.66	51.26	29.41	40.85	10.77	45.71	10.77	27.0	26.87	56.3	39.22	55.9	2.24	26.25	53.85	59.54	27.73	39.81	52.48	12.04	37.64	42.49	58.8	49.68	29.07	46.17	38.6	50.36	64.0	34.71	46.86	68.82	33.24	48.92	28.02	14.32	35.51	36.5	64.85	44.05	39.56	52.47	66.29	31.83	21.47	62.17	58.82	52.35	19.85	24.7	38.95	44.82	35.69	31.91	39.05	46.1	29.61	24.21	44.78	57.43	29.0	24.0	34.21	39.62	41.05	11.7	53.46	65.31	46.62	4.12	64.08	25.08	
50.0	28.44	17.2	37.64	64.13	26.0	0.0	4.24	33.02	9.49	51.0	21.4	35.69	63.35	38.33	36.01	24.0	24.08	55.95	31.62	49.01	63.95	74.43	66.85	28.23	14.04	43.6	35.0	65.0	41.48	2.83	59.21	38.08	19.85	54.04	36.35	43.27	19.65	54.78	11.05	33.24	50.45	61.29	62.77	52.35	57.43	24.7	26.02	47.13	40.82	45.22	17.12	68.01	28.0	42.3	58.01	48.3	45.69	49.24	27.46	17.03	13.04	52.89	44.82	63.01	7.28	49.25	51.24	34.48	38.47	4.12	62.2	19.8	38.48	34.53	29.41	10.3	60.81	29.15	56.4	28.23	21.93	36.22	67.62	19.21	43.19	35.13	37.11	19.0	51.31	71.59	62.61	54.34	45.61	44.2	43.86	59.09	58.08	63.25	78.82	49.73	62.17	47.38	12.21	47.42	31.62	52.24	57.27	62.01	52.2	75.8	48.51	5.0	62.43	46.39	66.21	12.08	1.41	58.69	61.68	30.23	18.38	36.4	45.0	35.51	40.02	29.07	49.98	30.61	27.78	52.17	33.62	52.77	37.7	46.24	65.46	28.16	21.93	69.3	12.04	
52.17	31.06	17.03	41.44	67.68	27.89	4.24	0.0	36.22	12.0	54.08	25.61	38.21	66.94	40.61	39.2	27.17	28.32	60.03	35.81	52.04	66.48	78.55	70.77	32.2	11.18	47.8	38.12	69.2	45.22	1.41	62.03	42.05	20.59	57.22	39.81	47.43	23.41	58.69	14.56	35.17	52.77	64.07	66.89	55.73	61.61	26.0	29.27	49.24	44.94	49.04	20.02	72.25	31.14	45.04	62.2	52.35	49.66	53.34	30.07	20.4	16.12	56.61	49.04	66.12	10.05	52.61	54.59	38.59	41.98	2.24	65.49	20.25	42.49	37.12	33.6	14.42	65.05	33.11	60.61	30.08	26.17	39.01	71.84	23.43	47.42	38.0	39.46	22.2	55.47	75.66	66.65	56.72	49.82	48.41	47.85	63.07	61.0	67.07	83.01	53.45	66.19	50.8	13.6	51.43	35.81	55.58	61.27	65.12	56.4	80.0	52.2	8.54	66.61	49.82	70.21	16.12	4.47	62.17	65.46	34.41	22.36	40.61	49.2	39.66	43.68	32.39	53.85	34.83	31.91	55.79	37.74	56.82	39.56	50.16	69.63	31.0	23.77	73.54	9.22	
21.21	7.81	27.46	10.44	31.95	14.21	33.02	36.22	0.0	36.88	59.91	20.0	8.25	31.38	11.7	47.42	40.22	24.04	30.53	18.38	58.82	32.31	48.27	37.64	33.3	37.16	34.71	47.38	51.35	44.78	35.13	26.68	38.47	22.8	61.4	5.0	23.19	33.29	51.66	22.0	13.15	20.62	28.86	53.01	19.65	46.0	18.44	7.0	19.21	36.06	16.4	38.48	51.42	42.64	10.82	35.85	43.42	19.24	42.95	8.49	16.0	36.06	53.49	27.07	30.0	26.17	16.49	18.44	16.28	45.8	37.05	29.27	24.21	38.01	7.07	18.36	29.12	43.17	34.06	44.01	13.89	22.02	50.93	45.62	25.24	28.02	49.52	10.44	37.59	28.79	44.6	35.47	23.85	35.36	26.08	41.79	53.76	25.32	33.02	54.64	19.21	34.71	14.87	24.35	21.47	29.15	58.18	29.83	29.0	41.05	52.15	17.8	28.02	50.09	52.48	38.18	22.36	32.06	26.25	31.06	28.84	30.53	30.08	35.51	18.25	10.0	41.77	48.7	20.12	15.81	20.59	32.25	26.93	15.13	44.94	53.15	45.0	16.4	50.6	36.4	
55.95	34.01	26.42	39.05	66.07	33.02	9.49	12.0	36.88	0.0	42.11	20.4	41.23	65.12	44.28	27.29	15.3	21.02	55.03	30.36	40.05	68.96	73.01	66.94	22.02	23.09	38.95	26.17	60.11	34.01	11.05	63.56	31.62	28.43	45.28	39.2	41.79	12.81	47.89	16.12	39.96	56.08	65.73	57.01	55.08	52.35	32.56	30.08	53.23	35.38	46.27	8.06	63.78	19.24	47.13	55.9	42.2	45.89	43.42	33.11	21.54	4.47	45.31	42.49	66.48	14.87	52.15	54.15	33.96	30.36	10.05	65.12	28.6	32.2	39.92	28.16	8.0	57.2	22.8	51.62	35.23	19.92	27.02	65.0	16.16	40.31	26.0	42.95	10.44	49.77	70.58	61.98	59.81	41.11	42.05	37.44	52.48	62.17	63.95	76.54	51.16	61.68	50.09	20.62	47.3	27.02	43.74	57.01	65.49	47.38	73.43	50.09	12.04	57.31	38.08	65.8	14.56	10.77	61.0	62.65	25.61	12.81	32.02	40.36	34.48	42.0	20.62	42.94	28.79	27.46	54.04	28.28	52.2	44.42	39.45	60.21	19.0	29.21	65.6	21.1	
80.8	62.61	65.76	53.81	74.09	65.55	51.0	54.08	59.91	42.11	0.0	41.63	67.74	72.72	71.34	15.03	27.0	36.67	54.56	42.01	2.24	88.39	65.31	67.23	27.31	65.01	30.53	16.0	39.01	15.56	53.04	81.34	21.93	65.73	3.61	58.41	45.0	32.39	20.0	51.2	70.21	79.81	83.49	32.14	68.77	33.24	67.36	56.36	79.06	26.4	56.73	34.06	45.0	23.0	70.0	49.98	23.41	53.41	25.3	62.17	52.81	38.01	14.0	41.88	80.43	53.46	67.21	68.68	45.34	14.32	52.15	77.2	66.49	22.63	66.37	41.62	42.3	43.74	26.4	34.53	67.23	39.4	15.52	53.76	37.95	38.83	16.28	69.97	32.0	48.76	65.25	60.54	82.33	31.76	42.44	21.1	24.19	79.25	67.54	64.2	61.22	60.93	65.07	58.86	53.01	30.81	5.1	58.59	79.65	32.28	61.29	61.07	51.24	36.0	7.81	64.26	47.3	52.01	71.61	67.6	31.06	34.71	31.11	30.89	43.86	57.31	22.09	17.46	40.0	44.1	64.82	27.8	54.2	73.82	18.79	37.12	23.19	63.25	49.04	63.01	
41.11	21.1	27.89	19.1	46.01	24.04	21.4	25.61	20.0	20.4	41.63	0.0	26.91	45.0	30.48	28.02	20.25	5.1	34.93	10.3	40.25	51.88	53.24	46.57	14.32	32.45	23.77	27.8	44.78	27.66	24.21	45.69	22.09	26.08	43.66	20.62	21.95	13.42	38.12	13.42	28.65	40.61	47.93	43.66	35.69	37.58	26.31	15.0	38.9	22.36	26.02	19.42	47.2	22.67	30.81	36.62	30.41	25.5	30.81	20.59	12.0	18.0	38.12	23.43	47.54	18.03	32.98	34.93	13.6	27.31	25.24	45.71	27.17	22.02	25.5	8.06	12.65	39.7	15.23	36.24	25.63	2.24	31.14	46.23	5.39	21.93	29.73	29.07	18.03	30.02	50.57	41.79	43.83	25.5	22.8	27.02	41.59	44.01	43.57	57.43	31.0	41.44	30.81	21.19	26.93	13.04	40.8	36.69	46.57	32.2	54.41	30.02	17.69	42.49	34.79	45.54	10.0	21.26	41.19	42.3	12.0	10.77	16.76	25.08	14.32	22.36	21.93	34.0	9.22	7.07	34.06	16.0	31.95	32.45	30.0	45.62	25.0	22.2	48.17	30.81	
14.76	7.28	25.96	18.03	33.84	11.4	35.69	38.21	8.25	41.23	67.74	26.91	0.0	33.6	3.61	54.82	46.75	31.4	36.77	26.57	66.57	28.28	53.54	41.87	40.8	36.67	42.95	54.67	59.14	52.77	37.34	24.08	46.52	20.88	69.35	12.04	31.02	39.7	59.91	25.3	6.4	14.87	26.02	61.07	21.4	54.04	15.23	12.04	12.21	44.27	22.47	44.1	58.86	49.5	7.28	42.72	51.66	25.96	51.2	8.25	19.7	41.18	61.68	35.0	29.12	28.44	18.44	20.0	24.52	53.54	39.46	29.55	22.14	46.1	1.41	26.4	34.0	50.64	41.62	52.01	9.85	29.07	58.05	52.2	31.83	36.12	56.64	2.24	43.6	35.9	49.65	40.82	18.68	43.57	34.0	49.98	61.98	23.35	36.8	60.42	23.85	39.96	17.69	25.0	28.16	37.12	66.19	35.36	28.16	49.16	58.14	22.47	30.81	58.01	60.42	43.01	26.83	34.53	28.02	34.66	36.72	36.88	38.28	43.74	26.48	16.49	48.84	56.92	28.23	23.71	24.08	40.25	33.24	7.0	53.14	61.03	51.66	15.13	57.72	36.35	
30.41	38.47	58.59	26.08	1.41	44.42	63.35	66.94	31.38	65.12	72.72	45.0	33.6	0.0	33.97	65.19	62.97	46.27	19.1	36.35	72.56	24.02	25.08	12.0	52.63	68.54	42.19	65.79	45.28	57.71	65.73	18.25	51.89	53.71	72.67	27.2	28.23	57.31	56.64	52.39	39.82	28.18	19.03	50.8	12.21	44.69	48.55	37.95	31.91	46.53	19.03	64.12	41.63	63.79	26.91	25.81	50.0	20.62	48.41	39.36	46.57	63.0	61.22	30.89	12.04	57.01	15.26	13.6	32.25	61.33	67.47	8.0	55.07	50.99	33.84	38.21	57.14	35.51	52.89	42.52	43.27	46.04	69.89	30.36	50.04	34.0	68.62	34.06	62.29	24.21	21.02	16.16	26.57	41.05	30.41	51.62	55.9	16.49	7.28	33.06	14.0	15.23	16.55	55.71	20.25	45.88	69.07	14.87	12.0	42.45	32.02	15.03	58.46	46.04	65.0	15.13	51.62	62.59	5.66	5.83	46.57	55.15	43.08	41.88	32.56	23.35	62.1	56.4	38.47	38.01	11.18	47.76	18.6	38.18	54.08	48.02	66.71	47.41	38.28	67.78	
11.7	10.3	27.29	21.02	34.06	13.0	38.33	40.61	11.7	44.28	71.34	30.48	3.61	33.97	0.0	58.41	50.25	35.0	38.9	30.08	70.18	26.02	55.07	43.01	44.41	38.21	46.32	58.26	62.03	56.36	39.81	22.56	50.09	22.2	72.95	15.03	34.01	43.19	63.32	28.23	6.32	12.17	24.33	64.2	21.93	57.14	16.28	15.56	8.94	47.76	24.74	47.43	61.52	53.04	7.07	45.12	55.08	28.44	54.57	11.18	22.83	44.42	65.19	38.05	28.23	31.05	19.21	20.52	27.89	57.14	41.98	29.15	23.35	49.66	5.0	29.97	37.22	53.34	45.22	55.08	11.05	32.65	61.62	54.41	35.36	39.32	60.21	1.41	47.01	38.47	51.11	42.49	16.12	46.87	37.05	53.49	65.31	22.14	37.8	62.17	25.5	41.59	18.87	27.17	30.59	40.71	69.77	37.16	27.31	52.35	60.01	24.17	33.53	61.01	64.01	44.42	30.02	37.11	28.32	35.61	40.31	40.36	41.79	47.07	29.83	19.1	52.4	60.41	31.78	27.29	25.24	43.83	35.44	4.47	56.65	64.0	55.17	17.03	60.21	38.05	
68.62	49.09	50.8	43.01	66.48	51.43	36.01	39.2	47.42	27.29	15.03	28.02	54.82	65.19	58.41	0.0	12.04	23.43	48.84	30.81	13.15	77.8	63.03	61.98	14.14	50.04	25.02	1.41	41.23	10.77	38.12	71.03	14.04	50.96	18.03	46.75	37.0	17.46	24.21	36.4	56.6	67.88	73.24	35.85	59.17	33.84	52.92	43.01	66.6	20.02	47.41	19.24	46.49	8.06	57.98	46.04	22.14	44.78	24.04	48.55	38.48	23.09	19.85	34.93	71.2	38.47	57.14	58.83	34.67	5.39	37.34	68.43	51.66	15.03	53.41	29.83	27.29	42.58	13.45	34.21	53.24	25.81	5.0	52.35	23.71	31.78	4.12	57.01	17.03	42.76	62.03	55.58	70.77	27.0	35.17	17.46	29.21	69.07	61.13	63.79	52.33	55.73	54.92	43.93	44.94	19.72	16.49	52.39	70.33	30.59	60.67	51.88	36.22	38.08	11.18	59.54	32.57	37.0	63.07	60.73	19.42	19.92	22.14	26.0	33.62	46.62	7.07	19.42	28.6	31.83	55.9	17.46	47.54	60.46	17.46	40.25	8.94	48.85	49.73	48.04	
61.22	40.31	39.29	38.28	64.13	41.62	24.0	27.17	40.22	15.3	27.0	20.25	46.75	62.97	50.25	12.04	0.0	17.09	49.09	26.68	25.02	72.07	65.51	62.01	11.18	38.01	28.23	11.0	48.01	19.42	26.08	65.74	18.6	39.92	30.07	40.71	36.0	7.07	33.6	25.5	47.51	60.8	67.98	43.86	55.03	40.22	42.54	34.71	58.9	23.71	44.15	7.28	52.48	4.0	51.04	48.05	29.07	42.43	30.61	39.62	28.6	11.05	30.41	35.23	67.07	26.93	52.55	54.42	30.81	15.23	25.32	64.85	40.5	19.42	45.34	25.0	15.81	47.01	11.4	39.96	43.6	18.36	12.65	55.97	15.0	32.39	11.4	48.84	5.0	43.19	63.79	56.14	64.07	30.46	35.13	24.08	38.42	63.98	60.13	67.68	49.24	56.08	50.33	32.57	43.19	18.11	28.44	52.0	66.13	35.85	64.51	48.51	24.52	45.0	22.8	60.13	21.95	25.02	59.91	59.3	17.03	9.9	22.56	29.55	30.41	41.79	5.39	28.6	24.52	26.0	52.63	17.72	47.0	51.66	25.5	47.63	5.0	38.59	55.01	36.01	
45.25	25.94	32.56	21.19	47.38	29.12	24.08	28.32	24.04	21.02	36.67	5.1	31.4	46.27	35.0	23.43	17.09	0.0	34.21	10.0	35.36	55.23	52.0	46.53	9.43	36.24	19.72	23.35	41.05	22.56	26.91	48.76	17.03	31.02	38.63	23.85	20.88	11.05	33.24	17.72	33.54	44.6	51.0	39.4	37.95	33.62	31.4	19.72	43.19	17.72	27.29	18.03	43.93	18.87	34.71	34.89	25.71	26.0	26.25	25.5	17.03	17.72	33.06	21.47	49.98	21.93	35.47	37.34	14.04	22.36	27.59	47.8	32.06	17.0	30.0	8.06	14.21	36.8	10.3	32.45	30.68	3.0	26.91	44.1	5.0	19.42	25.5	33.6	16.03	28.79	49.65	41.23	47.63	21.63	21.02	22.09	36.88	46.96	44.05	55.57	32.39	41.0	33.24	25.71	27.07	8.25	35.74	36.5	49.04	28.3	52.48	31.58	21.1	38.59	29.73	45.12	13.93	24.21	42.95	43.0	7.07	9.06	12.53	21.1	14.04	24.7	17.8	29.02	8.06	8.94	35.69	11.05	31.58	37.22	25.02	41.68	21.47	27.29	45.28	34.48	
41.01	38.28	56.59	20.62	20.52	44.65	55.95	60.03	30.53	55.03	54.56	34.93	36.77	19.1	38.9	48.84	49.09	34.21	0.0	24.7	54.63	40.5	18.6	13.15	38.01	64.66	24.35	49.65	26.93	40.16	58.67	33.53	34.93	52.5	54.2	25.55	13.34	44.72	37.64	46.04	42.95	39.0	35.11	31.91	21.21	25.61	48.83	34.71	41.19	29.12	14.32	51.97	24.33	49.01	32.76	7.28	31.38	11.4	29.68	38.83	41.23	51.92	42.44	14.04	29.53	51.04	22.0	22.09	21.47	44.38	59.94	25.55	53.91	33.96	36.25	26.93	47.54	17.09	38.0	23.43	44.42	35.11	53.76	15.52	38.9	17.12	52.61	38.28	49.65	6.08	15.65	7.07	39.2	22.85	14.0	33.62	36.8	31.32	13.04	24.21	14.04	7.0	21.1	51.74	9.22	31.02	50.61	4.24	29.07	23.43	21.63	15.13	51.62	27.29	47.01	11.05	43.91	55.57	20.12	13.45	32.06	43.17	27.07	23.77	20.62	20.59	47.04	37.74	26.25	28.18	16.12	32.06	3.61	43.32	35.78	29.55	52.01	46.23	22.0	63.41	
38.83	23.09	35.78	12.21	37.48	28.07	31.62	35.81	18.38	30.36	42.01	10.3	26.57	36.35	30.08	30.81	26.68	10.0	24.7	0.0	41.11	47.01	42.94	36.67	17.0	41.87	17.0	31.06	36.4	26.63	34.41	40.22	20.25	32.89	43.27	16.4	11.66	21.02	33.54	22.67	30.41	37.8	42.44	36.5	28.64	29.83	31.4	17.0	37.22	17.72	17.46	28.02	38.08	27.86	28.02	26.4	25.32	16.0	25.08	23.02	19.24	27.46	35.11	13.45	40.72	27.59	26.42	28.18	4.12	28.28	35.51	38.28	34.18	19.72	25.3	2.24	22.85	30.23	17.49	28.16	29.0	10.44	34.99	36.12	14.32	12.53	33.62	28.79	26.02	19.72	40.31	31.62	40.36	18.11	12.73	23.41	36.06	38.28	34.06	47.2	22.56	31.32	24.19	29.68	17.12	11.31	39.96	26.68	39.81	24.52	44.2	21.84	27.66	34.48	34.41	35.44	19.85	31.4	33.24	33.0	11.4	19.03	11.7	18.03	4.12	15.81	26.4	30.36	2.24	4.47	25.96	14.21	21.84	33.24	26.57	37.64	30.68	27.66	38.6	40.36	
79.81	61.29	63.95	53.04	73.93	64.08	49.01	52.04	58.82	40.05	2.24	40.25	66.57	72.56	70.18	13.15	25.02	35.36	54.63	41.11	0.0	87.73	65.92	67.42	25.94	63.0	30.41	14.04	40.11	15.0	51.01	80.72	21.26	64.03	5.83	57.49	44.65	30.59	21.1	49.48	68.88	78.87	82.88	33.38	68.25	34.06	65.79	55.07	78.01	26.08	56.22	32.02	46.04	21.02	69.03	50.29	23.77	53.01	25.71	60.83	51.26	36.0	15.13	41.68	80.0	51.62	66.6	68.12	44.55	13.04	50.09	76.84	64.76	22.02	65.19	40.61	40.45	44.41	25.06	35.23	65.8	38.01	13.34	54.45	36.4	38.59	14.14	68.8	30.02	48.75	65.73	60.75	81.47	31.78	42.19	21.02	25.5	78.64	67.54	65.07	60.8	61.1	64.44	57.07	52.7	29.83	6.71	58.6	79.2	32.76	62.13	60.61	49.37	37.05	7.62	64.51	45.61	50.04	71.28	67.54	30.0	32.98	30.48	30.87	43.14	56.57	20.22	18.11	39.05	43.01	64.4	26.91	54.12	72.56	18.97	38.33	21.1	61.68	50.0	61.0	
15.3	35.51	53.08	34.83	23.0	39.01	63.95	66.48	32.31	68.96	88.39	51.88	28.28	24.02	26.02	77.8	72.07	55.23	40.5	47.01	87.73	0.0	49.01	36.01	63.82	64.07	59.03	78.01	67.42	72.84	65.62	7.21	66.48	48.04	89.14	31.38	44.2	65.3	75.45	53.37	32.02	14.04	5.39	72.01	20.25	65.3	42.05	38.9	18.25	62.29	32.02	70.77	64.56	74.09	21.84	47.76	67.8	35.81	66.61	36.5	47.54	68.35	79.03	48.01	12.0	56.72	21.26	20.0	43.28	75.17	67.74	16.03	49.09	65.76	29.43	48.01	61.35	57.58	64.4	63.06	37.0	53.71	81.84	53.94	57.25	50.61	80.45	27.07	69.78	43.83	45.0	39.62	10.05	58.6	47.2	68.01	75.8	9.43	31.14	57.01	28.3	38.64	23.35	53.15	36.89	58.26	85.63	36.69	12.04	61.91	56.04	28.02	59.03	67.62	80.61	39.12	54.41	62.8	20.62	29.27	58.41	62.61	57.28	59.2	44.6	31.24	72.95	74.03	49.2	46.32	25.06	60.96	38.48	28.16	70.94	70.01	76.66	43.05	61.61	64.01	
54.41	56.08	74.97	38.9	26.02	62.48	74.43	78.55	48.27	73.01	65.31	53.24	53.54	25.08	55.07	63.03	65.51	52.0	18.6	42.94	65.92	49.01	0.0	13.15	54.34	83.24	38.12	64.07	28.65	53.04	77.18	43.29	49.09	70.72	64.03	43.28	31.3	61.98	45.88	64.64	59.91	52.2	44.1	35.78	34.18	32.28	66.71	53.04	55.36	43.1	31.89	69.26	23.02	64.78	48.3	17.46	42.3	29.73	40.31	56.73	59.82	69.64	51.66	30.68	37.01	69.63	36.25	35.47	39.96	58.0	78.39	33.06	72.14	48.09	53.25	45.18	65.74	21.59	54.13	30.81	62.01	53.23	68.03	11.7	56.86	33.24	67.07	54.71	66.76	23.26	4.12	12.81	51.2	36.06	31.02	46.04	43.08	41.44	18.44	8.0	29.68	13.6	36.24	70.29	27.66	47.54	60.64	18.44	37.05	33.24	7.62	31.06	70.18	30.87	58.55	10.77	62.43	74.09	29.61	20.62	48.76	60.75	42.95	37.05	38.95	38.29	62.65	47.85	44.28	46.65	29.97	47.85	22.02	59.54	47.27	31.38	67.74	64.38	18.6	82.01	
41.44	45.34	65.0	29.53	13.04	51.66	66.85	70.77	37.64	66.94	67.23	46.57	41.87	12.0	43.01	61.98	62.01	46.53	13.15	36.67	67.42	36.01	13.15	0.0	51.01	74.09	37.36	62.8	35.47	53.16	69.46	30.15	48.05	60.44	66.64	32.8	26.02	57.31	49.4	56.36	48.27	39.22	31.02	41.73	21.47	36.4	55.9	43.27	42.54	42.2	21.95	64.5	31.06	62.07	36.06	17.49	43.86	21.19	42.05	46.1	51.0	64.13	54.59	27.17	24.02	61.27	23.85	22.83	32.98	57.49	70.94	20.0	61.85	47.07	41.77	38.83	59.2	26.17	51.04	34.41	50.91	47.07	66.91	19.24	50.99	30.27	65.76	42.8	62.29	19.24	9.06	6.71	38.08	35.74	27.07	46.49	47.8	28.28	5.39	21.1	18.44	6.32	24.21	61.06	19.65	44.01	63.07	10.05	24.0	35.36	20.02	19.85	62.24	36.77	59.81	3.61	54.78	66.31	16.49	7.62	45.0	55.58	40.2	36.69	32.56	28.02	60.13	50.09	38.47	39.56	17.8	45.18	15.03	47.43	48.47	38.29	65.07	54.04	27.29	73.06	
54.49	35.36	40.01	29.15	53.85	38.28	28.23	32.2	33.3	22.02	27.31	14.32	40.8	52.63	44.41	14.14	11.18	9.43	38.01	17.0	25.94	63.82	54.34	51.01	0.0	41.76	17.49	14.21	38.21	14.0	30.87	57.14	9.85	39.2	29.41	32.65	25.08	9.22	26.57	25.0	42.94	53.74	59.36	35.0	45.62	30.41	40.26	29.15	52.5	13.45	34.18	15.81	42.2	11.18	43.84	36.88	20.25	32.02	21.4	34.89	25.71	17.69	25.18	24.08	57.7	28.28	43.42	45.18	21.02	13.0	30.89	55.15	40.11	10.3	39.41	15.81	18.03	36.24	1.0	29.83	39.92	12.08	18.03	44.94	11.05	21.21	16.64	43.01	13.04	32.06	52.61	45.04	56.64	19.72	24.02	15.65	30.87	55.23	49.37	56.65	39.22	45.01	41.18	33.02	32.56	7.0	26.68	41.05	56.8	25.61	53.49	38.63	26.68	35.36	20.62	49.04	21.0	28.79	49.98	48.66	6.08	9.85	11.4	18.87	20.25	32.76	9.49	21.84	14.76	17.69	42.72	6.71	36.06	46.65	18.03	38.21	14.14	36.14	44.42	39.85	
49.0	30.36	11.0	44.65	69.08	25.32	14.04	11.18	37.16	23.09	65.01	32.45	36.67	68.54	38.21	50.04	38.01	36.24	64.66	41.87	63.0	64.07	83.24	74.09	41.76	0.0	55.95	49.01	77.18	55.32	12.04	60.67	51.55	16.03	68.07	41.59	53.04	33.54	68.31	19.21	32.06	50.04	62.51	75.58	56.65	69.84	22.02	30.89	46.0	53.71	52.15	31.02	79.63	42.01	43.93	67.88	61.47	53.6	62.24	29.41	23.43	27.0	66.71	55.32	65.73	14.42	53.49	55.36	43.84	52.47	13.34	65.8	15.0	51.87	35.9	39.82	23.77	72.01	42.72	68.6	27.17	33.62	50.09	77.79	31.78	54.2	49.04	37.34	33.02	60.83	80.0	70.8	54.04	57.8	54.56	57.25	72.45	60.02	69.84	88.46	55.95	70.21	52.0	13.04	55.61	44.28	66.27	65.22	64.76	64.5	85.59	54.59	15.23	74.79	60.41	74.06	22.47	13.15	63.32	68.0	42.95	32.02	48.76	57.31	45.28	46.14	43.1	63.6	41.4	37.54	57.7	46.62	61.22	36.0	59.77	77.9	42.05	21.59	80.43	2.0	
53.71	40.05	51.55	26.0	43.57	45.04	43.6	47.8	34.71	38.95	30.53	23.77	42.95	42.19	46.32	25.02	28.23	19.72	24.35	17.0	30.41	59.03	38.12	37.36	17.49	55.95	0.0	26.0	21.4	15.81	46.4	51.86	11.0	49.24	30.61	31.62	14.87	26.4	17.09	37.16	47.27	52.33	53.91	19.92	38.95	13.89	48.26	34.0	52.55	5.0	27.02	33.29	24.84	26.93	43.08	21.02	8.94	23.35	8.25	40.01	35.17	34.83	20.0	11.4	50.25	41.59	37.8	39.05	18.44	20.22	46.86	46.86	50.45	10.0	41.77	18.11	33.42	18.79	17.0	12.81	46.0	22.36	30.02	27.89	24.41	8.49	29.0	45.12	30.53	18.38	37.01	30.81	54.2	2.24	12.04	9.43	19.1	49.68	37.16	39.56	31.11	31.05	35.81	44.94	22.67	12.04	27.02	28.23	49.52	8.6	36.4	31.14	40.82	18.87	22.83	34.71	33.54	43.83	41.23	37.12	13.45	26.17	7.21	1.41	16.49	29.07	24.74	15.0	16.12	21.1	34.66	10.82	23.71	49.82	12.04	21.95	29.83	44.41	26.93	54.2	
68.59	48.83	50.01	43.27	67.07	51.0	35.0	38.12	47.38	26.17	16.0	27.8	54.67	65.79	58.26	1.41	11.0	23.35	49.65	31.06	14.04	78.01	64.07	62.8	14.21	49.01	26.0	0.0	42.54	12.08	37.05	71.28	15.0	50.29	19.1	46.86	37.64	16.76	25.61	35.74	56.3	67.9	73.5	37.22	59.54	35.11	52.39	42.8	66.53	21.0	47.85	18.11	47.76	7.0	58.0	47.01	23.41	45.31	25.3	48.26	38.01	22.02	21.26	35.69	71.59	37.66	57.45	59.17	34.99	6.71	36.22	68.88	50.96	16.0	53.26	30.0	26.48	43.74	13.6	35.44	52.84	25.61	4.12	53.46	23.32	32.56	3.0	56.85	16.0	43.57	63.01	56.44	70.84	28.02	35.9	18.68	30.61	69.34	61.85	64.94	52.8	56.57	55.23	43.17	45.54	20.12	17.72	53.15	70.71	31.78	61.81	52.33	35.36	39.4	12.53	60.41	31.95	36.01	63.56	61.4	19.72	19.31	22.8	27.02	34.0	46.87	6.32	20.81	28.84	31.89	56.36	18.03	48.27	60.22	18.79	41.59	7.62	48.33	50.96	47.01	
66.61	58.05	72.09	41.11	46.65	63.79	65.0	69.2	51.35	60.11	39.01	44.78	59.14	45.28	62.03	41.23	48.01	41.05	26.93	36.4	40.11	67.42	28.65	35.47	38.21	77.18	21.4	42.54	0.0	30.46	67.8	60.41	29.41	69.29	37.05	47.1	28.16	47.38	19.03	58.18	64.5	64.78	62.03	7.28	47.8	7.81	67.45	52.63	66.27	24.76	38.21	53.91	6.08	45.79	57.08	19.7	19.24	34.13	17.49	58.25	55.54	55.87	25.02	24.33	56.36	62.77	48.05	48.51	36.14	35.85	68.25	52.33	70.58	28.6	58.22	38.08	54.82	9.85	37.54	8.6	64.33	43.57	45.88	17.2	45.8	24.04	45.31	61.07	51.09	24.33	30.0	29.41	65.51	19.42	25.32	24.19	15.13	58.19	38.28	25.71	40.02	30.23	46.69	65.74	32.25	33.42	34.0	30.87	55.95	12.81	23.09	40.79	62.13	3.16	33.54	31.89	54.71	65.22	47.01	39.45	34.83	47.42	28.6	20.0	34.21	43.0	43.57	22.56	36.25	40.85	42.72	31.83	29.12	66.12	23.77	2.83	48.37	63.89	10.44	75.47	
65.46	48.1	54.01	38.29	59.06	51.66	41.48	45.22	44.78	34.01	15.56	27.66	52.77	57.71	56.36	10.77	19.42	22.56	40.16	26.63	15.0	72.84	53.04	53.16	14.0	55.32	15.81	12.08	30.46	0.0	43.97	65.8	6.4	53.15	16.64	43.01	29.68	21.84	14.21	39.0	55.71	64.4	67.94	25.24	53.26	23.09	53.94	41.79	63.81	11.18	41.23	26.42	35.74	16.28	54.64	36.5	11.4	38.01	13.34	47.76	39.46	29.55	11.4	26.83	65.0	42.19	51.66	53.15	29.83	5.39	43.66	61.85	54.08	7.07	51.43	26.42	31.58	32.14	13.0	23.54	53.16	25.5	15.52	42.05	25.02	23.71	14.87	55.01	23.71	34.18	52.35	46.57	66.84	17.46	27.29	7.0	19.1	63.7	52.92	53.34	45.8	46.84	49.52	47.01	37.74	15.65	13.42	44.01	64.2	20.1	50.25	45.61	40.45	27.31	7.81	50.45	35.0	42.2	56.3	52.8	16.16	23.35	15.56	16.49	28.32	41.77	14.21	9.22	24.7	29.07	49.41	12.53	39.4	59.09	6.71	29.53	18.44	49.82	39.05	53.37	
51.42	30.15	16.97	40.16	66.49	27.2	2.83	1.41	35.13	11.05	53.04	24.21	37.34	65.73	39.81	38.12	26.08	26.91	58.67	34.41	51.01	65.62	77.18	69.46	30.87	12.04	46.4	37.05	67.8	43.97	0.0	61.07	40.72	20.25	56.14	38.64	46.04	22.14	57.38	13.34	34.48	51.97	63.13	65.51	54.59	60.22	25.5	28.16	48.51	43.57	47.76	19.0	70.84	30.07	44.1	60.8	51.0	48.33	51.97	29.15	19.24	15.03	55.36	47.63	65.07	9.0	51.48	53.46	37.22	40.79	2.24	64.38	20.0	41.15	36.22	32.2	13.04	63.64	31.78	59.2	29.41	24.76	38.05	70.43	22.02	46.01	37.01	38.64	21.1	54.08	74.3	65.3	55.9	48.41	47.01	46.52	61.74	60.01	65.79	81.61	52.2	64.85	49.65	13.0	50.09	34.41	54.45	59.93	64.07	55.0	78.6	50.96	7.28	65.22	48.66	68.88	14.76	3.16	61.0	64.2	33.02	21.02	39.2	47.8	38.28	42.45	31.26	52.55	33.42	30.53	54.57	36.36	55.47	38.9	48.85	68.24	30.02	23.09	72.12	10.05	
14.21	31.0	49.82	28.02	17.46	35.36	59.21	62.03	26.68	63.56	81.34	45.69	24.08	18.25	22.56	71.03	65.74	48.76	33.53	40.22	80.72	7.21	43.29	30.15	57.14	60.67	51.86	71.28	60.41	65.8	61.07	0.0	59.46	44.72	82.04	25.08	37.01	59.09	68.24	48.37	28.86	12.21	2.24	64.88	13.04	58.14	38.83	33.54	16.64	55.17	24.84	64.85	57.72	67.6	17.0	40.8	60.61	28.6	59.41	32.0	42.43	62.64	71.84	40.8	7.21	52.09	14.14	12.81	36.4	68.25	63.13	10.44	45.89	58.73	25.02	41.34	55.79	50.6	57.69	55.9	33.54	47.42	75.17	47.38	51.08	43.42	73.78	23.35	63.69	36.67	39.2	33.14	9.22	51.4	40.0	60.88	68.6	2.24	25.02	51.24	21.1	32.14	16.28	49.04	29.68	51.4	78.52	29.83	6.71	54.71	50.04	20.81	54.23	60.54	73.55	33.02	49.03	58.14	14.04	23.0	51.61	56.46	50.25	52.01	37.64	24.41	66.37	66.84	42.44	39.82	17.89	54.04	31.38	25.63	63.78	62.97	70.24	39.2	54.92	60.41	
59.08	42.06	49.25	31.89	53.23	45.89	38.08	42.05	38.47	31.62	21.93	22.09	46.52	51.89	50.09	14.04	18.6	17.03	34.93	20.25	21.26	66.48	49.09	48.05	9.85	51.55	11.0	15.0	29.41	6.4	40.72	59.46	0.0	48.0	23.02	36.62	23.71	18.87	16.76	34.23	49.65	58.01	61.62	25.5	47.01	21.63	48.37	35.74	57.45	6.0	35.0	24.76	34.0	16.55	48.26	32.02	10.63	31.91	12.04	41.76	34.06	27.2	16.03	21.19	58.82	37.85	45.34	46.86	23.43	9.49	40.71	55.76	49.01	1.0	45.19	20.12	27.86	29.12	8.94	21.47	47.3	20.02	19.03	38.64	20.22	18.03	18.0	48.75	21.93	28.86	48.01	41.59	60.44	13.04	21.54	5.83	21.02	57.38	47.43	50.22	39.66	41.77	43.19	42.3	31.76	9.49	19.72	38.6	58.01	17.46	47.07	39.41	36.4	26.4	14.21	45.54	30.27	38.63	50.25	47.17	10.2	19.7	9.22	12.04	21.93	35.38	14.32	12.17	18.36	22.85	43.27	6.32	33.84	52.92	8.25	29.07	19.31	44.28	36.77	49.65	
33.02	15.26	5.1	31.89	54.12	9.49	19.85	20.59	22.8	28.43	65.73	26.08	20.88	53.71	22.2	50.96	39.92	31.02	52.5	32.89	64.03	48.04	70.72	60.44	39.2	16.03	49.24	50.29	69.29	53.15	20.25	44.72	48.0	0.0	68.25	27.66	42.54	33.53	64.2	14.56	16.03	34.01	46.53	69.12	41.59	62.64	6.0	17.8	30.02	48.37	38.9	34.48	70.68	43.66	28.16	56.86	56.44	41.11	56.72	14.42	14.14	30.53	64.01	45.62	50.0	13.6	38.47	40.25	33.54	51.79	22.47	50.33	1.41	48.01	20.25	31.32	24.17	62.61	40.2	61.03	11.18	28.02	52.55	66.85	28.16	45.31	51.26	21.38	35.34	49.65	67.18	57.98	38.01	50.7	44.72	53.08	67.6	44.15	55.8	76.69	42.01	57.28	37.22	7.81	43.28	39.12	65.76	52.33	49.04	57.28	74.03	40.61	16.4	67.36	59.68	60.88	18.44	18.44	48.3	53.82	38.05	31.05	42.58	50.45	35.34	32.56	43.97	60.03	33.24	28.46	43.27	42.05	48.92	20.02	56.04	70.52	44.78	6.4	70.71	16.03	
82.1	64.47	68.47	54.82	74.06	67.68	54.04	57.22	61.4	45.28	3.61	43.66	69.35	72.67	72.95	18.03	30.07	38.63	54.2	43.27	5.83	89.14	64.03	66.64	29.41	68.07	30.61	19.1	37.05	16.64	56.14	82.04	23.02	68.25	0.0	59.64	45.34	35.13	18.25	53.76	72.09	81.02	84.15	30.0	69.31	31.78	69.64	58.18	80.45	26.87	57.28	37.22	43.1	26.08	71.28	49.24	22.83	53.81	24.6	64.08	55.08	41.11	12.37	42.01	80.81	56.22	67.9	69.3	46.4	16.49	55.33	77.47	69.05	23.6	68.0	43.05	45.1	42.45	28.46	33.24	69.29	41.44	18.97	52.39	40.26	39.05	19.65	71.59	35.06	48.55	64.2	59.93	83.41	31.62	42.64	21.26	22.0	79.91	67.23	62.51	61.62	60.37	65.8	61.52	53.26	32.25	3.61	58.31	80.06	31.38	59.68	61.55	54.08	34.13	8.94	63.56	49.82	55.01	71.84	67.42	32.65	37.34	32.02	30.81	44.82	58.26	25.0	16.55	41.34	45.65	65.19	29.15	54.08	75.58	18.6	35.0	26.48	65.52	47.27	66.07	
22.47	12.81	32.2	6.0	27.89	19.21	36.35	39.81	5.0	39.2	58.41	20.62	12.04	27.2	15.03	46.75	40.71	23.85	25.55	16.4	57.49	31.38	43.28	32.8	32.65	41.59	31.62	46.86	47.1	43.01	38.64	25.08	36.62	27.66	59.64	0.0	19.0	34.01	48.7	25.32	17.72	21.4	27.31	49.16	16.03	42.11	23.43	10.77	21.02	33.54	11.4	39.85	46.87	42.72	11.66	31.02	40.5	14.32	39.85	13.45	19.42	37.85	50.99	23.02	27.29	29.83	13.0	15.0	13.42	44.6	40.45	26.0	29.07	36.06	11.18	16.97	31.26	38.64	33.3	40.05	18.87	22.36	50.61	40.72	26.0	24.33	49.2	14.0	38.63	24.04	39.62	30.48	24.04	32.02	22.02	39.36	50.45	23.41	28.3	49.65	14.42	29.73	11.05	28.64	16.55	27.66	56.3	24.84	26.31	37.34	47.17	13.04	31.4	46.0	50.8	33.24	25.0	35.51	22.36	26.42	27.59	31.38	27.78	32.28	15.23	5.0	41.62	46.1	18.44	15.0	16.16	30.61	21.95	19.03	42.49	49.01	45.28	21.26	45.88	40.72	
39.85	30.08	46.04	13.0	29.55	36.06	43.27	47.43	23.19	41.79	45.0	21.95	31.02	28.23	34.01	37.0	36.0	20.88	13.34	11.66	44.65	44.2	31.3	26.02	25.08	53.04	14.87	37.64	28.16	29.68	46.04	37.01	23.71	42.54	45.34	19.0	0.0	31.4	31.38	33.97	36.35	38.28	39.05	30.27	24.08	23.19	39.92	25.08	39.05	18.6	12.21	38.64	28.46	36.22	29.61	14.87	23.6	8.49	22.47	30.36	29.83	38.6	34.83	4.12	35.47	38.95	23.02	24.21	9.22	33.11	47.17	32.2	43.91	22.83	30.07	13.89	34.44	20.25	25.18	21.1	36.4	21.93	41.76	24.76	25.63	6.4	40.52	33.0	36.35	8.06	28.79	20.4	39.81	14.42	3.16	24.08	32.31	34.83	24.33	35.61	16.28	20.22	21.1	40.46	8.06	18.11	41.77	16.0	34.71	18.68	32.65	16.28	39.2	27.0	37.2	24.33	31.4	43.01	26.63	23.77	19.03	29.83	14.87	15.0	7.81	15.3	34.37	29.83	13.0	15.62	19.85	19.65	11.0	38.01	26.87	30.02	39.2	36.67	28.18	51.62	
54.2	33.24	33.38	32.02	58.42	34.67	19.65	23.41	33.29	12.81	32.39	13.42	39.7	57.31	43.19	17.46	7.07	11.05	44.72	21.02	30.59	65.3	61.98	57.31	9.22	33.54	26.4	16.76	47.38	21.84	22.14	59.09	18.87	33.53	35.13	34.01	31.4	0.0	35.34	18.97	40.46	53.82	61.33	44.2	48.76	39.6	35.78	27.66	51.86	22.63	38.33	7.28	51.22	10.3	44.1	44.6	29.41	37.01	30.61	32.56	21.63	8.49	33.24	31.32	60.73	21.1	46.17	48.08	25.08	19.03	21.93	58.69	34.21	19.42	38.29	19.1	10.0	44.94	10.0	38.95	36.62	11.7	19.24	53.23	8.06	28.79	17.89	41.77	5.0	39.05	59.91	51.79	57.14	28.6	31.05	24.7	39.82	57.38	55.01	64.88	43.42	51.62	43.97	26.48	38.01	14.76	33.0	47.27	59.77	34.71	61.74	42.58	19.0	44.55	27.02	55.73	15.23	20.4	53.94	54.01	13.42	2.83	19.72	27.8	25.0	35.44	10.44	30.46	19.0	19.65	46.69	15.62	42.3	44.6	26.83	47.42	12.04	31.76	53.25	31.58	
70.77	56.57	65.76	43.08	58.05	61.13	54.78	58.69	51.66	47.89	20.0	38.12	59.91	56.64	63.32	24.21	33.6	33.24	37.64	33.54	21.1	75.45	45.88	49.4	26.57	68.31	17.09	25.61	19.03	14.21	57.38	68.24	16.76	64.2	18.25	48.7	31.38	35.34	0.0	50.8	63.95	69.35	70.21	12.37	55.22	13.6	64.01	50.36	69.64	16.03	43.57	40.5	25.0	30.48	60.17	31.91	8.25	39.66	8.94	56.44	50.09	43.42	6.0	27.46	65.95	54.57	54.38	55.47	35.44	19.1	57.27	62.29	65.28	16.49	58.69	34.23	44.6	24.35	25.63	15.23	62.29	36.22	28.3	34.21	36.88	25.06	28.02	62.1	37.74	32.53	46.24	42.72	71.12	17.0	28.3	11.18	5.0	66.03	50.61	44.28	47.2	43.27	52.48	58.86	38.6	25.08	15.03	41.87	65.3	14.21	41.44	47.43	53.16	16.0	14.87	46.14	46.87	55.36	56.64	51.09	26.17	36.4	22.09	16.55	33.53	46.1	28.43	5.0	32.25	37.22	50.61	22.2	38.18	66.71	8.54	17.26	32.53	60.0	29.07	66.41	
39.92	18.03	15.03	26.93	53.15	17.03	11.05	14.56	22.0	16.12	51.2	13.42	25.3	52.39	28.23	36.4	25.5	17.72	46.04	22.67	49.48	53.37	64.64	56.36	25.0	19.21	37.16	35.74	58.18	39.0	13.34	48.37	34.23	14.56	53.76	25.32	33.97	18.97	50.8	0.0	23.85	40.16	50.49	57.01	41.3	50.99	17.2	15.0	37.16	35.44	34.54	20.62	60.46	29.15	31.58	48.84	43.42	35.36	43.97	17.09	6.0	16.97	50.09	36.12	52.0	5.0	38.21	40.2	24.84	37.34	15.13	51.16	15.3	34.37	24.04	20.62	10.0	52.8	26.0	49.65	19.21	14.87	38.08	58.69	14.04	35.0	36.77	26.93	21.1	41.87	61.59	52.48	43.97	38.91	35.38	39.62	54.57	47.17	52.55	69.53	38.9	51.97	36.35	8.06	37.22	25.96	51.35	47.01	51.0	45.62	66.6	37.64	6.08	55.9	45.28	55.95	4.0	10.2	47.68	50.92	24.74	16.49	30.08	38.48	26.17	29.12	29.41	46.39	22.2	18.38	41.23	28.64	42.72	28.3	42.43	59.03	30.41	13.45	61.22	17.69	
17.12	7.62	21.1	23.54	40.0	7.28	33.24	35.17	13.15	39.96	70.21	28.65	6.4	39.82	6.32	56.6	47.51	33.54	42.95	30.41	68.88	32.02	59.91	48.27	42.94	32.06	47.27	56.3	64.5	55.71	34.48	28.86	49.65	16.03	72.09	17.72	36.35	40.46	63.95	23.85	0.0	18.0	30.59	66.01	27.66	59.03	10.05	13.93	14.14	48.05	28.64	43.93	64.54	50.61	13.04	48.7	55.73	31.95	55.44	8.06	19.1	40.61	65.25	40.2	34.54	26.0	24.76	26.25	29.02	55.9	36.69	35.36	17.12	49.34	6.71	29.83	33.42	56.29	43.83	57.08	5.1	30.89	59.41	58.31	33.02	41.01	58.01	5.83	43.84	41.76	56.04	47.17	22.0	48.09	39.2	53.6	66.37	28.46	43.19	66.73	30.23	46.32	24.08	21.59	34.18	40.16	69.08	41.68	33.62	54.0	64.41	28.84	28.64	63.2	63.16	49.41	26.25	31.95	34.21	41.04	39.56	37.64	41.98	48.17	31.02	22.47	50.22	60.64	31.78	26.93	30.48	43.32	39.4	4.47	56.75	66.27	52.5	11.4	63.6	32.0	
2.24	22.14	39.05	26.42	27.78	25.08	50.45	52.77	20.62	56.08	79.81	40.61	14.87	28.18	12.17	67.88	60.8	44.6	39.0	37.8	78.87	14.04	52.2	39.22	53.74	50.04	52.33	67.9	64.78	64.4	51.97	12.21	58.01	34.01	81.02	21.4	38.28	53.82	69.35	40.16	18.0	0.0	13.42	68.15	18.25	61.13	28.02	26.42	4.47	54.71	26.68	58.67	63.13	63.25	9.9	46.04	61.27	30.81	60.42	23.09	34.54	55.9	72.07	42.38	19.1	43.17	17.0	17.12	34.67	65.95	54.13	21.4	35.06	57.43	16.16	38.29	48.75	55.33	54.45	58.94	23.02	42.64	71.51	54.15	45.8	44.38	70.09	13.34	57.98	40.45	48.08	40.61	4.0	52.39	41.44	60.54	70.58	12.73	33.84	59.91	25.02	39.62	18.11	39.32	32.56	49.04	77.67	36.12	18.38	56.92	58.25	24.08	45.61	64.33	72.2	41.48	41.63	49.24	22.85	31.62	48.92	51.04	49.09	52.8	36.36	23.26	62.37	67.12	39.82	36.07	23.09	52.01	36.06	14.14	63.63	67.08	65.6	29.15	61.0	50.0	
15.26	33.02	51.62	30.23	18.11	37.22	61.29	64.07	28.86	65.73	83.49	47.93	26.02	19.03	24.33	73.24	67.98	51.0	35.11	42.44	82.88	5.39	44.1	31.02	59.36	62.51	53.91	73.5	62.03	67.94	63.13	2.24	61.62	46.53	84.15	27.31	39.05	61.33	70.21	50.49	30.59	13.42	0.0	66.64	15.0	59.94	40.61	35.69	17.89	57.28	26.91	67.07	59.2	69.84	19.03	42.38	62.63	30.61	61.4	34.01	44.55	64.85	73.88	42.8	7.28	54.15	16.28	14.87	38.6	70.43	65.19	11.05	47.68	60.88	27.0	43.57	57.97	52.2	59.91	57.71	35.36	49.66	77.39	48.66	53.31	45.45	76.01	25.18	65.92	38.47	40.05	34.37	10.0	53.41	42.01	62.97	70.49	4.24	26.02	52.09	23.02	33.38	18.44	51.01	31.62	53.6	80.62	31.32	7.07	56.6	51.0	22.8	56.32	62.24	75.69	34.01	51.2	60.21	15.3	24.08	53.82	58.69	52.4	54.04	39.82	26.63	68.6	68.88	44.65	42.06	19.72	56.22	33.11	27.2	65.86	64.62	72.47	41.11	56.29	62.29	
69.86	59.14	71.47	43.19	52.2	64.5	62.77	66.89	53.01	57.01	32.14	43.66	61.07	50.8	64.2	35.85	43.86	39.4	31.91	36.5	33.38	72.01	35.78	41.73	35.0	75.58	19.92	37.22	7.28	25.24	65.51	64.88	25.5	69.12	30.0	49.16	30.27	44.2	12.37	57.01	66.01	68.15	66.64	0.0	52.0	7.07	67.9	53.34	69.23	21.95	41.48	50.25	13.34	41.23	59.84	25.0	14.87	37.36	13.6	59.21	55.08	52.63	18.25	26.17	61.4	61.33	51.87	52.55	37.05	30.53	65.73	57.45	70.34	24.84	60.03	37.85	52.48	15.56	34.21	9.22	65.28	42.15	40.25	24.19	43.83	25.0	39.82	63.13	47.42	28.23	36.89	35.38	69.26	18.44	27.17	19.8	8.0	62.65	44.05	32.98	44.01	36.12	50.29	64.85	35.74	31.3	27.07	36.06	60.9	12.04	30.36	44.6	60.37	5.0	27.2	38.21	53.31	63.13	51.97	45.0	32.65	44.65	26.93	18.68	35.06	45.54	39.05	16.55	35.9	40.79	47.01	29.15	33.54	68.07	18.6	5.0	43.6	64.13	17.72	73.79	
20.4	26.4	46.52	16.76	12.53	32.25	52.35	55.73	19.65	55.08	68.77	35.69	21.4	12.21	21.93	59.17	55.03	37.95	21.21	28.64	68.25	20.25	34.18	21.47	45.62	56.65	38.95	59.54	47.8	53.26	54.59	13.04	47.01	41.59	69.31	16.03	24.08	48.76	55.22	41.3	27.66	18.25	15.0	52.0	0.0	45.19	36.36	26.48	21.19	42.45	12.04	55.11	45.54	56.46	14.87	28.44	47.63	15.62	46.4	27.31	35.36	53.46	58.9	27.8	12.08	45.71	3.16	1.41	24.6	56.04	56.44	10.05	42.94	46.23	21.63	30.08	47.1	38.08	46.07	42.95	31.06	37.11	63.53	36.01	41.0	30.48	62.18	21.93	53.6	23.77	30.08	22.36	18.03	38.42	27.02	48.08	55.57	10.82	16.12	41.76	8.06	21.38	5.0	43.97	16.64	39.45	65.76	18.0	11.18	41.68	40.02	7.81	47.38	47.76	60.96	23.41	41.01	51.48	6.71	13.89	39.82	46.32	37.8	39.05	25.55	13.34	55.04	53.91	30.87	29.12	5.1	41.88	18.68	26.25	50.93	50.29	59.24	35.34	43.1	55.97	
62.82	52.24	65.19	36.12	46.1	57.71	57.43	61.61	46.0	52.35	33.24	37.58	54.04	44.69	57.14	33.84	40.22	33.62	25.61	29.83	34.06	65.3	32.28	36.4	30.41	69.84	13.89	35.11	7.81	23.09	60.22	58.14	21.63	62.64	31.78	42.11	23.19	39.6	13.6	50.99	59.03	61.13	59.94	7.07	45.19	0.0	61.19	46.53	62.17	16.97	34.48	46.1	12.65	38.08	52.77	19.1	11.7	30.36	9.85	52.35	48.7	48.08	19.42	19.1	54.92	55.47	44.94	45.69	30.15	28.46	60.61	51.04	63.89	20.81	53.01	31.32	47.2	10.77	29.73	2.24	58.42	36.24	38.6	20.62	38.28	18.03	37.95	56.08	43.28	21.47	32.7	29.83	62.3	12.08	20.1	16.55	11.4	55.9	38.18	31.02	37.16	30.48	43.32	58.69	28.79	25.81	28.44	29.83	54.38	5.39	28.07	37.7	54.71	5.0	27.02	33.02	47.41	57.69	45.49	38.95	27.2	39.7	21.1	12.53	28.16	38.47	35.85	16.0	29.41	34.21	40.25	24.08	26.93	61.03	16.49	8.06	40.71	57.49	16.12	68.1	
27.02	10.63	11.05	28.3	48.88	4.24	24.7	26.0	18.44	32.56	67.36	26.31	15.23	48.55	16.28	52.92	42.54	31.4	48.83	31.4	65.79	42.05	66.71	55.9	40.26	22.02	48.26	52.39	67.45	53.94	25.5	38.83	48.37	6.0	69.64	23.43	39.92	35.78	64.01	17.2	10.05	28.02	40.61	67.9	36.36	61.19	0.0	14.87	24.02	48.0	34.83	37.8	68.35	46.07	22.47	53.71	56.01	37.44	56.08	10.0	14.56	34.06	64.38	43.32	44.27	17.8	33.29	34.99	31.32	53.16	27.73	44.78	7.07	48.26	14.76	30.15	27.2	60.17	41.23	59.44	5.39	28.44	55.01	63.63	29.41	43.42	53.67	15.52	38.28	46.53	63.03	53.91	32.02	49.5	42.38	53.08	67.07	38.33	51.09	73.01	37.48	53.15	32.2	12.53	39.66	39.12	66.94	48.27	43.32	55.9	70.46	36.07	20.62	65.73	60.88	56.59	20.59	23.32	43.05	49.04	38.21	33.11	42.01	49.37	33.24	28.43	46.1	60.13	32.14	27.17	38.42	42.19	45.22	14.04	56.14	68.88	47.51	4.12	68.03	22.02	
26.63	6.32	21.93	14.14	38.6	11.18	26.02	29.27	7.0	30.08	56.36	15.0	12.04	37.95	15.56	43.01	34.71	19.72	34.71	17.0	55.07	38.9	53.04	43.27	29.15	30.89	34.0	42.8	52.63	41.79	28.16	33.54	35.74	17.8	58.18	10.77	25.08	27.66	50.36	15.0	13.93	26.42	35.69	53.34	26.48	46.53	14.87	0.0	24.21	34.37	21.4	32.25	53.49	37.48	17.09	39.12	42.19	23.35	42.05	6.08	9.0	29.55	51.42	28.46	37.0	19.24	23.35	25.32	16.49	42.06	30.07	36.22	19.21	35.44	10.63	16.12	22.47	45.31	30.02	44.72	12.0	17.2	46.1	49.09	19.8	28.64	44.69	14.14	31.62	31.91	49.58	40.36	29.97	35.06	27.51	39.81	53.04	32.25	38.95	58.9	25.06	39.7	21.59	17.89	25.5	26.25	55.15	34.71	36.0	41.3	56.22	23.71	21.02	50.99	49.24	43.42	15.52	25.08	32.98	37.12	25.63	24.84	28.28	35.01	18.44	15.26	36.88	46.87	18.11	13.15	26.93	29.41	31.14	17.49	42.95	54.13	39.62	11.66	53.23	29.97	
3.0	19.24	35.0	26.57	31.62	21.38	47.13	49.24	19.21	53.23	79.06	38.9	12.21	31.91	8.94	66.6	58.9	43.19	41.19	37.22	78.01	18.25	55.36	42.54	52.5	46.0	52.55	66.53	66.27	63.81	48.51	16.64	57.45	30.02	80.45	21.02	39.05	51.86	69.64	37.16	14.14	4.47	17.89	69.23	21.19	62.17	24.02	24.21	0.0	54.56	28.07	56.3	65.0	61.55	9.49	48.04	61.47	32.14	60.75	20.12	31.76	53.34	72.01	43.17	23.43	39.85	19.42	19.92	34.44	65.0	50.7	25.5	31.0	56.94	13.6	37.44	46.14	57.04	53.26	60.02	19.24	41.01	70.01	56.57	43.93	44.92	68.59	10.3	55.8	42.05	51.26	43.42	8.25	52.81	42.2	60.37	71.17	17.03	37.16	62.94	27.17	42.45	20.1	35.69	34.06	48.26	77.18	38.64	22.67	57.72	61.13	26.08	42.38	65.62	71.56	44.6	38.95	45.88	26.42	34.93	48.01	49.04	48.76	53.14	36.25	23.77	60.81	67.12	39.12	35.0	25.71	51.31	38.05	10.0	63.51	68.47	63.78	25.5	63.13	46.04	
