100
0.0	30.02	12.17	12.37	43.08	41.77	44.78	23.85	19.31	14.76	26.17	5.83	15.0	45.04	48.85	9.43	34.41	36.12	7.21	18.03	11.4	19.42	15.3	44.01	20.62	20.0	21.1	29.73	51.87	21.54	38.47	31.38	22.02	22.85	22.14	27.66	20.4	15.13	13.15	29.15	26.91	32.02	23.02	4.24	43.46	44.72	28.28	6.71	52.15	21.02	29.41	34.53	8.94	35.74	17.09	44.78	46.07	38.47	27.46	43.27	32.25	26.57	44.55	12.37	38.33	10.0	10.44	21.84	24.84	41.88	26.17	44.29	20.0	14.42	25.08	19.21	30.46	22.09	4.47	18.25	16.4	12.04	27.73	35.38	25.5	40.31	43.05	25.0	41.01	17.2	9.06	37.0	3.61	29.07	28.07	21.4	36.35	18.11	18.87	30.68	
30.02	0.0	24.19	39.85	48.88	31.62	24.33	39.32	44.72	39.81	25.5	24.19	35.13	38.42	54.08	20.59	5.39	12.17	31.32	16.0	41.15	48.85	42.72	38.29	11.66	38.01	13.93	5.39	28.16	18.68	39.41	40.5	40.05	7.81	33.54	10.0	19.92	28.0	42.54	42.2	44.28	11.66	14.32	25.94	26.57	34.13	32.7	34.18	29.07	25.71	43.93	37.22	26.17	41.59	13.45	51.11	26.48	20.62	33.24	21.1	16.4	36.4	43.93	22.8	31.14	26.48	24.08	32.56	42.19	20.22	12.0	24.52	16.16	18.25	26.0	14.0	3.61	13.6	30.61	19.7	39.32	40.5	39.29	9.0	9.85	13.34	39.6	27.86	37.48	40.31	27.66	42.94	30.46	2.0	30.87	43.05	37.44	47.17	16.03	21.26	
12.17	24.19	0.0	16.64	33.29	29.61	33.6	17.0	20.62	15.81	14.04	9.49	11.0	33.0	39.12	9.22	27.2	26.63	8.49	8.54	19.85	26.4	19.24	32.02	19.31	14.56	21.47	26.08	41.11	10.0	27.2	22.02	16.76	19.24	12.73	18.36	24.08	5.0	20.52	21.4	21.54	22.2	23.71	9.06	31.76	32.56	17.09	12.04	41.23	9.06	22.47	23.41	17.09	25.55	15.23	35.23	34.67	27.2	16.55	32.56	21.26	17.03	33.24	18.03	26.17	2.83	17.0	12.04	19.31	31.14	25.63	33.02	21.63	6.0	13.0	10.44	26.0	22.36	16.0	21.93	15.13	17.8	19.1	26.83	16.55	31.38	31.26	13.15	29.15	16.12	4.24	26.93	9.85	24.02	16.49	19.03	25.0	24.41	8.94	18.79	
12.37	39.85	16.64	0.0	37.22	42.94	49.52	17.03	7.21	4.12	27.46	17.0	9.49	44.27	42.58	20.1	43.46	43.27	8.54	25.06	6.08	9.9	3.0	43.01	32.06	13.0	33.02	40.61	57.28	26.25	35.51	26.0	14.14	33.54	18.68	34.99	32.76	15.62	5.1	22.2	18.03	38.83	35.06	15.0	47.01	45.62	26.25	6.0	57.28	22.2	21.59	31.58	21.19	31.02	28.16	38.47	50.33	43.14	25.0	48.84	37.54	22.2	41.3	24.74	38.91	13.89	22.8	18.97	16.49	47.42	38.0	48.84	32.14	21.93	26.08	26.83	41.0	34.01	15.65	30.59	7.07	2.0	22.0	43.42	33.12	48.02	41.23	25.06	39.56	7.28	12.53	32.0	10.0	39.29	26.93	11.18	33.73	7.81	25.55	34.06	
43.08	48.88	33.29	37.22	0.0	24.02	38.01	20.22	33.06	33.14	23.6	42.54	28.86	18.68	5.83	42.44	48.33	42.06	36.06	36.07	43.29	44.1	37.01	17.46	50.21	24.33	53.04	53.25	45.1	31.24	10.2	11.7	23.09	48.27	21.02	38.95	56.85	28.65	42.11	15.03	20.1	39.0	55.15	41.59	33.0	24.33	16.97	38.33	44.18	25.5	16.03	11.66	50.12	7.81	46.69	2.24	37.01	34.53	17.03	40.2	34.18	16.55	9.85	51.31	21.1	34.0	50.25	21.47	21.0	39.32	55.97	37.01	53.81	36.88	23.43	37.54	52.15	53.74	47.54	54.82	30.15	39.2	15.52	44.94	39.12	46.57	14.32	21.93	15.03	30.07	34.44	6.4	39.56	49.93	18.44	27.02	11.7	42.05	35.38	28.23	
41.77	31.62	29.61	42.94	24.02	0.0	14.14	29.7	42.8	39.96	15.81	38.12	33.62	7.21	27.29	36.0	29.0	21.26	37.0	26.08	47.93	52.48	44.42	7.62	37.95	32.02	41.11	36.89	21.1	21.0	14.32	23.32	32.56	34.54	25.0	22.36	46.57	27.86	47.85	28.02	33.42	20.0	42.72	38.33	9.06	3.0	17.69	40.5	20.22	21.19	30.23	15.65	45.0	20.25	35.9	26.0	13.0	12.21	19.1	16.76	15.26	23.35	15.3	44.18	4.24	32.02	44.05	24.41	32.56	16.16	42.05	13.15	42.72	29.0	17.09	26.31	35.23	41.44	45.4	45.12	37.44	44.72	25.61	24.76	23.77	24.7	10.2	17.89	9.0	38.01	33.24	20.88	39.29	33.29	16.4	37.54	13.93	50.25	25.08	12.17	
44.78	24.33	33.6	49.52	38.01	14.14	0.0	39.82	51.22	47.42	23.02	39.81	41.11	20.88	41.44	36.77	19.92	12.17	42.01	26.83	53.41	59.41	51.62	21.59	34.06	41.05	37.01	29.61	8.06	23.6	28.02	35.44	42.19	30.02	34.13	18.44	43.05	33.94	53.91	39.56	44.28	14.14	38.01	40.71	5.1	14.87	28.23	45.61	7.81	27.66	41.79	28.44	45.22	33.38	33.54	40.05	2.24	6.4	29.55	3.61	12.53	34.01	29.43	43.17	17.03	36.4	43.68	33.29	42.94	4.12	36.22	1.0	39.05	30.41	24.41	26.0	27.66	37.0	47.42	42.19	45.45	50.99	36.77	15.52	20.62	13.04	24.33	26.08	23.09	46.23	37.8	34.23	43.27	26.31	26.4	46.87	27.17	57.28	25.94	15.62	
23.85	39.32	17.0	17.03	20.22	29.7	39.82	0.0	13.93	13.0	17.09	24.76	8.94	29.15	25.71	25.81	41.0	37.66	16.64	23.54	23.09	24.74	17.12	27.78	36.25	4.12	38.47	42.2	47.89	21.0	19.31	9.06	3.16	35.74	6.08	31.02	40.8	12.08	22.0	5.39	5.0	33.38	40.71	23.35	36.06	31.89	12.04	18.38	47.51	14.04	5.66	15.65	31.89	14.14	32.2	21.59	39.96	34.01	10.63	40.31	30.08	6.4	24.74	33.97	25.46	16.4	32.53	7.07	3.16	39.0	42.54	38.95	38.59	22.47	15.81	25.5	41.77	39.36	28.3	38.6	10.0	19.03	5.1	39.2	30.02	42.76	25.5	13.93	24.19	10.05	16.28	15.03	20.25	39.62	13.6	8.06	17.89	22.56	23.35	24.7	
19.31	44.72	20.62	7.21	33.06	42.8	51.22	13.93	0.0	5.0	28.32	23.35	10.3	42.94	38.01	26.08	47.8	46.52	14.04	29.12	12.21	11.05	5.0	41.59	38.05	10.82	39.32	46.1	59.2	29.07	33.24	22.8	10.77	39.05	17.8	38.63	39.56	17.89	10.3	18.25	13.0	42.05	41.44	21.38	48.1	45.22	25.24	12.65	59.03	23.6	17.03	29.55	28.23	27.89	34.01	34.0	51.74	45.0	23.85	51.04	39.96	20.12	38.6	31.62	38.6	18.25	29.73	18.44	12.17	49.65	44.18	50.45	38.64	26.48	26.91	31.05	46.27	40.31	22.83	37.36	5.83	8.49	18.97	47.17	37.0	51.48	39.4	25.46	38.01	5.0	17.12	28.64	16.49	44.41	26.4	6.08	31.78	9.0	29.41	35.61	
14.76	39.81	15.81	4.12	33.14	39.96	47.42	13.0	5.0	0.0	24.84	18.44	6.4	40.85	38.47	21.1	43.01	42.06	9.06	24.35	10.2	12.53	4.47	39.56	33.06	9.06	34.37	41.11	55.32	24.7	31.78	22.02	10.05	34.06	15.23	34.01	34.79	13.6	9.0	18.11	13.93	37.59	36.5	16.49	44.6	42.54	22.85	8.06	55.23	19.8	17.46	27.89	23.71	27.07	29.02	34.37	48.08	41.11	21.54	47.01	35.81	18.44	37.48	26.93	35.85	13.34	25.08	15.65	12.37	45.61	39.2	46.69	33.73	21.59	23.43	26.25	41.3	35.36	18.6	32.57	3.0	6.08	18.03	42.54	32.31	46.96	37.64	22.2	36.06	3.16	12.17	28.02	11.7	39.46	23.71	7.21	30.08	10.3	24.7	31.83	
26.17	25.5	14.04	27.46	23.6	15.81	23.02	17.09	28.32	24.84	0.0	23.09	18.44	19.03	29.07	21.59	25.71	21.02	21.19	13.04	32.2	37.2	29.21	18.11	27.02	18.03	30.0	29.68	31.06	7.81	15.0	15.3	19.24	24.76	11.18	15.81	34.48	12.08	32.25	18.03	21.84	17.03	32.02	23.0	19.8	18.68	7.28	24.7	30.81	5.39	20.1	12.04	30.41	16.12	23.85	25.81	23.43	17.0	8.06	23.26	13.15	12.04	20.59	30.36	12.17	16.28	29.83	10.3	20.25	21.93	32.53	22.2	31.06	14.87	1.41	14.21	28.65	30.61	30.02	32.65	22.63	29.15	15.03	23.09	15.65	26.08	17.72	3.16	15.52	23.35	17.46	17.49	23.54	26.42	5.39	23.85	12.81	35.0	12.21	7.62	
5.83	24.19	9.49	17.0	42.54	38.12	39.81	24.76	23.35	18.44	23.09	0.0	16.64	42.11	48.37	3.61	28.6	30.61	9.49	13.0	17.09	25.0	20.0	41.19	15.13	21.4	16.03	24.04	46.65	17.26	36.69	31.06	23.6	17.09	21.63	22.2	16.55	13.89	18.68	29.73	28.6	26.63	18.11	2.0	38.9	41.11	26.57	11.0	47.01	18.44	30.41	32.89	7.62	34.89	11.4	44.42	41.23	33.62	26.0	38.08	27.31	26.08	42.72	9.22	35.0	8.6	7.81	21.1	26.4	36.72	21.0	39.4	15.3	9.49	22.2	13.89	24.7	17.03	7.62	14.32	19.31	17.12	27.8	29.7	20.0	34.66	40.61	22.56	38.47	20.25	8.49	36.24	7.0	23.26	25.96	24.17	34.48	23.54	13.93	26.48	
15.0	35.13	11.0	9.49	28.86	33.62	41.11	8.94	10.3	6.4	18.44	16.64	0.0	34.79	34.48	18.38	37.85	36.25	7.81	19.24	15.13	18.87	10.82	33.53	29.83	5.0	31.62	37.05	49.04	18.79	26.17	17.26	7.07	30.15	9.22	28.46	33.12	7.62	14.56	14.32	12.04	31.78	33.84	15.0	38.21	36.24	16.76	9.49	48.92	13.45	14.42	22.2	23.35	22.09	25.71	30.36	41.73	34.83	15.52	40.8	29.68	13.0	32.06	25.81	29.53	9.22	24.21	9.49	9.9	39.41	36.14	40.36	31.38	17.0	17.03	21.21	37.0	32.57	19.42	30.89	4.47	11.4	13.34	37.0	26.93	41.23	31.78	15.81	30.08	5.39	8.54	23.19	11.4	35.01	17.46	8.06	24.33	16.64	19.42	25.5	
45.04	38.42	33.0	44.27	18.68	7.21	20.88	29.15	42.94	40.85	19.03	42.11	34.79	0.0	21.0	40.45	36.07	28.43	39.46	31.05	49.73	53.31	45.31	1.41	43.86	32.2	47.01	43.6	27.07	25.71	10.63	21.26	32.25	40.71	25.63	28.84	52.2	30.27	49.34	26.25	32.02	26.91	48.75	42.01	15.81	6.08	18.03	42.76	26.02	24.02	28.32	13.6	49.37	17.03	41.44	20.4	19.42	19.42	19.31	23.77	22.02	22.83	9.06	49.03	7.62	35.06	48.66	25.3	31.62	23.26	48.37	19.92	48.47	33.54	20.0	31.62	42.01	47.42	49.0	50.6	38.08	46.17	24.41	31.89	30.02	31.91	4.47	20.1	5.0	38.48	36.12	17.2	42.19	40.0	17.46	37.22	11.4	51.08	30.08	17.89	
48.85	54.08	39.12	42.58	5.83	27.29	41.44	25.71	38.01	38.47	29.07	48.37	34.48	21.0	0.0	48.26	53.24	46.62	41.79	41.73	48.66	49.0	42.19	20.02	55.87	29.83	58.73	58.6	48.04	36.8	14.76	17.46	28.44	53.81	26.83	44.1	62.63	34.48	47.38	20.4	25.02	43.83	60.83	47.41	36.35	27.02	22.67	43.97	47.01	31.24	21.1	17.03	55.95	13.6	52.4	4.12	40.2	38.6	22.8	43.93	38.91	22.36	12.04	57.14	25.0	39.82	56.08	27.29	26.17	43.17	61.55	40.45	59.55	42.64	29.0	43.14	57.43	59.41	53.31	60.61	35.51	44.55	21.19	49.66	44.41	50.92	17.12	27.59	18.44	35.36	40.25	12.21	45.31	55.22	24.04	32.06	16.64	47.01	41.01	33.12	
9.43	20.59	9.22	20.1	42.44	36.0	36.77	25.81	26.08	21.1	21.59	3.61	18.38	40.45	48.26	0.0	25.0	27.2	12.04	10.2	20.62	28.46	23.09	39.62	12.0	22.83	13.34	20.62	43.42	15.0	35.85	31.24	25.06	13.6	21.93	18.87	15.0	14.14	22.14	30.48	30.02	23.32	15.52	5.39	36.14	39.0	25.94	14.14	43.83	17.46	31.4	32.2	9.0	34.67	8.06	44.41	38.28	30.68	25.55	34.89	24.35	26.25	41.79	8.94	33.14	9.43	8.25	21.26	27.78	33.54	18.11	36.4	13.0	7.0	20.88	10.77	21.19	14.32	10.82	12.81	21.59	20.4	28.28	26.17	16.64	31.14	39.29	21.54	37.11	22.56	9.85	36.06	10.2	19.7	25.08	26.25	33.62	26.93	11.18	24.08	
34.41	5.39	27.2	43.46	48.33	29.0	19.92	41.0	47.8	43.01	25.71	28.6	37.85	36.07	53.24	25.0	0.0	8.06	34.93	18.68	45.28	52.77	46.24	36.12	17.0	40.2	19.31	10.0	23.02	20.0	38.47	41.0	42.11	13.04	35.01	10.05	25.3	30.41	46.53	43.29	46.0	9.43	19.65	30.23	22.83	31.24	32.98	38.01	24.0	27.02	45.18	36.77	31.24	41.44	18.44	50.57	22.14	17.2	33.73	16.49	14.42	37.34	42.44	28.02	29.21	29.73	29.21	34.01	44.01	15.81	17.12	20.25	21.54	21.54	26.48	16.76	8.0	18.97	35.38	25.08	42.2	44.28	40.31	4.47	11.05	8.06	37.8	28.44	35.81	43.17	31.02	42.72	34.48	7.28	31.05	45.54	36.67	50.99	18.44	20.12	
36.12	12.17	26.63	43.27	42.06	21.26	12.17	37.66	46.52	42.06	21.02	30.61	36.25	28.43	46.62	27.2	8.06	0.0	35.0	18.44	46.1	53.01	45.79	28.6	22.36	37.64	25.18	17.46	16.76	17.46	31.95	36.06	39.29	18.25	31.58	8.49	31.26	28.64	47.01	39.05	42.58	4.47	26.02	31.89	14.76	23.35	28.02	38.42	17.46	23.77	41.11	30.81	34.89	35.69	22.47	44.27	14.32	9.22	29.0	9.0	8.06	33.06	35.36	32.31	21.95	29.41	33.11	30.59	40.79	8.06	24.08	12.37	27.29	21.93	22.09	16.97	15.52	25.08	38.01	30.59	40.72	44.41	36.06	3.61	10.63	5.1	30.53	24.08	28.65	41.63	30.81	36.88	35.38	14.14	26.02	43.32	30.36	51.04	17.8	14.14	
7.21	31.32	8.49	8.54	36.06	37.0	42.01	16.64	14.04	9.06	21.19	9.49	7.81	39.46	41.79	12.04	34.93	35.0	0.0	16.64	11.4	18.03	11.4	38.33	24.02	12.81	25.32	32.25	49.58	18.44	32.06	24.35	14.87	25.18	15.3	26.63	26.0	9.22	12.04	21.95	19.8	30.61	27.46	7.62	39.96	39.85	22.0	3.61	49.68	15.81	22.2	28.07	15.62	28.86	20.0	37.7	43.01	35.61	21.02	41.04	29.73	19.65	38.12	18.36	33.24	5.66	16.64	15.13	17.69	39.62	30.15	41.4	24.74	13.42	19.92	18.36	32.56	26.31	11.66	23.77	9.85	9.43	20.62	34.99	24.7	39.66	37.05	19.42	35.13	10.77	4.24	30.08	3.61	30.81	22.09	14.76	30.02	16.12	17.2	26.93	
18.03	16.0	8.54	25.06	36.07	26.08	26.83	23.54	29.12	24.35	13.04	13.0	19.24	31.05	41.73	10.2	18.68	18.44	16.64	0.0	27.66	34.67	27.73	30.36	14.14	22.02	17.03	18.68	33.84	5.39	28.02	26.08	24.08	12.53	18.03	10.0	21.47	12.0	28.6	26.93	28.44	14.14	19.1	13.89	25.96	29.07	19.1	20.0	34.13	10.82	28.46	24.84	19.1	28.32	10.82	38.21	28.23	20.62	19.21	25.24	14.32	21.47	33.62	18.11	23.54	11.18	18.0	17.09	26.31	23.85	20.0	26.4	18.03	3.61	12.81	2.0	18.25	17.69	20.62	19.7	23.54	26.08	24.17	18.36	8.06	23.02	30.46	14.14	28.23	24.52	12.53	29.73	16.97	16.12	17.69	27.07	25.81	32.76	1.0	14.0	
11.4	41.15	19.85	6.08	43.29	47.93	53.41	23.09	12.21	10.2	32.2	17.09	15.13	49.73	48.66	20.62	45.28	46.1	11.4	27.66	0.0	8.06	7.21	48.51	32.02	19.03	32.39	41.11	60.96	29.83	41.3	32.02	20.22	34.18	24.33	37.64	31.02	20.12	2.24	28.28	24.04	41.77	34.23	15.23	51.31	50.7	31.78	7.81	61.07	26.83	27.66	37.34	19.03	37.0	28.46	44.55	54.41	47.01	30.59	52.4	41.11	28.07	47.17	23.0	44.01	17.03	21.0	24.52	22.56	50.99	37.48	52.8	31.14	24.21	30.87	29.21	41.79	33.38	13.04	29.0	13.15	4.12	28.02	45.8	35.61	50.61	46.87	30.08	45.12	13.34	15.62	38.01	10.82	40.31	32.28	17.09	39.46	7.07	28.32	38.28	
19.42	48.85	26.4	9.9	44.1	52.48	59.41	24.74	11.05	12.53	37.2	25.0	18.87	53.31	49.0	28.46	52.77	53.01	18.03	34.67	8.06	0.0	8.06	52.0	40.02	21.19	40.45	49.04	67.18	36.12	43.97	33.73	21.59	42.06	27.73	44.65	39.0	25.5	6.32	29.27	24.02	48.6	42.3	23.09	56.85	55.07	35.34	14.76	67.18	32.02	28.07	40.16	27.0	38.83	36.4	45.01	60.21	53.04	34.01	58.73	47.42	30.68	49.48	31.02	48.37	23.6	29.02	28.18	23.19	57.31	45.54	58.73	39.2	31.38	35.81	36.36	49.65	41.44	21.0	37.01	15.23	8.6	29.83	53.0	42.72	57.69	49.98	34.67	48.47	14.87	22.2	39.62	18.38	48.1	36.24	17.12	42.38	2.24	35.23	43.93	
15.3	42.72	19.24	3.0	37.01	44.42	51.62	17.12	5.0	4.47	29.21	20.0	10.82	45.31	42.19	23.09	46.24	45.79	11.4	27.73	7.21	8.06	0.0	44.01	35.06	13.34	36.01	43.57	59.46	28.6	36.14	26.17	14.04	36.5	19.7	37.59	35.69	17.69	5.39	22.0	17.26	41.34	38.05	18.0	48.92	47.01	27.31	9.0	59.41	24.08	21.1	32.28	24.04	31.26	31.14	38.12	52.35	45.28	26.0	51.09	39.82	22.8	41.77	27.66	40.31	16.55	25.71	20.12	16.03	49.68	41.0	50.91	35.13	24.7	27.8	29.55	43.93	37.01	18.38	33.54	7.28	3.61	22.2	46.07	35.78	50.61	42.06	26.63	40.5	7.07	15.23	32.14	13.0	42.2	28.18	10.2	34.48	5.83	28.18	36.07	
44.01	38.29	32.02	43.01	17.46	7.62	21.59	27.78	41.59	39.56	18.11	41.19	33.53	1.41	20.02	39.62	36.12	28.6	38.33	30.36	48.51	52.0	44.01	0.0	43.38	30.87	46.52	43.42	28.02	25.0	9.22	19.85	30.89	40.31	24.35	28.6	51.62	29.15	48.08	24.84	30.61	26.87	48.3	41.05	16.49	7.0	16.76	41.59	27.0	23.0	26.91	12.21	48.51	15.62	40.85	19.24	20.22	19.72	18.03	24.35	21.93	21.47	8.0	48.27	7.21	34.01	47.85	24.04	30.23	23.77	48.02	20.62	47.93	32.76	19.03	31.02	41.87	46.96	48.01	49.98	36.77	44.92	23.02	32.02	29.68	32.25	3.16	19.03	3.61	37.16	35.06	15.81	41.11	39.82	16.28	35.85	10.0	49.77	29.41	17.49	
20.62	11.66	19.31	32.06	50.21	37.95	34.06	36.25	38.05	33.06	27.02	15.13	29.83	43.86	55.87	12.0	17.0	22.36	24.02	14.14	32.02	40.02	35.06	43.38	0.0	33.84	3.16	9.43	39.05	19.21	42.01	40.0	36.06	4.12	31.38	16.12	9.0	24.17	33.73	40.31	40.85	20.0	5.0	17.12	35.13	40.8	33.24	26.08	39.81	24.84	41.59	38.95	15.0	42.45	4.12	52.35	36.01	29.07	33.3	31.26	23.35	35.23	47.43	11.31	36.25	20.62	12.81	30.53	38.63	30.15	6.32	34.01	5.0	13.89	26.91	12.81	10.63	3.61	20.12	8.25	33.38	32.25	37.74	19.92	14.32	24.7	43.91	28.28	41.68	34.37	21.38	43.86	22.09	10.0	31.83	37.85	39.82	38.64	14.87	26.0	
20.0	38.01	14.56	13.0	24.33	32.02	41.05	4.12	10.82	9.06	18.03	21.4	5.0	32.2	29.83	22.83	40.2	37.64	12.81	22.02	19.03	21.19	13.34	30.87	33.84	0.0	35.85	40.45	49.09	20.4	22.8	13.0	2.24	33.73	7.07	30.41	37.74	10.05	18.03	9.49	7.21	33.24	38.08	19.85	37.64	34.41	14.42	14.32	48.83	13.93	9.43	18.97	28.28	18.03	29.73	25.71	41.4	34.99	13.04	41.18	30.46	9.49	28.44	30.61	27.8	13.42	29.07	7.81	5.0	39.82	40.16	40.22	35.78	20.4	16.64	24.02	40.2	36.77	24.41	35.51	6.08	15.0	9.0	38.83	29.15	42.72	28.79	15.0	27.31	6.32	13.04	19.0	16.4	38.12	15.62	5.83	21.19	18.97	22.0	25.55	
21.1	13.93	21.47	33.02	53.04	41.11	37.01	38.47	39.32	34.37	30.0	16.03	31.62	47.01	58.73	13.34	19.31	25.18	25.32	17.03	32.39	40.45	36.01	46.52	3.16	35.85	0.0	10.63	41.77	22.2	45.0	42.64	38.08	7.0	33.84	19.24	6.08	26.42	34.23	42.72	42.95	23.02	2.24	18.03	38.21	43.97	36.07	27.02	42.58	27.59	43.91	41.87	14.32	45.25	6.4	55.15	39.0	32.14	36.07	34.13	26.48	37.8	50.48	10.3	39.4	22.47	12.08	33.02	40.72	33.06	5.1	37.0	2.24	16.4	29.83	15.81	12.21	1.0	19.92	5.83	34.93	33.02	40.22	22.56	17.46	27.2	47.01	31.14	44.78	35.9	23.09	46.67	23.02	12.08	34.71	39.56	42.8	39.2	17.8	29.15	
29.73	5.39	26.08	40.61	53.25	36.89	29.61	42.2	46.1	41.11	29.68	24.04	37.05	43.6	58.6	20.62	10.0	17.46	32.25	18.68	41.11	49.04	43.57	43.42	9.43	40.45	10.63	0.0	33.02	22.36	44.05	44.28	42.58	7.07	36.69	14.87	16.12	30.41	42.72	45.54	47.07	17.0	10.3	25.96	31.95	39.45	36.72	34.71	34.0	29.15	47.13	41.62	24.41	45.79	12.65	55.47	31.78	26.0	37.12	26.31	21.63	39.92	48.8	20.62	36.24	28.0	22.2	35.74	44.91	25.5	7.28	29.83	12.81	20.1	30.02	16.76	2.0	10.0	29.53	16.4	41.0	41.0	42.72	14.14	14.21	18.03	44.6	31.76	42.45	42.0	29.02	47.17	30.81	3.61	34.99	45.1	42.01	47.54	18.97	26.17	
51.87	28.16	41.11	57.28	45.1	21.1	8.06	47.89	59.2	55.32	31.06	46.65	49.04	27.07	48.04	43.42	23.02	16.76	49.58	33.84	60.96	67.18	59.46	28.02	39.05	49.09	41.77	33.02	0.0	31.14	35.36	43.32	50.25	34.93	42.19	24.6	47.85	41.77	61.55	47.54	52.33	20.12	42.43	47.71	12.37	21.02	36.25	53.15	1.41	35.61	49.77	36.14	51.48	41.0	39.22	47.04	8.25	14.21	37.58	8.6	19.85	42.05	36.01	49.04	24.52	43.93	49.77	41.34	51.0	10.0	40.11	8.94	43.93	37.44	32.45	32.76	31.02	41.59	54.2	47.3	53.41	58.69	44.78	19.24	26.83	15.0	31.0	34.13	30.07	54.2	45.34	41.77	50.61	30.15	34.44	54.92	34.71	65.07	33.02	23.6	
21.54	18.68	10.0	26.25	31.24	21.0	23.6	21.0	29.07	24.7	7.81	17.26	18.79	25.71	36.8	15.0	20.0	17.46	18.44	5.39	29.83	36.12	28.6	25.0	19.21	20.4	22.2	22.36	31.14	0.0	22.8	21.93	22.2	17.03	15.03	10.05	26.83	11.18	30.41	23.54	26.0	13.0	24.21	17.72	21.93	24.0	14.42	22.02	31.24	7.07	25.32	19.8	24.0	23.6	16.12	33.42	24.7	17.2	14.76	22.63	11.31	17.72	28.3	23.35	18.25	12.81	23.09	14.04	24.02	21.21	24.76	23.02	23.32	8.0	7.81	6.4	21.54	22.8	24.74	25.08	23.26	27.59	20.62	18.44	9.06	22.47	25.08	9.43	22.85	24.17	14.21	25.0	19.72	19.31	12.81	25.96	20.62	34.06	4.47	9.22	
38.47	39.41	27.2	35.51	10.2	14.32	28.02	19.31	33.24	31.78	15.0	36.69	26.17	10.63	14.76	35.85	38.47	31.95	32.06	28.02	41.3	43.97	36.14	9.22	42.01	22.8	45.0	44.05	35.36	22.8	0.0	10.82	22.47	39.62	17.03	29.41	49.4	23.35	40.61	15.81	21.63	29.07	47.01	36.14	23.09	15.23	10.2	35.0	34.53	18.38	17.8	4.0	44.27	6.4	38.83	12.37	27.17	24.33	11.05	30.07	24.17	13.34	6.08	44.78	11.0	28.64	44.01	17.0	21.47	29.15	47.42	27.02	46.04	29.53	15.26	29.21	42.8	45.61	42.76	47.51	28.86	37.48	14.32	34.93	29.83	36.4	6.4	14.32	5.83	29.12	29.43	6.71	35.23	40.61	10.77	27.31	2.24	41.76	27.2	18.36	
31.38	40.5	22.02	26.0	11.7	23.32	35.44	9.06	22.8	22.02	15.3	31.06	17.26	21.26	17.46	31.24	41.0	36.06	24.35	26.08	32.02	33.73	26.17	19.85	40.0	13.0	42.64	44.28	43.32	21.93	10.82	0.0	12.17	38.59	9.43	31.05	45.97	17.2	31.02	5.0	10.82	32.25	44.82	30.02	31.02	25.0	8.06	26.68	42.72	15.26	7.07	7.81	38.59	5.1	36.24	13.42	35.11	30.41	7.28	36.67	28.02	5.0	15.81	40.0	19.24	22.47	38.83	10.0	10.77	35.51	46.04	34.48	43.19	26.25	14.56	27.78	43.46	43.42	35.85	43.86	19.03	28.0	4.0	38.33	30.68	41.01	17.2	12.65	16.28	19.1	22.83	6.0	27.86	41.23	10.05	16.76	9.9	31.58	25.55	22.0	
22.02	40.05	16.76	14.14	23.09	32.56	42.19	3.16	10.77	10.05	19.24	23.6	7.07	32.25	28.44	25.06	42.11	39.29	14.87	24.08	20.22	21.59	14.04	30.89	36.06	2.24	38.08	42.58	50.25	22.2	22.47	12.17	0.0	35.9	8.06	32.25	39.96	12.17	19.03	8.06	5.0	34.93	40.31	22.02	38.6	34.83	14.87	16.12	49.93	15.52	7.62	18.79	30.41	17.26	31.95	24.33	42.44	36.24	13.45	42.49	31.95	9.43	27.89	32.8	28.32	15.65	31.24	8.94	2.83	41.15	42.38	41.34	38.01	22.56	17.89	26.08	42.3	39.0	26.4	37.74	7.07	16.12	8.25	40.61	31.06	44.38	28.64	16.12	27.29	7.0	15.26	18.11	18.44	40.2	16.28	5.0	21.02	19.42	24.02	26.83	
22.85	7.81	19.24	33.54	48.27	34.54	30.02	35.74	39.05	34.06	24.76	17.09	30.15	40.71	53.81	13.6	13.04	18.25	25.18	12.53	34.18	42.06	36.5	40.31	4.12	33.73	7.0	7.07	34.93	17.03	39.62	38.59	35.9	0.0	30.46	12.37	13.04	23.77	35.74	39.4	40.52	16.03	8.25	18.97	31.26	37.34	31.4	27.66	35.69	23.32	40.85	36.8	18.38	40.61	5.83	50.45	32.0	25.18	31.62	27.17	19.65	34.0	44.82	15.0	33.12	21.02	16.28	29.55	38.33	26.08	7.81	30.0	9.06	13.34	24.84	10.82	7.62	7.07	23.02	12.37	34.01	33.96	36.67	15.81	10.77	20.62	41.05	26.4	38.83	35.01	22.0	42.01	23.77	6.4	29.83	38.21	37.48	40.52	13.04	22.83	
22.14	33.54	12.73	18.68	21.02	25.0	34.13	6.08	17.8	15.23	11.18	21.63	9.22	25.63	26.83	21.93	35.01	31.58	15.3	18.03	24.33	27.73	19.7	24.35	31.38	7.07	33.84	36.69	42.19	15.03	17.03	9.43	8.06	30.46	0.0	25.0	36.8	7.81	23.77	8.94	11.05	27.29	36.06	20.59	30.61	27.46	7.62	18.03	41.88	8.0	10.44	13.04	29.15	13.6	27.46	22.83	34.41	28.18	6.32	34.44	24.04	4.47	23.0	30.61	20.81	13.04	29.41	1.0	9.22	33.11	37.59	33.29	34.21	17.49	9.85	19.92	36.14	34.67	26.57	34.66	12.53	20.62	6.4	33.14	24.08	36.67	22.56	8.06	20.88	13.04	13.42	14.87	18.68	33.96	8.6	12.81	15.13	25.5	17.72	18.79	
27.66	10.0	18.36	34.99	38.95	22.36	18.44	31.02	38.63	34.01	15.81	22.2	28.46	28.84	44.1	18.87	10.05	8.49	26.63	10.0	37.64	44.65	37.59	28.6	16.12	30.41	19.24	14.87	24.6	10.05	29.41	31.05	32.25	12.37	25.0	0.0	25.08	20.88	38.6	33.24	36.01	4.47	20.62	23.43	19.03	25.08	23.09	30.0	25.08	17.0	35.13	27.29	26.93	31.78	15.13	41.18	20.22	13.0	23.77	16.16	7.28	27.29	33.97	24.74	21.4	21.1	25.3	24.0	34.06	14.87	19.7	18.25	21.1	13.45	16.49	8.49	13.45	19.42	29.68	24.0	32.89	36.06	30.27	8.54	2.24	13.04	29.73	18.44	27.59	33.84	22.47	33.11	26.91	11.31	21.19	35.9	27.46	42.72	9.43	11.31	
20.4	19.92	24.08	32.76	56.85	46.57	43.05	40.8	39.56	34.79	34.48	16.55	33.12	52.2	62.63	15.0	25.3	31.26	26.0	21.47	31.02	39.0	35.69	51.62	9.0	37.74	6.08	16.12	47.85	26.83	49.4	45.97	39.96	13.04	36.8	25.08	0.0	29.07	33.06	45.45	44.94	29.0	5.83	18.38	44.1	49.48	40.0	26.93	48.66	31.4	46.4	46.04	12.0	49.04	10.77	58.9	45.01	38.05	39.82	40.2	32.25	41.01	55.07	8.06	44.6	24.41	10.05	36.07	42.72	39.12	9.22	43.01	4.0	20.0	34.13	20.62	17.89	6.32	18.0	2.24	35.85	32.39	43.19	28.64	23.19	33.24	51.89	35.23	49.66	36.77	24.7	50.45	23.09	18.03	38.83	40.72	47.17	38.05	22.36	34.48	
15.13	28.0	5.0	15.62	28.65	27.86	33.94	12.08	17.89	13.6	12.08	13.89	7.62	30.27	34.48	14.14	30.41	28.64	9.22	12.0	20.12	25.5	17.69	29.15	24.17	10.05	26.42	30.41	41.77	11.18	23.35	17.2	12.17	23.77	7.81	20.88	29.07	0.0	20.25	16.4	16.76	24.17	28.65	13.0	31.4	30.68	13.15	12.65	41.73	6.71	17.49	19.42	21.47	21.02	20.12	30.53	34.71	27.59	12.37	33.42	22.2	12.21	29.43	22.8	24.04	5.39	21.63	7.21	14.56	32.02	30.46	33.24	26.63	10.44	10.77	14.0	30.15	27.29	19.42	26.91	12.08	17.2	14.14	29.41	19.42	33.62	28.0	10.2	26.02	13.0	6.08	22.36	12.0	28.07	13.0	15.13	21.21	23.35	12.04	18.44	
13.15	42.54	20.52	5.1	42.11	47.85	53.91	22.0	10.3	9.0	32.25	18.68	14.56	49.34	47.38	22.14	46.53	47.01	12.04	28.6	2.24	6.32	5.39	48.08	33.73	18.03	34.23	42.72	61.55	30.41	40.61	31.02	19.03	35.74	23.77	38.6	33.06	20.25	0.0	27.07	22.56	42.64	36.12	16.76	51.61	50.57	31.32	8.6	61.62	26.93	26.31	36.67	21.1	36.06	30.08	43.29	54.82	47.51	30.08	53.04	41.73	27.29	46.39	25.02	43.86	17.69	23.02	24.04	21.21	51.62	39.32	53.26	33.06	25.24	30.89	30.23	43.32	35.23	15.13	31.02	12.0	3.16	27.02	46.87	36.62	51.61	46.32	29.97	44.64	12.04	16.28	37.01	12.08	41.79	31.95	15.52	38.83	5.0	29.21	38.6	
29.15	42.2	21.4	22.2	15.03	28.02	39.56	5.39	18.25	18.11	18.03	29.73	14.32	26.25	20.4	30.48	43.29	39.05	21.95	26.93	28.28	29.27	22.0	24.84	40.31	9.49	42.72	45.54	47.54	23.54	15.81	5.0	8.06	39.4	8.94	33.24	45.45	16.4	27.07	0.0	5.83	35.0	44.94	28.43	35.34	29.83	11.4	23.77	47.01	16.49	2.24	12.73	37.01	9.85	36.36	16.28	39.4	34.21	10.2	40.52	31.14	6.0	20.62	38.9	23.85	21.21	37.54	9.85	6.08	39.29	46.53	38.63	43.01	26.42	17.0	28.79	44.92	43.57	33.62	43.28	15.13	24.19	3.0	41.01	32.56	44.1	22.2	15.0	21.26	15.03	21.26	10.44	25.55	42.72	13.34	12.17	14.87	27.17	26.57	25.32	
26.91	44.28	21.54	18.03	20.1	33.42	44.28	5.0	13.0	13.93	21.84	28.6	12.04	32.02	25.02	30.02	46.0	42.58	19.8	28.44	24.04	24.02	17.26	30.61	40.85	7.21	42.95	47.07	52.33	26.0	21.63	10.82	5.0	40.52	11.05	36.01	44.94	16.76	22.56	5.83	0.0	38.33	45.19	27.02	40.31	35.38	16.12	20.81	51.88	19.03	4.12	18.44	35.38	15.65	36.77	21.0	44.29	38.63	14.76	44.94	34.93	10.3	26.4	37.8	29.21	20.59	36.24	12.04	2.24	43.66	47.17	43.38	42.94	27.2	20.62	30.41	46.69	43.86	31.24	42.72	11.18	19.92	7.81	44.18	35.01	47.68	28.02	18.68	27.02	10.77	20.25	16.16	23.35	44.55	17.89	7.07	20.62	22.0	28.28	29.41	
32.02	11.66	22.2	38.83	39.0	20.0	14.14	33.38	42.05	37.59	17.03	26.63	31.78	26.91	43.83	23.32	9.43	4.47	30.61	14.14	41.77	48.6	41.34	26.87	20.0	33.24	23.02	17.0	20.12	13.0	29.07	32.25	34.93	16.03	27.29	4.47	29.0	24.17	42.64	35.0	38.33	0.0	24.19	27.8	15.3	22.47	24.19	34.06	20.62	19.42	37.01	27.51	31.38	32.28	19.42	41.23	16.03	9.22	25.08	11.7	5.0	29.0	33.02	29.12	19.85	25.0	29.73	26.31	36.5	10.44	22.8	14.04	25.0	17.69	18.0	12.81	15.26	23.09	34.13	28.07	36.25	40.0	32.0	6.08	6.71	9.49	28.43	20.0	26.4	37.16	26.4	33.53	31.11	13.42	22.2	38.9	27.31	46.62	13.45	10.77	
23.02	14.32	23.71	35.06	55.15	42.72	38.01	40.71	41.44	36.5	32.02	18.11	33.84	48.75	60.83	15.52	19.65	26.02	27.46	19.1	34.23	42.3	38.05	48.3	5.0	38.08	2.24	10.3	42.43	24.21	47.01	44.82	40.31	8.25	36.06	20.62	5.83	28.65	36.12	44.94	45.19	24.19	0.0	20.1	39.46	45.54	38.18	29.07	43.29	29.73	46.14	43.93	15.81	47.38	8.6	57.28	40.05	33.38	38.21	35.01	27.89	40.0	52.43	11.7	41.15	24.7	13.6	35.23	42.95	34.0	3.61	38.05	3.16	18.6	31.89	17.8	12.08	1.41	21.59	6.4	37.11	35.0	42.44	23.19	18.97	27.66	48.88	33.24	46.65	38.08	25.3	48.8	25.08	12.37	36.8	41.76	44.82	41.11	19.85	30.87	
4.24	25.94	9.06	15.0	41.59	38.33	40.71	23.35	21.38	16.49	23.0	2.0	15.0	42.01	47.41	5.39	30.23	31.89	7.62	13.89	15.23	23.09	18.0	41.05	17.12	19.85	18.03	25.96	47.71	17.72	36.14	30.02	22.02	18.97	20.59	23.43	18.38	13.0	16.76	28.43	27.02	27.8	20.1	0.0	39.56	41.3	25.96	9.0	48.02	18.11	29.0	32.28	8.6	34.01	13.34	43.42	42.05	34.44	25.3	39.12	28.18	25.06	42.2	10.82	35.06	7.62	9.22	20.12	24.84	37.74	23.0	40.25	17.26	10.3	22.02	15.0	26.57	19.03	7.07	16.16	17.46	15.13	26.63	31.14	21.26	36.07	40.31	22.2	38.21	18.38	7.21	35.34	5.0	25.08	25.5	22.36	33.96	21.59	14.76	26.93	
43.46	26.57	31.76	47.01	33.0	9.06	5.1	36.06	48.1	44.6	19.8	38.9	38.21	15.81	36.35	36.14	22.83	14.76	39.96	25.96	51.31	56.85	48.92	16.49	35.13	37.64	38.21	31.95	12.37	21.93	23.09	31.02	38.6	31.26	30.61	19.03	44.1	31.4	51.61	35.34	40.31	15.3	39.46	39.56	0.0	9.85	24.19	43.57	11.7	24.84	37.58	23.77	44.91	28.64	34.01	35.01	4.12	6.08	25.55	8.06	12.04	30.02	24.33	43.29	12.17	34.48	43.57	29.83	39.12	7.81	38.08	4.12	40.11	29.41	21.21	25.5	30.08	38.33	46.49	43.01	42.43	48.6	32.65	18.36	21.0	16.97	19.24	22.67	18.03	43.14	35.85	29.43	41.59	28.46	22.47	43.42	22.36	54.67	25.0	13.04	
44.72	34.13	32.56	45.62	24.33	3.0	14.87	31.89	45.22	42.54	18.68	41.11	36.24	6.08	27.02	39.0	31.24	23.35	39.85	29.07	50.7	55.07	47.01	7.0	40.8	34.41	43.97	39.45	21.02	24.0	15.23	25.0	34.83	37.34	27.46	25.08	49.48	30.68	50.57	29.83	35.38	22.47	45.54	41.3	9.85	0.0	20.0	43.32	20.0	24.04	32.02	17.2	48.0	21.47	38.83	26.17	13.34	14.14	21.4	17.89	17.89	25.5	15.0	47.17	6.71	34.93	47.04	26.93	34.66	17.49	44.78	13.93	45.61	32.0	19.92	29.27	37.74	44.27	48.37	48.05	39.96	47.42	27.59	26.91	26.57	26.4	10.05	20.62	9.49	40.5	36.14	21.93	42.2	35.85	18.87	39.82	15.26	52.84	28.07	15.13	
28.28	32.7	17.09	26.25	16.97	17.69	28.23	12.04	25.24	22.85	7.28	26.57	16.76	18.03	22.67	25.94	32.98	28.02	22.0	19.1	31.78	35.34	27.31	16.76	33.24	14.42	36.07	36.72	36.25	14.42	10.2	8.06	14.87	31.4	7.62	23.09	40.0	13.15	31.32	11.4	16.12	24.19	38.18	25.96	24.19	20.0	0.0	25.08	35.78	8.6	13.6	6.32	34.18	9.22	29.73	19.1	28.18	22.8	1.41	29.12	20.0	5.83	16.28	34.89	13.45	18.44	34.01	7.28	15.0	27.89	39.05	27.31	36.88	20.0	6.71	20.62	35.78	36.77	32.56	38.01	20.12	28.16	8.54	30.27	22.85	33.0	15.13	5.0	13.34	20.59	19.24	10.63	25.08	33.54	2.0	19.85	8.06	33.11	18.44	14.04	
6.71	34.18	12.04	6.0	38.33	40.5	45.61	18.38	12.65	8.06	24.7	11.0	9.49	42.76	43.97	14.14	38.01	38.42	3.61	20.0	7.81	14.76	9.0	41.59	26.08	14.32	27.02	34.71	53.15	22.02	35.0	26.68	16.12	27.66	18.03	30.0	26.93	12.65	8.6	23.77	20.81	34.06	29.07	9.0	43.57	43.32	25.08	0.0	53.26	19.31	23.71	31.0	15.65	31.4	22.2	39.85	46.62	39.2	24.02	44.6	33.3	22.2	41.01	18.97	36.69	9.22	17.09	18.0	18.87	43.19	32.0	45.0	26.17	16.64	23.41	21.63	35.17	28.02	10.63	24.74	9.9	6.32	22.8	38.28	28.02	43.01	40.2	22.8	38.33	10.63	7.81	32.56	4.0	33.53	25.32	14.87	33.02	13.0	20.62	30.53	
52.15	29.07	41.23	57.28	44.18	20.22	7.81	47.51	59.03	55.23	30.81	47.01	48.92	26.02	47.01	43.83	24.0	17.46	49.68	34.13	61.07	67.18	59.41	27.0	39.81	48.83	42.58	34.0	1.41	31.24	34.53	42.72	49.93	35.69	41.88	25.08	48.66	41.73	61.62	47.01	51.88	20.62	43.29	48.02	11.7	20.0	35.78	53.26	0.0	35.47	49.24	35.44	52.0	40.26	39.85	46.1	7.62	14.14	37.12	8.94	20.0	41.59	35.0	49.65	23.77	44.05	50.33	41.05	50.61	10.3	41.05	8.6	44.72	37.74	32.2	33.12	32.0	42.43	54.59	48.05	53.26	58.73	44.28	20.1	27.31	16.03	30.02	33.84	29.15	54.04	45.45	41.0	50.8	31.06	34.0	54.64	33.96	65.05	33.29	23.43	
21.02	25.71	9.06	22.2	25.5	21.19	27.66	14.04	23.6	19.8	5.39	18.44	13.45	24.02	31.24	17.46	27.02	23.77	15.81	10.82	26.83	32.02	24.08	23.0	24.84	13.93	27.59	29.15	35.61	7.07	18.38	15.26	15.52	23.32	8.0	17.0	31.4	6.71	26.93	16.49	19.03	19.42	29.73	18.11	24.84	24.04	8.6	19.31	35.47	0.0	18.25	14.76	25.96	17.69	21.21	27.59	28.28	21.4	8.49	27.46	16.55	10.77	24.35	26.4	17.46	11.05	25.63	7.0	17.12	26.08	30.81	26.91	28.32	11.4	4.12	12.53	28.46	28.32	25.02	29.41	17.8	23.85	13.6	25.18	16.12	28.86	22.2	4.12	20.1	18.6	12.17	19.1	18.25	26.25	7.62	19.7	16.16	29.83	10.3	12.04	
29.41	43.93	22.47	21.59	16.03	30.23	41.79	5.66	17.03	17.46	20.1	30.41	14.42	28.32	21.1	31.4	45.18	41.11	22.2	28.46	27.66	28.07	21.1	26.91	41.59	9.43	43.91	47.13	49.77	25.32	17.8	7.07	7.62	40.85	10.44	35.13	46.4	17.49	26.31	2.24	4.12	37.01	46.14	29.0	37.58	32.02	13.6	23.71	49.24	18.25	0.0	14.87	37.54	11.66	37.59	17.03	41.63	36.4	12.37	42.72	33.24	8.06	22.36	39.62	26.08	22.02	38.18	11.4	5.1	41.48	47.85	40.85	44.1	27.73	19.03	30.36	46.57	44.78	33.84	44.2	14.56	23.54	5.1	43.0	34.37	46.17	24.21	17.03	23.35	14.32	21.93	12.08	25.81	44.38	15.52	11.0	16.97	26.02	28.16	27.46	
34.53	37.22	23.41	31.58	11.66	15.65	28.44	15.65	29.55	27.89	12.04	32.89	22.2	13.6	17.03	32.2	36.77	30.81	28.07	24.84	37.34	40.16	32.28	12.21	38.95	18.97	41.87	41.62	36.14	19.8	4.0	7.81	18.79	36.8	13.04	27.29	46.04	19.42	36.67	12.73	18.44	27.51	43.93	32.28	23.77	17.2	6.32	31.0	35.44	14.76	14.87	0.0	40.5	5.0	35.61	13.89	27.89	24.0	7.07	30.07	22.8	9.49	10.05	41.15	11.7	24.74	40.31	13.0	18.03	29.02	44.55	27.46	42.8	26.08	12.04	26.17	40.5	42.52	38.83	44.1	25.0	33.54	10.82	33.53	27.46	35.51	9.85	10.82	8.6	25.3	25.5	6.08	31.26	38.28	7.21	23.71	2.24	37.95	24.08	16.76	
8.94	26.17	17.09	21.19	50.12	45.0	45.22	31.89	28.23	23.71	30.41	7.62	23.35	49.37	55.95	9.0	31.24	34.89	15.62	19.1	19.03	27.0	24.04	48.51	15.0	28.28	14.32	24.41	51.48	24.0	44.27	38.59	30.41	18.38	29.15	26.93	12.0	21.47	21.1	37.01	35.38	31.38	15.81	8.6	44.91	48.0	34.18	15.65	52.0	25.96	37.54	40.5	0.0	42.49	12.81	51.97	46.84	39.29	33.62	43.08	32.98	33.62	50.29	4.12	42.11	16.12	2.24	28.65	33.24	41.79	19.31	44.92	12.65	16.0	29.61	19.42	25.61	15.23	6.0	10.05	25.24	20.62	35.23	33.29	24.7	38.28	48.05	30.08	45.89	26.08	15.81	43.83	12.21	24.76	33.53	30.23	42.06	26.08	20.1	33.06	
35.74	41.59	25.55	31.02	7.81	20.25	33.38	14.14	27.89	27.07	16.12	34.89	22.09	17.03	13.6	34.67	41.44	35.69	28.86	28.32	37.0	38.83	31.26	15.62	42.45	18.03	45.25	45.79	41.0	23.6	6.4	5.1	17.26	40.61	13.6	31.78	49.04	21.02	36.06	9.85	15.65	32.28	47.38	34.01	28.64	21.47	9.22	31.4	40.26	17.69	11.66	5.0	42.49	0.0	38.9	9.9	32.76	29.0	9.22	35.06	27.66	9.22	10.77	43.57	16.49	26.4	42.54	13.93	15.81	34.01	48.27	32.39	46.01	29.07	15.81	29.83	44.78	45.97	40.16	47.01	24.08	33.02	9.06	38.33	31.76	40.45	12.73	14.21	12.21	24.19	26.93	1.41	32.28	42.54	10.82	21.84	6.32	36.67	27.66	21.59	
17.09	13.45	15.23	28.16	46.69	35.9	33.54	32.2	34.01	29.02	23.85	11.4	25.71	41.44	52.4	8.06	18.44	22.47	20.0	10.82	28.46	36.4	31.14	40.85	4.12	29.73	6.4	12.65	39.22	16.12	38.83	36.24	31.95	5.83	27.46	15.13	10.77	20.12	30.08	36.36	36.77	19.42	8.6	13.34	34.01	38.83	29.73	22.2	39.85	21.21	37.59	35.61	12.81	38.9	0.0	48.8	35.36	28.07	29.7	31.05	22.0	31.4	44.42	9.85	33.84	16.49	10.82	26.63	34.54	29.83	10.44	33.38	7.21	10.0	23.6	9.85	13.42	7.21	17.2	9.22	29.27	28.44	33.84	20.59	13.04	25.55	41.15	24.84	38.91	30.27	17.26	40.31	18.25	12.21	28.43	33.73	36.62	34.93	11.66	23.77	
44.78	51.11	35.23	38.47	2.24	26.0	40.05	21.59	34.0	34.37	25.81	44.42	30.36	20.4	4.12	44.41	50.57	44.27	37.7	38.21	44.55	45.01	38.12	19.24	52.35	25.71	55.15	55.47	47.04	33.42	12.37	13.42	24.33	50.45	22.83	41.18	58.9	30.53	43.29	16.28	21.0	41.23	57.28	43.42	35.01	26.17	19.1	39.85	46.1	27.59	17.03	13.89	51.97	9.9	48.8	0.0	39.0	36.67	19.1	42.3	36.4	18.36	11.4	53.25	23.19	35.85	52.15	23.32	22.09	41.44	58.14	39.05	55.9	38.95	25.61	39.7	54.38	55.87	49.24	56.85	31.4	40.45	17.09	47.17	41.34	48.76	16.12	24.08	17.0	31.26	36.24	8.49	41.23	52.15	20.62	28.02	13.93	43.0	37.54	30.46	
46.07	26.48	34.67	50.33	37.01	13.0	2.24	39.96	51.74	48.08	23.43	41.23	41.73	19.42	40.2	38.28	22.14	14.32	43.01	28.23	54.41	60.21	52.35	20.22	36.01	41.4	39.0	31.78	8.25	24.7	27.17	35.11	42.44	32.0	34.41	20.22	45.01	34.71	54.82	39.4	44.29	16.03	40.05	42.05	4.12	13.34	28.18	46.62	7.62	28.28	41.63	27.89	46.84	32.76	35.36	39.0	0.0	7.62	29.53	5.83	13.93	34.0	28.16	44.91	16.28	37.44	45.35	33.6	43.05	6.32	38.33	2.0	41.01	31.78	24.84	27.51	29.83	39.01	48.85	44.1	46.01	51.86	36.67	17.72	22.36	15.26	23.09	26.4	22.0	46.75	38.83	33.54	44.42	28.44	26.42	47.2	26.48	58.05	27.31	16.28	
38.47	20.62	27.2	43.14	34.53	12.21	6.4	34.01	45.0	41.11	17.0	33.62	34.83	19.42	38.6	30.68	17.2	9.22	35.61	20.62	47.01	53.04	45.28	19.72	29.07	34.99	32.14	26.0	14.21	17.2	24.33	30.41	36.24	25.18	28.18	13.0	38.05	27.59	47.51	34.21	38.63	9.22	33.38	34.44	6.08	14.14	22.8	39.2	14.14	21.4	36.4	24.0	39.29	29.0	28.07	36.67	7.62	0.0	24.04	6.32	6.32	28.46	26.93	37.48	13.6	30.0	37.85	27.29	37.16	5.1	32.02	5.83	34.06	24.17	18.36	19.92	24.17	32.25	41.23	37.0	39.2	44.6	31.32	12.81	15.03	12.53	21.93	20.12	20.25	40.0	31.4	30.02	36.89	22.47	20.88	40.82	23.09	50.91	19.7	9.43	
27.46	33.24	16.55	25.0	17.03	19.1	29.55	10.63	23.85	21.54	8.06	26.0	15.52	19.31	22.8	25.55	33.73	29.0	21.02	19.21	30.59	34.01	26.0	18.03	33.3	13.04	36.07	37.12	37.58	14.76	11.05	7.28	13.45	31.62	6.32	23.77	39.82	12.37	30.08	10.2	14.76	25.08	38.21	25.3	25.55	21.4	1.41	24.02	37.12	8.49	12.37	7.07	33.62	9.22	29.7	19.1	29.53	24.04	0.0	30.36	21.02	4.47	17.12	34.48	14.87	17.72	33.54	6.08	13.6	29.12	39.2	28.64	36.8	19.85	7.28	20.81	36.25	36.8	31.78	37.8	18.79	26.93	7.28	31.14	23.41	34.01	16.28	5.39	14.56	19.24	18.44	10.63	24.19	34.01	3.16	18.44	9.0	31.78	18.6	15.13	
43.27	21.1	32.56	48.84	40.2	16.76	3.61	40.31	51.04	47.01	23.26	38.08	40.8	23.77	43.93	34.89	16.49	9.0	41.04	25.24	52.4	58.73	51.09	24.35	31.26	41.18	34.13	26.31	8.6	22.63	30.07	36.67	42.49	27.17	34.44	16.16	40.2	33.42	53.04	40.52	44.94	11.7	35.01	39.12	8.06	17.89	29.12	44.6	8.94	27.46	42.72	30.07	43.08	35.06	31.05	42.3	5.83	6.32	30.36	0.0	11.31	34.79	32.02	40.8	19.1	35.38	41.44	33.54	43.46	1.41	33.06	4.24	36.22	28.84	24.6	24.19	24.33	34.06	45.65	39.46	45.22	50.21	37.64	12.17	18.38	9.43	26.93	26.4	25.5	46.04	36.8	36.01	42.01	23.09	27.2	47.01	29.0	56.64	24.41	15.65	
32.25	16.4	21.26	37.54	34.18	15.26	12.53	30.08	39.96	35.81	13.15	27.31	29.68	22.02	38.91	24.35	14.42	8.06	29.73	14.32	41.11	47.42	39.82	21.93	23.35	30.46	26.48	21.63	19.85	11.31	24.17	28.02	31.95	19.65	24.04	7.28	32.25	22.2	41.73	31.14	34.93	5.0	27.89	28.18	12.04	17.89	20.0	33.3	20.0	16.55	33.24	22.8	32.98	27.66	22.0	36.4	13.93	6.32	21.02	11.31	0.0	25.18	28.02	31.26	14.87	24.08	31.58	23.09	33.24	9.9	26.93	12.08	28.28	17.89	14.32	13.6	20.0	26.68	34.93	31.06	34.13	38.9	28.16	10.77	9.06	13.0	23.43	16.28	21.4	34.99	25.5	28.86	30.81	18.03	18.0	36.25	22.47	45.34	13.42	6.08	
26.57	36.4	17.03	22.2	16.55	23.35	34.01	6.4	20.12	18.44	12.04	26.08	13.0	22.83	22.36	26.25	37.34	33.06	19.65	21.47	28.07	30.68	22.8	21.47	35.23	9.49	37.8	39.92	42.05	17.72	13.34	5.0	9.43	34.0	4.47	27.29	41.01	12.21	27.29	6.0	10.3	29.0	40.0	25.06	30.02	25.5	5.83	22.2	41.59	10.77	8.06	9.49	33.62	9.22	31.4	18.36	34.0	28.46	4.47	34.79	25.18	0.0	19.1	35.0	19.1	17.49	33.84	5.0	9.22	33.53	41.34	33.11	38.29	21.4	11.0	23.26	39.22	38.6	31.02	38.9	15.52	24.19	3.0	35.01	26.68	38.12	19.31	9.0	17.89	15.81	17.89	10.44	23.09	37.0	7.62	14.42	11.7	28.46	21.02	19.42	
44.55	43.93	33.24	41.3	9.85	15.3	29.43	24.74	38.6	37.48	20.59	42.72	32.06	9.06	12.04	41.79	42.44	35.36	38.12	33.62	47.17	49.48	41.77	8.0	47.43	28.44	50.48	48.8	36.01	28.3	6.08	15.81	27.89	44.82	23.0	33.97	55.07	29.43	46.39	20.62	26.4	33.02	52.43	42.2	24.33	15.0	16.28	41.01	35.0	24.35	22.36	10.05	50.29	10.77	44.42	11.4	28.16	26.93	17.12	32.02	28.02	19.1	0.0	50.7	13.42	34.71	49.98	23.02	26.57	31.32	52.63	28.44	51.62	35.34	21.02	34.67	47.42	51.04	48.84	53.24	34.53	43.29	19.65	38.59	34.66	39.4	5.1	20.25	6.71	34.71	35.51	10.3	41.3	45.28	16.76	32.57	8.25	47.3	32.76	22.67	
12.37	22.8	18.03	24.74	51.31	44.18	43.17	33.97	31.62	26.93	30.36	9.22	25.81	49.03	57.14	8.94	28.02	32.31	18.36	18.11	23.0	31.02	27.66	48.27	11.31	30.61	10.3	20.62	49.04	23.35	44.78	40.0	32.8	15.0	30.61	24.74	8.06	22.8	25.02	38.9	37.8	29.12	11.7	10.82	43.29	47.17	34.89	18.97	49.65	26.4	39.62	41.15	4.12	43.57	9.85	53.25	44.91	37.48	34.48	40.8	31.26	35.0	50.7	0.0	41.59	17.69	2.0	30.0	35.61	39.56	15.23	42.95	8.54	15.52	29.73	18.0	21.93	11.18	10.05	6.0	28.18	24.33	36.88	30.41	22.56	35.36	48.08	30.46	45.88	29.07	17.69	44.94	15.23	21.26	34.01	33.12	42.54	30.02	19.1	32.06	
38.33	31.14	26.17	38.91	21.1	4.24	17.03	25.46	38.6	35.85	12.17	35.0	29.53	7.62	25.0	33.14	29.21	21.95	33.24	23.54	44.01	48.37	40.31	7.21	36.25	27.8	39.4	36.24	24.52	18.25	11.0	19.24	28.32	33.12	20.81	21.4	44.6	24.04	43.86	23.85	29.21	19.85	41.15	35.06	12.17	6.71	13.45	36.69	23.77	17.46	26.08	11.7	42.11	16.49	33.84	23.19	16.28	13.6	14.87	19.1	14.87	19.1	13.42	41.59	0.0	28.44	41.3	20.25	28.32	18.25	40.82	16.03	40.85	26.17	13.34	24.04	34.71	39.81	42.11	43.01	33.29	40.72	21.4	25.24	22.47	26.0	8.6	13.93	6.71	33.84	29.61	17.26	35.69	32.65	12.21	33.3	10.2	46.14	22.56	10.3	
10.0	26.48	2.83	13.89	34.0	32.02	36.4	16.4	18.25	13.34	16.28	8.6	9.22	35.06	39.82	9.43	29.73	29.41	5.66	11.18	17.03	23.6	16.55	34.01	20.62	13.42	22.47	28.0	43.93	12.81	28.64	22.47	15.65	21.02	13.04	21.1	24.41	5.39	17.69	21.21	20.59	25.0	24.7	7.62	34.48	34.93	18.44	9.22	44.05	11.05	22.02	24.74	16.12	26.4	16.49	35.85	37.44	30.0	17.72	35.38	24.08	17.49	34.71	17.69	28.44	0.0	16.4	12.53	18.36	33.97	26.93	35.81	22.36	8.25	15.13	13.0	28.07	23.41	14.14	22.2	13.0	15.0	19.21	29.53	19.24	34.13	33.06	15.0	31.02	14.0	1.41	27.73	7.28	26.17	18.11	17.26	26.48	21.63	11.66	21.47	
10.44	24.08	17.0	22.8	50.25	44.05	43.68	32.53	29.73	25.08	29.83	7.81	24.21	48.66	56.08	8.25	29.21	33.11	16.64	18.0	21.0	29.02	25.71	47.85	12.81	29.07	12.08	22.2	49.77	23.09	44.01	38.83	31.24	16.28	29.41	25.3	10.05	21.63	23.02	37.54	36.24	29.73	13.6	9.22	43.57	47.04	34.01	17.09	50.33	25.63	38.18	40.31	2.24	42.54	10.82	52.15	45.35	37.85	33.54	41.44	31.58	33.84	49.98	2.0	41.3	16.4	0.0	28.84	34.06	40.16	17.09	43.42	10.44	15.13	29.12	18.11	23.43	13.0	8.06	8.0	26.42	22.36	35.61	31.38	23.09	36.36	47.54	29.73	45.35	27.29	16.28	43.91	13.42	22.63	33.24	31.38	41.79	28.02	19.0	32.0	
21.84	32.56	12.04	18.97	21.47	24.41	33.29	7.07	18.44	15.65	10.3	21.1	9.49	25.3	27.29	21.26	34.01	30.59	15.13	17.09	24.52	28.18	20.12	24.04	30.53	7.81	33.02	35.74	41.34	14.04	17.0	10.0	8.94	29.55	1.0	24.0	36.07	7.21	24.04	9.85	12.04	26.31	35.23	20.12	29.83	26.93	7.28	18.0	41.05	7.0	11.4	13.0	28.65	13.93	26.63	23.32	33.6	27.29	6.08	33.54	23.09	5.0	23.02	30.0	20.25	12.53	28.84	0.0	10.2	32.2	36.72	32.45	33.42	16.64	8.94	18.97	35.17	33.84	26.25	33.94	13.04	20.88	7.21	32.14	23.09	35.69	22.36	7.21	20.62	13.6	13.0	15.23	18.44	32.98	8.06	13.6	15.03	25.94	16.76	17.89	
24.84	42.19	19.31	16.49	21.0	32.56	42.94	3.16	12.17	12.37	20.25	26.4	9.9	31.62	26.17	27.78	44.01	40.79	17.69	26.31	22.56	23.19	16.03	30.23	38.63	5.0	40.72	44.91	51.0	24.02	21.47	10.77	2.83	38.33	9.22	34.06	42.72	14.56	21.21	6.08	2.24	36.5	42.95	24.84	39.12	34.66	15.0	18.87	50.61	17.12	5.1	18.03	33.24	15.81	34.54	22.09	43.05	37.16	13.6	43.46	33.24	9.22	26.57	35.61	28.32	18.36	34.06	10.2	0.0	42.15	44.94	42.06	40.71	25.0	18.97	28.28	44.55	41.63	29.21	40.5	9.49	18.44	7.21	42.3	33.0	45.89	27.78	17.09	26.63	9.22	18.03	16.49	21.26	42.43	16.64	6.08	20.25	21.1	26.17	27.86	
