180
0.0	55.23	29.53	81.4	60.17	35.36	80.61	56.3	63.57	29.61	72.18	57.49	18.68	72.2	36.77	7.62	62.36	12.08	80.53	75.29	88.41	55.04	22.02	21.63	58.52	41.34	68.96	50.96	33.02	36.0	23.26	36.67	70.83	41.68	53.94	34.0	81.05	43.74	57.01	88.2	84.53	87.09	69.34	58.25	69.07	33.6	83.38	38.28	76.38	95.27	46.14	87.73	41.4	50.96	44.18	32.45	27.73	68.15	28.46	59.36	24.21	89.81	76.48	36.12	47.8	65.3	16.28	71.84	78.24	18.36	93.3	22.36	50.01	31.78	85.09	78.23	85.8	44.92	31.38	53.01	42.95	56.94	27.86	7.07	69.4	39.56	13.89	73.44	51.2	69.01	81.39	62.63	13.0	21.63	73.66	45.19	54.2	33.29	49.09	64.12	77.83	87.32	74.65	65.73	64.2	90.35	74.81	77.2	22.8	82.68	49.09	63.25	63.25	68.25	85.09	94.85	52.2	46.86	30.46	37.01	95.71	80.32	30.41	70.29	102.9	45.4	21.19	76.03	56.61	40.85	87.71	54.82	28.65	38.33	86.68	75.72	32.02	66.27	70.86	93.24	11.7	20.88	57.04	38.08	57.97	89.2	28.84	79.48	41.48	55.0	42.64	92.7	61.01	7.81	12.17	77.1	71.57	20.88	105.68	79.31	65.28	64.66	58.05	36.36	68.12	50.09	65.79	76.38	87.13	81.58	42.15	55.01	64.33	62.97	19.31	85.71	63.06	19.24	105.8	26.17	
55.23	0.0	30.36	54.92	27.02	26.83	62.03	36.88	26.48	28.23	58.31	43.42	51.66	42.58	28.32	53.37	13.0	50.36	42.95	72.03	60.88	28.44	60.37	37.66	15.0	51.86	68.31	19.92	67.68	19.65	34.37	54.45	83.65	32.2	5.39	32.65	30.81	17.69	4.47	56.3	46.96	33.24	65.25	7.28	16.12	31.76	43.05	20.62	58.0	55.47	31.76	48.02	48.41	10.82	70.72	48.92	30.81	16.28	56.04	37.34	37.36	68.59	42.06	44.55	20.12	47.27	43.42	61.81	69.72	50.57	58.6	34.21	6.4	26.83	42.2	48.27	70.01	21.63	50.45	79.25	57.49	59.93	54.64	48.17	46.01	23.35	43.05	22.2	16.76	14.56	60.21	44.41	55.58	44.92	60.3	58.41	39.85	49.58	10.0	12.73	58.03	33.54	63.51	62.94	25.71	53.24	19.92	33.02	38.08	51.24	53.85	73.82	15.81	59.23	31.32	70.61	52.77	48.02	54.2	70.0	57.45	37.44	33.84	59.84	69.78	14.87	54.12	49.5	39.05	19.72	51.89	40.8	31.32	61.55	32.31	47.68	33.54	11.05	16.16	65.52	51.35	51.24	81.57	52.35	10.05	65.92	37.44	38.95	21.93	39.56	47.2	51.61	7.21	49.0	53.46	58.01	82.29	35.01	72.45	40.25	14.87	63.57	45.61	33.94	15.81	9.43	27.89	60.03	36.36	32.65	58.8	4.0	19.7	9.22	37.05	34.0	66.31	57.27	74.32	30.08	
29.53	30.36	0.0	74.09	46.86	5.83	77.47	49.66	48.8	20.22	70.84	54.08	21.38	62.43	29.12	31.14	34.13	21.21	67.18	79.91	80.99	44.1	43.83	8.25	29.61	49.16	74.43	36.24	54.2	17.2	6.4	48.05	83.6	36.4	27.29	30.27	60.37	27.8	33.62	78.41	71.42	63.6	72.99	31.06	46.24	6.08	68.68	10.05	73.01	81.39	39.56	73.59	47.01	23.0	62.03	41.77	2.24	40.11	44.38	51.88	7.07	85.87	64.54	41.05	33.6	60.93	14.32	72.53	80.28	34.48	82.22	18.44	27.29	21.59	69.03	68.82	84.5	31.91	42.2	71.51	53.6	63.07	43.08	23.02	62.65	27.73	15.65	51.89	34.66	44.92	76.92	57.78	26.02	14.56	72.73	55.44	49.98	42.76	28.6	42.05	73.82	59.3	75.0	69.72	48.8	77.79	48.09	60.0	8.0	72.8	55.01	74.24	34.53	69.12	61.68	89.55	56.22	50.16	44.27	57.71	82.73	64.03	28.02	70.6	93.09	27.59	38.95	68.26	51.08	12.04	75.74	50.92	1.0	53.45	59.08	67.12	6.08	40.79	44.1	85.98	22.2	20.88	74.95	47.52	30.02	84.12	30.07	64.44	28.65	50.33	47.01	77.99	37.34	21.93	24.08	73.41	83.29	10.0	95.9	65.07	43.83	69.46	55.66	33.38	45.69	29.41	50.91	74.09	66.21	61.77	53.94	31.78	45.8	36.12	10.63	64.08	70.06	40.22	97.01	17.0	
81.4	54.92	74.09	0.0	28.46	74.24	11.31	25.46	28.44	56.08	16.49	24.19	89.94	12.37	46.75	74.89	66.19	84.85	17.0	31.38	7.07	30.02	69.46	77.01	69.72	45.22	32.89	38.48	67.91	56.94	73.6	51.55	52.92	40.31	60.21	48.1	39.0	46.53	50.64	9.06	16.28	50.09	28.46	61.52	46.17	78.77	20.81	68.45	10.77	22.47	36.07	19.85	43.08	65.0	61.2	51.89	72.95	66.01	60.17	22.67	78.82	14.04	14.32	46.53	40.71	16.55	80.06	21.19	25.0	65.0	15.03	62.24	52.2	54.04	25.0	7.07	18.36	42.19	53.71	64.12	48.05	36.0	59.62	76.58	12.04	46.62	77.1	41.77	40.85	50.16	7.81	18.87	89.83	85.43	17.09	46.69	27.2	51.48	48.7	45.01	8.94	71.84	20.12	29.61	29.27	16.55	60.67	28.46	78.6	7.07	38.83	46.32	69.18	22.36	49.24	15.81	34.71	37.34	57.01	67.08	20.62	25.5	51.66	20.62	21.93	47.42	64.85	5.83	24.84	69.46	13.89	26.63	74.63	56.29	68.96	7.28	79.76	55.01	60.21	12.04	85.56	90.79	63.51	48.7	64.63	11.05	52.63	21.93	45.49	26.4	41.23	23.32	50.16	79.98	87.69	9.85	50.16	71.06	24.6	19.7	43.0	31.58	24.17	45.34	45.1	48.38	27.17	13.42	40.82	36.25	50.01	50.99	36.06	60.07	73.11	42.94	36.67	68.88	24.41	60.31	
60.17	27.02	46.86	28.46	0.0	46.32	35.01	12.73	4.12	31.38	31.78	19.21	64.82	16.16	23.41	55.08	39.2	60.75	20.81	46.62	34.93	6.08	55.0	50.99	42.01	36.4	43.91	10.63	58.05	29.73	47.42	41.48	61.72	20.02	32.14	26.68	25.63	19.1	23.02	31.62	25.0	35.85	40.25	34.01	23.02	51.04	23.26	40.31	31.02	35.51	16.03	27.78	32.89	36.67	56.46	38.33	46.01	40.26	47.27	11.66	52.33	41.77	17.69	32.39	13.45	20.88	55.0	35.74	43.42	47.38	35.38	38.47	23.77	29.15	25.0	22.36	43.0	15.81	40.31	63.13	41.63	38.18	46.17	54.13	19.0	21.1	52.7	22.02	12.53	26.42	33.24	18.38	66.04	59.46	33.73	41.59	17.03	38.47	20.25	19.7	31.02	51.04	37.11	38.59	5.39	31.24	37.59	18.0	52.35	26.08	34.67	52.35	42.19	33.62	34.13	44.27	32.02	29.53	44.41	58.94	36.4	20.4	30.08	33.84	46.23	19.42	49.04	22.8	14.87	41.15	29.0	17.69	47.51	48.38	48.6	21.19	52.2	29.73	35.85	39.81	61.59	65.3	64.35	38.6	37.0	39.29	32.56	19.31	19.42	16.28	31.02	32.65	23.54	56.82	63.81	31.0	59.82	45.61	49.04	19.24	18.36	39.66	21.4	25.18	21.63	19.92	6.0	33.14	31.05	24.74	43.46	23.02	11.4	33.54	47.8	31.02	43.42	53.08	50.22	35.51	
35.36	26.83	5.83	74.24	46.32	0.0	78.43	50.6	47.8	23.09	72.28	55.54	26.02	62.27	31.14	36.88	29.0	26.68	66.07	82.3	81.01	44.28	49.2	13.93	24.19	52.77	77.06	35.85	59.36	17.72	12.21	52.2	87.3	38.33	23.09	33.02	57.45	27.73	30.53	77.94	70.29	59.81	75.33	26.48	42.94	5.0	67.21	6.4	74.0	79.93	41.0	72.18	50.36	18.25	66.71	45.88	7.81	35.0	49.19	52.55	12.17	86.54	63.82	44.55	33.54	61.98	19.92	74.33	82.2	39.66	81.4	22.85	24.84	24.0	67.21	68.6	85.73	32.31	46.49	76.16	57.49	66.03	47.85	28.84	63.16	28.86	21.47	48.88	33.84	41.23	77.62	58.82	31.26	19.03	74.22	59.23	51.42	46.84	26.91	39.12	74.67	54.08	76.69	72.17	47.63	76.69	43.42	58.05	13.34	72.4	58.14	77.78	29.15	71.02	57.94	89.9	59.0	53.01	48.85	62.77	81.47	62.24	31.26	72.37	92.42	26.93	44.1	68.43	52.2	7.28	74.81	52.39	6.71	57.94	54.0	67.12	6.71	36.69	39.46	85.96	27.66	25.18	79.48	51.42	25.08	84.58	33.73	62.97	29.41	51.66	50.16	76.37	34.0	27.73	29.43	74.33	86.83	15.56	95.21	63.78	41.05	72.06	57.27	36.0	42.54	27.59	49.82	75.29	63.13	59.08	57.97	28.84	43.86	31.58	16.4	60.83	73.03	45.61	96.52	20.62	
80.61	62.03	77.47	11.31	35.01	78.43	0.0	27.86	36.12	58.18	8.94	23.85	91.26	20.62	48.76	73.59	74.06	85.6	28.02	20.62	13.34	34.71	66.04	79.26	77.03	41.34	23.19	43.74	62.77	60.75	76.06	47.51	42.72	41.68	67.12	49.09	49.65	50.96	58.0	19.24	27.59	60.9	19.03	69.0	55.32	82.64	32.02	73.08	4.47	33.12	38.01	31.14	40.0	71.45	54.57	49.2	76.06	74.55	56.6	25.96	81.41	9.22	24.6	44.6	45.35	16.55	81.54	12.04	13.89	63.13	24.7	63.51	58.42	56.36	36.24	17.49	8.06	46.17	50.8	56.14	42.95	29.12	56.3	76.58	16.03	49.77	78.24	51.55	46.53	59.23	3.61	19.7	90.27	87.46	8.25	41.23	27.78	48.6	54.59	53.46	4.0	81.93	10.05	21.1	37.22	27.46	70.09	38.91	81.01	18.38	34.0	37.12	77.06	14.56	59.94	14.76	30.02	34.21	53.54	61.35	30.87	36.36	52.43	12.37	28.02	52.39	62.2	13.93	26.4	74.46	25.0	26.93	77.88	51.08	79.12	16.16	83.38	63.64	69.23	16.03	86.21	92.36	55.0	44.94	72.01	9.49	52.63	32.76	49.04	27.29	38.42	34.41	58.14	80.28	88.24	4.12	39.85	73.06	30.15	30.53	51.62	23.09	22.8	46.04	54.13	54.45	35.36	4.47	51.87	47.01	44.78	58.03	44.41	68.18	74.95	53.85	28.02	66.03	28.64	62.27	
56.3	36.88	49.66	25.46	12.73	50.6	27.86	0.0	16.4	30.81	22.09	6.71	64.54	16.16	21.4	50.12	49.73	59.4	26.17	35.17	32.53	8.54	46.87	51.87	51.62	25.32	31.78	17.12	48.04	32.89	48.55	31.06	49.04	14.87	41.44	22.67	37.59	23.35	33.53	31.91	29.61	48.26	28.46	44.15	35.61	54.78	30.02	45.35	23.41	40.26	10.63	33.38	22.09	45.04	44.92	29.27	48.3	51.62	38.21	3.16	53.85	36.24	21.38	23.35	18.03	11.4	54.67	25.08	33.06	40.85	37.12	36.8	32.14	28.84	33.06	21.95	35.17	18.44	31.26	50.99	30.08	25.46	37.34	51.22	13.45	21.93	51.66	34.71	20.22	38.83	27.29	8.25	64.38	60.22	24.08	29.73	4.47	29.15	28.07	31.91	24.17	63.6	27.0	26.4	17.8	34.79	49.93	28.46	53.54	26.42	22.36	39.62	52.63	22.36	46.62	40.22	19.42	17.72	35.13	48.37	40.16	29.43	26.25	23.09	46.62	25.08	41.48	19.85	2.24	46.87	31.95	5.0	50.09	37.48	61.22	19.42	55.54	41.59	47.89	37.48	60.11	65.44	51.97	28.07	46.87	34.67	27.46	27.07	21.19	3.61	20.1	38.47	34.93	54.56	62.24	23.77	47.2	45.8	49.41	26.0	30.81	27.29	8.94	20.0	34.21	28.16	17.49	24.74	42.54	36.25	32.02	32.98	24.08	44.6	47.8	42.94	30.81	45.61	49.68	35.0	
63.57	26.48	48.8	28.44	4.12	47.8	36.12	16.4	0.0	34.44	33.84	22.63	67.42	16.12	26.93	58.69	38.0	63.63	18.38	49.19	34.48	10.2	59.01	53.41	41.3	40.5	46.87	13.04	62.17	31.89	49.82	45.61	65.12	24.0	31.78	30.41	21.54	21.4	22.2	30.41	22.63	31.91	43.05	33.14	20.12	52.63	20.25	41.62	32.39	32.8	20.1	25.0	37.0	36.69	60.54	42.43	48.1	38.47	51.35	14.87	54.56	42.19	16.12	36.5	16.12	23.26	57.69	38.08	45.54	51.24	33.6	41.63	24.17	32.2	21.54	21.84	44.18	18.79	44.41	67.12	45.69	41.77	50.25	57.38	20.4	24.17	55.57	18.38	14.14	23.77	34.0	21.1	68.96	61.85	35.74	45.62	20.81	42.58	21.1	17.46	32.14	48.02	39.22	41.62	1.41	29.0	34.93	14.04	54.67	25.08	38.59	55.87	41.0	36.24	30.23	44.15	35.81	33.54	48.51	63.06	33.97	16.76	33.73	36.25	44.65	21.21	53.01	23.09	18.44	42.19	27.02	21.4	49.5	52.5	45.49	21.21	53.91	27.66	33.53	39.22	64.5	67.8	68.26	42.72	36.22	39.46	36.35	16.12	22.36	20.0	35.11	29.68	22.02	59.93	66.73	32.25	63.13	48.26	47.43	16.4	15.81	42.8	24.76	29.07	18.79	20.59	2.24	34.71	26.93	20.62	47.54	22.56	8.54	32.06	50.48	26.93	46.75	57.04	48.88	38.47	
29.61	28.23	20.22	56.08	31.38	23.09	58.18	30.81	34.44	0.0	51.08	34.44	33.94	45.28	9.43	26.02	38.6	29.41	52.15	59.68	63.13	27.02	32.25	21.1	36.77	29.83	54.23	21.54	40.36	9.22	17.89	29.97	64.33	16.55	28.84	10.05	51.48	14.14	28.86	61.55	56.3	58.03	52.77	33.29	40.11	26.08	54.59	20.25	53.71	66.89	20.25	59.17	27.29	28.28	45.49	23.71	18.44	43.57	29.0	33.42	23.26	66.89	48.6	21.59	18.38	41.68	24.04	52.5	60.17	22.36	66.07	7.28	22.14	2.24	55.95	51.62	64.88	15.65	24.7	54.71	34.79	43.0	27.59	23.09	44.2	10.3	21.4	44.05	21.59	40.61	57.98	38.59	34.67	29.41	52.92	36.4	30.41	24.6	20.22	35.06	54.71	61.74	55.03	49.5	34.93	62.43	48.1	47.76	22.83	55.9	35.06	54.74	40.46	49.04	56.04	71.03	36.06	30.02	27.8	43.14	67.68	51.08	8.25	50.6	76.42	16.0	26.08	50.33	31.91	22.85	60.0	31.3	20.4	36.36	60.54	49.52	26.31	38.9	44.38	68.12	30.23	34.71	57.71	28.79	34.21	65.46	11.18	50.54	12.08	30.89	27.07	64.01	32.76	25.5	32.45	54.2	63.79	15.0	79.25	50.61	36.0	49.25	35.85	13.15	39.05	21.21	36.67	54.56	57.56	51.97	35.47	26.93	34.71	37.12	17.03	56.22	50.0	29.07	79.91	4.24	
72.18	58.31	70.84	16.49	31.78	72.28	8.94	22.09	33.84	51.08	0.0	16.76	83.53	20.62	41.79	65.05	70.86	77.67	30.61	16.28	21.02	30.02	57.14	72.01	73.25	32.45	16.55	39.0	53.85	54.57	68.94	38.59	36.67	34.54	63.13	41.59	50.61	45.4	54.59	25.5	31.38	62.01	12.08	65.49	53.85	76.24	35.0	67.27	6.0	38.9	31.32	35.36	31.24	67.0	45.89	40.46	69.29	72.03	47.71	21.02	74.32	18.03	26.17	36.07	40.11	11.05	73.93	5.0	11.7	54.49	31.4	55.95	54.01	49.4	39.2	20.25	13.89	40.45	42.01	48.0	34.01	20.4	47.43	68.41	13.89	43.42	70.49	51.0	42.01	57.58	11.18	14.0	82.2	80.06	2.0	32.31	20.88	39.82	50.0	51.24	8.0	81.39	5.39	13.15	35.11	32.89	68.71	39.82	73.82	22.85	25.06	29.83	73.82	6.0	60.8	23.71	21.1	25.5	44.65	52.5	37.11	38.18	44.78	4.12	36.35	47.17	53.41	15.81	20.22	68.88	30.08	19.92	71.17	42.15	78.71	17.8	76.84	61.4	67.36	24.52	78.24	84.72	47.17	36.06	68.36	18.38	44.65	34.66	42.95	20.62	29.73	39.4	55.32	72.2	80.21	7.0	34.0	65.74	38.64	32.56	49.65	15.13	15.23	38.47	52.55	50.01	33.62	4.47	53.76	48.27	35.85	54.33	42.38	65.31	67.54	55.32	20.22	57.2	37.36	55.04	
57.49	43.42	54.08	24.19	19.21	55.54	23.85	6.71	22.63	34.44	16.76	0.0	67.42	18.0	25.08	50.8	56.32	61.85	29.15	28.64	31.06	15.23	45.54	55.47	58.05	22.09	25.08	23.54	45.18	37.85	52.33	28.28	42.52	17.89	47.85	25.24	43.27	29.02	40.16	31.95	32.0	54.2	21.84	50.7	42.2	59.48	33.38	50.64	19.42	42.19	14.56	36.01	19.42	51.24	40.61	27.86	52.55	58.31	36.4	7.81	57.7	32.8	24.08	22.36	24.08	7.81	57.69	19.03	27.02	40.82	37.64	39.66	38.47	32.7	36.88	22.56	30.46	24.02	29.73	45.88	26.08	19.21	35.74	53.04	12.65	26.68	54.41	41.01	26.68	45.49	24.08	5.39	66.6	63.63	18.68	25.32	4.12	27.51	34.37	38.59	20.62	70.21	21.21	19.7	24.04	36.35	56.6	33.54	57.25	26.93	17.46	33.24	59.2	16.03	52.63	37.48	13.93	14.04	33.24	45.0	41.59	33.84	28.6	17.03	46.07	31.02	40.72	19.31	4.47	52.35	33.38	3.16	54.42	34.0	67.8	19.65	60.08	48.3	54.59	35.81	62.48	68.51	46.52	25.32	53.37	31.83	29.0	31.05	26.31	4.0	17.46	41.0	41.63	56.64	64.54	20.0	40.61	49.24	48.76	29.61	37.44	20.59	2.24	22.2	40.8	34.53	23.43	20.12	47.89	41.68	28.07	39.56	30.61	51.26	51.11	48.55	24.21	44.78	48.55	38.47	
18.68	51.66	21.38	89.94	64.82	26.02	91.26	64.54	67.42	33.94	83.53	67.42	0.0	79.21	43.19	25.08	55.01	7.0	85.6	89.32	97.0	60.88	40.2	14.32	50.04	55.66	83.22	54.41	51.35	35.85	17.89	52.17	87.69	49.82	48.66	42.2	81.15	46.04	54.71	95.48	89.81	84.9	82.86	52.35	67.36	22.09	87.66	31.4	86.84	100.21	53.91	92.42	54.78	44.18	62.01	46.84	20.88	61.01	45.18	67.27	14.32	100.21	82.33	48.85	51.4	75.0	9.9	84.12	91.24	34.23	99.9	27.8	48.1	36.07	88.51	85.56	97.42	49.04	46.32	71.11	58.46	71.17	44.28	17.12	77.99	43.93	13.04	72.8	53.54	66.22	91.4	72.01	7.07	7.0	85.23	60.64	63.6	47.8	48.75	62.97	88.01	80.02	86.83	79.31	67.68	96.05	69.35	79.76	13.6	89.83	62.97	79.43	55.04	80.53	82.97	104.64	65.39	59.51	46.53	55.33	101.21	83.53	38.83	82.37	110.34	46.65	38.05	84.22	65.44	33.14	93.72	64.4	20.4	55.23	80.01	83.45	20.1	62.17	65.38	101.98	7.07	2.24	75.06	52.89	51.09	99.02	38.95	83.49	45.45	64.2	55.54	97.08	58.52	13.04	6.71	87.42	88.12	19.21	113.17	83.82	64.62	78.55	68.51	45.22	66.73	49.66	69.63	87.37	87.09	82.35	58.05	52.81	65.76	57.43	17.03	85.09	77.79	37.05	113.85	29.7	
72.2	42.58	62.43	12.37	16.16	62.27	20.62	16.16	16.12	45.28	20.62	18.0	79.21	0.0	36.24	66.19	54.04	74.52	11.4	36.88	18.79	18.44	62.82	65.86	57.43	40.05	36.24	26.42	63.13	45.22	62.37	46.17	56.04	30.53	47.85	38.28	30.0	34.67	38.33	16.28	14.0	41.4	31.89	49.25	34.71	66.89	15.81	56.36	17.46	24.33	26.08	18.03	37.22	52.63	58.42	45.12	61.4	54.15	53.94	13.0	67.48	26.08	6.32	39.29	28.84	13.0	69.31	25.5	31.91	57.01	21.1	51.86	39.85	43.14	19.7	6.4	28.64	30.61	47.07	63.06	44.05	35.11	53.15	66.85	7.21	35.38	66.6	31.02	28.64	38.64	18.11	13.15	79.65	74.33	22.2	43.19	19.42	44.91	36.4	33.06	16.76	61.47	25.81	31.62	17.03	18.68	49.48	19.21	67.36	10.63	35.23	47.89	57.04	24.84	40.22	28.16	31.4	32.02	50.8	63.0	24.04	17.8	41.88	24.04	31.14	35.36	57.57	7.0	16.49	57.27	15.81	19.24	63.01	52.0	58.69	5.1	67.96	43.19	48.66	23.71	75.29	79.91	63.25	43.19	52.35	23.35	43.42	14.42	34.06	18.44	35.23	23.0	38.01	70.0	77.47	17.09	53.6	60.11	33.97	12.53	31.14	33.29	19.1	35.85	33.54	36.06	15.0	20.12	33.24	27.66	46.04	38.64	24.02	48.0	62.23	34.71	38.08	61.68	34.71	49.52	
36.77	28.32	29.12	46.75	23.41	31.14	48.76	21.4	26.93	9.43	41.79	25.08	43.19	36.24	0.0	31.78	40.46	38.29	43.83	51.16	53.81	18.36	33.96	30.53	39.96	24.19	46.0	15.0	39.82	14.14	27.29	26.17	57.87	7.28	30.61	4.47	46.01	10.82	27.46	52.5	47.89	53.94	44.18	34.71	36.69	34.71	46.62	27.07	44.29	58.59	10.82	50.99	21.02	31.76	42.43	20.62	27.51	44.55	28.18	24.08	32.65	57.45	39.96	16.4	12.04	32.25	33.3	43.42	51.2	25.08	57.2	15.62	21.93	7.62	48.38	42.52	55.54	9.06	22.2	51.09	29.68	35.36	26.83	30.89	34.83	5.0	30.41	39.46	16.28	38.08	48.55	29.15	43.42	38.83	43.66	30.89	21.02	21.26	18.6	31.62	45.28	61.29	45.88	41.05	27.66	53.85	47.17	40.79	32.25	46.86	27.89	48.08	42.8	40.02	51.97	61.61	28.16	22.36	26.08	41.88	59.17	43.68	7.0	41.48	67.36	13.6	27.66	41.04	22.47	29.27	51.31	21.93	29.41	33.24	59.68	40.31	35.17	37.74	43.83	58.8	39.05	44.05	53.6	24.21	36.4	56.04	10.2	42.72	6.71	21.47	20.25	55.95	30.89	33.84	41.23	44.78	57.01	24.41	70.18	42.54	32.02	41.0	26.57	5.83	35.44	19.42	29.12	45.19	52.0	46.04	30.81	25.81	29.02	37.54	26.4	51.09	42.3	31.4	70.72	13.6	
7.62	53.37	31.14	74.89	55.08	36.88	73.59	50.12	58.69	26.02	65.05	50.8	25.08	66.19	31.78	0.0	61.85	18.11	75.03	67.74	81.84	49.65	15.13	24.21	58.59	33.84	61.4	46.53	26.31	33.73	24.76	29.07	63.35	35.85	52.81	28.46	77.23	40.01	54.59	81.99	78.92	84.05	61.85	57.25	66.12	36.12	78.11	38.59	69.43	89.69	40.31	82.28	34.06	50.57	37.01	25.0	29.07	67.42	20.88	53.24	27.2	82.81	70.77	29.0	43.42	58.6	20.12	64.54	70.8	10.82	87.24	19.24	47.68	28.0	80.08	72.07	78.57	40.45	23.85	46.04	35.34	49.4	20.25	8.94	62.97	35.23	16.64	70.01	47.17	66.48	74.52	56.04	20.22	26.57	66.48	37.58	47.71	25.81	46.17	61.07	70.94	86.33	67.36	58.25	59.44	84.58	73.25	72.57	25.81	76.54	41.62	55.66	63.07	60.96	82.05	87.97	44.82	39.62	22.85	30.27	89.96	75.43	25.0	63.03	96.57	42.01	13.6	69.64	50.25	41.34	81.86	48.26	30.41	30.81	85.44	69.46	34.83	64.33	69.38	86.61	18.03	27.17	50.01	30.53	57.38	82.33	22.85	74.33	37.22	48.55	35.38	87.32	58.55	12.37	19.03	70.18	64.03	21.4	99.32	74.0	62.01	57.14	51.22	30.46	65.07	47.17	60.88	69.31	83.29	77.52	34.54	52.61	60.3	61.68	20.52	82.1	55.47	12.0	99.3	23.35	
62.36	13.0	34.13	66.19	39.2	29.0	74.06	49.73	38.0	38.6	70.86	56.32	55.01	54.04	40.46	61.85	0.0	55.33	52.63	84.9	71.7	41.23	70.72	42.3	5.83	64.4	81.27	32.89	78.87	29.41	39.62	66.6	96.6	44.94	9.9	44.6	36.06	30.23	16.28	66.49	56.32	34.21	78.16	5.83	21.93	33.14	51.87	24.33	70.18	63.56	44.72	56.65	61.03	11.4	82.81	60.83	35.36	6.0	67.36	50.01	41.05	80.1	52.61	56.85	33.11	59.84	48.37	74.53	82.38	60.75	68.01	43.42	18.87	37.64	50.16	59.3	82.1	34.48	62.23	91.55	70.0	72.92	65.95	55.36	58.14	35.61	49.03	28.18	29.73	18.36	72.0	57.07	60.13	48.01	72.84	71.03	52.81	61.55	22.83	21.38	70.06	25.18	76.12	75.89	37.01	62.3	15.23	41.44	42.11	61.81	66.73	86.77	3.0	72.03	32.65	81.61	65.74	60.9	65.8	81.47	65.92	45.88	45.28	72.57	79.06	27.46	64.64	61.03	51.92	22.09	61.4	53.76	35.13	73.59	25.0	59.08	35.13	12.53	11.66	76.12	56.32	54.08	94.02	64.66	4.47	77.23	48.84	48.08	34.41	52.5	59.91	59.51	16.03	55.32	58.22	70.11	95.27	41.48	81.6	49.73	23.54	76.55	58.52	46.23	22.47	22.36	39.05	72.34	40.46	38.59	71.22	16.76	30.15	6.32	43.17	37.54	79.31	67.42	83.82	39.45	
12.08	50.36	21.21	84.85	60.75	26.68	85.6	59.4	63.63	29.41	77.67	61.85	7.0	74.52	38.29	18.11	55.33	0.0	81.54	82.86	91.92	56.4	33.24	13.04	50.8	49.04	76.69	50.61	44.41	32.89	16.03	45.35	80.75	44.55	48.01	36.8	78.75	42.49	52.95	90.79	85.7	83.36	76.49	52.01	65.51	23.77	83.86	31.06	81.22	96.25	48.8	88.51	48.33	44.1	55.01	40.16	20.02	61.29	38.21	62.24	14.56	94.64	78.01	42.49	47.51	69.53	7.0	78.03	85.0	27.29	95.43	22.67	46.1	31.62	85.0	80.81	91.53	44.94	39.56	64.12	51.66	64.62	37.34	10.2	72.84	39.66	8.06	70.6	50.09	64.78	85.91	66.6	5.39	9.9	79.32	53.85	58.14	41.11	46.17	60.88	82.46	80.5	80.78	72.92	64.01	91.84	69.0	76.49	13.34	85.15	56.46	72.57	55.73	74.43	81.39	99.25	59.03	53.24	39.62	48.37	97.08	80.06	33.3	76.32	105.65	43.46	31.06	79.21	60.14	33.24	89.4	58.9	20.22	48.26	80.22	78.57	21.93	61.2	65.0	96.88	1.0	9.06	68.07	46.17	51.16	93.61	33.02	79.76	41.34	58.8	49.19	93.3	56.89	6.08	3.16	81.84	81.22	15.81	108.47	79.92	62.36	72.09	62.8	39.7	64.76	47.13	65.86	81.61	84.77	79.71	51.2	50.99	62.77	57.0	13.6	82.97	71.17	30.07	108.98	25.24	
80.53	42.95	67.18	17.0	20.81	66.07	28.02	26.17	18.38	52.15	30.61	29.15	85.6	11.4	43.83	75.03	52.63	81.54	0.0	46.75	20.22	25.5	72.99	71.7	56.92	51.01	46.87	31.24	74.01	50.25	68.12	57.01	66.89	39.22	48.33	46.62	22.14	39.7	38.48	14.04	4.24	33.11	42.44	48.7	31.26	70.94	4.47	59.82	26.17	14.76	34.79	7.28	48.01	53.67	69.72	55.44	66.48	51.48	64.38	23.09	72.92	30.36	5.1	49.5	34.21	24.35	75.8	35.61	41.04	66.48	15.65	59.17	41.88	49.93	8.6	10.63	35.36	36.62	57.43	74.46	55.23	46.49	63.51	74.71	18.38	41.88	73.5	26.0	32.53	35.23	24.7	24.52	86.82	80.16	31.89	54.45	30.02	55.33	39.2	31.32	24.84	55.32	35.38	42.54	18.44	10.63	45.01	12.04	73.0	10.44	46.53	59.03	55.54	35.51	32.31	30.15	42.76	43.05	61.29	74.06	15.62	8.54	50.16	34.41	26.83	39.6	67.47	14.87	27.02	60.22	8.94	30.0	67.88	63.07	52.39	12.81	72.25	40.61	45.1	24.0	82.38	86.05	74.63	54.01	51.87	26.93	52.2	5.1	40.22	29.02	46.01	12.37	37.0	77.52	84.6	25.5	64.35	66.4	29.53	3.0	29.12	44.29	30.41	44.6	30.41	38.6	16.28	29.0	23.85	19.31	57.22	39.36	23.26	46.32	68.6	25.94	49.19	71.59	31.38	56.3	
75.29	72.03	79.91	31.38	46.62	82.3	20.62	35.17	49.19	59.68	16.28	28.64	89.32	36.88	51.16	67.74	84.9	82.86	46.75	0.0	33.84	43.68	56.73	79.56	86.68	34.0	6.4	52.17	50.45	65.03	76.9	38.83	22.36	44.05	76.49	49.65	66.84	57.22	68.68	39.81	47.2	78.24	7.0	79.31	69.32	85.71	51.09	78.03	20.81	53.67	42.05	51.04	34.54	79.76	39.96	42.94	78.09	86.65	47.8	35.11	82.23	26.08	42.43	40.5	52.61	25.94	80.32	11.4	7.07	56.94	45.31	63.06	67.08	58.42	55.32	36.24	18.0	52.24	43.91	38.9	32.8	18.36	48.01	72.92	30.0	54.0	76.55	66.89	55.32	72.92	24.17	28.23	86.76	86.98	14.87	30.61	32.39	42.06	62.97	66.31	22.47	97.13	11.4	10.2	50.54	47.89	84.1	56.08	81.49	38.28	26.4	18.68	87.8	13.0	77.01	32.02	24.04	30.08	45.22	48.01	51.48	54.45	52.17	13.04	47.52	59.41	54.64	31.89	32.98	80.0	45.28	31.4	80.06	39.6	94.51	33.97	85.99	76.32	82.46	35.69	83.26	90.82	36.88	37.22	82.0	28.44	50.96	50.91	54.04	32.56	33.84	54.71	69.89	76.97	85.0	21.63	19.42	73.25	49.25	48.8	64.88	10.77	26.48	46.53	67.98	63.15	49.24	18.03	70.04	64.54	34.06	68.15	57.7	79.7	74.73	71.59	12.73	57.8	47.04	63.15	
88.41	60.88	80.99	7.07	34.93	81.01	13.34	32.53	34.48	63.13	21.02	31.06	97.0	18.79	53.81	81.84	71.7	91.92	20.22	33.84	0.0	36.89	76.06	84.02	75.5	51.62	36.5	45.18	74.04	63.81	80.6	57.94	56.04	47.38	66.22	55.17	42.2	53.34	56.52	7.21	18.03	52.81	32.25	67.27	51.01	85.59	23.09	75.13	15.03	20.62	43.14	20.59	49.66	71.17	66.75	58.59	79.88	71.11	66.71	29.73	85.8	10.82	19.1	53.34	47.51	23.32	87.11	25.08	26.93	71.87	11.66	69.31	58.52	61.07	26.93	12.65	17.8	49.09	60.37	69.01	54.12	41.3	66.21	83.63	19.1	53.6	84.17	46.1	47.42	55.01	10.05	25.81	96.9	92.46	21.02	52.63	34.21	58.14	55.15	50.36	13.04	75.5	23.35	34.01	35.17	15.62	65.12	32.25	85.6	10.0	44.92	50.36	74.67	27.02	52.2	10.0	40.8	43.86	63.56	73.01	18.03	28.64	58.73	25.0	15.52	54.12	71.59	12.81	31.89	76.06	13.89	33.6	81.54	62.36	72.57	13.89	86.61	60.13	65.0	5.0	92.63	97.84	68.07	55.15	70.41	7.21	59.67	25.32	52.43	33.42	47.85	22.67	55.73	87.05	94.76	14.04	53.16	78.1	18.03	23.19	48.26	36.01	30.89	52.4	50.04	54.78	32.98	17.03	43.08	39.29	56.04	57.01	41.59	65.49	80.16	45.54	41.05	75.59	17.49	67.36	
55.04	28.44	44.1	30.02	6.08	44.28	34.71	8.54	10.2	27.02	30.02	15.23	60.88	18.44	18.36	49.65	41.23	56.4	25.5	43.68	36.89	0.0	49.01	47.42	43.29	30.46	40.31	9.06	51.97	26.93	43.93	35.44	57.2	14.14	33.14	21.19	31.62	16.55	25.0	34.66	29.53	41.59	37.0	35.69	27.59	48.76	28.46	38.63	30.41	40.25	10.0	32.7	26.93	37.01	50.57	32.25	43.01	43.08	41.19	9.0	49.04	42.38	21.63	26.31	10.77	19.0	50.99	33.38	41.3	41.59	39.05	33.84	24.0	24.84	30.59	24.84	42.43	12.21	34.23	57.45	35.78	33.42	40.11	49.24	18.97	16.97	48.41	27.46	12.0	30.61	33.53	16.03	61.61	55.9	32.02	35.85	12.21	32.39	20.02	23.6	30.81	55.44	35.13	34.93	11.4	35.51	41.62	24.02	48.92	29.0	29.21	47.63	44.15	30.81	39.82	45.62	26.87	23.85	38.33	52.89	40.82	26.17	24.7	31.4	49.5	17.72	43.1	24.19	10.77	39.85	33.02	13.04	44.65	42.38	53.15	23.02	49.74	33.12	39.45	41.88	57.2	61.52	58.82	32.57	38.47	40.31	26.93	24.74	15.62	11.66	25.08	37.7	26.4	52.15	59.41	30.59	55.47	41.73	52.33	24.35	22.67	35.78	17.46	19.42	26.17	20.0	12.04	32.14	37.11	30.81	37.58	24.52	16.4	36.06	43.86	37.0	39.12	47.17	53.15	31.24	
22.02	60.37	43.83	69.46	55.0	49.2	66.04	46.87	59.01	32.25	57.14	45.54	40.2	62.82	33.96	15.13	70.72	33.24	72.99	56.73	76.06	49.01	0.0	38.01	68.41	24.7	50.33	48.66	11.18	41.34	37.74	18.6	49.34	35.01	61.06	29.61	79.51	44.27	60.54	77.49	76.49	87.86	51.62	65.51	70.6	49.4	76.66	49.5	62.27	87.1	39.01	80.23	26.4	60.0	22.2	17.72	41.62	75.8	9.43	50.01	41.15	75.17	68.25	23.54	45.89	52.92	34.79	55.61	60.83	10.0	83.17	27.66	54.13	33.54	79.31	68.01	69.81	42.95	15.81	31.0	24.04	38.9	9.85	23.77	58.19	38.6	31.02	73.35	50.22	71.78	67.6	50.92	35.01	41.48	58.25	26.17	43.42	18.03	51.62	65.52	64.01	93.91	58.41	48.1	60.03	81.49	80.11	73.0	39.81	72.42	32.2	42.49	72.42	52.2	85.91	80.78	36.06	32.2	12.53	15.13	86.83	75.11	27.2	54.41	91.39	46.82	6.32	64.85	46.32	52.33	78.59	43.68	43.27	17.49	92.61	65.15	48.37	70.77	76.49	80.5	33.14	42.3	35.01	21.1	66.29	75.29	23.77	73.33	40.52	44.38	28.23	85.33	64.26	27.46	34.01	63.13	50.33	33.84	94.02	72.56	65.97	46.67	45.31	30.15	69.38	52.55	61.0	61.59	85.38	79.23	22.67	58.69	62.65	69.35	33.62	84.72	44.05	3.61	93.47	31.4	
21.63	37.66	8.25	77.01	50.99	13.93	79.26	51.87	53.41	21.1	72.01	55.47	14.32	65.86	30.53	24.21	42.3	13.04	71.7	79.56	84.02	47.42	38.01	0.0	37.85	47.17	73.76	40.46	48.85	21.63	3.61	45.04	81.02	37.59	35.06	30.46	66.85	32.02	40.52	82.07	75.93	70.83	72.8	39.0	53.16	12.04	73.6	18.03	74.79	86.21	41.34	78.41	45.54	31.06	57.72	39.0	7.0	48.26	40.02	54.41	3.16	87.98	68.62	39.46	37.54	62.77	6.08	73.16	80.65	29.41	86.28	16.49	33.84	23.02	74.33	72.25	85.87	35.36	39.05	67.19	51.0	61.98	38.83	15.56	65.22	30.48	7.81	58.52	39.41	52.17	79.08	59.68	18.03	8.49	73.82	53.01	51.48	40.0	34.44	48.7	75.8	67.48	75.77	69.38	53.6	82.22	56.01	65.51	2.0	76.42	53.76	72.03	42.76	69.64	68.88	92.09	55.54	49.48	40.45	52.55	87.32	69.34	27.51	71.31	96.9	32.45	33.84	71.22	53.0	20.22	79.98	52.35	7.28	49.65	67.19	70.29	10.63	48.37	52.01	89.02	14.04	14.42	70.83	45.01	38.12	86.53	28.64	69.4	31.83	51.97	45.89	83.01	44.38	13.89	16.0	75.29	81.01	6.32	99.72	69.81	50.33	68.88	56.8	33.62	52.5	35.34	55.61	75.59	72.8	68.03	51.04	38.6	51.48	44.01	5.0	70.84	68.88	34.44	100.57	17.0	
58.52	15.0	29.61	69.72	42.01	24.19	77.03	51.62	41.3	36.77	73.25	58.05	50.04	57.43	39.96	58.59	5.83	50.8	56.92	86.68	75.5	43.29	68.41	37.85	0.0	64.14	82.71	34.53	77.1	27.59	35.44	65.8	97.17	45.19	10.2	43.83	41.4	30.46	19.1	70.6	60.75	40.0	79.83	8.25	26.93	28.0	56.46	20.25	73.0	68.43	45.54	61.33	60.9	8.49	81.84	59.82	31.05	11.4	65.76	52.24	36.35	83.49	56.52	56.3	34.21	62.2	43.93	76.66	84.59	58.41	72.45	40.8	19.65	36.12	55.01	62.97	85.01	35.11	61.07	90.8	69.64	73.74	64.35	51.62	61.01	35.36	44.92	33.29	31.4	23.6	75.17	59.3	55.44	43.05	75.24	70.83	54.34	60.61	23.77	25.63	73.03	30.0	78.41	77.37	40.45	66.85	21.02	46.1	37.48	65.73	67.12	87.32	5.0	73.98	38.42	85.33	66.48	61.33	64.44	79.91	70.68	50.57	44.05	74.67	83.57	27.86	62.48	64.38	53.76	17.72	65.79	55.32	30.59	72.62	30.15	62.51	30.0	17.8	17.49	80.05	51.79	49.0	93.48	64.07	5.1	80.75	47.51	52.55	34.44	54.13	59.94	64.41	19.92	51.24	53.6	73.01	96.01	37.7	86.16	54.08	27.86	77.88	60.21	45.79	27.29	23.54	42.58	75.03	46.01	43.83	70.72	19.0	33.96	11.4	39.22	43.14	80.32	65.0	88.26	37.01	
41.34	51.86	49.16	45.22	36.4	52.77	41.34	25.32	40.5	29.83	32.45	22.09	55.66	40.05	24.19	33.84	64.4	49.04	51.01	34.0	51.62	30.46	24.7	47.17	64.14	0.0	27.73	34.21	23.09	37.7	45.01	6.32	34.53	19.8	54.64	20.62	62.03	34.21	50.21	53.6	54.04	72.01	28.02	58.6	56.86	55.23	55.08	50.0	37.59	64.28	21.63	58.01	3.61	55.95	20.12	8.94	47.1	68.12	15.26	28.16	50.09	50.48	46.0	8.25	32.56	28.86	47.07	31.14	37.01	23.02	59.44	31.0	45.61	29.41	58.31	44.55	45.34	30.41	10.0	27.66	5.66	15.65	15.0	39.0	34.53	28.84	43.17	57.71	36.88	59.2	42.94	27.29	52.8	53.94	33.6	6.71	21.1	8.06	41.87	52.2	39.36	83.63	33.97	24.41	41.79	58.42	69.43	53.6	49.16	48.84	7.81	25.08	66.85	27.66	70.21	56.08	11.4	8.06	12.21	23.09	63.64	54.74	21.59	29.83	67.07	37.01	21.21	41.0	24.08	52.5	55.44	21.02	49.09	12.17	81.69	41.59	55.08	60.14	66.48	55.95	49.4	57.28	29.73	3.61	60.46	50.61	19.1	52.35	30.0	22.09	5.39	63.03	53.08	43.08	51.08	38.47	34.13	41.05	69.64	51.16	51.87	23.32	21.38	18.36	55.47	42.52	42.06	36.89	67.36	61.03	7.21	48.84	46.53	60.96	42.19	67.42	22.14	24.84	68.94	32.25	
68.96	68.31	74.43	32.89	43.91	77.06	23.19	31.78	46.87	54.23	16.55	25.08	83.22	36.24	46.0	61.4	81.27	76.69	46.87	6.4	36.5	40.31	50.33	73.76	82.71	27.73	0.0	48.38	44.2	60.03	71.2	32.45	20.12	39.05	72.53	44.18	65.76	52.77	65.19	41.76	47.89	77.1	4.47	75.58	66.89	80.31	51.31	73.03	22.14	55.36	37.48	51.88	28.46	75.5	34.0	36.67	72.56	83.38	41.4	32.25	76.49	30.15	42.2	34.48	48.51	24.08	74.33	11.7	11.7	50.61	47.54	57.27	63.06	53.08	55.47	36.72	22.56	47.85	37.59	33.73	26.4	12.08	41.62	66.71	29.07	49.16	70.52	65.0	51.55	70.33	26.48	25.81	80.53	81.04	15.81	24.21	28.46	35.78	58.94	63.53	24.04	94.87	13.15	5.39	48.26	49.4	81.49	55.17	75.71	39.4	20.25	14.0	84.12	11.4	75.74	36.22	18.25	24.33	38.83	41.88	53.45	54.04	46.53	12.53	51.04	55.11	48.26	32.25	29.55	75.11	46.62	27.51	74.55	33.24	92.36	34.13	80.5	73.35	79.61	39.05	77.08	84.76	32.14	30.89	78.16	32.0	45.12	50.61	49.37	28.79	27.89	55.95	66.71	70.77	78.79	23.09	17.49	67.47	53.0	48.6	62.27	5.0	22.85	41.11	65.51	59.2	47.2	19.65	69.43	63.66	27.66	64.51	55.23	76.32	68.88	70.72	6.4	51.4	51.09	57.56	
50.96	19.92	36.24	38.48	10.63	35.85	43.74	17.12	13.04	21.54	39.0	23.54	54.41	26.42	15.0	46.53	32.89	50.61	31.24	52.17	45.18	9.06	48.66	40.46	34.53	34.21	48.38	0.0	53.49	19.1	36.88	38.08	64.14	14.76	24.33	19.1	31.02	8.49	17.0	42.2	35.47	39.29	45.35	27.2	22.83	40.5	33.29	29.97	39.46	45.8	12.73	38.01	30.61	28.0	54.08	33.62	35.38	35.36	42.06	18.03	41.73	51.24	28.32	28.18	3.16	28.02	44.65	42.19	50.16	40.05	46.01	28.79	15.03	19.31	34.44	32.76	51.48	6.08	35.47	61.85	39.82	40.31	40.8	44.6	27.89	11.4	42.54	24.74	3.16	25.0	42.45	25.0	55.95	48.92	41.0	40.36	19.92	34.01	11.0	18.03	39.81	49.52	44.05	43.01	13.42	41.77	35.36	26.25	41.77	36.62	34.83	54.38	35.74	39.46	37.36	54.23	33.29	29.07	39.56	55.04	46.86	29.55	22.0	40.2	56.85	8.94	42.43	32.7	19.24	31.02	39.6	20.88	36.88	45.28	47.51	31.3	41.62	26.25	32.65	50.12	51.48	54.82	63.7	35.51	29.83	49.04	25.08	29.15	9.49	19.65	29.07	42.72	19.21	47.01	53.71	39.62	62.65	35.23	59.67	29.41	17.89	43.66	25.71	18.68	21.47	11.05	15.26	41.19	37.0	31.06	41.4	16.16	14.04	28.18	37.44	36.12	46.52	46.27	60.8	25.5	
33.02	67.68	54.2	67.91	58.05	59.36	62.77	48.04	62.17	40.36	53.85	45.18	51.35	63.13	39.82	26.31	78.87	44.41	74.01	50.45	74.04	51.97	11.18	48.85	77.1	23.09	44.2	53.49	0.0	49.58	48.3	17.0	39.81	38.9	69.03	35.36	83.43	50.61	67.23	76.49	77.1	92.66	46.32	73.41	76.16	59.94	78.01	59.03	59.46	87.37	42.2	81.06	26.0	68.62	12.08	19.92	51.97	83.6	11.66	51.01	52.0	71.59	69.03	25.71	51.08	51.79	45.88	51.43	55.47	19.72	82.38	37.01	61.29	41.23	81.1	67.6	65.37	48.33	18.03	20.1	19.92	34.0	13.04	34.93	57.56	44.78	42.06	78.11	55.54	77.82	64.85	50.36	46.01	52.63	54.63	21.54	44.0	19.65	58.31	71.18	61.35	101.02	54.12	43.05	63.35	81.5	86.95	75.8	50.7	71.85	29.12	34.21	80.81	48.33	90.76	77.47	33.24	31.14	13.93	4.0	86.7	77.32	33.84	50.57	89.56	53.34	15.26	63.95	47.0	61.85	78.52	44.01	53.71	11.7	99.48	64.63	59.03	77.52	83.53	78.11	44.28	53.46	24.19	20.0	74.52	72.24	30.23	75.11	46.53	45.0	28.0	86.09	70.71	38.64	45.1	60.41	41.18	44.29	92.05	74.03	71.31	41.34	44.41	34.93	74.85	59.17	63.95	58.31	89.05	82.76	18.03	65.51	67.05	76.84	44.28	88.77	37.8	14.56	91.08	40.36	
36.0	19.65	17.2	56.94	29.73	17.72	60.75	32.89	31.89	9.22	54.57	37.85	35.85	45.22	14.14	33.73	29.41	32.89	50.25	65.03	63.81	26.93	41.34	21.63	27.59	37.7	60.03	19.1	49.58	0.0	18.03	38.59	71.84	21.0	19.72	17.09	45.88	10.63	21.02	61.22	54.49	51.16	58.03	24.19	33.14	21.93	52.01	13.0	56.3	64.66	23.35	56.85	34.79	19.1	54.41	32.45	16.28	34.48	38.18	34.93	22.67	68.94	47.42	29.55	16.4	44.27	26.4	56.72	64.63	31.38	65.12	14.56	14.04	8.6	52.7	51.61	68.01	14.76	33.6	63.51	42.95	49.5	36.77	29.02	45.62	11.18	25.0	37.85	17.8	33.02	60.01	41.11	38.28	30.0	56.52	44.38	33.73	33.29	13.34	28.28	57.01	52.92	59.03	55.0	32.02	60.83	39.56	43.91	22.8	55.61	41.98	62.1	31.24	53.46	49.16	72.47	42.3	36.5	36.88	52.33	65.86	47.71	16.64	54.74	75.93	10.82	35.23	51.11	34.48	15.13	58.69	34.71	17.8	45.22	51.87	49.93	22.83	30.59	35.74	68.8	33.84	36.06	66.37	37.12	25.0	67.08	20.0	47.8	11.7	33.96	34.21	61.4	25.02	30.41	36.06	56.65	71.06	17.09	78.75	48.27	29.61	55.04	39.62	19.65	32.25	14.32	34.06	57.57	51.92	46.82	43.83	19.03	29.97	28.23	19.31	50.22	56.44	38.08	79.81	10.44	
23.26	34.37	6.4	73.6	47.42	12.21	76.06	48.55	49.82	17.89	68.94	52.33	17.89	62.37	27.29	24.76	39.62	16.03	68.12	76.9	80.6	43.93	37.74	3.61	35.44	45.01	71.2	36.88	48.3	18.03	0.0	43.29	79.16	34.44	32.0	27.51	63.32	28.43	37.11	78.57	72.35	67.47	70.09	36.06	49.73	11.66	70.0	15.3	71.59	82.62	38.08	74.81	43.19	28.28	56.61	37.12	4.47	45.54	38.9	51.04	5.39	84.72	65.07	37.12	33.97	59.54	9.06	70.23	77.79	28.64	82.73	14.04	30.36	19.72	70.72	68.77	82.76	31.83	37.34	66.1	49.09	59.54	37.64	16.64	61.85	27.02	9.49	55.03	35.81	48.84	75.8	56.44	21.21	12.04	70.77	51.04	48.3	38.12	30.87	45.22	72.56	64.78	72.8	66.71	50.0	78.64	53.01	61.91	5.0	72.92	51.35	70.01	40.26	66.73	65.51	88.75	52.95	46.87	39.05	51.89	83.74	65.73	24.74	68.35	93.38	28.84	33.11	67.8	49.74	17.72	76.42	49.19	5.66	48.27	64.38	66.84	10.77	45.18	49.01	85.6	17.03	18.03	69.64	43.05	35.36	83.22	26.17	65.8	28.32	48.76	43.42	79.4	41.0	15.81	19.1	72.07	79.03	4.12	96.21	66.22	46.82	66.29	53.71	30.68	49.04	31.78	52.01	72.45	69.29	64.47	49.25	35.17	47.89	41.01	4.24	67.36	66.48	34.13	97.08	13.93	
36.67	54.45	48.05	51.55	41.48	52.2	47.51	31.06	45.61	29.97	38.59	28.28	52.17	46.17	26.17	29.07	66.6	45.35	57.01	38.83	57.94	35.44	18.6	45.04	65.8	6.32	32.45	38.08	17.0	38.59	43.29	0.0	36.0	23.32	56.73	22.02	67.05	36.8	53.26	59.91	60.13	76.69	33.3	60.88	60.9	54.13	61.01	50.16	43.83	70.46	26.0	64.07	9.0	57.43	16.28	6.32	45.89	70.71	9.22	34.01	48.09	56.6	52.04	10.0	36.06	35.17	44.18	37.01	42.45	18.38	65.73	29.61	48.08	30.02	64.12	50.8	51.22	33.6	6.0	25.0	6.32	20.62	9.22	35.17	40.79	31.11	40.2	62.24	40.5	62.97	49.19	33.54	48.7	51.16	39.66	8.54	27.0	5.39	44.6	56.08	45.62	87.01	39.82	29.73	46.84	64.63	72.8	59.03	47.04	55.11	13.6	27.29	68.88	33.6	74.85	62.27	17.49	14.32	6.4	17.46	69.87	60.41	21.95	35.81	73.39	39.62	15.81	47.3	30.0	52.8	61.66	27.02	47.85	7.21	85.21	47.85	53.76	63.41	69.66	62.24	45.61	53.94	27.78	3.0	62.48	56.82	18.79	58.14	32.56	28.0	11.0	69.12	56.4	39.29	47.13	44.72	36.12	39.2	75.96	57.04	55.95	28.43	27.66	20.52	59.54	45.34	47.3	43.05	72.53	66.22	6.0	51.74	51.08	63.66	40.05	72.42	26.42	19.1	75.24	31.62	
70.83	83.65	83.6	52.92	61.72	87.3	42.72	49.04	65.12	64.33	36.67	42.52	87.69	56.04	57.87	63.35	96.6	80.75	66.89	22.36	56.04	57.2	49.34	81.02	97.17	34.53	20.12	64.14	39.81	71.84	79.16	36.0	0.0	52.0	87.24	54.82	85.04	66.71	81.12	61.68	68.0	96.26	24.6	90.79	84.65	89.68	71.34	84.4	42.15	75.39	51.88	72.01	37.11	89.32	27.73	42.05	81.5	99.48	42.58	50.25	84.05	48.37	62.13	42.76	63.53	43.42	80.1	31.78	29.43	53.46	67.36	65.28	77.82	63.79	75.47	56.82	40.2	62.17	42.0	21.93	30.07	23.85	43.42	70.58	48.83	62.03	76.11	83.49	67.23	87.8	46.17	44.6	83.55	87.09	35.85	28.16	45.0	41.05	73.79	80.8	44.01	112.61	32.89	24.41	66.53	69.46	98.81	74.65	83.02	59.51	30.08	9.85	99.28	31.38	94.79	54.23	30.89	35.85	41.19	36.24	73.39	73.82	56.09	32.65	69.87	69.35	49.82	52.35	46.86	86.83	66.71	44.2	83.49	32.56	110.26	54.2	89.45	90.14	96.52	58.05	80.89	89.56	18.44	36.12	93.04	50.8	53.6	70.46	62.77	45.61	37.64	76.06	83.22	74.67	82.2	43.08	3.0	75.11	71.57	68.51	79.81	22.8	40.36	52.2	83.24	74.24	65.76	39.56	89.02	83.1	30.0	80.13	73.11	92.28	76.03	90.14	18.38	51.66	69.26	66.75	
41.68	32.2	36.4	40.31	20.02	38.33	41.68	14.87	24.0	16.55	34.54	17.89	49.82	30.53	7.28	35.85	44.94	44.55	39.22	44.05	47.38	14.14	35.01	37.59	45.19	19.8	39.05	14.76	38.9	21.0	34.44	23.32	52.0	0.0	35.36	7.81	44.72	14.76	30.41	46.62	43.08	53.76	37.05	39.12	37.59	41.98	42.45	34.0	37.22	53.85	4.47	46.49	16.28	37.34	39.41	18.97	34.79	48.41	27.66	17.8	39.81	50.48	34.93	13.42	12.81	25.24	40.0	36.14	43.93	27.46	51.62	22.02	26.08	14.87	44.72	36.62	48.33	10.63	20.88	47.42	25.46	28.86	26.48	36.4	28.28	10.2	36.88	39.22	17.2	39.66	41.62	22.2	49.52	45.79	36.4	26.25	13.89	19.31	22.2	32.76	38.28	63.89	38.6	34.0	25.02	48.75	49.68	38.01	39.36	41.05	21.93	42.15	47.51	32.76	51.87	54.82	21.59	16.16	25.0	40.31	54.13	40.31	11.4	34.21	61.4	17.49	29.02	34.71	15.62	36.06	46.07	14.76	36.69	30.53	62.01	34.21	42.45	40.36	46.69	52.33	45.25	50.8	49.52	20.81	41.18	49.2	13.0	38.83	10.77	14.42	15.0	51.55	33.3	39.7	47.38	37.74	50.92	31.38	64.2	38.33	32.65	34.06	19.31	5.39	36.24	22.8	26.02	38.01	50.49	44.28	26.91	29.07	28.16	41.23	33.29	50.01	35.69	33.06	64.54	20.59	
53.94	5.39	27.29	60.21	32.14	23.09	67.12	41.44	31.78	28.84	63.13	47.85	48.66	47.85	30.61	52.81	9.9	48.01	48.33	76.49	66.22	33.14	61.06	35.06	10.2	54.64	72.53	24.33	69.03	19.72	32.0	56.73	87.24	35.36	0.0	34.71	35.47	20.59	9.85	61.68	52.33	36.77	69.63	4.47	20.62	27.86	48.37	17.26	63.03	60.75	35.47	53.34	51.31	5.66	72.92	50.93	28.07	14.76	57.49	42.11	34.37	73.82	47.43	47.01	24.04	52.09	41.01	66.48	74.43	51.11	63.98	34.01	9.49	27.8	47.43	53.6	75.06	25.08	52.33	81.69	60.22	63.69	56.08	46.87	51.09	25.81	41.11	26.91	21.21	18.36	65.38	49.16	53.08	41.77	65.12	61.29	44.15	51.66	13.6	17.8	63.13	33.53	68.26	67.19	31.05	58.59	21.02	38.28	35.23	56.61	57.25	77.39	12.21	63.79	34.93	75.93	56.46	51.43	55.9	71.59	62.77	42.72	35.38	64.5	75.15	17.89	54.92	54.74	43.57	15.81	57.27	45.12	28.28	63.7	32.76	52.95	29.73	13.6	17.03	70.88	49.01	48.05	84.2	54.82	5.83	71.2	38.95	44.29	24.7	43.93	50.25	56.86	12.04	47.27	51.04	63.07	86.01	33.24	77.82	45.62	20.0	67.72	50.01	36.4	20.52	13.34	33.24	65.0	40.8	37.48	61.4	9.22	25.08	9.06	35.13	38.28	70.23	57.8	79.71	29.97	
34.0	32.65	30.27	48.1	26.68	33.02	49.09	22.67	30.41	10.05	41.59	25.24	42.2	38.28	4.47	28.46	44.6	36.8	46.62	49.65	55.17	21.19	29.61	30.46	43.83	20.62	44.18	19.1	35.36	17.09	27.51	22.02	54.82	7.81	34.71	0.0	50.09	15.26	31.91	54.41	50.57	58.25	42.76	38.9	41.11	36.12	49.65	29.61	44.65	61.33	12.21	53.85	17.72	35.51	38.21	16.28	28.44	48.84	23.71	25.61	32.89	58.01	42.49	12.53	16.28	32.8	32.45	42.72	50.29	21.0	59.36	14.42	26.25	9.06	51.66	44.41	55.47	13.34	17.8	47.01	25.94	33.02	22.36	28.6	36.07	9.43	29.21	43.74	20.62	42.54	49.2	29.83	41.73	38.47	43.38	27.31	21.4	16.97	23.02	36.06	45.8	65.73	45.31	39.46	31.26	56.36	51.62	44.41	32.31	48.83	25.18	45.12	46.86	39.22	56.29	62.48	26.02	20.0	21.63	37.44	61.72	47.07	3.61	40.85	69.2	18.03	23.35	42.52	23.35	32.02	53.71	22.2	30.41	29.0	64.14	42.01	36.35	42.19	48.26	60.11	37.48	43.27	49.65	20.25	40.46	56.85	6.0	45.88	11.18	22.02	17.26	58.87	35.36	31.89	39.6	45.22	54.13	24.17	72.01	45.54	36.4	39.2	26.42	3.16	39.85	23.85	32.56	45.28	56.04	50.0	26.93	30.23	33.14	41.87	25.94	55.23	40.01	27.17	72.35	13.6	
81.05	30.81	60.37	39.0	25.63	57.45	49.65	37.59	21.54	51.48	50.61	43.27	81.15	30.0	46.01	77.23	36.06	78.75	22.14	66.84	42.2	31.62	79.51	66.85	41.4	62.03	65.76	31.02	83.43	45.88	63.32	67.05	85.04	44.72	35.47	50.09	0.0	37.34	26.93	35.51	24.33	11.4	61.55	33.97	14.87	62.43	19.24	51.11	47.17	28.64	41.23	23.0	58.52	41.11	82.08	63.56	60.42	33.11	72.37	35.51	67.12	52.5	25.06	57.72	34.0	41.73	72.11	55.44	61.85	71.06	35.0	58.69	33.11	49.37	16.0	32.2	57.27	37.0	65.51	88.55	67.23	62.43	71.2	74.33	36.88	42.05	70.88	8.6	30.07	17.8	46.52	40.46	84.12	74.73	52.2	67.12	42.06	63.79	32.57	18.36	46.14	33.38	55.8	60.83	20.25	29.0	24.74	10.82	67.62	32.57	59.94	76.22	38.59	54.49	10.3	51.97	56.94	55.04	69.63	84.48	31.4	13.6	53.01	53.91	45.28	35.69	73.33	35.85	39.45	50.48	29.15	42.54	61.27	74.0	30.41	33.62	64.14	23.6	26.0	45.54	79.7	81.02	89.55	64.2	36.88	49.04	56.08	17.09	40.05	41.18	56.65	24.52	23.6	76.16	81.91	46.65	82.81	62.94	47.52	19.31	16.55	62.29	45.22	49.37	15.0	31.62	20.12	49.93	6.08	3.0	69.08	28.65	17.0	30.0	65.15	5.39	66.71	77.23	50.25	54.92	
43.74	17.69	27.8	46.53	19.1	27.73	50.96	23.35	21.4	14.14	45.4	29.02	46.04	34.67	10.82	40.01	30.23	42.49	39.7	57.22	53.34	16.55	44.27	32.02	30.46	34.21	52.77	8.49	50.61	10.63	28.43	36.8	66.71	14.76	20.59	15.26	37.34	0.0	16.64	50.61	43.93	44.18	50.25	24.41	26.48	32.25	41.62	22.14	46.57	54.2	15.3	46.4	30.81	22.8	53.08	31.4	26.91	33.97	38.95	25.0	33.24	58.87	36.8	26.87	5.83	34.71	36.36	48.04	56.04	34.93	54.49	21.38	11.4	12.04	42.54	41.05	58.46	5.0	33.02	61.55	39.82	43.32	37.59	37.11	35.47	5.83	34.44	30.0	7.62	27.51	49.98	31.58	47.85	40.46	47.38	40.8	25.0	32.02	7.81	21.38	47.13	50.48	50.16	47.52	21.63	50.25	36.36	34.01	33.3	45.0	36.67	56.86	32.76	45.0	42.19	62.17	36.06	30.87	36.89	52.7	55.32	37.59	17.09	46.04	65.3	2.83	37.95	40.71	25.18	23.54	48.08	26.0	28.43	43.93	48.88	39.45	33.29	26.93	33.02	58.31	43.38	46.4	63.89	34.66	26.42	56.86	20.62	37.44	4.24	25.02	29.68	51.04	20.12	39.22	45.62	46.84	65.55	26.93	68.12	37.8	22.09	47.85	31.0	16.28	25.32	8.6	23.6	48.05	43.42	37.85	41.11	15.0	20.62	26.87	29.15	42.11	50.0	41.48	69.2	17.72	
