160
0.0	37.48	50.12	53.76	21.02	64.51	31.06	42.19	32.0	60.11	76.56	66.03	72.8	53.08	57.14	21.21	75.13	68.0	16.03	40.5	28.86	68.0	23.77	81.15	28.3	28.43	31.24	35.61	3.0	27.46	18.0	6.32	22.83	55.97	42.58	17.0	7.62	55.61	46.87	54.2	33.11	49.98	61.0	79.38	14.87	27.78	69.4	55.54	49.82	35.69	34.01	78.39	63.78	21.19	31.14	63.51	21.0	21.1	31.89	63.35	26.17	50.93	73.06	17.09	48.27	33.84	43.05	79.71	71.78	66.71	44.91	41.73	76.01	68.88	11.0	63.13	24.74	20.1	67.19	63.25	21.93	35.23	42.19	29.83	65.46	74.25	60.0	66.48	34.48	72.09	16.28	43.74	18.36	46.52	66.37	51.92	44.6	17.0	12.53	44.72	84.22	69.77	9.06	15.81	32.25	13.04	10.0	61.39	44.69	70.49	43.1	81.39	45.0	54.41	23.02	40.16	38.21	6.08	45.35	37.66	72.45	21.1	2.83	27.78	41.62	77.88	7.21	63.01	68.88	17.46	51.24	63.29	51.24	51.0	50.61	53.85	44.28	29.83	73.54	68.0	37.16	38.42	38.95	72.0	41.79	58.82	49.0	66.27	67.19	54.33	28.64	37.8	14.04	36.0	43.86	11.18	60.41	31.4	44.55	38.01	
37.48	0.0	18.25	32.45	25.71	35.51	44.0	63.13	26.48	71.06	72.8	47.17	64.38	36.12	38.6	53.23	41.59	49.93	27.31	49.65	20.1	68.1	51.87	75.93	52.17	9.85	7.28	49.04	35.47	51.2	27.51	31.89	38.47	65.97	37.58	27.86	30.48	71.45	54.57	21.0	41.19	48.75	50.99	72.18	34.18	12.37	74.32	55.01	59.44	35.17	25.96	46.17	72.42	20.25	23.35	41.59	27.46	24.74	5.83	53.81	57.78	64.63	73.93	47.42	64.2	55.44	74.0	72.92	42.19	64.35	73.01	4.24	77.9	56.64	46.04	43.57	54.78	25.71	46.53	34.71	44.38	56.32	28.02	8.06	69.86	41.3	66.73	58.9	44.18	68.82	26.0	25.5	20.59	49.65	44.72	47.51	69.87	21.95	36.25	49.04	83.49	36.35	45.0	38.28	66.19	25.0	27.59	52.5	7.62	72.47	73.68	78.6	33.02	61.68	56.82	66.29	53.04	32.65	42.05	66.76	39.32	53.67	37.54	41.05	7.28	49.37	30.48	68.71	42.45	53.25	25.94	42.54	33.3	19.24	59.67	25.0	36.72	50.49	69.2	34.37	61.98	3.61	61.4	53.34	17.69	54.08	35.47	51.86	40.26	35.0	33.06	50.16	49.09	68.15	59.14	47.2	56.3	22.56	7.07	70.38	
50.12	18.25	0.0	17.49	43.1	17.26	44.78	63.91	44.72	66.01	60.84	31.11	51.11	22.85	23.85	60.88	25.08	33.94	43.74	47.07	23.35	58.24	57.8	63.13	56.08	22.8	20.4	48.7	47.51	55.23	44.41	45.69	42.44	61.03	31.06	44.55	44.38	68.73	50.25	4.24	40.5	41.11	38.48	58.83	41.73	30.0	66.1	46.53	55.23	32.28	44.15	28.86	66.12	37.22	41.59	24.84	33.24	42.11	23.0	41.15	64.66	61.66	63.89	55.17	62.37	57.7	79.08	59.68	24.02	53.76	76.48	16.16	68.01	42.44	56.22	27.59	61.22	32.56	29.83	16.49	49.41	58.18	20.1	25.02	61.81	24.35	60.13	46.52	43.32	57.38	35.0	16.03	31.76	44.05	27.8	38.47	72.09	33.12	44.6	44.18	72.09	19.7	55.8	45.28	73.76	37.12	41.23	40.31	18.03	63.06	78.55	66.64	24.02	56.0	65.07	69.32	52.5	46.62	35.0	71.34	22.47	61.55	50.99	42.94	22.36	31.14	42.94	61.4	24.35	63.13	10.3	26.17	20.25	1.0	55.15	7.21	29.0	53.24	57.27	17.89	64.85	20.88	63.16	36.88	10.3	43.68	24.52	37.2	22.14	20.59	34.0	49.04	58.9	74.4	57.72	57.8	45.88	23.02	15.26	76.61	
53.76	32.45	17.49	0.0	53.37	14.42	37.48	54.64	57.78	51.97	43.46	14.76	33.62	6.0	6.4	58.31	28.65	17.49	52.47	36.36	25.08	41.59	53.82	45.65	50.33	32.28	31.02	39.82	50.8	49.68	53.76	51.09	38.59	47.3	19.42	53.6	50.04	56.3	37.7	18.97	32.53	26.68	21.19	41.34	41.44	41.79	50.09	31.06	42.38	24.08	57.7	29.07	51.24	47.3	54.63	10.05	33.24	52.39	35.34	23.77	61.03	49.4	47.07	53.24	50.99	50.25	72.84	42.19	20.52	36.88	68.88	31.89	51.2	25.0	56.65	11.18	57.43	33.73	14.56	13.04	45.49	50.33	12.08	36.77	46.01	26.93	45.28	29.15	34.71	40.16	37.48	10.05	37.0	31.02	13.15	23.19	63.6	38.01	44.6	31.78	54.78	24.7	56.92	43.86	70.21	42.05	47.01	23.09	34.66	46.53	72.14	49.24	12.04	41.98	62.77	61.72	43.01	52.09	21.93	65.05	25.94	59.17	55.44	37.01	38.29	25.06	47.27	46.04	15.65	62.65	7.21	10.44	4.47	17.0	42.06	11.4	16.64	46.69	39.92	24.04	57.38	35.81	54.82	21.02	15.23	27.17	9.85	19.85	14.42	3.16	29.15	39.41	58.69	69.53	47.01	58.52	29.27	22.36	31.83	71.59	
21.02	25.71	43.1	53.37	0.0	60.0	45.49	60.75	11.05	75.72	86.4	67.72	80.26	55.03	58.52	42.05	67.27	70.21	5.0	54.2	30.41	79.31	43.74	90.44	47.13	21.21	23.02	50.77	21.1	46.17	3.16	15.03	37.22	71.03	49.65	4.12	14.14	72.9	60.44	46.39	45.45	59.67	67.12	87.66	29.07	13.34	82.88	65.95	64.4	44.05	13.0	71.7	78.6	6.08	10.2	63.35	29.0	1.0	20.22	69.84	47.04	67.23	84.9	37.34	65.3	52.2	64.01	88.2	67.03	76.84	65.49	29.41	88.39	74.25	32.02	64.29	45.28	26.87	67.91	59.01	39.56	53.49	44.38	18.11	78.57	66.91	73.88	74.09	47.8	82.01	23.43	43.97	19.21	57.98	66.49	60.22	64.54	19.1	28.79	56.59	95.67	61.98	30.07	32.31	53.24	17.2	13.93	68.1	30.87	82.73	64.03	91.83	48.75	68.25	44.05	60.21	54.2	15.0	53.6	58.31	64.94	42.01	19.24	41.88	26.42	74.0	17.72	76.58	66.19	38.33	48.37	63.79	52.5	44.1	65.0	49.01	50.25	47.54	83.01	60.02	56.75	24.7	57.87	74.04	38.47	67.42	52.39	70.38	64.12	55.08	38.18	52.7	35.06	57.01	60.42	32.14	69.4	34.0	31.95	59.03	
64.51	35.51	17.26	14.42	60.0	0.0	51.66	69.07	61.98	65.52	52.77	19.65	41.98	19.7	17.46	71.61	14.32	22.14	60.21	50.77	35.85	53.01	67.48	53.85	64.35	39.12	37.01	54.2	61.68	63.66	61.07	60.88	52.01	61.03	33.84	61.13	59.67	70.38	51.89	15.23	46.75	40.5	32.02	49.04	53.71	47.1	62.2	44.15	56.46	38.21	61.39	14.87	64.33	54.01	58.86	13.15	45.18	59.0	40.11	34.01	74.65	63.56	58.03	66.29	65.3	64.54	87.05	50.0	7.28	48.0	83.24	33.24	62.07	32.76	68.88	17.12	71.06	45.19	17.09	1.41	59.03	64.66	25.5	42.05	58.42	12.53	58.46	39.12	49.04	50.25	48.47	22.2	46.57	45.19	14.87	36.69	78.01	47.8	56.82	46.07	64.13	11.05	68.88	56.6	83.87	51.92	56.52	34.01	34.54	58.01	86.37	58.25	26.4	55.66	76.03	76.06	57.43	61.85	36.24	79.25	11.7	72.42	65.8	50.93	39.22	14.0	57.57	58.86	7.81	75.29	13.42	15.13	18.87	16.28	56.08	11.05	31.06	60.83	49.5	11.05	71.7	38.08	69.2	23.71	22.8	39.32	24.19	27.46	5.66	16.55	42.64	53.82	71.2	83.49	61.4	70.66	41.19	34.0	31.95	85.59	
31.06	44.0	44.78	37.48	45.49	51.66	0.0	19.42	55.47	30.23	46.17	44.28	44.1	33.6	37.44	23.35	65.44	45.31	41.4	9.43	24.08	37.16	17.72	50.96	13.04	35.23	37.05	5.39	28.6	12.53	43.6	33.24	8.49	25.61	18.87	42.8	33.24	28.16	15.81	48.75	5.0	21.0	34.53	49.82	16.97	42.72	38.42	25.5	19.1	13.45	56.8	66.48	33.3	41.59	53.23	44.65	17.72	44.94	41.3	36.22	24.7	21.93	42.06	20.02	20.62	13.04	35.38	50.01	58.0	36.4	31.91	47.1	44.94	42.43	26.68	42.54	21.19	19.92	46.53	50.25	11.05	13.42	26.4	40.61	34.41	63.89	29.07	38.01	4.0	41.76	22.36	30.23	27.86	16.28	46.65	24.19	27.31	27.31	18.6	14.32	53.24	60.8	28.16	15.26	33.54	28.3	32.02	34.23	51.09	39.45	34.71	50.7	25.5	23.43	27.66	24.7	9.22	33.97	18.97	27.59	62.63	24.33	33.84	3.61	51.04	62.01	29.0	32.02	52.63	30.0	39.41	43.57	33.3	45.19	19.8	44.1	21.63	9.22	43.42	59.64	20.25	47.04	18.38	49.04	34.54	30.02	28.6	41.48	51.74	36.24	11.18	7.21	27.17	32.2	15.52	28.64	31.14	22.56	49.25	34.21	
42.19	63.13	63.91	54.64	60.75	69.07	19.42	0.0	71.47	21.84	48.26	58.14	50.6	49.82	53.15	24.21	83.22	58.41	56.08	18.44	43.42	38.21	19.1	53.24	13.89	54.0	56.04	15.23	40.71	14.76	58.31	46.52	25.08	20.02	35.23	57.38	47.01	14.42	19.72	67.78	23.41	31.4	45.49	53.94	32.02	60.53	34.37	32.2	17.72	31.78	73.08	83.6	26.68	57.97	69.64	60.14	36.01	60.41	60.01	46.14	21.47	13.04	41.01	25.61	9.06	8.54	21.19	53.76	74.81	40.02	15.26	66.37	42.3	52.35	33.3	57.28	20.0	38.05	60.88	67.68	21.19	7.28	44.72	59.08	32.02	81.54	26.0	45.69	20.62	44.55	39.46	48.75	45.4	25.61	61.52	35.61	9.22	44.55	31.95	24.08	51.35	78.89	35.47	28.46	26.31	44.38	46.82	44.42	70.35	38.01	20.25	51.0	42.72	22.36	26.42	9.22	11.66	46.96	33.3	15.03	80.45	25.0	44.94	22.09	70.03	77.83	43.08	29.02	68.77	32.2	57.71	58.69	50.22	64.26	18.68	62.61	38.01	13.34	46.69	77.9	7.28	66.03	3.61	61.61	53.76	38.47	45.0	53.25	68.25	52.8	30.59	15.26	31.83	22.0	8.94	34.66	38.48	41.98	68.59	23.09	
32.0	26.48	44.72	57.78	11.05	61.98	55.47	71.47	0.0	85.59	94.18	72.5	87.2	60.42	63.51	53.08	67.03	75.15	16.03	63.81	37.54	87.73	54.74	97.95	57.97	26.08	26.83	60.83	32.14	57.01	14.0	26.08	47.42	80.78	57.31	15.0	25.18	83.26	69.89	47.27	54.92	67.9	73.82	94.81	39.56	16.12	92.01	74.28	74.09	52.4	2.24	72.01	88.2	13.89	3.16	67.42	38.28	11.18	22.47	76.61	58.08	77.37	93.43	48.37	75.64	62.94	75.03	95.43	68.59	84.86	76.53	29.07	97.08	80.45	43.0	68.94	56.32	36.06	72.24	61.19	50.29	64.2	50.48	21.02	87.62	67.0	83.23	81.22	57.45	89.87	33.12	49.24	28.02	66.84	70.58	67.94	75.5	28.3	39.56	65.6	103.95	62.0	41.01	43.01	64.12	27.31	24.74	75.0	29.07	91.44	75.06	99.76	55.22	77.67	55.01	71.2	64.4	26.02	61.52	69.35	65.0	53.04	30.07	51.88	24.08	75.8	28.64	85.8	68.88	49.16	51.87	68.15	57.71	45.71	74.63	51.42	57.49	58.19	90.69	60.0	67.68	24.08	68.68	78.79	42.54	75.07	58.52	76.16	66.71	59.93	47.2	62.65	46.01	68.0	70.68	43.05	77.16	41.11	31.0	70.01	
60.11	71.06	66.01	51.97	75.72	65.52	30.23	21.84	85.59	0.0	29.15	49.65	34.83	46.1	48.08	45.18	79.7	48.88	71.61	21.93	51.24	19.72	39.45	33.84	33.29	63.57	64.85	25.0	58.0	33.84	73.82	63.13	38.6	5.1	35.01	73.01	63.25	9.22	16.49	69.12	30.87	25.32	35.36	35.78	47.01	72.09	13.04	21.54	11.7	35.9	86.83	78.55	5.0	71.69	83.24	53.85	47.41	75.17	69.57	34.67	43.08	9.43	20.62	45.22	13.0	27.78	41.01	35.34	69.64	23.43	34.06	73.35	21.02	39.82	53.01	50.16	41.15	49.65	52.77	64.29	38.21	26.42	46.01	69.29	12.08	77.79	7.81	31.89	28.18	26.42	52.48	50.0	57.71	22.02	54.13	28.86	28.0	57.31	48.17	22.2	30.0	76.4	55.0	44.6	48.05	58.52	62.2	33.62	77.28	17.72	40.01	30.59	42.05	10.05	47.93	30.27	21.93	63.78	31.02	36.35	77.2	46.07	62.94	33.84	78.34	70.66	59.03	9.43	62.77	53.24	57.31	52.0	47.68	66.03	11.4	62.39	37.01	30.61	28.65	75.93	29.12	74.46	25.3	51.04	57.14	27.29	42.43	42.72	62.97	49.24	39.0	23.02	52.15	43.42	16.4	54.64	26.08	48.51	74.97	44.18	
76.56	72.8	60.84	43.46	86.4	52.77	46.17	48.26	94.18	29.15	0.0	33.24	11.0	38.01	37.34	67.74	65.07	31.06	83.49	37.11	56.64	10.05	61.66	5.0	55.44	68.59	68.68	42.95	73.82	55.58	85.45	77.41	53.85	28.64	36.88	84.88	77.03	38.28	31.4	62.39	43.46	26.93	22.36	7.07	61.74	78.49	17.2	21.02	31.0	42.44	94.79	62.03	24.6	81.06	91.29	39.62	57.98	85.6	73.66	19.7	67.19	35.51	9.22	65.73	39.46	51.09	69.05	6.4	54.04	9.85	62.37	73.5	11.66	20.1	72.8	35.69	64.38	59.91	36.12	51.97	57.01	50.04	44.82	74.28	17.09	63.07	22.56	14.32	42.38	4.47	63.81	47.43	67.2	30.08	38.21	26.25	56.09	67.42	64.08	31.95	11.4	63.51	74.33	61.1	74.01	70.18	74.95	20.59	76.85	11.66	68.07	5.83	39.82	26.02	71.45	57.43	42.3	78.29	32.8	63.29	63.2	68.73	79.2	49.04	79.63	52.24	72.95	19.92	47.1	75.31	50.57	37.66	40.71	60.42	30.0	54.78	36.77	51.62	3.61	63.79	55.08	76.4	51.09	31.06	55.47	19.1	37.44	25.32	48.26	40.31	48.88	40.79	73.01	70.18	40.01	74.73	17.03	53.08	74.09	71.34	
66.03	47.17	31.11	14.76	67.72	19.65	44.28	58.14	72.5	49.65	33.24	0.0	22.36	13.04	9.22	67.07	32.02	2.83	66.49	40.0	38.33	34.53	61.85	34.21	57.25	46.82	45.69	44.94	63.03	56.8	67.91	64.12	47.8	45.79	25.63	67.68	63.2	56.04	38.9	31.4	39.4	26.87	14.32	29.41	52.47	56.46	44.15	28.3	42.64	32.28	72.45	29.61	47.54	61.68	69.35	6.71	45.04	66.76	50.09	15.52	68.94	49.82	39.12	62.64	52.4	55.76	78.24	30.36	21.1	29.43	73.25	46.4	43.05	13.15	67.27	3.61	65.39	46.0	3.16	18.97	54.08	55.47	24.08	51.48	40.8	30.02	42.05	20.1	40.71	31.0	50.01	23.77	50.49	32.56	5.0	22.63	67.36	51.35	55.58	34.06	44.55	30.27	67.9	54.13	77.82	55.23	60.3	16.16	48.92	39.46	77.42	38.64	21.1	40.5	71.51	66.4	47.2	65.12	25.55	70.72	30.02	68.01	68.0	44.94	52.8	21.02	60.03	41.79	14.04	72.53	21.4	5.0	15.3	30.41	42.01	24.08	23.09	53.24	30.07	30.59	62.43	50.48	59.2	6.32	29.97	22.36	17.12	8.0	15.03	12.65	38.83	43.83	68.88	76.16	49.52	69.23	23.77	35.13	46.1	78.03	
72.8	64.38	51.11	33.62	80.26	41.98	44.1	50.6	87.2	34.83	11.0	22.36	0.0	28.6	27.29	67.01	54.08	20.1	77.83	36.06	49.93	15.62	61.03	12.08	55.15	61.22	60.96	42.05	69.92	55.08	79.65	72.8	50.8	32.76	30.87	79.18	72.24	43.27	31.58	52.33	40.45	23.19	13.45	7.81	57.97	71.22	25.24	19.1	32.89	37.34	87.62	51.04	31.11	74.63	84.2	28.86	52.92	79.4	65.86	10.63	67.27	38.91	18.38	64.12	42.54	51.62	71.78	8.6	43.05	11.4	65.55	64.66	21.84	9.22	70.58	25.0	64.12	54.63	25.18	41.23	55.15	50.8	36.88	66.71	23.35	52.09	27.2	6.32	40.11	9.85	58.69	38.9	61.29	28.0	27.29	20.88	59.24	61.72	60.64	30.0	22.2	52.61	71.85	58.05	74.97	64.88	69.86	12.21	67.8	19.72	70.84	16.28	32.02	28.64	71.06	59.77	42.43	73.74	27.51	65.25	52.24	68.01	75.29	46.39	70.94	41.3	68.35	25.5	36.12	74.06	40.82	26.93	31.4	50.61	31.95	44.72	30.02	51.09	8.25	52.95	56.75	67.94	52.89	20.1	46.75	14.14	29.0	14.56	37.34	30.53	44.27	40.11	71.25	71.81	41.76	72.56	13.0	46.32	65.0	73.25	
53.08	36.12	22.85	6.0	55.03	19.7	33.6	49.82	60.42	46.1	38.01	13.04	28.6	0.0	4.12	55.46	34.01	15.3	53.6	31.4	25.32	35.69	50.61	40.5	46.62	34.44	33.62	35.36	50.09	46.04	55.08	51.09	35.85	41.48	14.87	54.82	50.16	50.7	32.2	24.74	28.6	20.88	15.65	36.4	39.81	44.29	44.1	25.08	36.77	20.59	60.54	33.84	45.28	49.04	57.31	11.18	32.14	54.08	38.28	18.36	57.8	43.86	41.23	50.7	45.65	46.01	68.68	37.2	25.0	31.05	64.38	36.12	45.35	20.52	54.82	10.05	54.2	33.02	14.14	18.38	42.49	45.97	11.05	39.45	40.01	32.2	39.32	23.71	30.48	34.54	37.0	11.18	37.48	25.5	13.6	17.26	58.9	38.33	42.95	26.42	49.24	30.36	55.32	41.76	66.89	42.19	47.27	17.46	39.2	40.61	67.94	43.83	8.54	36.14	59.93	57.28	38.29	52.09	16.64	60.96	31.38	56.36	55.01	33.62	42.45	28.43	47.01	40.05	19.1	60.41	12.65	10.44	2.83	22.47	36.4	17.26	12.04	42.8	34.44	29.83	53.04	39.62	50.25	19.24	18.44	21.21	5.0	15.81	18.44	3.16	26.57	34.71	56.61	65.8	41.88	56.75	23.35	22.09	36.4	67.8	
57.14	38.6	23.85	6.4	58.52	17.46	37.44	53.15	63.51	48.08	37.34	9.22	27.29	4.12	0.0	59.51	31.62	11.7	57.27	34.71	29.15	36.12	54.59	39.36	50.48	37.7	36.67	38.95	54.15	49.93	58.69	55.04	39.92	43.66	18.6	58.46	54.08	53.23	34.99	25.08	32.45	23.26	15.3	34.99	43.93	47.42	45.01	26.68	39.36	24.6	63.53	30.89	46.87	52.5	60.37	7.21	36.22	57.57	41.18	17.72	61.77	46.53	41.44	54.78	48.55	49.68	72.35	35.85	21.95	31.26	67.88	38.21	45.54	18.6	58.94	6.0	58.18	37.05	10.05	16.28	46.52	49.58	15.0	42.49	41.11	29.73	41.0	23.09	34.21	34.21	41.01	14.56	41.3	28.3	9.49	19.31	62.29	42.19	47.07	29.41	48.7	28.44	59.44	45.88	70.83	46.1	51.16	17.26	41.04	41.11	71.59	43.08	12.65	38.28	63.98	60.83	41.73	56.04	19.85	64.66	29.12	60.42	59.03	37.59	44.6	24.76	51.0	41.44	15.62	64.51	13.6	6.32	6.08	23.32	38.91	17.46	15.81	46.62	33.84	28.16	56.64	42.01	53.74	15.52	21.1	22.02	8.94	13.45	15.26	3.61	30.68	38.18	60.73	69.63	45.0	60.88	24.0	26.02	38.21	71.61	
21.21	53.23	60.88	58.31	42.05	71.61	23.35	24.21	53.08	45.18	67.74	67.07	67.01	55.46	59.51	0.0	84.39	68.31	37.05	31.02	37.54	58.05	6.08	72.69	12.37	43.38	46.07	25.02	21.0	12.17	39.12	27.02	19.72	42.15	41.44	38.12	28.0	38.6	36.35	65.12	27.89	44.18	57.87	72.17	19.42	46.32	56.65	48.01	37.36	34.93	55.04	86.4	49.66	41.19	52.0	66.64	27.66	42.01	48.47	59.54	5.0	35.78	62.1	5.83	32.25	17.46	22.02	72.25	78.49	58.31	23.77	57.25	64.2	65.76	10.44	65.0	4.24	28.6	69.08	70.21	13.0	18.79	46.32	46.82	53.45	83.1	47.43	61.07	27.29	63.51	27.29	49.41	32.7	39.01	68.94	47.52	24.19	31.38	17.0	37.01	73.08	79.31	12.65	15.62	13.04	29.12	29.15	57.56	60.84	59.2	22.0	71.59	46.96	42.45	4.47	19.72	25.5	27.07	42.2	16.49	81.57	1.0	23.54	22.14	58.87	83.35	25.18	50.6	73.93	8.06	58.41	65.8	54.59	61.55	38.33	62.37	44.01	16.12	65.38	77.83	17.69	55.15	20.62	72.12	50.91	53.08	50.57	64.76	72.72	57.71	29.15	27.07	8.06	15.3	29.15	11.18	54.01	38.21	59.94	17.46	
75.13	41.59	25.08	28.65	67.27	14.32	65.44	83.22	67.03	79.7	65.07	32.02	54.08	34.01	31.62	84.39	0.0	34.01	68.41	65.0	47.43	66.37	80.62	65.49	77.9	47.76	45.22	68.24	72.47	77.16	68.88	70.77	65.07	75.27	48.02	69.12	69.46	84.69	66.21	21.19	60.61	54.78	45.54	60.53	65.8	53.94	75.8	58.24	70.77	52.01	66.0	5.83	78.34	61.61	64.07	26.31	57.2	66.29	47.07	47.27	87.73	77.88	71.11	78.87	79.61	78.41	100.77	61.52	11.05	61.29	97.2	38.21	75.06	45.01	80.71	30.27	84.17	56.86	29.0	15.65	72.14	78.6	39.05	49.24	72.18	2.0	72.53	52.09	63.01	63.01	59.68	35.38	56.8	59.51	27.02	50.92	92.09	58.14	68.82	60.37	76.24	5.39	80.45	69.03	96.94	62.17	66.31	47.52	38.0	71.34	100.12	70.26	40.5	69.89	88.73	90.0	71.56	71.69	50.54	92.96	2.83	85.15	76.06	64.44	43.0	15.26	67.98	72.78	18.0	87.42	26.17	28.28	33.12	24.17	70.38	22.02	45.28	74.52	62.01	7.28	85.6	43.19	83.23	34.37	33.84	53.15	38.47	40.01	17.12	30.87	55.87	67.96	83.23	96.9	75.66	82.38	54.92	46.23	36.06	99.04	
68.0	49.93	33.94	17.49	70.21	22.14	45.31	58.41	75.15	48.88	31.06	2.83	20.1	15.3	11.7	68.31	34.01	0.0	68.88	40.5	40.61	32.98	62.97	31.78	58.18	49.4	48.33	45.65	65.0	57.78	70.34	66.27	49.24	45.22	26.93	70.09	65.38	55.61	38.95	34.21	40.5	27.02	13.6	26.93	54.23	59.09	42.72	27.8	42.45	33.73	75.13	31.26	46.52	64.2	72.01	9.43	47.0	69.26	52.77	14.32	70.01	49.58	37.34	64.03	52.33	56.44	78.77	27.89	23.0	27.89	73.6	49.2	41.19	11.0	68.88	6.4	66.48	48.04	5.1	21.54	55.36	56.08	26.31	54.13	39.56	32.02	41.18	18.44	41.63	29.07	52.09	26.25	52.77	32.8	7.28	22.8	67.62	53.6	57.31	34.41	42.3	32.56	69.58	55.73	78.79	57.43	62.51	15.26	51.74	37.85	77.94	36.35	23.0	40.0	72.73	66.85	47.71	67.27	26.4	71.34	32.14	69.26	70.03	46.17	55.61	22.14	62.13	40.72	16.03	73.98	24.21	7.81	17.72	33.24	41.77	26.91	24.52	54.13	28.0	32.98	62.97	53.25	59.64	4.0	32.65	21.63	19.0	6.32	17.26	15.23	40.45	44.42	70.41	76.94	49.68	70.86	22.83	37.34	48.92	78.77	
16.03	27.31	43.74	52.47	5.0	60.21	41.4	56.08	16.03	71.61	83.49	66.49	77.83	53.6	57.27	37.05	68.41	68.88	0.0	50.33	28.46	76.06	38.83	87.66	42.38	21.1	23.35	46.62	16.12	41.44	2.24	10.05	33.02	67.01	47.01	1.41	9.22	68.48	56.64	47.3	41.73	56.61	64.88	85.09	24.7	15.26	79.21	62.8	60.44	41.05	18.0	72.57	74.65	7.21	15.13	62.51	25.61	5.1	21.54	67.54	42.05	62.97	81.57	32.39	60.9	47.54	59.01	85.59	67.36	73.82	60.53	31.3	84.96	72.24	27.02	63.15	40.31	23.6	66.91	59.14	34.93	48.85	42.72	19.31	74.95	67.91	70.09	71.59	43.93	79.06	19.85	42.76	16.55	54.56	65.62	57.45	59.67	16.12	24.17	53.08	92.46	63.06	25.08	27.73	48.26	13.45	9.43	65.74	33.29	79.31	59.03	88.81	46.82	64.44	39.05	55.32	49.93	10.0	50.77	53.34	65.97	37.01	14.32	37.8	29.21	74.17	13.0	72.86	66.0	33.38	48.01	62.8	51.2	44.72	61.07	49.16	47.85	42.95	80.16	61.13	51.92	26.93	53.14	72.78	38.01	64.66	50.6	68.62	64.01	53.94	34.83	48.6	30.07	52.01	56.08	27.17	66.57	31.95	34.0	54.04	
40.5	49.65	47.07	36.36	54.2	50.77	9.43	18.44	63.81	21.93	37.11	40.0	36.06	31.4	34.71	31.02	65.0	40.5	50.33	0.0	29.61	27.86	25.0	41.98	19.1	41.76	43.17	6.0	38.01	19.03	52.5	42.52	17.8	17.0	17.0	51.74	42.45	22.0	6.4	50.7	8.94	13.93	28.23	41.19	26.25	50.16	29.07	17.0	10.3	15.03	65.0	65.22	24.41	49.93	61.4	41.73	25.55	53.6	47.8	29.41	31.26	15.03	32.65	28.64	15.3	16.16	38.28	41.3	56.4	27.46	33.3	52.24	35.51	35.74	35.74	38.95	28.07	27.78	42.64	49.4	19.92	15.65	27.2	47.43	25.0	63.29	19.8	30.27	6.4	32.76	30.81	31.32	35.85	8.25	43.19	17.89	27.59	35.51	28.02	6.32	43.83	60.83	37.34	24.7	39.29	37.01	41.04	27.51	56.22	30.02	37.44	41.44	24.6	14.14	35.01	26.4	7.21	43.28	14.87	30.89	62.27	32.02	43.27	12.81	56.89	59.41	38.21	22.67	50.33	38.33	39.92	40.31	31.91	47.3	10.82	44.94	19.72	15.03	34.53	59.93	22.47	52.95	19.21	43.91	37.34	22.36	26.63	35.78	49.82	34.41	17.09	4.12	35.9	36.77	10.77	37.64	23.09	27.17	54.08	38.48	
28.86	20.1	23.35	25.08	30.41	35.85	24.08	43.42	37.54	51.24	56.64	38.33	49.93	25.32	29.15	37.54	47.43	40.61	28.46	29.61	0.0	50.45	34.67	60.44	33.62	12.53	13.6	29.0	25.96	32.7	30.08	26.02	19.7	46.17	19.8	29.73	25.0	51.35	34.79	27.59	21.1	30.61	36.72	57.43	18.44	22.02	55.57	37.01	39.56	15.65	38.18	50.12	52.92	24.7	34.66	35.01	9.9	29.53	18.38	39.45	41.4	44.55	56.22	31.83	44.1	36.14	56.36	58.01	43.08	47.38	54.42	23.02	60.0	43.86	33.29	35.13	38.01	9.43	39.05	34.54	26.42	36.88	14.32	18.36	51.11	46.32	47.42	43.83	24.08	52.35	12.65	15.03	12.17	30.41	38.0	30.41	50.7	13.04	21.4	29.55	66.53	42.2	33.12	21.93	50.45	17.0	22.02	37.74	27.02	54.41	55.9	62.24	18.38	42.15	41.73	47.43	33.0	27.02	24.08	48.75	44.65	38.21	30.41	21.38	27.29	49.04	22.2	49.65	40.02	40.0	22.47	35.01	23.09	24.04	39.85	25.55	20.0	31.32	53.15	40.61	43.01	23.35	41.98	44.55	13.6	37.54	22.14	40.16	38.33	26.02	13.0	30.07	35.81	51.31	39.05	34.99	39.62	3.61	25.18	53.54	
68.0	68.1	58.24	41.59	79.31	53.01	37.16	38.21	87.73	19.72	10.05	34.53	15.62	35.69	36.12	58.05	66.37	32.98	76.06	27.86	50.45	0.0	51.97	15.03	45.71	62.8	63.25	33.53	65.37	45.89	78.1	69.34	45.18	18.68	30.81	77.47	69.07	28.64	21.84	60.42	34.99	19.85	21.0	16.16	53.34	72.47	9.85	13.45	21.02	35.36	88.53	64.13	15.62	74.25	84.96	40.11	50.45	78.57	68.24	19.1	57.31	25.5	5.83	56.32	29.43	41.19	59.03	15.81	55.58	5.1	52.39	69.32	9.85	22.47	63.57	36.12	54.59	52.5	37.66	52.0	47.76	40.11	40.25	68.6	7.81	64.38	12.65	14.56	33.54	6.71	56.22	43.46	60.14	21.63	39.46	20.59	46.1	60.21	55.47	23.32	16.4	64.03	65.19	52.33	64.0	62.63	67.2	19.0	72.92	5.0	58.05	13.6	35.34	16.0	61.66	47.38	32.56	70.18	26.4	53.24	64.2	59.03	70.71	40.25	75.18	55.08	64.9	10.3	48.51	65.73	48.27	38.12	38.08	57.97	20.02	52.95	31.38	41.98	8.94	64.0	45.04	71.69	41.05	34.18	51.48	14.56	33.84	26.68	49.25	38.47	41.23	31.32	63.6	60.13	30.0	65.46	12.37	47.01	70.26	61.29	
23.77	51.87	57.8	53.82	43.74	67.48	17.72	19.1	54.74	39.45	61.66	61.85	61.03	50.61	54.59	6.08	80.62	62.97	38.83	25.0	34.67	51.97	0.0	66.61	6.32	42.06	44.6	19.0	22.8	6.08	41.0	28.86	15.56	36.25	36.25	40.02	29.61	33.3	30.27	62.01	22.47	38.33	52.17	66.12	17.72	46.27	50.7	42.0	31.32	30.02	56.57	82.33	43.83	42.05	53.34	61.77	25.06	43.57	47.54	53.76	7.21	30.02	56.04	6.71	26.63	11.66	22.14	66.19	74.2	52.24	22.0	55.71	58.19	60.02	14.21	59.93	3.61	26.4	63.98	66.07	8.49	13.04	42.01	46.1	47.43	79.25	41.44	55.15	21.59	57.43	25.96	45.34	31.78	33.06	63.95	41.77	20.88	30.59	16.12	31.06	67.05	75.66	16.4	13.6	16.4	29.07	30.15	51.79	59.46	53.16	21.84	65.51	42.19	36.4	10.05	16.49	19.42	29.12	36.69	15.13	77.79	7.07	26.4	17.0	57.97	78.77	26.17	44.6	69.34	13.93	54.49	60.83	49.93	58.41	32.28	58.69	38.91	10.05	59.3	74.28	13.42	54.12	15.62	66.73	47.63	47.17	45.65	59.2	68.24	53.0	24.84	21.02	12.81	16.64	23.26	15.56	48.04	34.83	58.31	18.87	
81.15	75.93	63.13	45.65	90.44	53.85	50.96	53.24	97.95	33.84	5.0	34.21	12.08	40.5	39.36	72.69	65.49	31.78	87.66	41.98	60.44	15.03	66.61	0.0	60.41	72.18	72.12	47.85	78.39	60.53	89.59	81.84	58.52	33.54	40.8	89.04	81.41	43.01	36.35	64.4	48.1	31.3	25.0	5.0	66.31	82.13	21.47	25.63	36.0	46.65	98.49	62.07	29.15	85.0	95.02	40.8	62.27	89.63	77.08	22.2	72.17	40.45	13.42	70.61	44.41	56.08	73.98	4.0	54.45	14.56	67.27	76.4	14.87	21.19	77.62	37.0	69.35	64.14	36.88	53.16	61.85	55.04	48.1	77.79	21.84	63.51	27.46	17.03	47.13	9.22	68.1	50.45	71.28	34.79	39.05	30.23	61.0	71.56	68.71	36.69	11.18	64.33	79.12	65.79	79.01	74.43	79.26	23.43	79.63	16.16	72.99	5.39	43.14	31.02	76.42	62.39	47.27	82.73	36.89	68.26	63.79	73.68	83.77	53.76	82.62	52.0	77.37	24.74	47.68	80.23	52.84	38.9	43.27	62.65	35.0	56.8	40.46	56.57	7.62	64.76	60.07	79.51	56.08	31.14	58.41	23.02	40.46	26.57	49.03	42.54	53.24	45.71	77.88	75.17	45.01	79.56	21.1	56.85	76.84	76.32	
28.3	52.17	56.08	50.33	47.13	64.35	13.04	13.89	57.97	33.29	55.44	57.25	55.15	46.62	50.48	12.37	77.9	58.18	42.38	19.1	33.62	45.71	6.32	60.41	0.0	42.58	44.91	13.15	26.83	1.0	44.6	32.7	13.93	29.97	31.91	43.66	33.24	27.59	24.08	60.21	18.03	32.76	46.84	60.03	19.03	48.01	44.38	36.06	25.0	26.25	59.67	79.21	37.59	44.72	56.29	57.69	24.74	46.84	48.37	48.27	12.17	23.85	49.73	12.04	20.62	5.66	23.02	60.07	70.84	46.1	20.88	55.79	51.87	54.57	19.85	55.57	9.0	26.48	59.54	62.94	8.0	7.07	38.9	47.17	41.11	76.42	35.11	49.37	16.55	51.24	27.02	42.52	33.02	27.29	59.68	36.4	18.0	32.0	18.44	25.32	60.73	73.11	21.93	15.13	20.62	31.26	33.24	46.32	59.67	46.84	22.47	59.23	38.42	30.08	16.03	14.14	13.15	33.11	31.78	15.26	75.07	13.34	31.06	13.45	58.69	75.0	29.41	38.28	65.6	20.25	51.74	56.6	46.23	56.6	25.96	56.22	34.67	4.12	53.15	71.84	10.0	54.74	10.77	61.85	45.79	41.44	41.62	54.08	64.66	49.2	22.2	15.03	18.87	19.21	17.0	21.4	42.19	33.12	58.24	21.26	
28.43	9.85	22.8	32.28	21.21	39.12	35.23	54.0	26.08	63.57	68.59	46.82	61.22	34.44	37.7	43.38	47.76	49.4	21.1	41.76	12.53	62.8	42.06	72.18	42.58	0.0	2.83	40.45	26.17	41.59	22.0	23.32	29.07	58.52	32.02	22.02	21.95	63.15	47.17	26.57	32.98	43.01	47.8	68.88	24.35	10.0	68.1	49.41	51.87	28.18	26.4	51.66	65.39	15.13	23.02	42.2	18.03	20.22	6.08	50.61	47.93	56.52	68.6	37.58	55.73	46.1	64.2	69.53	46.27	59.55	63.35	13.89	72.42	54.38	36.4	43.32	44.94	16.12	46.84	38.05	34.71	47.04	24.41	5.83	63.63	47.13	59.93	55.32	35.9	64.38	16.16	23.26	10.82	42.94	45.35	42.52	60.41	12.21	26.4	42.05	78.75	42.38	35.47	28.46	56.36	15.56	18.87	49.04	17.46	66.85	63.89	74.28	29.21	54.63	47.01	56.72	44.41	24.19	36.4	57.01	45.22	43.83	28.84	32.06	16.12	53.08	21.26	62.18	45.04	43.6	27.17	42.72	31.78	23.77	52.2	28.07	31.83	41.11	65.05	40.5	52.47	12.17	52.09	53.14	17.26	49.52	32.45	50.12	43.01	34.18	24.74	41.77	39.41	58.31	50.64	37.64	51.66	15.81	16.64	60.54	
31.24	7.28	20.4	31.02	23.02	37.01	37.05	56.04	26.83	64.85	68.68	45.69	60.96	33.62	36.67	46.07	45.22	48.33	23.35	43.17	13.6	63.25	44.6	72.12	44.91	2.83	0.0	42.19	29.0	43.93	24.08	26.08	31.26	59.77	32.45	24.19	24.7	64.78	48.38	24.04	34.53	43.57	47.51	68.68	26.93	10.77	68.88	49.93	53.16	29.15	26.93	49.24	66.48	17.0	23.71	40.8	20.22	22.02	5.0	50.33	50.57	58.05	69.07	40.25	57.43	48.26	66.73	69.35	44.1	59.82	65.73	11.18	72.95	53.82	39.2	42.15	47.54	18.44	45.54	36.0	37.11	49.16	24.08	5.83	64.41	44.64	60.93	55.17	37.48	64.54	18.79	22.47	13.6	43.86	43.97	42.8	62.65	15.0	29.07	43.08	79.03	39.85	38.29	31.02	59.06	18.38	21.63	48.84	14.87	67.42	66.41	74.41	29.0	55.71	49.74	59.03	46.17	26.93	36.89	59.48	42.72	46.53	31.62	34.0	14.0	51.01	24.08	63.07	43.19	46.4	25.5	41.44	30.89	21.38	53.45	26.0	32.02	43.29	65.12	37.95	54.74	10.0	54.23	52.0	15.81	49.68	32.02	49.4	41.11	33.11	26.31	43.42	42.2	60.93	52.35	40.46	51.86	16.55	13.89	63.16	
35.61	49.04	48.7	39.82	50.77	54.2	5.39	15.23	60.83	25.0	42.95	44.94	42.05	35.36	38.95	25.02	68.24	45.65	46.62	6.0	29.0	33.53	19.0	47.85	13.15	40.45	42.19	0.0	33.3	13.04	48.83	38.21	13.6	20.52	20.52	48.01	38.29	22.8	11.7	52.55	8.25	19.65	33.84	47.17	22.02	48.08	33.84	23.0	14.21	16.55	62.17	68.88	28.28	46.96	58.6	46.1	23.09	50.25	46.53	35.17	25.32	16.55	38.08	22.8	15.3	10.82	33.42	47.27	60.21	33.38	29.07	52.01	40.71	41.48	30.08	43.6	22.09	25.3	47.43	52.8	14.32	10.63	29.53	45.89	30.02	66.61	24.41	36.22	5.39	38.64	27.73	33.54	33.24	14.14	47.8	23.41	23.85	32.7	23.35	12.17	49.24	63.81	31.78	19.85	33.53	33.62	37.2	33.24	56.01	35.34	32.65	47.13	27.8	18.87	29.02	21.93	4.0	38.9	19.42	25.81	65.46	26.02	38.42	8.94	56.14	63.7	34.06	27.46	54.45	32.39	42.54	44.82	35.47	49.04	15.0	47.41	23.35	9.06	40.45	62.77	17.69	52.15	15.0	49.19	38.6	28.28	30.41	41.23	53.76	38.21	16.0	2.24	30.08	31.3	10.2	31.95	29.07	27.17	54.08	33.12	
3.0	35.47	47.51	50.8	21.1	61.68	28.6	40.71	32.14	58.0	73.82	63.03	69.92	50.09	54.15	21.0	72.47	65.0	16.12	38.01	25.96	65.37	22.8	78.39	26.83	26.17	29.0	33.3	0.0	25.94	18.25	6.08	20.25	53.76	39.62	17.26	7.0	53.82	44.41	51.62	30.41	47.17	58.05	76.55	12.08	26.4	67.01	52.8	47.51	32.76	34.06	75.64	61.55	20.4	31.0	60.53	18.0	21.02	30.0	60.42	26.0	48.92	70.49	16.28	46.4	32.25	43.01	76.9	68.95	63.98	44.41	39.7	73.5	65.92	11.4	60.13	24.19	17.12	64.2	60.41	20.0	33.62	39.2	28.02	63.01	71.55	57.63	63.6	31.91	69.35	13.34	40.79	15.81	43.83	63.39	49.04	43.68	14.42	10.0	42.06	81.63	67.12	9.85	13.45	32.76	10.63	8.54	58.46	42.8	67.96	43.0	78.71	42.0	52.01	23.35	39.29	36.07	6.32	42.45	37.22	69.77	21.02	5.39	25.24	39.96	75.0	5.0	60.61	65.97	18.38	48.38	60.3	48.26	48.37	48.27	51.08	41.3	28.02	70.77	65.37	36.06	36.62	37.58	69.0	39.0	55.97	46.0	63.29	64.29	51.35	25.71	35.47	14.56	36.12	41.87	12.08	57.58	28.44	42.52	38.21	
27.46	51.2	55.23	49.68	46.17	63.66	12.53	14.76	57.01	33.84	55.58	56.8	55.08	46.04	49.93	12.17	77.16	57.78	41.44	19.03	32.7	45.89	6.08	60.53	1.0	41.59	43.93	13.04	25.94	0.0	43.66	31.78	13.0	30.41	31.38	42.72	32.31	28.32	24.19	59.36	17.49	32.56	46.57	60.07	18.03	47.01	44.78	36.01	25.3	25.61	58.69	78.52	38.08	43.74	55.32	57.14	23.77	45.88	47.38	48.05	12.37	24.41	50.0	11.4	21.26	6.4	23.85	60.13	70.18	46.17	21.84	54.82	52.2	54.34	19.21	55.07	9.06	25.5	59.06	62.24	7.0	7.81	38.18	46.17	41.44	75.69	35.47	49.25	16.16	51.35	26.02	41.77	32.02	27.17	59.17	36.14	19.0	31.0	17.46	25.18	61.03	72.35	21.26	14.14	21.02	30.27	32.28	46.1	58.69	47.13	23.32	59.44	37.8	30.36	16.0	15.13	13.34	32.2	31.38	16.12	74.33	13.15	30.23	12.73	57.71	74.4	28.46	38.63	65.0	19.92	50.99	56.08	45.61	55.76	26.25	55.44	34.13	4.0	53.24	71.06	11.0	53.76	11.7	61.47	44.94	41.3	41.05	53.76	64.03	48.6	21.4	15.0	18.36	19.85	17.49	20.81	42.11	32.25	57.28	21.93	
18.0	27.51	44.41	53.76	3.16	61.07	43.6	58.31	14.0	73.82	85.45	67.91	79.65	55.08	58.69	39.12	68.88	70.34	2.24	52.5	30.08	78.1	41.0	89.59	44.6	22.0	24.08	48.83	18.25	43.66	0.0	12.17	35.23	69.2	48.88	1.0	11.4	70.71	58.8	47.85	43.86	58.6	66.64	86.95	26.93	15.23	81.34	64.82	62.63	43.01	16.03	73.16	76.84	7.28	13.34	63.79	27.66	3.61	21.84	69.32	44.1	65.19	83.63	34.53	63.13	49.77	61.03	87.46	68.18	75.8	62.65	31.38	87.05	73.93	29.0	64.54	42.43	25.61	68.25	60.03	37.16	51.08	44.27	19.65	77.08	68.45	72.25	73.43	46.1	81.02	21.93	44.15	18.36	56.64	66.91	59.36	61.85	18.03	26.4	55.17	94.49	63.56	27.02	29.97	50.16	15.56	11.66	67.54	33.12	81.39	61.07	90.8	48.47	66.6	41.01	57.49	52.15	12.04	52.7	55.44	66.49	39.05	16.12	40.0	28.84	75.06	15.23	75.01	67.03	35.23	49.09	64.13	52.63	45.4	63.25	50.04	49.65	45.19	82.1	61.61	54.12	26.83	55.36	74.22	39.12	66.57	52.2	70.23	65.01	55.32	36.88	50.8	32.02	54.0	58.31	29.07	68.51	33.62	34.01	56.01	
6.32	31.89	45.69	51.09	15.03	60.88	33.24	46.52	26.08	63.13	77.41	64.12	72.8	51.09	55.04	27.02	70.77	66.27	10.05	42.52	26.02	69.34	28.86	81.84	32.7	23.32	26.08	38.21	6.08	31.78	12.17	0.0	24.76	58.73	42.06	11.18	1.41	59.36	48.92	49.66	34.41	50.54	60.44	79.71	16.28	21.63	71.59	56.44	52.33	35.47	28.02	74.33	66.48	14.87	25.02	61.03	19.92	15.0	26.17	62.94	32.02	54.2	74.63	22.36	51.87	38.01	49.0	80.11	68.15	67.6	50.49	36.12	77.8	68.15	17.12	61.03	30.27	18.44	65.01	59.67	25.55	39.36	40.05	24.04	67.48	70.01	62.29	66.48	36.24	72.95	14.32	41.05	14.32	47.71	64.01	52.0	49.73	13.15	15.0	46.04	85.7	65.39	15.3	18.6	38.47	9.06	4.47	61.03	38.9	72.2	49.01	82.49	43.42	56.64	29.15	45.35	41.23	1.0	45.31	43.29	68.15	27.0	5.66	29.73	35.61	74.53	4.47	65.19	65.76	23.77	47.85	61.0	49.01	46.62	53.04	50.0	43.42	33.62	74.24	63.56	42.06	32.56	43.46	70.26	38.08	59.09	47.38	65.12	63.95	52.0	28.64	40.31	20.22	42.05	47.2	17.46	60.84	29.02	38.95	44.1	
22.83	38.47	42.44	38.59	37.22	52.01	8.49	25.08	47.42	38.6	53.85	47.8	50.8	35.85	39.92	19.72	65.07	49.24	33.02	17.8	19.7	45.18	15.56	58.52	13.93	29.07	31.26	13.6	20.25	13.0	35.23	24.76	0.0	34.06	22.36	34.41	24.76	35.85	24.21	46.62	10.44	27.66	40.0	57.01	8.49	35.51	46.86	32.89	27.59	15.52	48.85	66.84	41.77	33.62	45.31	47.01	11.05	36.72	35.01	42.05	22.67	30.02	50.25	14.87	28.23	17.03	36.72	57.28	58.82	44.01	34.79	41.98	53.25	48.0	20.0	45.54	19.1	13.0	49.65	50.61	7.07	18.0	26.63	34.01	42.8	63.7	37.54	44.55	11.66	49.4	14.56	29.83	20.4	23.77	49.4	30.15	31.4	19.65	10.3	21.93	61.4	60.11	21.1	7.28	31.89	20.12	23.6	40.05	45.89	47.71	36.24	58.6	27.31	31.89	24.19	27.89	17.0	25.5	24.0	29.07	62.24	20.59	25.55	5.0	45.18	63.63	20.52	40.46	54.2	24.74	38.95	46.24	34.89	43.01	28.28	43.14	24.74	12.04	50.92	58.73	23.54	41.19	23.02	53.15	32.2	36.67	31.02	46.27	53.0	38.01	9.43	15.62	21.21	32.02	23.26	22.0	38.08	19.42	44.38	34.21	
55.97	65.97	61.03	47.3	71.03	61.03	25.61	20.02	80.78	5.1	28.64	45.79	32.76	41.48	43.66	42.15	75.27	45.22	67.01	17.0	46.17	18.68	36.25	33.54	29.97	58.52	59.77	20.52	53.76	30.41	69.2	58.73	34.06	0.0	30.0	68.41	58.8	10.63	11.4	64.2	25.94	20.62	31.62	34.79	42.52	67.12	14.56	17.49	6.71	30.81	81.99	74.32	7.81	66.89	78.39	49.66	42.54	70.46	64.51	31.24	40.52	7.0	21.0	41.68	11.0	24.7	40.45	34.48	65.39	21.47	33.73	68.25	22.36	36.77	49.4	46.07	38.28	44.78	48.88	59.77	34.21	23.41	41.0	64.26	12.0	73.39	6.08	29.07	23.32	25.3	47.71	45.01	52.84	17.0	50.12	24.35	27.46	52.48	43.84	17.12	31.4	71.84	51.31	40.31	46.27	53.82	57.63	30.0	72.18	18.0	39.46	31.02	37.12	5.39	45.22	29.02	17.8	59.41	26.08	35.0	72.73	43.08	58.8	29.21	73.25	66.73	54.56	9.0	58.6	50.16	52.47	47.85	42.95	61.07	6.32	57.56	32.06	26.93	27.51	71.31	27.17	69.38	23.19	47.63	52.09	23.6	37.66	39.2	58.69	44.64	34.01	18.44	48.76	42.01	13.0	51.11	22.67	43.42	69.87	43.01	
42.58	37.58	31.06	19.42	49.65	33.84	18.87	35.23	57.31	35.01	36.88	25.63	30.87	14.87	18.6	41.44	48.02	26.93	47.01	17.0	19.8	30.81	36.25	40.8	31.91	32.02	32.45	20.52	39.62	31.38	48.88	42.06	22.36	30.0	0.0	48.37	41.44	37.85	19.24	34.37	13.89	11.18	18.44	38.08	28.07	41.77	36.77	17.49	24.19	7.0	57.98	48.41	35.51	44.2	54.45	25.81	22.14	48.83	37.44	20.88	43.38	30.81	36.62	37.11	31.95	31.14	53.81	38.59	39.7	27.59	49.58	39.22	40.5	26.31	42.19	23.71	39.81	23.77	27.73	32.45	28.46	31.11	11.0	37.8	32.31	46.32	29.61	24.6	15.62	32.56	27.86	15.03	30.53	13.0	27.78	10.63	44.2	30.89	31.02	13.15	46.75	43.83	43.05	29.07	52.35	34.01	39.0	18.97	43.01	34.99	53.08	42.45	7.62	25.08	45.88	42.45	23.6	43.01	4.47	46.1	45.28	42.38	44.91	19.31	44.78	43.28	37.64	31.32	33.97	47.07	23.09	24.7	15.0	31.14	24.08	28.16	2.83	28.02	33.42	42.95	38.18	41.15	35.47	30.81	22.2	17.8	9.9	24.02	33.24	17.69	14.04	20.0	43.57	51.04	27.73	44.18	19.85	16.28	40.52	53.01	
17.0	27.86	44.55	53.6	4.12	61.13	42.8	57.38	15.0	73.01	84.88	67.68	79.18	54.82	58.46	38.12	69.12	70.09	1.41	51.74	29.73	77.47	40.02	89.04	43.66	22.02	24.19	48.01	17.26	42.72	1.0	11.18	34.41	68.41	48.37	0.0	10.44	69.84	58.05	48.05	43.14	58.01	66.21	86.45	26.08	15.65	80.62	64.2	61.85	42.44	17.03	73.35	76.06	7.62	14.32	63.64	27.02	4.47	22.14	68.88	43.1	64.35	82.98	33.54	62.27	48.85	60.03	86.95	68.26	75.21	61.66	31.78	86.37	73.54	28.0	64.33	41.44	25.0	68.07	60.07	36.25	50.16	43.97	19.92	76.37	68.66	71.51	72.95	45.34	80.45	21.26	43.93	17.89	55.97	66.75	58.83	60.88	17.49	25.5	54.49	93.86	63.79	26.02	29.07	49.16	14.87	10.82	67.08	33.62	80.72	60.07	90.21	48.1	65.86	40.01	56.52	51.31	11.05	52.15	54.45	66.71	38.05	15.13	39.2	29.41	75.11	14.32	74.28	67.01	34.23	49.04	63.95	52.39	45.54	62.48	50.09	49.19	44.28	81.54	61.85	53.16	27.29	54.42	73.98	39.05	66.04	51.87	69.89	65.0	55.11	36.24	50.0	31.02	53.0	57.45	28.07	67.96	33.24	34.44	55.01	
7.62	30.48	44.38	50.04	14.14	59.67	33.24	47.01	25.18	63.25	77.03	63.2	72.24	50.16	54.08	28.0	69.46	65.38	9.22	42.45	25.0	69.07	29.61	81.41	33.24	21.95	24.7	38.29	7.0	32.31	11.4	1.41	24.76	58.8	41.44	10.44	0.0	59.68	48.84	48.33	34.21	50.12	59.77	79.2	16.28	20.25	71.51	56.08	52.35	34.93	27.07	73.05	66.53	13.6	24.0	60.01	19.31	14.04	24.76	62.3	33.0	54.41	74.4	23.19	52.15	38.48	50.01	79.62	66.94	67.23	51.35	34.71	77.62	67.45	18.25	60.07	31.14	17.72	64.03	58.46	25.94	39.81	39.12	22.63	67.36	68.71	62.24	65.92	36.12	72.56	13.6	40.01	13.15	47.43	63.0	51.48	50.45	12.04	15.26	45.8	85.45	64.08	16.49	18.87	39.62	8.0	3.16	60.41	37.48	72.01	50.0	82.15	42.58	56.59	30.27	46.1	41.4	2.24	44.78	44.18	66.85	28.02	7.07	29.7	34.21	73.35	4.24	65.12	64.63	25.0	46.69	60.01	48.04	45.31	53.04	48.76	42.72	34.0	73.82	62.24	42.72	31.14	44.01	69.35	36.88	58.6	46.53	64.33	62.8	51.01	28.18	40.36	21.38	43.1	47.43	18.68	60.37	28.07	37.54	45.18	
55.61	71.45	68.73	56.3	72.9	70.38	28.16	14.42	83.26	9.22	38.28	56.04	43.27	50.7	53.23	38.6	84.69	55.61	68.48	22.0	51.35	28.64	33.3	43.01	27.59	63.15	64.78	22.8	53.82	28.32	70.71	59.36	35.85	10.63	37.85	69.84	59.68	0.0	18.68	72.18	30.27	29.97	42.01	44.78	43.83	70.88	22.2	27.8	13.93	37.01	84.69	84.08	14.14	69.46	81.15	59.54	45.88	72.45	69.23	41.77	35.85	7.07	29.83	39.6	7.62	21.93	32.02	44.38	75.13	31.91	25.0	74.17	30.15	47.38	47.38	56.08	34.41	48.08	59.08	69.08	33.84	20.52	48.66	68.66	21.19	82.86	16.12	39.7	27.29	35.34	50.33	52.77	55.97	25.3	60.21	34.0	19.1	55.36	44.42	24.74	39.05	80.99	49.5	40.82	39.85	55.95	59.06	40.46	78.16	26.93	31.02	39.81	45.35	15.62	40.82	21.84	18.97	59.91	34.48	27.89	82.08	39.41	58.41	31.62	78.64	76.85	55.57	18.38	68.48	46.62	60.88	57.8	51.87	68.88	14.32	65.97	40.26	25.81	37.58	80.32	21.47	74.67	18.03	58.14	59.21	34.06	46.49	49.68	68.43	53.85	38.47	21.38	46.1	34.93	12.65	48.84	33.24	49.09	76.06	35.51	
46.87	54.57	50.25	37.7	60.44	51.89	15.81	19.72	69.89	16.49	31.4	38.9	31.58	32.2	34.99	36.35	66.21	38.95	56.64	6.4	34.79	21.84	30.27	36.35	24.08	47.17	48.38	11.7	44.41	24.19	58.8	48.92	24.21	11.4	19.24	58.05	48.84	18.68	0.0	53.6	15.0	12.04	25.81	36.0	32.65	55.9	22.67	12.65	5.0	19.42	71.02	65.86	18.36	56.04	67.42	41.62	31.62	59.82	53.14	26.42	36.0	11.7	26.4	34.48	13.6	20.1	40.72	36.01	56.94	22.02	34.99	56.89	29.15	32.65	41.79	38.42	33.06	33.84	41.77	50.57	26.0	19.24	30.15	52.92	18.6	64.4	13.45	26.25	12.73	27.17	37.01	34.23	41.88	6.71	42.64	16.28	28.84	41.62	34.41	6.08	37.58	62.39	43.46	31.06	43.42	43.28	47.38	24.7	60.83	23.71	39.81	35.44	26.68	7.81	40.11	28.64	11.0	49.68	15.81	33.84	63.56	37.34	49.65	19.21	61.85	59.2	44.6	16.28	50.48	43.93	42.2	40.0	33.24	50.36	5.1	47.3	21.59	20.22	29.07	61.68	25.3	57.97	21.54	42.01	41.0	18.79	27.86	33.6	50.25	35.34	22.83	9.49	41.76	40.26	10.82	43.66	18.97	32.02	58.55	41.76	
54.2	21.0	4.24	18.97	46.39	15.23	48.75	67.78	47.27	69.12	62.39	31.4	52.33	24.74	25.08	65.12	21.19	34.21	47.3	50.7	27.59	60.42	62.01	64.4	60.21	26.57	24.04	52.55	51.62	59.36	47.85	49.66	46.62	64.2	34.37	48.05	48.33	72.18	53.6	0.0	44.38	44.0	40.16	59.94	45.97	33.14	68.59	49.16	58.55	36.06	46.53	25.32	69.01	40.61	44.18	24.84	37.48	45.4	26.17	42.72	68.88	65.12	65.97	59.41	65.97	61.72	83.22	60.83	21.38	55.79	80.53	18.25	70.09	43.42	60.44	28.02	65.44	36.8	29.73	14.76	53.6	62.17	23.54	28.28	64.38	20.62	63.01	48.1	47.17	59.14	39.2	19.42	35.85	47.27	27.59	41.11	76.06	37.22	48.84	47.52	73.74	15.81	60.0	49.52	77.99	41.18	45.19	42.06	19.31	65.31	82.68	68.15	27.07	59.08	69.31	73.36	56.3	50.57	38.12	75.47	18.68	65.8	55.01	47.01	24.04	28.64	47.01	64.12	22.83	67.36	12.17	26.4	22.36	3.61	58.42	7.62	32.14	57.31	58.87	13.93	68.88	23.19	67.12	36.8	14.42	45.89	27.07	38.08	20.59	22.14	38.08	52.81	63.13	78.6	61.4	62.01	48.05	27.2	16.76	80.8	
33.11	41.19	40.5	32.53	45.45	46.75	5.0	23.41	54.92	30.87	43.46	39.4	40.45	28.6	32.45	27.89	60.61	40.5	41.73	8.94	21.1	34.99	22.47	48.1	18.03	32.98	34.53	8.25	30.41	17.49	43.86	34.41	10.44	25.94	13.89	43.14	34.21	30.27	15.0	44.38	0.0	17.26	30.15	46.57	18.36	41.23	37.48	22.47	19.24	8.6	56.08	61.55	33.29	41.05	52.48	39.66	16.64	44.82	39.05	32.02	29.55	23.54	40.22	24.08	23.02	17.8	40.31	46.84	53.04	33.62	36.62	44.01	43.42	38.12	30.15	37.59	26.0	18.87	41.59	45.34	15.13	18.03	21.63	38.6	33.24	59.03	28.43	34.23	3.0	39.0	22.02	25.55	26.93	13.42	41.68	20.0	31.76	26.63	20.62	11.66	51.31	56.04	31.4	17.72	38.47	28.32	32.56	30.02	48.01	37.8	39.62	48.3	20.52	22.8	32.28	29.41	12.17	35.23	14.32	32.53	57.8	28.86	35.78	6.0	48.37	57.01	30.0	31.14	47.63	34.13	34.67	38.59	28.32	40.85	19.72	39.45	16.64	14.21	40.5	54.92	25.0	44.41	22.83	44.27	30.36	26.31	23.6	36.88	46.75	31.24	8.25	9.0	31.0	37.2	18.0	32.14	27.66	19.03	46.01	39.2	
49.98	48.75	41.11	26.68	59.67	40.5	21.0	31.4	67.9	25.32	26.93	26.87	23.19	20.88	23.26	44.18	54.78	27.02	56.61	13.93	30.61	19.85	38.33	31.3	32.76	43.01	43.57	19.65	47.17	32.56	58.6	50.54	27.66	20.62	11.18	58.01	50.12	29.97	12.04	44.0	17.26	0.0	14.32	29.41	35.11	52.63	25.63	6.4	16.12	15.62	68.68	54.12	25.02	54.49	65.12	29.68	31.06	58.9	48.55	15.52	44.91	23.32	25.61	41.01	25.61	30.08	51.97	29.73	45.18	17.2	46.62	50.33	29.41	21.84	47.38	26.4	41.59	33.02	29.73	39.22	32.02	29.55	21.59	48.83	21.19	52.92	19.03	17.03	17.0	22.47	36.89	25.32	40.46	5.83	30.61	4.24	40.61	40.61	37.64	7.62	36.07	51.24	48.66	34.93	53.16	43.27	48.02	13.6	54.08	23.85	51.11	32.2	17.12	15.3	48.37	39.96	21.02	51.43	6.71	44.72	52.2	45.18	52.55	23.19	55.95	47.2	46.07	20.4	38.59	51.0	32.06	28.02	22.36	41.05	15.65	37.12	12.37	28.64	23.71	50.7	36.24	52.33	32.76	30.23	32.98	9.06	17.12	21.95	38.47	24.04	21.95	18.03	48.09	50.7	22.67	49.37	10.44	27.2	51.55	52.39	
61.0	50.99	38.48	21.19	67.12	32.02	34.53	45.49	73.82	35.36	22.36	14.32	13.45	15.65	15.3	57.87	45.54	13.6	64.88	28.23	36.72	21.0	52.17	25.0	46.84	47.8	47.51	33.84	58.05	46.57	66.64	60.44	40.0	31.62	18.44	66.21	59.77	42.01	25.81	40.16	30.15	14.32	0.0	21.21	46.39	57.8	30.27	14.21	29.0	25.32	74.2	43.68	33.24	61.4	70.8	19.24	40.52	66.24	52.4	2.83	58.94	36.07	26.17	54.23	38.95	44.38	66.24	21.93	34.93	16.03	60.75	51.4	30.27	8.0	60.0	15.3	55.54	42.06	17.46	31.0	45.28	43.86	23.43	53.26	26.68	43.57	27.73	8.06	30.59	18.97	46.17	25.5	48.33	20.12	18.97	10.44	54.64	48.85	49.25	21.93	33.62	43.05	61.03	47.04	67.36	52.2	57.25	2.0	54.64	26.0	65.37	28.18	18.6	26.4	62.17	54.2	35.34	61.4	16.0	59.03	43.29	58.86	63.35	36.12	57.63	35.34	56.04	27.51	27.89	64.28	28.23	17.26	18.36	38.08	28.28	32.57	17.09	42.72	18.79	43.0	50.54	54.56	47.01	16.28	33.42	8.06	15.56	7.81	28.44	18.03	32.39	32.31	61.07	65.0	36.62	62.0	9.49	33.12	51.87	66.71	
