190
0.0	58.05	99.32	59.03	34.41	17.46	64.63	13.6	79.25	86.15	66.57	86.83	73.08	42.3	5.1	42.45	4.12	62.65	53.94	60.03	75.93	32.25	85.09	76.37	61.68	14.87	67.05	62.13	62.39	94.81	98.81	88.06	62.3	61.29	78.57	56.65	75.24	37.59	67.07	32.25	19.85	69.12	92.11	32.2	97.65	54.23	21.84	42.8	54.78	30.0	56.32	7.81	71.39	48.33	51.35	15.23	47.42	34.21	72.45	64.03	79.06	89.69	24.19	79.31	65.6	79.06	38.29	5.83	40.72	49.24	37.2	48.17	28.16	24.7	75.58	68.45	15.03	77.23	33.02	35.61	29.02	71.59	81.57	41.19	46.65	75.74	33.96	58.42	69.86	52.35	53.82	62.65	68.88	52.7	69.63	26.93	44.28	46.62	78.85	79.03	48.26	52.47	68.26	75.17	76.16	54.2	24.74	59.64	44.15	70.84	48.75	72.24	46.82	34.41	55.8	79.31	31.06	98.6	72.01	52.0	42.19	43.46	70.18	51.04	70.03	65.01	28.02	30.02	68.59	29.41	89.19	32.02	44.27	84.59	65.03	53.76	22.85	17.03	55.07	24.08	61.85	53.76	63.2	48.76	30.68	80.81	7.81	43.17	28.44	63.25	39.92	18.25	36.06	64.12	46.17	31.02	48.0	75.54	19.7	17.8	34.79	69.86	45.35	67.62	53.0	46.49	65.12	22.8	49.48	89.56	7.07	41.44	58.31	44.41	39.81	70.01	52.17	60.17	65.74	56.08	36.12	86.82	19.42	19.0	85.21	16.76	95.88	64.78	53.25	21.1	
58.05	0.0	46.1	31.76	24.21	43.6	57.7	44.82	21.21	60.44	18.38	72.35	38.01	48.09	55.17	16.12	61.52	41.05	35.85	18.38	19.92	74.63	60.31	18.6	23.43	43.19	33.97	15.81	42.72	39.0	43.66	50.16	66.1	20.52	21.47	64.54	60.8	25.71	53.85	27.46	38.21	38.21	48.05	28.65	43.01	40.85	52.2	15.81	25.94	41.11	25.5	58.9	64.88	63.2	38.9	44.65	63.13	25.06	34.13	48.02	60.96	44.91	35.85	64.03	9.06	26.08	19.8	56.64	26.08	19.1	21.4	43.29	44.6	34.06	30.68	75.58	50.12	19.21	72.8	23.71	82.37	77.49	25.08	39.05	67.01	17.69	35.51	53.49	29.15	34.21	8.06	56.86	61.29	14.87	40.31	51.66	24.02	21.0	46.04	23.77	39.05	51.66	20.25	20.1	33.62	12.65	74.69	13.45	33.24	34.41	22.56	32.25	27.46	73.5	11.66	44.94	29.07	41.68	26.93	44.92	18.38	26.02	57.14	42.72	51.4	49.4	42.72	59.44	11.18	35.74	48.7	64.54	57.08	55.8	48.55	53.85	55.03	59.93	70.58	33.97	35.0	36.77	39.45	26.31	32.2	47.71	59.64	33.14	39.56	66.41	58.03	45.18	75.43	40.82	25.02	31.3	43.93	49.52	55.15	40.61	54.33	23.71	32.39	10.44	16.16	28.44	39.82	49.66	55.73	50.33	53.81	49.04	41.59	37.34	51.0	52.2	34.18	33.02	24.41	3.0	40.11	40.61	58.69	47.42	67.21	44.42	44.28	35.81	13.93	37.54	
99.32	46.1	0.0	73.17	68.71	87.73	65.15	85.76	30.41	48.04	32.76	65.03	34.93	71.61	97.62	58.18	103.25	49.19	53.01	39.41	26.31	105.76	49.01	30.02	63.2	85.09	38.59	37.22	50.99	10.3	6.4	30.02	77.16	38.42	26.0	79.31	59.68	61.85	58.52	72.45	80.53	39.81	20.1	74.0	5.0	56.6	86.31	61.03	46.67	87.09	68.01	102.0	68.45	83.24	57.43	84.31	83.73	65.37	32.25	54.78	56.22	19.03	75.17	60.21	44.01	20.62	63.69	99.36	59.2	64.5	66.13	88.14	90.52	77.88	25.61	84.9	87.62	33.38	103.08	64.01	118.11	85.15	22.0	65.19	88.68	33.14	68.01	65.39	32.02	78.01	53.76	65.79	65.97	46.65	41.23	83.45	55.61	66.75	36.67	22.36	60.0	68.0	31.06	44.15	26.93	57.31	109.6	39.82	59.41	34.48	51.22	31.06	54.49	103.23	43.83	34.71	68.26	14.21	28.28	61.91	64.29	56.85	59.67	60.75	52.89	55.36	88.6	89.38	35.36	71.22	26.02	93.86	79.08	43.0	54.42	69.32	88.39	95.59	87.73	76.48	44.94	53.82	79.63	71.25	77.79	36.35	98.6	60.11	73.76	76.84	82.66	82.8	104.81	80.75	70.58	76.84	64.07	44.91	89.87	81.63	81.84	57.07	58.0	42.0	46.32	55.17	45.62	95.19	74.3	28.07	96.65	73.01	53.71	61.72	75.8	53.85	53.41	45.22	34.66	49.03	69.31	17.72	93.38	83.87	59.01	83.23	5.1	74.81	46.14	80.96	
59.03	31.76	73.17	0.0	31.32	41.59	85.43	50.0	43.0	91.84	50.09	102.59	69.64	70.21	54.34	35.23	60.88	70.72	63.78	49.65	47.85	86.15	91.61	43.19	10.0	47.01	65.22	47.51	72.12	64.0	69.0	81.86	91.59	51.87	47.27	88.59	90.51	45.65	82.81	30.41	43.05	69.4	79.06	29.15	69.03	68.25	64.78	28.3	55.17	30.08	6.4	55.66	93.09	84.69	65.6	52.09	84.31	40.31	65.86	77.1	91.35	75.89	47.07	94.07	29.61	55.54	32.2	54.82	48.55	15.81	30.08	18.03	33.11	37.05	62.24	100.85	59.14	40.0	85.38	39.81	87.82	103.25	51.24	61.77	86.98	40.05	54.63	80.21	60.9	7.81	24.41	84.2	89.5	43.93	71.4	66.71	48.6	16.55	77.7	51.79	64.64	76.85	51.89	30.41	65.31	19.42	82.15	44.94	57.69	66.04	49.58	64.01	53.41	86.47	42.2	76.66	43.66	64.28	58.6	71.03	24.6	50.22	86.31	68.82	81.34	78.52	32.31	74.53	39.29	51.87	80.23	79.25	78.39	87.37	77.79	79.08	67.74	69.03	92.7	40.31	65.19	64.54	7.81	11.18	29.02	79.4	64.28	57.14	55.66	92.11	77.49	55.44	88.46	9.22	14.32	29.0	68.8	80.6	66.37	47.1	72.42	18.03	57.43	31.4	45.34	54.2	70.18	39.81	79.18	81.94	52.39	70.68	70.09	61.59	71.69	82.04	61.72	63.03	56.08	29.15	60.42	71.47	69.18	58.55	97.84	53.24	72.69	6.08	43.28	40.0	
34.41	24.21	68.71	31.32	0.0	19.42	57.49	21.93	45.34	69.89	36.88	77.18	50.49	39.66	31.14	11.05	37.64	46.1	37.59	32.06	43.42	56.14	69.29	42.8	30.02	19.72	44.72	32.56	46.96	62.65	67.08	65.19	61.85	34.01	45.49	58.25	64.66	16.4	56.3	4.0	14.76	48.27	66.19	6.08	66.21	41.05	34.01	8.49	32.02	20.1	26.31	34.71	65.3	53.67	38.01	22.8	53.23	9.9	48.09	51.11	66.65	63.29	16.03	68.6	31.24	48.1	5.1	32.53	20.25	17.0	2.83	31.24	23.0	9.9	48.26	70.8	29.43	43.14	55.01	10.0	60.75	73.41	48.88	31.89	55.71	41.77	23.85	51.66	44.0	27.78	19.42	55.97	61.85	24.02	49.73	35.51	21.93	15.13	58.05	46.96	36.24	47.42	38.83	40.82	50.04	20.25	53.85	29.61	29.21	47.27	25.0	47.01	26.83	56.0	25.5	57.71	12.53	65.73	44.28	42.52	8.25	22.83	59.91	40.46	56.36	52.48	21.0	43.42	35.23	20.62	65.01	48.26	47.41	66.48	51.97	49.58	37.01	39.62	61.72	10.77	42.06	38.08	38.08	20.25	10.05	60.02	37.16	28.43	24.35	62.48	46.24	25.08	58.0	39.4	17.09	9.06	39.6	58.19	36.06	18.03	41.11	36.88	29.41	33.3	25.0	27.29	46.82	26.68	48.83	66.07	29.7	39.96	43.91	32.56	40.71	56.82	35.36	39.85	39.01	21.93	29.68	59.54	39.2	28.02	73.36	23.35	66.1	37.36	24.08	13.45	
17.46	43.6	87.73	41.59	19.42	0.0	65.39	11.4	64.66	82.87	55.36	86.98	66.12	43.91	13.0	29.55	19.7	58.55	49.5	49.73	62.77	46.57	82.04	62.2	44.38	8.49	60.07	50.92	58.86	81.99	86.35	81.22	66.29	51.42	64.9	61.4	74.63	29.02	66.1	16.28	9.22	63.0	83.55	15.62	85.42	51.42	28.6	27.8	47.1	13.6	38.9	15.62	72.92	54.49	48.27	14.87	53.76	23.35	64.5	61.85	77.62	80.81	17.72	78.75	50.21	67.12	24.19	13.89	33.0	32.25	22.2	32.02	13.04	9.85	65.97	74.03	21.1	62.37	46.49	24.52	46.27	77.01	68.26	39.22	54.56	61.07	30.36	59.09	61.0	35.06	38.18	63.56	69.86	41.76	64.03	32.56	36.06	29.53	73.0	66.24	45.61	53.67	57.25	59.03	67.27	37.8	41.05	48.1	39.62	63.29	40.2	63.79	40.01	47.76	44.01	73.03	22.0	85.15	62.1	50.92	26.17	36.0	69.57	49.34	67.68	63.06	12.08	38.83	54.64	25.3	81.61	42.54	49.04	80.31	62.82	55.47	31.06	29.41	62.23	12.04	56.04	49.65	46.01	31.32	13.42	75.0	23.02	38.64	26.83	67.12	45.97	19.8	49.65	47.0	28.79	13.89	47.17	71.45	28.65	11.66	40.31	52.77	40.45	52.35	42.45	40.05	60.21	11.18	52.7	82.39	11.18	43.57	55.11	41.48	43.01	67.91	47.38	54.01	56.29	41.23	34.93	77.37	30.46	22.67	84.2	16.97	84.86	47.38	42.06	7.07	
64.63	57.7	65.15	85.43	57.49	65.39	0.0	55.66	67.74	26.08	45.71	22.2	30.59	22.36	66.49	50.33	68.47	18.11	21.95	40.8	58.31	51.62	24.7	63.79	79.61	57.58	29.0	44.64	16.12	67.9	68.88	38.28	12.08	39.29	62.29	15.56	11.4	41.11	6.71	60.61	56.36	26.17	47.41	62.8	66.94	17.2	43.1	57.38	31.78	74.95	79.2	71.39	7.81	22.83	19.85	52.2	23.71	47.63	34.23	11.0	16.16	47.01	47.85	15.13	65.55	54.01	54.45	68.45	37.48	69.66	57.31	88.73	76.54	59.17	42.19	20.1	49.65	68.25	48.47	47.51	68.01	21.02	62.03	26.42	28.3	66.29	35.36	6.32	37.0	84.17	62.43	2.0	4.47	42.94	24.33	38.05	36.88	69.43	29.07	58.03	21.26	12.17	45.4	75.58	39.46	67.12	59.91	45.54	28.32	32.14	36.06	36.12	32.02	47.93	46.1	30.87	46.04	73.82	42.0	15.0	61.55	35.38	7.21	17.03	12.53	10.05	74.79	38.47	58.94	40.25	41.68	40.52	22.56	27.59	11.05	11.0	43.0	51.04	24.08	55.07	24.33	21.1	93.09	75.74	66.03	30.02	59.08	29.07	38.63	11.7	27.66	47.54	48.75	94.49	72.86	65.22	18.36	21.1	46.01	53.85	31.06	81.39	28.28	65.79	41.59	31.24	21.0	76.56	16.28	40.5	66.94	23.19	16.16	25.0	25.02	11.66	23.85	25.71	38.33	59.06	30.46	47.43	48.04	45.89	21.21	50.0	60.08	90.8	43.83	59.48	
13.6	44.82	85.76	50.0	21.93	11.4	55.66	0.0	65.95	75.06	53.0	77.62	60.42	33.62	12.37	29.0	17.49	51.01	42.05	46.53	62.37	36.35	74.11	62.97	50.99	3.16	54.34	48.55	51.01	81.22	85.21	75.5	55.57	47.85	65.07	50.48	65.51	24.17	57.07	20.62	7.28	56.72	79.06	21.21	84.05	43.1	17.2	30.02	41.76	24.6	46.27	17.26	62.97	43.28	40.05	3.61	42.52	20.62	59.48	53.34	68.88	76.55	10.77	69.63	52.7	65.46	25.24	14.32	27.51	38.08	24.6	42.72	24.41	13.15	62.24	63.01	9.85	64.03	35.9	22.02	38.9	66.03	68.01	30.27	43.19	62.48	22.0	49.34	56.65	44.28	41.18	53.76	60.08	39.12	57.43	21.21	31.02	35.69	66.61	65.44	37.12	43.66	54.71	62.65	62.97	42.15	32.39	46.04	32.06	57.97	35.47	59.14	33.96	37.11	42.2	66.91	17.49	85.04	58.6	41.77	30.08	30.36	60.42	40.45	59.3	54.45	23.32	27.46	55.17	17.03	76.4	31.3	38.01	73.03	54.33	45.31	19.72	19.1	50.93	11.18	49.5	42.01	55.33	39.05	21.02	68.59	15.23	31.06	17.26	56.44	34.71	8.6	39.05	56.44	36.12	21.0	37.85	64.01	17.46	4.24	29.07	58.52	33.14	54.64	39.45	33.73	53.15	22.02	42.06	76.9	12.04	33.11	47.04	33.06	32.25	59.41	40.11	47.68	52.39	43.01	25.5	73.54	19.65	11.31	75.31	5.83	82.37	56.01	39.66	10.0	
79.25	21.21	30.41	43.0	45.34	64.66	67.74	65.95	0.0	61.91	22.09	76.97	40.31	64.13	76.38	37.01	82.73	49.65	48.01	28.07	9.85	94.02	62.27	4.0	33.0	64.38	39.29	24.08	51.62	21.0	26.0	46.75	78.16	29.0	6.4	78.01	67.36	45.18	62.37	48.41	59.41	43.01	40.61	49.41	26.08	53.0	72.01	36.88	38.12	60.83	38.21	80.06	73.76	78.64	52.09	65.6	78.77	45.8	35.85	56.89	65.92	37.64	56.61	69.64	15.23	17.03	41.01	77.83	44.38	36.4	42.52	58.86	64.41	55.23	28.65	87.37	70.72	3.0	91.92	44.41	102.93	88.68	9.43	55.54	83.19	3.61	54.23	65.12	31.62	48.37	26.93	67.48	70.41	30.68	45.22	70.77	41.44	39.0	47.01	12.04	53.34	65.03	22.36	13.93	32.25	29.15	95.02	24.52	49.24	37.34	38.33	33.62	43.17	92.48	26.57	45.28	49.65	21.84	26.93	58.03	38.83	43.32	65.0	56.08	58.24	58.05	62.65	78.19	11.18	55.47	43.84	83.22	72.99	56.6	57.07	67.01	74.69	80.26	85.21	55.17	43.42	49.01	49.25	42.45	52.7	48.02	80.6	49.48	59.03	78.23	74.95	65.73	94.34	50.36	42.38	51.87	58.31	53.31	75.18	61.72	72.12	26.68	48.05	13.0	31.32	44.15	47.07	69.97	70.26	45.97	75.01	65.31	52.15	52.95	67.68	59.2	47.1	42.19	29.43	23.43	57.87	33.3	78.77	67.74	71.11	65.22	30.68	44.41	29.73	58.73	
86.15	60.44	48.04	91.84	69.89	82.87	26.08	75.06	61.91	0.0	43.14	17.0	22.63	45.12	87.0	60.01	90.2	24.33	33.38	42.2	52.15	77.39	1.41	58.52	83.87	76.24	26.63	44.69	24.08	54.13	53.34	18.03	36.8	40.0	55.57	41.4	15.56	54.57	20.62	73.68	73.68	22.47	28.0	75.89	51.35	32.0	65.92	66.64	38.08	89.56	85.45	92.0	24.84	48.88	35.01	72.01	49.74	61.13	26.91	22.2	10.63	29.15	65.38	13.89	65.76	45.18	65.55	89.0	50.45	77.18	68.71	99.74	91.92	74.73	33.29	41.62	71.25	63.51	74.25	60.44	93.41	40.82	53.67	45.01	54.38	61.85	53.08	30.46	31.83	92.78	67.42	27.78	24.08	48.37	20.59	61.19	48.08	77.9	15.0	50.12	38.0	36.06	41.77	73.41	29.68	72.42	85.09	47.01	43.29	26.17	44.94	29.07	43.42	73.79	49.65	16.64	61.19	60.02	35.61	34.37	71.11	47.54	18.87	35.13	16.28	21.38	89.99	63.25	56.73	58.14	22.02	65.92	47.93	5.39	21.21	35.85	66.49	74.73	49.68	71.2	27.86	33.24	99.62	84.22	79.7	13.89	81.74	44.28	58.0	36.07	52.92	68.03	74.71	101.02	81.88	78.75	38.33	11.7	69.23	72.25	55.36	82.73	42.43	65.12	47.01	43.17	23.09	93.56	41.63	20.0	87.02	46.32	28.02	42.01	48.76	16.49	35.51	30.08	36.12	62.8	50.04	31.78	71.81	67.19	11.05	70.0	43.1	96.21	48.88	76.12	
66.57	18.38	32.76	50.09	36.88	55.36	45.71	53.0	22.09	43.14	0.0	56.6	20.52	43.32	64.88	25.96	70.49	27.66	26.17	7.21	13.15	75.47	43.19	18.11	41.34	52.35	17.89	4.47	29.61	29.07	32.56	31.78	56.08	7.28	17.12	56.08	46.1	29.21	40.52	40.79	47.85	21.95	30.15	42.58	31.24	31.06	54.67	30.07	16.76	56.32	43.86	69.32	51.92	57.27	30.41	51.61	57.49	32.65	16.28	34.93	45.28	27.07	42.44	48.76	22.63	12.73	31.78	66.65	26.87	37.11	34.53	61.19	59.54	45.54	12.37	65.28	55.23	22.56	73.06	31.3	86.45	66.61	18.03	35.34	62.1	20.62	36.24	43.05	11.31	52.5	26.25	45.4	48.51	13.89	24.19	52.43	23.35	38.64	28.32	14.32	32.02	43.19	2.0	30.89	15.23	31.02	78.1	7.28	29.07	17.03	19.21	14.21	23.32	73.43	11.4	27.02	35.51	33.84	8.54	36.22	34.0	24.84	43.32	34.37	36.77	36.14	57.56	59.17	13.89	38.9	30.36	64.01	51.92	38.21	35.17	45.1	57.01	63.7	63.51	43.86	21.38	27.17	57.71	44.38	46.53	29.83	66.07	29.53	41.77	56.14	54.42	50.33	75.18	59.06	42.76	45.54	36.88	33.02	58.14	48.88	52.33	39.6	27.73	22.02	13.6	24.19	25.3	63.56	48.66	31.95	63.95	44.6	30.07	32.31	47.17	37.7	25.5	20.1	7.62	21.19	38.59	23.0	61.72	51.62	51.04	50.61	29.55	53.85	13.42	48.47	
86.83	72.35	65.03	102.59	77.18	86.98	22.2	77.62	76.97	17.0	56.6	0.0	36.67	44.55	88.65	68.6	90.67	31.89	39.66	54.04	67.12	71.81	16.03	73.35	95.52	79.4	38.83	57.2	30.61	70.86	70.26	35.01	28.16	52.01	70.77	33.96	12.53	60.9	21.02	80.62	77.83	34.67	45.0	82.86	68.26	36.24	65.28	75.6	47.42	95.71	96.21	93.56	16.12	42.76	39.36	74.22	43.74	67.6	41.15	26.08	11.4	46.1	69.29	8.6	78.82	60.75	73.5	90.61	56.94	87.21	76.55	108.17	97.58	80.11	48.47	29.41	71.85	78.26	68.66	67.23	88.65	27.66	69.29	47.76	47.54	76.48	56.65	28.44	45.65	102.45	78.49	24.19	18.03	58.69	32.45	60.21	55.47	87.46	30.36	65.55	41.63	34.37	55.57	87.46	44.94	83.44	80.89	59.03	48.3	39.82	53.41	43.38	50.48	67.91	60.88	32.28	66.64	76.79	50.09	36.06	80.0	54.38	17.46	37.7	21.26	24.7	95.75	60.07	70.49	61.68	39.01	61.52	44.05	22.09	25.24	33.14	65.07	73.01	40.85	76.16	37.48	39.12	110.39	93.86	86.35	29.83	81.22	49.19	60.44	27.2	49.09	69.63	68.41	111.8	91.21	85.48	39.85	23.71	68.12	75.58	53.01	95.6	47.89	78.49	57.28	49.93	32.56	98.08	38.0	37.0	89.05	45.4	33.29	45.69	47.17	20.62	41.88	39.6	49.09	74.33	52.2	48.51	70.01	68.07	6.08	72.03	60.07	107.48	59.4	80.78	
73.08	38.01	34.93	69.64	50.49	66.12	30.59	60.42	40.31	22.63	20.52	36.67	0.0	38.21	72.78	39.81	77.2	14.42	20.25	20.12	30.46	72.92	22.67	36.67	61.4	60.83	6.08	22.2	16.12	37.34	38.33	15.13	42.45	17.89	34.18	44.38	27.46	37.12	24.19	54.45	57.31	5.0	20.0	56.57	36.4	22.63	55.95	45.88	19.03	70.58	63.29	77.67	35.0	48.55	24.21	57.97	49.09	43.0	4.47	19.92	25.63	18.38	49.82	29.41	43.14	24.52	45.71	74.73	33.24	55.46	48.84	78.77	73.33	57.0	12.17	50.64	59.24	41.59	70.04	42.01	86.84	51.24	32.98	33.62	54.08	39.82	39.22	30.46	9.22	71.11	45.28	31.05	32.06	27.2	6.32	52.15	30.07	56.46	8.06	29.12	27.2	33.29	19.21	51.04	9.0	50.25	78.24	24.7	29.15	3.61	26.0	6.71	26.48	70.01	27.73	7.28	44.18	43.29	13.42	27.66	50.29	30.27	26.0	26.87	19.0	20.62	71.34	56.85	34.21	43.68	16.16	60.88	44.82	17.8	19.65	34.48	57.45	65.37	52.8	54.08	11.66	20.81	77.39	62.65	60.53	9.85	70.38	30.08	44.94	42.2	48.84	55.03	71.42	78.77	60.54	59.54	30.41	13.0	59.54	56.89	48.92	60.11	27.86	42.52	25.96	26.68	10.82	76.01	39.66	16.49	72.37	39.62	19.21	30.02	42.45	20.0	21.47	13.0	13.6	40.5	38.47	17.49	62.77	55.15	30.89	56.32	29.97	73.82	27.51	59.08	
42.3	48.09	71.61	70.21	39.66	43.91	22.36	33.62	64.13	45.12	43.32	44.55	38.21	0.0	44.15	35.74	46.17	24.41	18.6	36.4	56.32	34.71	43.93	60.21	66.41	35.78	33.3	40.26	23.32	71.12	73.57	51.31	22.67	36.06	60.17	18.6	33.02	24.7	25.08	42.01	35.23	33.3	58.14	44.05	71.87	15.62	21.02	42.15	26.57	54.67	64.47	49.03	29.41	15.13	14.21	30.08	15.03	30.02	39.7	23.09	37.05	56.59	27.02	37.05	57.04	55.04	38.01	46.1	22.56	54.63	40.31	70.18	55.8	38.95	46.04	31.24	27.29	63.64	31.83	30.41	49.24	33.97	61.35	9.06	19.1	61.66	15.81	16.12	39.66	67.42	50.22	20.4	26.68	34.06	32.8	16.12	24.08	53.67	41.34	57.58	11.66	10.2	44.01	68.01	44.82	54.12	40.71	39.62	15.03	37.54	26.08	40.61	21.1	31.83	38.12	42.44	27.2	76.49	43.91	11.18	45.62	22.09	28.0	11.4	28.86	23.77	54.2	18.87	53.46	19.8	53.6	22.67	9.0	44.6	24.04	11.7	21.38	29.61	22.8	34.71	26.91	17.8	77.41	59.54	46.69	43.05	37.01	15.0	17.2	23.43	11.18	25.3	33.3	78.77	56.44	46.01	7.81	35.85	24.19	32.25	10.82	70.41	16.12	58.0	33.14	20.1	27.8	55.07	9.22	53.25	44.64	1.41	19.42	11.18	4.24	28.64	18.36	26.4	38.01	48.37	10.0	55.23	26.68	23.54	43.01	27.86	67.01	76.06	35.06	38.6	
5.1	55.17	97.62	54.34	31.14	13.0	66.49	12.37	76.38	87.0	64.88	88.65	72.78	44.15	0.0	40.0	6.71	63.13	54.23	58.6	73.6	37.12	86.01	73.66	57.38	12.53	66.71	60.42	63.03	92.66	96.8	87.86	65.0	60.01	76.06	59.51	76.79	36.4	68.47	28.6	17.2	69.05	91.39	28.3	95.72	55.0	24.6	39.62	54.12	25.02	51.87	5.0	73.5	51.48	52.01	15.03	50.61	32.25	71.84	65.07	80.4	88.87	23.09	80.89	62.37	77.18	35.38	2.0	39.85	45.18	33.97	43.1	23.09	21.26	74.46	71.59	17.09	74.25	37.74	33.62	34.0	74.71	79.2	42.01	50.22	72.84	34.13	60.21	68.95	47.52	50.45	64.54	70.83	51.0	69.72	29.55	43.32	42.49	78.92	76.84	49.0	54.34	66.65	71.61	75.27	50.48	29.83	57.8	44.28	70.34	47.76	71.47	46.32	39.12	53.85	79.25	29.55	96.21	70.77	53.24	38.6	42.72	71.7	52.09	71.06	66.12	23.0	33.6	65.95	29.27	88.77	36.07	47.01	85.15	66.07	55.79	26.08	21.26	58.52	21.4	61.81	54.15	58.31	44.27	26.4	80.89	12.53	43.29	29.0	65.92	42.94	19.1	40.82	59.21	41.79	26.83	49.25	76.11	23.02	16.16	37.58	65.74	45.4	64.44	51.43	46.1	65.38	17.72	51.87	89.27	2.0	43.42	59.01	45.01	42.06	71.11	52.35	60.02	64.62	53.04	37.05	85.8	23.35	20.62	86.7	17.0	94.37	60.02	51.48	17.69	
42.45	16.12	58.18	35.23	11.05	29.55	50.33	29.0	37.01	60.01	25.96	68.6	39.81	35.74	40.0	0.0	46.1	36.89	29.07	21.02	33.6	58.94	59.51	33.97	30.68	27.66	34.21	21.59	38.01	52.7	56.94	54.33	56.44	23.0	36.12	53.71	56.22	11.18	48.17	15.03	22.8	37.95	55.15	17.0	55.95	33.24	36.4	7.07	21.93	31.02	29.15	44.1	58.05	50.7	30.48	28.6	50.45	8.94	37.22	42.64	57.69	52.24	19.72	60.0	24.7	37.58	6.0	41.62	13.42	19.42	9.06	39.82	34.01	19.7	37.22	65.76	34.0	35.23	57.27	7.62	66.24	68.1	39.2	26.93	53.76	33.6	21.1	45.0	33.02	33.97	15.0	49.04	54.49	13.0	39.56	36.35	13.45	19.1	47.54	36.89	29.41	41.68	27.89	35.44	39.01	18.44	58.6	18.68	22.47	36.5	15.26	36.06	18.38	58.05	14.56	47.07	13.0	56.22	33.24	35.81	11.4	15.0	51.74	33.6	47.43	44.05	32.02	44.28	26.17	20.22	54.04	49.37	44.38	56.3	43.42	43.91	39.29	43.86	58.52	18.6	32.2	29.73	42.8	25.46	21.0	49.48	43.6	21.95	24.19	56.94	44.41	29.07	60.02	44.2	22.67	20.0	33.62	48.33	39.22	24.76	40.05	35.13	22.2	26.4	14.04	19.1	37.12	37.66	44.38	55.15	38.83	36.4	35.47	26.42	37.85	48.01	26.91	29.97	28.0	14.87	26.48	48.51	42.72	31.38	64.35	28.3	55.36	40.82	13.04	22.83	
4.12	61.52	103.25	60.88	37.64	19.7	68.47	17.49	82.73	90.2	70.49	90.67	77.2	46.17	6.71	46.1	0.0	66.75	58.05	64.01	79.65	33.6	89.14	79.93	64.08	18.44	71.17	66.04	66.48	98.6	102.65	92.18	65.8	65.3	82.22	60.08	79.16	41.59	71.03	35.23	23.35	73.25	96.21	34.99	101.51	58.31	25.5	46.1	58.87	31.26	58.52	6.32	75.13	51.62	55.44	19.31	50.7	38.01	76.55	68.07	83.02	93.78	28.18	83.22	68.88	82.93	41.73	6.08	44.78	51.88	40.46	49.0	29.02	27.8	79.62	71.69	19.0	80.66	34.71	39.41	28.16	74.85	85.28	45.28	49.65	79.21	38.08	62.29	73.93	53.94	57.01	66.48	72.69	56.6	73.76	30.59	48.33	49.19	82.98	82.8	52.35	56.32	72.2	78.24	80.23	57.14	25.08	63.51	48.27	74.95	52.8	76.32	50.92	36.12	59.64	83.43	34.99	102.3	76.03	56.01	45.22	47.54	74.11	55.08	74.06	69.03	29.15	33.11	72.18	33.53	93.3	34.67	47.8	88.68	69.07	57.56	26.25	19.72	58.14	27.59	65.97	57.87	64.63	50.92	33.11	84.93	10.3	47.3	32.56	66.76	43.32	22.36	37.64	65.49	48.47	33.54	52.01	79.63	23.09	21.63	38.33	72.45	49.48	70.94	56.94	50.6	69.23	23.09	53.15	93.68	8.54	45.28	62.39	48.51	43.57	74.03	56.29	64.29	69.78	59.46	40.2	90.87	22.36	23.02	89.14	20.88	99.85	66.49	57.14	24.21	
62.65	41.05	49.19	70.72	46.1	58.55	18.11	51.01	49.65	24.33	27.66	31.89	14.42	24.41	63.13	36.89	66.75	0.0	9.06	23.26	40.2	59.03	23.54	45.71	63.89	52.04	11.18	26.93	2.0	50.7	52.2	26.93	29.15	21.54	44.18	30.36	19.85	30.36	13.0	49.77	49.37	9.43	33.94	52.0	50.33	8.94	43.66	43.83	15.56	65.46	64.35	68.12	24.35	34.13	11.4	48.09	34.67	37.0	17.09	7.28	20.81	32.65	41.11	23.35	48.3	36.12	42.06	65.12	26.25	55.32	45.18	76.66	67.72	50.45	24.74	38.0	48.05	50.22	56.08	36.4	73.57	39.12	44.0	21.59	39.66	48.27	29.02	16.49	19.1	70.6	46.75	18.0	20.88	26.91	8.49	39.4	24.17	55.61	17.0	40.0	14.56	18.87	27.29	57.94	22.47	51.66	65.0	28.18	19.03	14.87	21.63	18.68	19.31	55.97	29.41	18.03	36.88	56.52	24.08	13.45	48.26	23.41	16.12	13.04	10.63	8.54	65.8	43.27	41.11	34.0	29.21	47.01	30.48	22.02	7.62	20.12	44.78	52.92	38.63	46.87	6.32	9.0	78.52	62.01	55.71	18.79	58.94	20.02	34.23	29.07	34.66	44.41	57.31	79.93	59.41	54.78	16.64	13.0	47.17	48.04	35.23	64.66	18.11	48.33	25.5	18.97	3.61	69.23	25.24	28.84	63.03	25.81	5.0	18.25	28.6	11.31	11.18	8.06	20.22	42.8	26.68	31.91	50.16	43.93	27.46	46.17	44.29	75.69	27.66	51.79	
53.94	35.85	53.01	63.78	37.59	49.5	21.95	42.05	48.01	33.38	26.17	39.66	20.25	18.6	54.23	29.07	58.05	9.06	0.0	20.02	39.32	53.04	32.56	44.01	57.69	43.01	14.87	24.02	9.49	52.8	55.07	34.54	30.59	19.03	43.29	30.0	27.2	21.54	19.1	41.15	40.31	15.65	40.22	43.38	53.34	5.1	35.78	36.12	10.2	56.65	57.49	59.21	29.41	31.32	4.47	39.2	31.62	28.23	21.21	13.6	29.07	38.42	32.06	31.06	43.97	37.0	33.84	56.22	17.46	48.1	36.89	68.51	58.82	41.48	27.46	40.02	39.56	48.04	50.25	27.73	66.61	41.76	43.93	13.42	36.4	46.04	20.1	17.72	21.1	63.03	40.5	21.02	25.81	21.02	15.81	31.91	15.81	48.1	25.0	40.02	7.07	17.03	26.48	54.34	26.25	45.22	58.01	24.33	10.0	19.1	14.21	22.02	10.82	50.33	24.35	25.63	27.89	58.31	25.5	10.05	40.46	14.76	22.67	8.25	18.79	15.0	56.92	36.8	38.21	25.02	36.24	41.04	26.4	31.0	14.42	19.0	37.22	45.18	37.34	37.85	8.6	1.0	71.51	54.49	47.01	26.93	50.6	11.0	25.5	30.81	29.68	35.69	51.86	72.92	51.74	46.1	11.18	22.02	39.36	39.01	29.0	59.51	9.06	44.38	19.7	10.3	11.18	60.21	22.56	36.25	54.08	20.0	6.4	9.85	22.8	19.24	2.24	7.81	19.92	37.12	18.38	36.77	42.54	35.44	35.78	37.34	48.41	69.03	21.93	42.76	
60.03	18.38	39.41	49.65	32.06	49.73	40.8	46.53	28.07	42.2	7.21	54.04	20.12	36.4	58.6	21.02	64.01	23.26	20.02	0.0	19.92	68.26	42.01	24.08	41.77	46.1	15.62	4.0	25.08	36.24	39.6	33.73	50.49	2.24	23.77	50.01	42.72	22.47	36.25	36.06	41.79	19.85	34.13	38.01	38.21	25.08	47.51	26.31	10.05	52.0	43.27	63.16	47.54	50.64	24.02	44.94	50.8	26.57	16.76	30.46	42.64	31.26	35.85	45.8	25.06	19.85	27.02	60.42	19.85	35.34	30.0	58.82	55.04	40.02	16.28	59.84	48.27	28.02	65.86	25.3	79.31	61.39	25.08	28.23	55.32	26.02	29.07	37.48	12.17	50.99	25.24	40.26	44.01	8.06	21.93	45.22	16.28	36.4	28.18	21.47	25.32	37.0	8.49	34.79	18.0	30.23	70.94	5.0	21.93	16.55	12.04	15.3	16.12	66.24	7.62	27.31	29.07	41.05	12.37	30.0	30.59	17.69	39.36	28.02	33.29	31.78	53.04	51.97	18.25	31.89	33.14	56.82	45.12	37.74	30.87	39.01	49.82	56.59	57.14	37.95	17.0	21.02	57.43	42.54	42.01	29.97	59.2	22.36	34.66	50.64	47.43	43.42	68.0	58.82	40.5	41.01	30.27	31.14	50.99	42.49	45.19	41.62	20.62	25.08	7.28	17.0	21.63	58.55	42.19	34.37	57.78	37.64	24.74	25.3	40.16	34.13	19.03	15.23	7.07	20.62	31.38	27.66	54.56	44.6	48.84	43.83	35.85	54.04	8.0	42.72	
75.93	19.92	26.31	47.85	43.42	62.77	58.31	62.37	9.85	52.15	13.15	67.12	30.46	56.32	73.6	33.6	79.65	40.2	39.32	19.92	0.0	87.71	52.48	6.4	38.08	61.22	29.61	16.16	42.19	19.24	23.77	37.48	69.01	20.4	4.0	69.18	57.57	39.82	52.77	46.96	56.4	33.24	32.25	48.33	23.09	44.18	66.29	35.34	29.83	61.03	42.3	77.67	64.13	70.41	43.57	61.52	70.61	41.77	26.0	47.38	56.08	29.15	52.33	59.81	18.25	8.06	38.59	75.21	38.28	38.21	40.71	62.01	64.51	53.0	18.87	78.1	65.95	11.4	85.42	40.36	97.8	79.31	5.66	48.1	75.19	9.9	48.02	56.0	21.84	52.09	27.46	58.14	60.83	24.41	35.44	64.5	34.99	40.45	37.22	4.0	45.12	56.32	13.0	22.02	22.47	31.06	89.63	17.49	41.79	27.51	31.3	23.77	35.85	85.87	20.62	35.51	45.25	22.67	17.09	49.37	38.28	36.72	55.32	47.52	48.51	48.51	62.63	71.55	9.06	50.0	34.83	76.49	65.0	46.87	47.52	58.22	68.8	75.0	76.66	52.2	34.06	40.31	54.82	45.04	52.0	38.28	76.38	42.15	53.25	69.03	67.36	60.96	87.66	56.04	44.28	51.08	50.01	43.46	69.63	58.14	65.0	33.54	40.5	16.49	24.7	36.77	37.48	69.46	61.81	36.88	72.42	57.57	43.0	45.22	60.08	49.48	38.64	33.0	20.02	22.8	50.99	24.7	73.24	62.63	61.27	60.83	25.02	50.29	23.6	56.3	
32.25	74.63	105.76	86.15	56.14	46.57	51.62	36.35	94.02	77.39	75.47	71.81	72.92	34.71	37.12	58.94	33.6	59.03	53.04	68.26	87.71	0.0	76.06	90.38	86.15	39.46	67.88	71.69	57.8	104.29	107.2	85.8	43.74	68.51	91.24	37.85	62.97	49.04	56.8	56.0	43.1	68.01	92.85	57.04	105.6	50.33	22.56	62.8	59.41	60.17	82.0	39.66	55.79	29.12	48.8	34.06	28.16	50.22	74.25	56.6	67.78	91.29	40.31	66.41	83.52	87.92	57.71	38.08	49.66	73.11	58.31	78.59	59.14	49.09	80.16	46.01	27.02	92.85	3.16	51.42	17.03	49.04	93.15	40.61	24.33	91.0	39.81	46.96	73.76	80.62	73.55	49.77	54.71	63.51	67.48	23.26	52.77	71.03	75.8	89.69	45.97	41.68	76.55	94.37	79.25	75.8	10.77	70.24	46.62	72.12	56.44	75.01	52.15	4.0	67.54	77.01	46.1	109.29	77.62	45.61	64.28	51.0	58.69	46.1	61.77	56.94	58.52	16.4	82.86	38.9	88.24	12.04	29.53	77.9	57.45	41.59	19.65	17.26	32.02	46.0	61.52	52.33	91.66	75.06	57.31	77.42	24.6	46.04	35.11	44.72	24.7	31.06	4.47	92.78	72.03	57.22	42.52	69.64	20.1	39.05	24.04	92.78	48.01	85.07	63.06	51.31	62.48	54.63	35.78	87.8	38.91	33.3	54.04	44.05	30.48	61.29	52.4	60.83	71.4	73.76	36.89	89.81	17.0	28.16	72.42	33.0	101.32	92.2	64.4	46.27	
85.09	60.31	49.01	91.61	69.29	82.04	24.7	74.11	62.27	1.41	43.19	16.03	22.67	43.93	86.01	59.51	89.14	23.54	32.56	42.01	52.48	76.06	0.0	58.83	83.74	75.33	26.4	44.6	23.19	54.92	54.23	19.0	35.38	39.82	55.95	40.0	14.14	53.85	19.31	73.05	72.84	22.2	29.02	75.27	52.24	31.02	64.78	66.19	37.58	88.89	85.21	91.01	23.43	47.51	34.06	71.03	48.37	60.44	27.02	21.1	9.22	30.07	64.5	12.53	65.8	45.62	65.0	88.01	49.73	76.85	68.15	99.28	91.21	73.98	33.62	40.22	70.18	63.81	72.92	59.77	92.11	39.45	54.13	44.0	53.0	62.13	52.15	29.15	31.89	92.44	67.2	26.42	22.67	48.02	20.25	60.02	47.43	77.52	15.26	50.54	37.01	34.79	41.87	73.6	30.02	72.2	83.82	46.86	42.43	26.17	44.38	29.21	42.72	72.45	49.41	17.0	60.42	60.83	35.81	33.24	70.66	46.84	17.49	34.06	15.13	20.22	89.29	61.98	56.85	57.22	23.0	64.62	46.62	6.08	20.1	34.54	65.31	73.55	48.27	70.41	27.31	32.39	99.4	83.86	79.06	14.32	80.62	43.42	57.01	34.66	51.62	67.01	73.36	100.8	81.49	78.11	37.22	11.18	68.07	71.34	54.12	82.76	41.59	65.19	46.65	42.45	22.47	92.76	40.31	21.02	86.05	45.12	27.07	41.05	47.54	15.3	34.71	29.55	36.07	62.63	49.01	32.56	70.61	66.12	10.0	69.01	44.05	96.05	48.55	75.31	
76.37	18.6	30.02	43.19	42.8	62.2	63.79	62.97	4.0	58.52	18.11	73.35	36.67	60.21	73.66	33.97	79.93	45.71	44.01	24.08	6.4	90.38	58.83	0.0	33.24	61.52	35.44	20.1	47.68	21.38	26.31	43.84	74.17	25.0	4.12	74.01	63.57	41.68	58.46	46.04	56.59	39.22	38.28	47.17	26.08	49.0	68.48	34.41	34.13	59.09	38.0	77.47	69.86	74.67	48.09	62.48	74.81	42.64	32.2	52.95	62.24	35.23	53.41	65.92	14.14	14.21	38.29	75.17	40.72	35.17	40.0	58.31	62.65	52.63	25.24	83.38	67.42	5.0	88.24	41.23	99.57	84.72	8.06	51.66	79.25	3.61	50.57	61.13	27.86	48.04	25.08	63.51	66.49	26.93	41.44	67.12	37.7	37.64	43.57	9.43	49.37	61.03	18.44	15.81	28.84	27.89	91.59	20.62	45.35	33.62	34.48	29.97	39.29	88.77	22.85	41.88	46.4	23.26	23.26	54.04	36.72	39.56	61.13	52.09	54.41	54.13	60.84	74.46	7.81	51.97	41.11	79.48	69.05	53.25	53.15	63.01	71.12	76.85	81.22	52.35	39.46	45.01	49.82	41.59	50.61	44.65	77.47	45.61	55.47	74.24	71.06	62.43	90.62	50.99	41.23	49.74	54.33	49.66	71.69	58.73	68.31	27.86	44.15	12.04	27.51	40.26	43.17	68.0	66.27	43.19	72.35	61.39	48.17	49.03	63.79	55.36	43.1	38.21	25.5	21.1	54.08	30.81	75.29	64.35	67.54	62.01	29.61	45.12	26.0	56.08	
61.68	23.43	63.2	10.0	30.02	44.38	79.61	50.99	33.0	83.87	41.34	95.52	61.4	66.41	57.38	30.68	64.08	63.89	57.69	41.77	38.08	86.15	83.74	33.24	0.0	48.27	57.38	39.2	65.44	54.0	59.0	72.95	86.76	43.93	37.34	84.31	83.74	41.76	76.4	30.41	43.74	61.62	69.64	29.83	59.03	62.43	64.0	24.52	48.41	35.0	6.4	59.48	87.09	81.32	60.03	52.47	81.04	37.48	57.43	70.6	84.17	66.48	46.0	87.11	19.92	45.88	29.27	58.18	44.01	13.04	28.02	26.93	38.42	37.85	53.24	96.18	59.3	30.0	85.02	36.67	89.74	98.39	41.3	57.58	84.17	30.07	51.42	74.79	52.43	16.16	17.2	78.55	83.49	37.01	63.7	65.19	43.38	15.3	69.4	41.98	59.48	72.01	43.05	20.62	56.44	12.53	83.36	36.88	52.8	57.8	43.57	55.47	47.89	86.01	34.66	68.24	41.3	54.33	49.74	65.76	22.02	45.19	79.81	63.53	74.41	72.01	37.2	73.17	29.73	49.5	71.11	78.1	75.0	79.2	71.22	74.25	67.0	69.46	89.19	40.31	58.05	58.52	16.76	13.6	31.02	71.03	65.97	52.39	53.46	87.21	74.73	55.08	88.01	18.03	15.65	30.68	63.98	72.92	66.07	47.52	70.04	9.22	52.33	21.59	38.42	48.76	62.97	45.0	75.03	72.9	55.54	67.05	63.82	56.86	68.41	75.17	55.76	55.97	47.8	21.21	57.01	62.03	69.18	58.03	90.51	53.24	62.8	12.53	36.24	41.23	
14.87	43.19	85.09	47.01	19.72	8.49	57.58	3.16	64.38	76.24	52.35	79.4	60.83	35.78	12.53	27.66	18.44	52.04	43.01	46.1	61.22	39.46	75.33	61.52	48.27	0.0	54.74	47.89	52.15	80.21	84.31	75.95	57.98	47.54	63.78	53.01	67.19	24.04	58.69	18.03	5.0	57.31	79.12	18.44	83.22	44.41	20.25	28.02	41.98	21.47	43.42	17.09	65.0	46.01	41.3	6.4	45.28	19.72	59.67	54.74	70.41	76.54	11.05	71.31	50.8	64.66	23.43	14.32	27.66	35.44	22.47	39.56	21.4	10.44	62.03	65.6	13.0	62.37	39.05	21.1	41.48	68.6	66.84	31.78	46.1	60.88	23.19	51.26	56.61	41.19	39.12	55.71	62.03	38.47	58.14	24.08	31.05	32.98	67.27	64.4	38.47	45.69	54.12	60.54	62.94	39.81	35.23	45.28	33.02	58.25	35.44	59.2	34.37	40.26	41.34	67.48	17.09	83.87	58.31	43.42	27.73	30.59	62.1	41.98	60.67	55.9	20.25	30.53	53.76	18.11	76.69	34.44	40.61	74.01	55.73	47.42	22.83	22.2	53.74	9.22	50.16	43.05	52.24	36.12	18.0	69.26	17.72	32.02	18.97	58.83	37.48	11.31	42.2	53.34	33.24	18.03	39.56	65.03	20.62	4.0	31.83	55.97	34.0	52.8	38.91	34.23	54.01	19.42	44.42	77.28	11.7	35.36	48.26	34.37	34.67	60.83	41.0	48.26	52.2	41.23	27.2	73.39	22.8	14.21	76.9	8.49	81.84	53.0	38.95	7.07	
67.05	33.97	38.59	65.22	44.72	60.07	29.0	54.34	39.29	26.63	17.89	38.83	6.08	33.3	66.71	34.21	71.17	11.18	14.87	15.62	29.61	67.88	26.4	35.44	57.38	54.74	0.0	18.44	13.15	39.56	41.23	21.21	40.31	13.45	33.54	41.48	28.23	31.06	23.19	48.66	51.24	4.24	25.55	50.8	39.4	18.03	50.25	40.5	13.0	64.78	58.82	71.59	34.53	44.72	19.1	51.92	45.18	37.01	6.4	18.0	27.46	23.6	43.74	30.89	40.0	25.02	40.02	68.66	27.17	50.61	43.17	73.54	67.48	51.01	13.6	49.04	53.31	40.16	65.07	36.06	81.4	50.01	33.06	28.02	50.12	38.28	33.24	27.66	8.0	66.24	40.8	29.07	31.26	21.93	6.4	46.62	24.02	51.43	13.34	29.07	21.93	29.55	17.09	48.76	11.66	45.8	72.8	20.52	23.26	4.24	20.02	7.62	20.4	65.12	23.02	13.04	38.12	45.35	13.0	23.32	44.94	24.19	25.71	22.2	18.97	19.03	65.49	51.66	31.76	37.64	22.14	55.87	40.5	22.36	18.03	31.02	51.87	59.68	49.65	48.04	6.4	15.56	73.01	57.71	54.74	15.3	64.47	24.17	39.0	40.2	44.2	49.04	66.6	74.4	55.46	53.76	25.61	15.56	53.85	50.8	43.84	56.85	21.93	39.66	20.62	20.62	8.0	70.03	35.78	22.56	66.29	34.71	15.23	24.41	37.54	19.92	15.81	7.21	10.3	36.24	32.76	21.93	57.14	49.24	33.42	50.29	33.84	69.66	22.36	53.04	
62.13	15.81	37.22	47.51	32.56	50.92	44.64	48.55	24.08	44.69	4.47	57.2	22.2	40.26	60.42	21.59	66.04	26.93	24.02	4.0	16.16	71.69	44.6	20.1	39.2	47.89	18.44	0.0	28.79	33.24	36.88	34.79	54.45	5.39	19.92	54.01	46.14	24.84	39.92	36.5	43.38	22.67	34.01	38.33	35.61	29.07	50.61	26.0	14.04	52.15	41.18	64.85	51.26	54.59	28.02	47.2	54.74	28.18	18.36	34.18	45.8	31.0	38.01	49.09	21.63	17.03	27.46	62.18	22.67	33.84	30.27	57.72	55.33	41.11	16.03	63.79	50.93	24.02	69.35	26.83	82.33	65.31	21.47	31.95	59.23	22.02	32.2	41.44	13.42	49.4	23.26	44.15	47.76	9.43	24.84	48.55	19.21	35.17	30.23	18.03	29.27	41.0	6.32	31.02	18.44	28.18	74.03	3.0	25.63	18.6	15.26	16.55	19.7	69.77	7.07	29.15	31.06	37.8	12.04	34.0	30.07	20.81	42.95	32.02	36.72	35.47	53.34	55.47	14.32	34.66	33.73	60.37	49.03	40.0	34.54	43.01	53.01	59.55	61.13	39.4	20.62	25.02	55.23	41.11	42.3	31.91	61.72	26.0	37.64	54.59	51.24	46.01	71.55	56.6	39.29	41.3	34.23	33.97	54.04	44.42	48.85	38.42	24.35	21.47	9.22	20.62	25.06	59.23	46.17	35.17	59.48	41.48	28.64	29.12	43.97	37.59	23.02	18.97	8.6	18.36	34.89	27.07	57.63	47.38	51.86	46.23	34.01	51.61	8.94	44.01	
62.39	42.72	50.99	72.12	46.96	58.86	16.12	51.01	51.62	24.08	29.61	30.61	16.12	23.32	63.03	38.01	66.48	2.0	9.49	25.08	42.19	57.8	23.19	47.68	65.44	52.15	13.15	28.79	0.0	52.63	54.08	28.02	27.17	23.41	46.17	28.46	18.38	31.02	11.18	50.57	49.65	11.18	35.38	52.8	52.2	8.25	43.01	45.0	17.03	66.13	65.76	68.03	22.47	32.45	11.05	48.01	33.02	37.7	18.97	5.39	19.72	34.21	41.3	22.02	50.09	38.12	43.05	65.03	26.93	56.64	46.14	77.7	68.31	50.96	26.68	36.0	47.68	52.17	54.82	37.16	72.56	37.12	46.0	21.21	38.01	50.22	29.02	14.56	21.1	71.84	48.27	16.0	18.97	28.43	10.0	38.63	25.06	56.85	18.03	42.0	14.14	17.2	29.27	59.81	24.35	53.15	64.01	29.97	19.24	16.76	22.8	20.62	20.12	54.67	31.06	19.21	37.36	58.46	26.08	12.21	49.41	24.17	14.42	12.08	9.43	6.71	66.41	42.19	43.01	34.06	30.48	45.8	29.0	22.2	5.83	18.36	44.01	52.2	36.77	47.3	8.25	9.22	79.91	63.25	56.46	19.72	58.46	20.22	34.06	27.07	33.3	44.18	55.97	81.32	60.61	55.54	15.65	13.15	46.49	48.17	34.13	66.37	18.44	50.16	27.02	19.7	5.39	69.63	23.6	30.0	63.0	24.7	4.12	18.03	27.46	10.0	11.7	9.85	22.2	44.41	26.31	33.62	49.4	43.57	26.42	46.04	46.07	77.16	29.21	52.17	
94.81	39.0	10.3	64.0	62.65	81.99	67.9	81.22	21.0	54.13	29.07	70.86	37.34	71.12	92.66	52.7	98.6	50.7	52.8	36.24	19.24	104.29	54.92	21.38	54.0	80.21	39.56	33.24	52.63	0.0	5.0	36.4	79.62	35.81	17.72	81.04	64.0	58.0	61.52	66.19	75.45	41.77	27.31	67.54	5.39	57.01	83.74	54.56	44.94	80.06	59.14	96.8	72.17	83.93	57.27	80.16	84.31	60.61	33.73	57.07	61.13	25.3	70.94	65.12	35.51	16.4	57.8	94.3	55.9	56.52	59.94	79.63	83.57	72.2	25.96	87.97	84.15	24.0	101.79	59.2	115.52	88.57	13.93	63.81	89.16	24.08	65.3	67.19	31.95	69.26	46.17	68.25	69.35	42.45	43.57	81.4	52.4	58.94	41.05	15.81	59.48	68.95	27.8	34.37	28.44	49.24	107.17	35.38	57.69	35.9	48.27	32.02	52.2	102.08	39.05	39.05	63.89	6.0	27.31	62.39	57.38	53.91	63.2	60.93	56.22	57.87	81.71	87.92	27.86	67.9	32.57	92.65	79.2	48.84	56.89	70.52	86.05	92.76	89.19	71.28	45.54	53.71	70.18	62.97	71.18	41.19	94.85	58.25	70.84	79.43	82.3	79.21	103.77	71.25	62.59	70.26	63.98	49.0	87.21	77.01	80.78	47.38	56.3	33.38	42.43	53.01	47.3	88.64	75.03	34.79	91.53	72.47	54.71	60.54	75.18	57.22	52.77	45.31	33.12	41.79	67.42	22.36	90.79	80.62	64.78	79.31	12.81	65.28	41.77	75.47	
98.81	43.66	6.4	69.0	67.08	86.35	68.88	85.21	26.0	53.34	32.56	70.26	38.33	73.57	96.8	56.94	102.65	52.2	55.07	39.6	23.77	107.2	54.23	26.31	59.0	84.31	41.23	36.88	54.08	5.0	0.0	35.36	80.78	38.95	22.56	82.54	64.2	61.72	62.37	70.68	79.61	43.01	25.71	72.09	2.0	59.03	87.05	59.09	47.8	84.76	64.12	101.02	72.69	85.91	59.54	84.02	86.33	64.64	35.11	58.24	61.01	24.19	74.81	65.01	40.45	19.85	62.18	98.48	59.41	61.39	64.4	84.59	88.26	76.54	27.73	88.84	87.78	29.0	104.62	63.25	118.87	89.27	18.68	66.61	91.24	29.07	68.62	68.62	34.0	74.24	50.96	69.38	70.04	46.23	44.64	84.5	55.87	63.79	41.11	20.12	61.91	70.77	31.11	39.32	29.73	54.13	110.45	39.2	60.61	37.34	51.62	33.62	55.32	104.86	43.01	39.12	67.8	7.81	29.68	64.4	62.03	57.28	63.79	63.06	56.89	58.94	86.38	90.8	32.57	71.45	31.4	95.44	81.41	48.17	57.97	72.24	89.27	96.18	90.82	75.47	47.42	55.95	75.17	67.9	75.77	41.01	98.6	61.22	74.25	80.52	84.72	82.88	106.51	76.24	67.47	74.85	66.24	49.25	90.55	81.02	83.49	52.35	59.2	38.33	46.1	56.08	48.7	93.23	76.97	33.54	95.72	74.95	56.46	63.25	77.7	57.87	55.23	47.41	35.81	46.49	70.43	22.02	94.11	84.17	64.2	83.1	10.44	70.26	45.61	79.76	
88.06	50.16	30.02	81.86	65.19	81.22	38.28	75.5	46.75	18.03	31.78	35.01	15.13	51.31	87.86	54.33	92.18	26.93	34.54	33.73	37.48	85.8	19.0	43.84	72.95	75.95	21.21	34.79	28.02	36.4	35.36	0.0	50.25	31.58	40.36	53.6	30.68	52.24	31.62	69.18	72.44	18.97	10.05	71.25	33.38	35.85	70.26	60.02	34.13	85.29	75.64	92.76	39.92	59.41	38.01	73.01	60.11	58.03	17.12	29.7	26.68	11.18	64.94	30.59	53.54	29.73	60.3	89.82	48.37	68.62	63.39	92.44	88.14	72.03	19.72	56.86	74.0	48.8	82.8	57.01	100.5	56.65	37.8	47.93	65.07	47.38	54.12	40.36	21.59	84.15	57.94	39.41	38.01	41.44	18.79	66.19	45.18	69.92	10.0	34.71	41.15	44.6	29.97	59.46	16.55	62.77	91.92	37.64	43.97	18.0	41.05	18.44	41.59	82.62	41.23	8.94	59.3	42.2	23.26	40.22	64.33	45.4	31.76	39.96	25.81	29.73	86.15	70.18	43.83	58.69	4.0	73.82	56.73	13.04	29.0	45.25	71.55	79.62	62.2	69.18	26.25	34.93	89.44	75.89	75.24	8.49	85.09	44.92	59.77	49.74	61.22	69.92	83.87	90.79	74.04	74.24	43.57	17.2	73.82	72.01	62.13	70.21	42.72	52.43	40.31	41.77	23.71	91.01	50.93	2.24	87.48	52.7	31.91	44.38	55.47	26.63	36.06	27.89	26.68	52.92	52.92	14.32	76.92	69.89	29.0	71.31	25.08	85.48	41.59	74.17	
62.3	66.1	77.16	91.59	61.85	66.29	12.08	55.57	78.16	36.8	56.08	28.16	42.45	22.67	65.0	56.44	65.8	29.15	30.59	50.49	69.01	43.74	35.38	74.17	86.76	57.98	40.31	54.45	27.17	79.62	80.78	50.25	0.0	49.25	73.01	6.0	21.26	46.04	18.79	64.44	57.8	37.85	59.48	66.53	78.85	25.5	40.5	63.29	40.79	77.34	85.59	69.64	12.53	15.0	27.2	51.97	16.0	52.01	45.89	22.56	26.25	59.09	49.68	23.85	74.46	65.28	59.64	66.85	43.05	75.8	62.2	92.7	78.41	61.62	53.76	9.49	47.93	78.41	40.61	52.2	60.67	11.66	73.06	30.0	19.42	76.42	38.21	13.04	48.26	89.4	69.86	11.4	12.73	51.24	36.14	35.47	43.38	75.17	41.15	69.07	27.31	14.76	56.01	84.93	51.2	74.25	53.15	54.92	34.0	43.74	43.66	47.68	39.0	39.81	54.82	42.95	49.58	85.51	53.24	21.19	67.12	41.59	18.6	23.41	24.6	21.84	76.84	33.38	68.73	42.45	53.71	34.0	18.03	39.05	22.8	12.53	39.56	46.87	13.04	57.38	35.01	29.61	99.02	81.27	69.3	42.06	55.79	34.48	39.82	1.0	22.56	47.01	40.26	100.4	78.24	68.59	22.83	33.12	42.72	54.64	27.51	89.54	34.44	74.95	50.0	38.08	32.39	77.39	13.6	52.48	65.8	22.8	26.02	30.02	23.32	23.71	32.02	36.01	49.0	67.07	32.53	59.46	43.93	44.72	29.53	49.74	72.11	97.25	52.2	61.22	
61.29	20.52	38.42	51.87	34.01	51.42	39.29	47.85	29.0	40.0	7.28	52.01	17.89	36.06	60.01	23.0	65.3	21.54	19.03	2.24	20.4	68.51	39.82	25.0	43.93	47.54	13.45	5.39	23.41	35.81	38.95	31.58	49.25	0.0	24.33	49.01	40.82	23.71	34.54	38.01	43.32	17.69	32.25	40.0	37.48	24.0	48.1	28.44	9.49	54.01	45.49	64.62	45.88	50.01	23.19	46.14	50.22	28.16	14.56	28.79	40.61	29.43	37.12	43.83	26.93	19.42	29.0	61.85	20.81	37.58	32.02	61.03	57.01	41.77	14.56	58.55	49.2	29.15	66.04	26.93	79.93	60.02	25.3	28.18	54.82	27.17	29.7	36.22	10.05	53.23	27.46	38.83	42.38	10.0	19.8	45.61	17.2	38.63	25.94	21.54	24.74	36.06	8.06	36.4	16.03	32.45	71.51	7.07	21.95	14.32	12.81	13.15	16.4	66.37	9.85	25.08	30.46	40.82	10.77	29.07	32.76	18.44	37.58	27.17	31.38	30.08	55.01	52.15	19.65	32.8	31.06	56.94	44.64	35.51	29.15	38.01	50.33	57.28	56.32	39.56	15.23	20.02	59.64	44.78	44.0	27.73	60.22	22.47	35.38	49.37	47.17	44.41	68.1	61.03	42.72	43.0	29.61	29.0	51.62	43.86	45.18	43.6	20.59	26.83	9.06	17.2	19.72	60.41	41.44	32.25	59.24	37.34	23.35	25.08	39.92	32.25	18.25	13.6	5.0	22.8	31.62	25.96	55.17	45.45	46.75	44.94	34.67	56.22	10.05	44.38	
78.57	21.47	26.0	47.27	45.49	64.9	62.29	65.07	6.4	55.57	17.12	70.77	34.18	60.17	76.06	36.12	82.22	44.18	43.29	23.77	4.0	91.24	55.95	4.12	37.34	63.78	33.54	19.92	46.17	17.72	22.56	40.36	73.01	24.33	0.0	73.17	61.4	43.01	56.72	48.88	58.9	37.11	34.41	50.12	22.2	48.17	69.64	37.22	33.73	62.39	42.01	80.0	68.07	74.33	47.52	64.38	74.53	44.55	29.73	51.35	59.81	31.4	55.23	63.57	18.03	10.63	40.8	77.62	41.68	38.83	42.72	62.2	65.92	55.22	22.36	82.1	69.03	8.6	89.0	43.14	101.02	83.29	4.0	51.87	79.08	7.62	51.48	60.0	25.71	52.01	28.46	62.13	64.78	27.78	39.29	68.0	38.47	41.23	40.71	5.66	49.03	60.3	17.0	19.72	25.94	31.58	92.91	21.02	45.54	31.32	34.93	27.51	39.56	89.47	23.85	38.95	48.17	20.25	20.88	53.34	39.81	40.25	59.23	51.48	52.39	52.47	64.08	75.15	10.3	53.25	37.48	80.11	68.88	50.25	51.48	62.2	72.2	78.24	80.62	54.67	38.05	44.28	53.94	45.4	53.67	41.68	79.31	45.88	56.6	73.03	71.17	64.03	91.29	55.11	44.91	52.77	53.94	47.17	72.95	60.83	68.71	31.95	44.27	16.0	28.18	40.5	41.44	71.11	65.76	39.6	74.81	61.4	47.0	49.04	63.89	53.37	42.58	37.0	24.02	24.17	54.63	27.02	76.55	65.8	64.88	63.78	25.5	49.24	26.93	58.6	
56.65	64.54	79.31	88.59	58.25	61.4	15.56	50.48	78.01	41.4	56.08	33.96	44.38	18.6	59.51	53.71	60.08	30.36	30.0	50.01	69.18	37.85	40.0	74.01	84.31	53.01	41.48	54.01	28.46	81.04	82.54	53.6	6.0	49.01	73.17	0.0	26.08	42.94	22.02	60.61	53.15	39.56	62.43	62.63	80.65	25.02	34.93	60.37	40.05	72.86	82.73	64.08	18.03	9.0	26.08	46.87	10.0	48.55	47.43	24.6	31.06	61.77	45.25	29.07	73.16	66.1	56.44	61.33	40.31	72.9	58.83	88.73	73.76	57.28	55.08	12.73	42.49	78.03	34.71	48.88	54.74	15.62	73.55	26.83	13.6	76.03	34.41	13.93	49.24	85.98	67.68	14.21	17.49	49.82	38.08	29.97	41.11	72.07	44.1	69.58	25.5	13.04	56.22	83.86	52.81	71.87	47.17	54.15	31.62	45.22	41.98	49.04	37.11	33.96	53.6	45.79	45.8	86.83	54.13	20.02	64.01	39.22	22.67	22.09	27.8	24.19	72.25	27.46	68.12	38.29	56.86	28.0	12.53	43.14	25.06	11.0	33.84	41.0	8.6	53.04	35.69	29.0	95.88	78.03	65.19	45.22	50.0	31.95	35.36	7.0	16.76	41.88	34.48	97.25	74.95	64.54	20.62	36.4	37.0	49.82	21.93	87.64	32.28	73.82	48.66	36.14	33.84	72.42	9.43	55.8	60.37	18.44	26.48	27.51	18.44	27.02	31.06	36.35	49.37	65.25	28.6	61.74	38.08	39.45	34.93	44.65	74.32	94.37	50.8	56.64	
