100
0.0	28.65	41.23	40.61	32.57	10.2	13.6	19.8	22.85	36.06	22.47	25.71	29.15	13.0	5.0	29.15	28.65	11.7	36.62	24.04	3.16	8.54	8.6	29.43	5.1	16.76	51.74	8.25	43.86	25.0	21.21	10.3	42.2	45.62	31.91	40.5	14.14	17.0	33.14	30.41	21.26	26.48	36.77	34.37	22.02	32.57	33.84	31.62	16.55	30.41	6.71	30.23	17.49	38.28	31.14	48.6	33.53	30.46	15.23	29.02	42.72	15.26	26.83	10.0	38.33	17.2	31.76	39.85	23.41	45.97	42.2	35.34	42.06	18.38	8.54	34.13	36.0	36.88	22.67	14.32	14.32	5.39	15.0	44.55	21.26	29.83	26.25	20.0	19.1	37.16	31.78	5.0	27.2	15.65	30.08	33.54	6.71	37.16	43.14	23.32	
28.65	0.0	15.52	39.62	47.43	19.21	30.23	11.0	38.48	9.22	26.68	43.38	51.31	36.8	31.02	40.26	40.52	38.29	35.36	32.02	30.87	28.64	30.81	19.42	33.54	42.43	50.0	34.83	44.55	5.1	10.05	18.36	16.49	37.58	31.06	30.87	27.0	24.17	13.6	10.3	29.41	19.03	49.24	56.6	13.34	24.74	42.43	6.4	12.21	2.0	23.41	31.0	16.03	29.15	12.53	45.22	25.0	3.61	19.0	15.52	15.03	25.06	26.02	20.52	12.65	15.0	3.16	13.15	6.71	46.69	48.0	7.07	36.06	10.63	20.25	55.57	17.8	42.01	32.57	23.32	14.42	32.31	16.12	46.39	31.95	8.06	22.0	9.22	12.0	9.06	48.47	33.11	6.08	18.0	7.21	5.1	29.73	49.03	44.41	5.39	
41.23	15.52	0.0	35.9	50.8	31.05	38.28	26.31	43.84	6.32	30.41	48.8	58.05	46.14	44.55	43.01	43.6	48.75	32.57	35.47	43.93	43.05	45.1	18.6	46.32	51.97	44.01	45.69	40.79	20.62	25.5	31.4	1.0	30.02	29.97	24.08	42.19	30.81	9.9	11.18	33.94	20.52	51.11	62.94	20.12	21.93	43.42	10.0	25.18	13.6	37.22	30.89	31.4	23.35	11.4	39.01	21.54	12.17	34.23	15.56	5.0	32.45	27.2	31.62	3.0	30.27	13.0	2.83	18.11	42.58	46.49	9.43	30.15	23.19	32.76	61.52	10.77	41.23	36.8	31.38	27.29	45.71	31.06	42.95	36.77	11.4	23.43	24.08	27.29	7.81	52.63	46.1	14.14	33.24	11.18	11.18	40.31	50.61	41.0	20.1	
40.61	39.62	35.9	0.0	22.8	34.83	27.78	42.95	23.35	37.05	18.38	26.0	35.23	34.18	45.61	17.0	18.0	38.63	4.47	17.0	43.6	48.1	48.92	20.22	44.1	38.08	11.4	38.01	5.0	41.76	43.46	37.8	36.14	10.3	9.43	12.53	51.74	24.04	28.02	30.07	19.42	20.88	20.12	38.08	27.86	15.03	13.34	35.06	36.24	39.32	42.45	10.63	46.14	12.65	28.02	8.06	15.0	37.22	46.87	24.19	40.79	25.5	15.26	33.3	35.36	44.78	40.2	37.48	34.48	7.07	11.4	40.0	7.07	35.34	36.88	36.14	25.32	8.54	18.79	26.87	36.36	45.8	43.57	7.07	20.12	32.14	18.38	40.31	43.38	40.05	25.71	44.65	33.54	46.32	33.14	40.05	34.67	19.24	5.1	38.9	
32.57	47.43	50.8	22.8	0.0	33.0	20.1	45.18	10.05	49.24	21.02	7.21	13.15	20.59	36.77	7.81	7.21	24.41	22.36	15.65	34.54	41.11	40.85	32.2	33.54	21.21	29.15	25.94	22.02	47.07	46.27	36.01	51.4	32.89	22.02	32.76	46.57	23.54	41.05	41.18	18.03	30.53	5.0	15.3	34.18	29.7	9.49	45.62	38.33	48.1	37.66	20.52	46.01	31.62	39.96	29.07	30.41	46.62	45.18	35.51	54.92	23.19	23.6	31.0	49.09	45.0	49.4	51.31	40.8	23.02	15.3	50.99	29.15	38.64	34.06	13.34	40.46	14.32	14.87	25.18	37.12	36.25	43.01	21.02	15.52	42.49	27.46	43.42	45.1	51.88	3.0	34.44	42.15	45.1	43.38	50.16	25.96	5.83	21.02	44.15	
10.2	19.21	31.05	34.83	33.0	0.0	13.15	12.65	23.02	26.0	16.64	27.29	33.62	18.03	14.04	27.46	27.29	19.1	30.48	20.25	13.04	14.32	15.81	20.25	15.3	23.43	46.23	15.62	38.83	16.4	13.93	3.16	32.02	38.01	25.5	32.25	16.97	11.18	23.02	20.22	17.09	17.46	36.22	39.0	12.04	24.19	31.32	21.54	7.07	20.81	8.06	24.21	13.04	30.02	21.02	42.45	25.06	20.59	12.65	19.24	32.7	10.44	19.8	2.0	28.16	12.0	22.2	29.73	13.42	41.05	39.0	25.55	34.83	8.6	2.24	38.28	26.08	33.11	19.65	8.54	5.0	15.0	10.05	39.96	18.44	19.65	18.03	11.66	12.37	27.29	33.14	15.13	17.09	12.37	19.92	23.85	10.63	36.35	38.28	14.14	
13.6	30.23	38.28	27.78	20.1	13.15	0.0	25.71	10.05	34.71	11.05	14.14	21.1	8.25	18.44	15.65	15.23	12.0	24.17	10.82	16.28	21.95	22.2	21.84	16.4	13.93	38.6	10.44	30.61	28.64	26.93	16.03	39.12	34.21	19.92	30.15	26.93	7.62	28.65	27.2	8.54	18.97	23.77	26.42	18.44	23.02	20.25	30.41	19.31	31.4	17.72	18.03	26.02	28.07	26.93	35.85	24.02	30.48	25.08	23.26	41.23	5.83	16.03	11.18	35.81	25.08	32.8	37.8	23.6	32.65	28.6	35.38	30.36	20.12	14.0	25.5	30.08	23.35	9.22	7.07	17.72	18.38	23.02	31.14	7.81	27.66	17.26	24.35	25.5	36.77	20.02	17.03	26.17	25.02	28.32	34.06	7.07	24.04	29.83	25.94	
19.8	11.0	26.31	42.95	45.18	12.65	25.71	0.0	35.36	20.1	26.48	39.81	46.24	30.41	21.1	39.01	39.0	30.81	38.48	31.14	21.4	18.03	20.25	24.21	24.21	35.51	54.12	27.2	47.54	6.08	1.41	10.3	27.29	43.42	33.62	36.88	16.0	22.02	21.95	18.36	28.07	22.47	48.0	51.62	15.26	29.41	42.3	16.49	7.07	13.0	13.6	32.89	5.1	34.83	20.25	49.74	30.0	14.14	8.0	21.21	26.02	22.02	27.86	14.56	23.35	4.0	14.04	24.08	10.0	49.77	49.24	18.03	41.05	7.62	12.53	50.92	26.08	43.17	31.02	20.02	8.06	22.47	5.39	49.04	30.0	16.55	24.6	2.83	1.0	20.02	45.54	23.6	13.42	7.0	16.16	16.03	22.83	48.01	47.17	6.32	
22.85	38.48	43.84	23.35	10.05	23.02	10.05	35.36	0.0	41.4	13.45	5.0	14.42	12.04	27.29	7.21	6.4	16.4	21.0	8.94	25.06	31.38	31.3	25.61	24.41	14.87	32.7	17.03	24.7	37.64	36.5	26.0	44.55	32.02	18.44	29.83	36.69	14.32	33.94	33.42	9.9	23.35	13.93	19.1	25.55	24.6	12.21	37.44	28.64	39.36	27.66	16.49	36.0	28.16	32.56	31.05	25.5	38.08	35.13	28.28	47.51	13.6	17.49	21.02	41.77	35.01	40.71	43.93	31.78	26.4	20.62	42.72	28.02	29.12	24.02	17.69	34.21	16.55	7.21	15.52	27.29	26.93	33.0	24.6	7.07	34.41	20.62	33.73	35.23	43.83	10.2	25.24	33.62	35.06	35.23	41.68	16.16	14.32	23.77	34.79	
36.06	9.22	6.32	37.05	49.24	26.0	34.71	20.1	41.4	0.0	28.3	46.4	55.23	42.2	39.05	41.59	42.06	44.42	33.24	33.62	38.6	37.22	39.32	17.72	41.11	48.01	46.27	41.18	42.05	14.32	19.24	25.96	7.28	32.76	29.83	26.31	36.06	27.59	9.06	8.06	31.62	18.79	50.16	60.31	16.28	22.2	42.72	4.47	19.65	7.28	31.58	30.36	25.18	25.08	9.49	41.3	22.09	6.0	28.07	13.93	6.71	29.0	26.0	26.83	3.61	24.08	6.71	4.0	12.65	44.01	46.87	3.61	32.14	17.72	27.51	59.03	12.17	41.23	34.67	27.66	21.84	40.26	25.0	44.1	34.41	7.07	21.93	18.0	21.1	3.0	50.77	40.8	8.94	27.07	6.4	5.0	35.85	49.77	42.11	14.0	
22.47	26.68	30.41	18.38	21.02	16.64	11.05	26.48	13.45	28.3	0.0	18.38	27.8	19.03	27.46	13.6	13.93	23.02	14.21	5.39	25.55	29.73	30.61	12.21	26.4	24.33	29.73	21.38	22.2	27.02	27.29	19.72	31.11	23.41	9.43	19.1	33.42	5.66	20.52	20.25	3.61	9.9	22.56	32.56	13.34	12.17	16.0	24.6	19.42	27.2	24.08	7.81	28.79	17.03	19.21	26.25	13.15	25.63	29.07	14.87	34.21	7.21	5.0	15.0	28.43	27.51	28.46	30.61	20.22	24.41	22.8	29.97	19.7	19.1	18.6	31.11	20.81	16.76	6.4	8.49	18.97	27.78	26.0	23.32	6.4	21.47	7.21	24.19	26.68	30.89	22.47	26.83	21.19	28.64	22.36	29.15	17.09	22.36	21.63	24.02	
25.71	43.38	48.8	26.0	7.21	27.29	14.14	39.81	5.0	46.4	18.38	0.0	9.85	13.42	29.73	9.0	8.0	17.2	24.33	13.6	27.51	34.21	33.84	30.48	26.4	14.21	34.21	18.79	26.48	42.38	41.0	30.15	49.5	35.36	22.47	33.84	39.81	19.24	38.9	38.42	14.87	28.28	12.04	14.21	30.53	29.15	13.34	42.44	33.24	44.29	31.14	20.62	40.11	32.31	37.54	33.24	30.02	43.05	39.0	33.24	52.5	18.38	22.2	25.32	46.75	39.2	45.65	48.92	36.67	27.89	21.02	47.71	31.4	33.84	28.07	12.73	39.05	18.25	12.04	20.25	31.78	29.15	37.12	25.96	12.04	39.41	25.5	38.33	39.62	48.83	6.08	27.31	38.59	39.01	40.22	46.65	19.24	12.73	25.5	39.56	
29.15	51.31	58.05	35.23	13.15	33.62	21.1	46.24	14.42	55.23	27.8	9.85	0.0	16.28	32.02	18.44	17.46	18.03	33.96	23.32	30.0	37.0	36.06	40.0	28.07	13.15	42.3	21.02	35.01	49.65	47.54	36.06	58.8	44.91	32.31	43.66	43.01	27.66	48.17	47.38	24.21	37.64	17.72	5.39	39.05	38.95	22.02	51.09	40.25	52.43	35.51	30.46	45.61	42.15	46.69	42.0	39.82	51.4	43.93	42.52	61.52	26.4	31.91	31.78	55.87	44.92	53.82	57.98	44.65	36.12	28.44	56.22	41.0	41.18	33.84	5.0	48.6	27.02	21.63	28.02	38.48	31.06	42.72	34.13	21.4	48.17	35.0	45.19	45.88	57.49	10.2	29.07	47.01	44.15	48.92	55.0	23.77	18.68	34.01	47.01	
13.0	36.8	46.14	34.18	20.59	18.03	8.25	30.41	12.04	42.2	19.03	13.42	16.28	0.0	16.49	19.21	18.44	4.47	31.05	17.46	14.32	21.21	20.62	30.08	13.0	5.83	44.29	5.39	36.24	34.41	31.76	20.12	47.01	41.59	27.29	38.01	27.07	15.81	36.67	34.99	16.03	27.2	25.24	21.59	26.08	31.14	24.21	37.8	25.0	38.18	19.24	25.32	29.41	36.0	34.89	42.15	32.14	37.54	27.66	31.38	48.83	13.93	24.02	16.4	43.57	28.79	39.6	45.49	30.41	38.08	32.65	42.52	37.66	26.25	17.89	21.21	38.28	28.3	15.52	14.76	23.02	15.81	26.57	36.36	14.32	35.23	25.5	29.68	29.97	44.05	19.31	13.93	33.42	27.89	35.81	41.04	7.62	25.81	35.36	32.02	
5.0	31.02	44.55	45.61	36.77	14.04	18.44	21.1	27.29	39.05	27.46	29.73	32.02	16.49	0.0	33.84	33.29	14.0	41.62	29.0	2.24	5.1	4.12	33.96	4.12	19.03	56.73	11.18	48.84	26.83	22.47	13.15	45.54	50.54	36.89	45.31	11.18	21.95	37.0	34.06	26.25	31.05	41.15	37.01	26.08	37.34	38.6	34.71	19.42	32.89	7.62	35.23	17.69	43.08	35.0	53.6	38.28	33.24	14.87	33.24	45.61	20.25	31.76	14.32	41.59	17.8	34.18	42.95	26.48	50.93	47.01	37.95	47.01	21.38	12.0	37.01	40.11	41.77	27.59	19.24	17.26	1.41	15.81	49.5	26.17	33.24	31.02	21.93	20.25	39.85	35.74	3.16	30.41	15.56	33.38	36.06	11.4	41.59	48.1	25.63	
29.15	40.26	43.01	17.0	7.81	27.46	15.65	39.01	7.21	41.59	13.6	9.0	18.44	19.21	33.84	0.0	1.0	23.6	15.52	8.25	31.62	37.59	37.74	24.41	31.24	21.93	25.63	24.04	17.72	40.31	40.0	30.59	43.6	26.48	14.42	25.5	42.54	17.0	33.29	33.54	11.05	22.83	9.06	21.93	26.93	21.93	5.0	38.08	32.0	40.8	33.24	12.81	40.45	24.19	32.25	24.33	22.67	39.22	40.02	27.78	47.17	17.12	15.81	25.5	41.34	39.32	42.06	43.57	33.73	19.31	13.45	43.46	22.56	32.06	28.86	20.12	32.65	9.49	8.0	19.1	31.06	33.6	37.48	17.46	9.06	34.93	19.72	37.01	39.05	44.28	10.0	32.02	34.79	39.81	35.85	42.72	22.47	9.0	16.76	37.34	
28.65	40.52	43.6	18.0	7.21	27.29	15.23	39.0	6.4	42.06	13.93	8.0	17.46	18.44	33.29	1.0	0.0	22.8	16.49	8.54	31.06	37.12	37.22	25.0	30.61	21.02	26.57	23.35	18.68	40.45	40.01	30.41	44.2	27.46	15.26	26.4	42.15	17.03	33.84	34.0	11.18	23.32	9.0	21.02	27.2	22.67	5.83	38.48	32.02	41.11	32.89	13.6	40.31	25.06	32.76	25.32	23.43	39.56	39.81	28.3	47.71	17.03	16.4	25.32	41.88	39.2	42.38	44.1	33.96	20.25	14.21	43.86	23.54	32.14	28.64	19.24	33.3	10.44	8.06	19.03	31.02	33.02	37.34	18.38	9.0	35.34	20.25	37.05	39.01	44.72	9.22	31.4	35.11	39.62	36.25	43.08	21.95	9.06	17.72	37.48	
11.7	38.29	48.75	38.63	24.41	19.1	12.0	30.81	16.4	44.42	23.02	17.2	18.03	4.47	14.0	23.6	22.8	0.0	35.44	21.84	12.04	19.03	18.03	33.54	10.05	5.1	48.76	3.61	40.71	35.38	32.2	20.62	49.66	45.89	31.58	42.11	25.08	19.24	39.56	37.58	20.22	30.59	29.21	23.02	28.64	35.01	28.6	39.96	26.17	39.82	18.38	29.61	29.07	40.05	37.7	46.62	36.01	39.41	26.93	34.48	51.11	17.26	28.02	17.8	46.07	28.65	41.23	47.89	32.2	42.54	37.01	44.41	41.98	27.66	18.44	23.02	41.48	32.76	19.92	17.72	24.04	13.04	26.42	40.82	18.68	37.59	29.15	30.48	30.23	46.04	22.83	11.05	35.51	27.31	38.08	42.8	8.6	29.83	39.82	33.24	
36.62	35.36	32.57	4.47	22.36	30.48	24.17	38.48	21.0	33.24	14.21	24.33	33.96	31.05	41.62	15.52	16.49	35.44	0.0	13.6	39.66	43.93	44.82	16.03	40.31	35.36	15.81	34.54	9.22	37.36	39.0	33.42	32.89	11.05	5.0	10.63	47.42	19.85	24.19	26.0	15.65	16.49	20.62	37.34	23.41	11.05	13.04	31.0	31.76	35.13	38.18	6.4	41.68	10.0	24.02	12.04	11.18	33.06	42.44	20.02	37.36	21.4	10.82	29.0	31.78	40.31	36.06	33.96	30.08	11.4	13.93	36.06	7.07	30.87	32.56	35.47	21.84	9.22	15.52	22.67	31.91	41.88	39.12	11.05	16.76	28.02	13.93	35.85	38.91	36.22	25.08	40.82	29.27	41.88	29.02	36.0	30.89	19.85	9.06	34.48	
24.04	32.02	35.47	17.0	15.65	20.25	10.82	31.14	8.94	33.62	5.39	13.6	23.32	17.46	29.0	8.25	8.54	21.84	13.6	0.0	26.91	32.02	32.56	16.97	27.2	22.02	27.8	21.02	19.85	32.14	32.06	23.41	36.12	24.19	10.0	21.21	36.36	9.22	25.61	25.55	3.16	15.0	17.26	27.8	18.68	15.65	11.18	29.97	24.08	32.57	26.93	8.0	32.98	19.42	24.41	25.06	16.55	31.02	32.89	20.0	39.41	9.85	8.6	18.38	33.6	31.78	33.84	35.81	25.5	21.93	18.79	35.34	20.22	24.0	21.93	26.25	25.5	13.04	2.0	11.7	23.35	29.07	30.08	20.52	3.16	26.83	12.04	29.02	31.26	36.24	17.2	27.8	26.57	32.57	27.73	34.54	17.8	17.12	19.1	29.15	
3.16	30.87	43.93	43.6	34.54	13.04	16.28	21.4	25.06	38.6	25.55	27.51	30.0	14.32	2.24	31.62	31.06	12.04	39.66	26.91	0.0	7.0	6.32	32.56	2.83	17.12	54.67	9.06	46.75	26.93	22.8	12.65	44.91	48.75	34.99	43.66	13.04	20.12	36.06	33.24	24.21	29.61	38.91	35.06	25.0	35.74	36.4	34.21	18.97	32.7	7.81	33.29	18.44	41.44	34.06	51.61	36.69	32.89	15.81	32.06	45.22	18.36	29.97	13.04	41.0	18.38	34.01	42.45	25.96	48.84	44.82	37.7	45.18	20.88	11.18	35.0	39.01	39.62	25.46	17.46	16.76	2.24	16.28	47.38	24.04	32.56	29.41	21.95	20.62	39.56	33.53	2.24	29.83	16.4	32.76	35.85	9.22	39.36	46.01	25.5	
8.54	28.64	43.05	48.1	41.11	14.32	21.95	18.03	31.38	37.22	29.73	34.21	37.0	21.21	5.1	37.59	37.12	19.03	43.93	32.02	7.0	0.0	2.24	34.54	9.22	24.08	59.4	16.03	51.66	24.04	19.31	12.37	44.05	52.15	39.05	46.53	6.08	24.08	36.35	33.14	29.07	31.78	45.31	42.05	25.96	38.47	42.19	33.06	18.03	30.59	6.32	37.54	13.89	44.29	34.37	55.97	39.36	31.26	10.82	33.24	43.57	22.63	33.6	15.26	40.05	14.32	31.78	41.19	25.0	53.81	50.48	35.69	48.83	20.02	12.08	42.0	39.81	45.0	30.81	21.26	16.12	6.32	12.65	52.5	29.41	32.02	32.25	19.42	17.09	37.66	40.26	8.25	29.0	11.66	32.0	33.73	15.23	45.69	50.99	23.35	
8.6	30.81	45.1	48.92	40.85	15.81	22.2	20.25	31.3	39.32	30.61	33.84	36.06	20.62	4.12	37.74	37.22	18.03	44.82	32.56	6.32	2.24	0.0	36.06	8.0	23.0	60.14	15.3	52.33	26.25	21.54	14.14	46.1	53.34	40.0	47.85	7.62	25.0	38.21	35.06	29.7	33.24	45.19	41.0	27.66	39.81	42.44	35.13	20.0	32.76	8.06	38.42	16.12	45.62	36.22	56.85	40.72	33.38	13.04	34.93	45.71	23.43	34.67	16.55	42.11	16.55	33.96	43.29	27.02	54.45	50.8	37.85	49.93	22.0	13.6	41.05	41.59	45.45	31.24	22.2	18.03	5.0	14.87	53.08	29.83	34.0	33.54	21.59	19.31	39.81	39.85	7.0	31.02	13.89	34.01	35.9	15.26	45.62	51.62	25.5	
29.43	19.42	18.6	20.22	32.2	20.25	21.84	24.21	25.61	17.72	12.21	30.48	40.0	30.08	33.96	24.41	25.0	33.54	16.03	16.97	32.56	34.54	36.06	0.0	34.23	35.74	30.68	31.14	25.18	21.93	24.41	22.36	19.21	19.21	12.17	12.73	36.36	14.32	8.94	10.05	15.81	3.0	32.65	44.69	9.22	5.39	25.08	15.03	18.44	19.1	28.23	12.65	28.28	10.63	8.25	26.0	5.83	17.03	29.83	4.0	22.83	16.28	8.6	19.65	17.0	26.87	20.02	19.24	14.76	27.29	29.27	20.22	17.0	16.97	22.47	43.19	8.6	23.54	18.44	16.03	19.42	34.71	26.25	27.07	18.6	12.0	5.0	21.4	24.84	20.62	34.06	34.37	13.34	29.07	13.0	20.02	26.02	32.2	25.08	19.24	
5.1	33.54	46.32	44.1	33.54	15.3	16.4	24.21	24.41	41.11	26.4	26.4	28.07	13.0	4.12	31.24	30.61	10.05	40.31	27.2	2.83	9.22	8.0	34.23	0.0	15.0	55.0	7.62	47.01	29.68	25.61	15.23	47.3	49.77	35.78	44.92	15.3	21.19	38.21	35.51	24.7	31.26	38.08	33.0	27.07	37.11	36.12	36.69	21.54	35.34	10.63	34.0	21.26	42.72	36.22	52.15	38.08	35.47	18.6	34.0	47.76	19.31	31.02	15.03	43.42	21.21	36.67	44.92	28.46	49.04	44.6	40.31	46.1	23.41	13.6	33.06	41.01	39.62	25.61	18.68	19.31	3.0	19.1	47.51	24.21	34.93	30.81	24.7	23.43	42.15	32.31	1.0	32.28	19.21	35.17	38.48	9.43	38.59	46.23	28.18	
16.76	42.43	51.97	38.08	21.21	23.43	13.93	35.51	14.87	48.01	24.33	14.21	13.15	5.83	19.03	21.93	21.02	5.1	35.36	22.02	17.12	24.08	23.0	35.74	15.0	0.0	47.54	8.54	39.56	39.82	36.89	25.24	52.84	46.17	32.02	43.05	30.15	21.54	42.49	40.82	21.1	32.89	26.17	18.0	31.91	36.5	26.83	43.6	30.48	43.86	23.41	30.02	34.01	41.11	40.71	45.88	37.48	43.28	31.95	37.16	54.64	19.7	29.27	21.93	49.4	33.54	45.28	51.31	36.12	41.23	34.99	48.27	42.19	31.83	23.02	18.11	44.01	31.38	20.02	20.59	28.43	18.0	31.3	39.4	19.0	41.05	31.05	35.0	34.99	49.82	19.21	16.0	39.2	32.31	41.62	46.75	12.81	26.91	38.63	37.54	
51.74	50.0	44.01	11.4	29.15	46.23	38.6	54.12	32.7	46.27	29.73	34.21	42.3	44.29	56.73	25.63	26.57	48.76	15.81	27.8	54.67	59.4	60.14	30.68	55.0	47.54	0.0	48.55	8.06	52.55	54.56	49.2	44.05	14.14	20.81	20.02	63.13	35.38	37.48	40.02	30.48	31.78	25.0	44.0	38.91	25.3	20.88	44.91	47.51	49.48	53.81	22.02	57.45	21.21	37.85	5.0	25.0	47.3	58.25	34.48	49.01	36.77	26.63	44.69	44.05	56.08	50.22	46.01	45.31	6.32	14.0	49.5	14.14	46.53	48.27	42.0	34.13	16.16	29.41	38.21	47.71	56.85	54.92	8.25	30.81	42.2	29.53	51.43	54.59	49.25	32.14	55.61	43.97	57.69	43.17	49.82	45.61	24.0	8.94	49.77	
8.25	34.83	45.69	38.01	25.94	15.62	10.44	27.2	17.03	41.18	21.38	18.79	21.02	5.39	11.18	24.04	23.35	3.61	34.54	21.02	9.06	16.03	15.3	31.14	7.62	8.54	48.55	0.0	40.5	31.83	28.6	17.03	46.62	44.64	30.36	40.45	22.0	17.0	36.69	34.54	18.97	28.16	30.53	26.17	25.63	33.06	29.0	36.72	22.67	36.4	14.87	28.46	25.5	38.33	34.79	46.07	34.06	36.06	23.41	31.78	47.89	15.0	26.31	14.42	42.95	25.06	37.8	44.72	28.84	42.44	37.48	41.05	40.8	24.21	14.87	26.02	38.83	32.8	19.24	15.13	20.52	10.44	22.83	40.8	17.89	34.44	27.0	26.91	26.63	42.72	24.7	8.54	32.25	23.77	34.89	39.41	5.39	31.06	39.66	29.73	
43.86	44.55	40.79	5.0	22.02	38.83	30.61	47.54	24.7	42.05	22.2	26.48	35.01	36.24	48.84	17.72	18.68	40.71	9.22	19.85	46.75	51.66	52.33	25.18	47.01	39.56	8.06	40.5	0.0	46.57	48.1	41.88	41.0	13.45	13.93	17.09	55.61	27.8	33.02	35.06	22.63	25.71	18.44	37.22	32.57	20.02	13.15	40.05	40.72	44.28	46.23	14.76	50.54	17.46	33.02	7.07	20.0	42.19	51.11	29.15	45.71	29.07	19.7	37.2	40.31	49.19	45.18	42.43	39.29	2.24	8.06	45.0	11.18	39.92	40.8	35.23	30.27	8.25	21.4	30.61	40.71	48.92	47.89	2.24	22.8	37.12	23.09	44.94	47.93	45.04	25.02	47.63	38.47	50.61	38.12	45.04	37.64	17.46	1.0	43.68	
25.0	5.1	20.62	41.76	47.07	16.4	28.64	6.08	37.64	14.32	27.02	42.38	49.65	34.41	26.83	40.31	40.45	35.38	37.36	32.14	26.93	24.04	26.25	21.93	29.68	39.82	52.55	31.83	46.57	0.0	5.0	14.87	21.59	40.82	32.76	34.13	22.02	23.54	17.69	14.14	29.27	20.88	49.37	55.01	14.14	27.31	43.01	11.18	9.43	7.07	19.24	32.39	11.0	32.25	16.28	47.93	27.73	8.54	14.04	18.36	20.0	24.04	27.29	18.03	17.72	10.05	8.0	18.25	7.28	48.76	49.25	12.0	38.91	8.54	16.97	54.13	21.93	43.19	32.39	22.14	11.4	28.18	11.4	48.27	31.58	12.04	23.54	5.0	7.07	14.0	47.8	29.15	9.22	13.04	11.4	10.0	27.02	49.25	46.32	3.0	
21.21	10.05	25.5	43.46	46.27	13.93	26.93	1.41	36.5	19.24	27.29	41.0	47.54	31.76	22.47	40.0	40.01	32.2	39.0	32.06	22.8	19.31	21.54	24.41	25.61	36.89	54.56	28.6	48.1	5.0	0.0	11.66	26.48	43.6	34.18	37.01	17.03	23.0	21.63	18.03	29.02	22.83	49.01	52.92	15.65	29.68	43.19	15.81	8.0	12.04	15.0	33.53	6.0	35.0	20.0	50.12	30.23	13.34	9.06	21.26	25.0	23.09	28.46	15.81	22.56	5.1	13.0	23.19	9.9	50.33	50.01	17.0	41.34	8.25	13.89	52.2	25.81	43.93	32.0	21.1	9.22	23.85	6.71	49.65	31.02	16.12	25.08	3.16	2.24	19.0	46.69	25.0	13.04	8.06	15.65	15.0	24.19	49.0	47.76	5.83	
10.3	18.36	31.4	37.8	36.01	3.16	16.03	10.3	26.0	25.96	19.72	30.15	36.06	20.12	13.15	30.59	30.41	20.62	33.42	23.41	12.65	12.37	14.14	22.36	15.23	25.24	49.2	17.03	41.88	14.87	11.66	0.0	32.39	40.61	28.43	34.67	14.21	14.32	24.08	21.0	20.25	19.72	39.32	41.44	13.6	26.63	34.48	21.59	6.32	20.12	6.08	27.2	10.0	32.45	22.09	45.34	27.46	20.25	9.49	20.88	32.57	13.6	22.67	5.1	28.44	9.06	21.47	29.83	13.34	44.1	42.15	25.08	37.54	8.25	2.24	40.8	27.46	36.25	22.8	11.7	4.12	14.32	7.0	43.05	21.59	20.1	20.62	9.9	9.85	26.93	36.06	14.87	17.26	9.22	20.22	23.26	12.53	39.46	41.34	13.04	
42.2	16.49	1.0	36.14	51.4	32.02	39.12	27.29	44.55	7.28	31.11	49.5	58.8	47.01	45.54	43.6	44.2	49.66	32.89	36.12	44.91	44.05	46.1	19.21	47.3	52.84	44.05	46.62	41.0	21.59	26.48	32.39	0.0	30.0	30.41	24.19	43.19	31.62	10.63	12.08	34.66	21.21	51.62	63.66	21.02	22.36	43.91	11.0	26.17	14.56	38.21	31.38	32.39	23.54	12.21	39.05	21.93	13.15	35.23	16.28	5.1	33.29	27.8	32.57	4.0	31.26	13.93	3.61	19.1	42.76	46.82	10.3	30.27	24.19	33.73	62.23	11.18	41.63	37.48	32.25	28.28	46.69	32.06	43.17	37.48	12.37	24.08	25.08	28.28	8.6	53.26	47.07	15.13	34.23	12.17	12.08	41.23	51.11	41.23	21.1	
45.62	37.58	30.02	10.3	32.89	38.01	34.21	43.42	32.02	32.76	23.41	35.36	44.91	41.59	50.54	26.48	27.46	45.89	11.05	24.19	48.75	52.15	53.34	19.21	49.77	46.17	14.14	44.64	13.45	40.82	43.6	40.61	30.0	0.0	14.32	6.71	54.82	28.64	24.35	27.31	25.71	21.21	30.41	48.08	28.32	14.14	23.41	31.95	37.48	36.77	46.04	16.28	47.42	8.6	25.08	9.22	13.45	34.54	48.8	22.47	35.01	30.46	18.79	36.89	30.27	46.01	37.34	32.14	33.84	14.42	21.26	36.14	4.0	36.12	40.22	46.17	20.62	18.79	26.17	31.3	38.21	50.99	45.25	15.62	27.29	29.55	20.0	40.61	44.05	35.69	35.74	50.16	31.76	48.08	30.46	36.69	40.5	29.53	14.14	38.28	
31.91	31.06	29.97	9.43	22.02	25.5	19.92	33.62	18.44	29.83	9.43	22.47	32.31	27.29	36.89	14.42	15.26	31.58	5.0	10.0	34.99	39.05	40.0	12.17	35.78	32.02	20.81	30.36	13.93	32.76	34.18	28.43	30.41	14.32	0.0	11.4	42.45	15.0	20.88	22.2	11.4	12.04	21.4	36.24	18.68	8.06	13.6	27.17	26.83	31.0	33.24	2.0	36.72	9.85	20.4	16.97	8.6	29.02	37.44	16.12	34.54	16.64	5.83	24.04	28.79	35.36	32.02	31.02	25.5	16.16	17.12	32.39	10.44	26.0	27.59	34.48	19.24	11.4	12.0	17.8	26.93	37.22	34.13	15.52	13.04	24.08	9.22	31.02	34.01	32.76	24.41	36.24	25.02	36.89	25.08	32.14	26.4	20.81	13.6	29.83	
40.5	30.87	24.08	12.53	32.76	32.25	30.15	36.88	29.83	26.31	19.1	33.84	43.66	38.01	45.31	25.5	26.4	42.11	10.63	21.21	43.66	46.53	47.85	12.73	44.92	43.05	20.02	40.45	17.09	34.13	37.01	34.67	24.19	6.71	11.4	0.0	48.83	23.77	17.72	20.62	22.0	15.0	31.24	47.42	21.93	8.06	23.6	25.3	31.14	30.08	40.31	13.34	41.01	2.24	18.38	15.03	7.21	27.86	42.52	15.81	29.07	25.71	14.14	31.3	24.02	39.6	30.68	26.0	27.2	18.68	23.85	29.61	6.08	29.7	34.48	45.62	14.14	19.8	23.19	26.25	32.02	45.88	38.95	19.31	24.08	22.85	14.32	34.06	37.54	29.27	35.36	45.22	25.06	41.77	23.77	30.08	35.9	30.48	17.46	31.62	
14.14	27.0	42.19	51.74	46.57	16.97	26.93	16.0	36.69	36.06	33.42	39.81	43.01	27.07	11.18	42.54	42.15	25.08	47.42	36.36	13.04	6.08	7.62	36.36	15.3	30.15	63.13	22.0	55.61	22.02	17.03	14.21	43.19	54.82	42.45	48.83	0.0	27.8	36.69	33.24	33.29	33.84	50.6	48.09	27.29	40.8	46.96	32.25	18.38	29.0	9.43	41.11	11.05	46.62	34.79	59.41	41.62	30.07	8.0	34.44	42.01	26.63	36.77	18.44	39.2	12.0	30.02	40.05	24.74	57.8	55.07	34.01	51.74	20.25	14.87	48.01	40.5	49.4	35.36	25.0	17.0	12.37	11.18	56.61	34.0	31.78	34.83	18.11	15.0	36.01	45.89	14.32	28.64	9.0	31.58	32.02	20.62	50.92	55.0	22.09	
17.0	24.17	30.81	24.04	23.54	11.18	7.62	22.02	14.32	27.59	5.66	19.24	27.66	15.81	21.95	17.0	17.03	19.24	19.85	9.22	20.12	24.08	25.0	14.32	21.19	21.54	35.38	17.0	27.8	23.54	23.0	14.32	31.62	28.64	15.0	23.77	27.8	0.0	21.1	19.85	6.08	11.4	26.02	32.8	11.4	16.12	20.4	23.43	15.0	25.06	18.44	13.45	23.77	21.59	19.42	31.89	17.12	23.85	23.77	15.65	33.97	2.0	9.85	9.43	28.43	22.56	26.42	30.48	17.46	30.0	27.86	28.6	25.06	15.13	13.04	31.62	22.47	21.93	9.0	2.83	14.14	22.36	20.88	28.84	8.06	20.52	10.0	20.02	22.09	29.83	24.35	21.54	19.42	23.41	21.26	27.46	12.17	26.0	27.2	20.62	
33.14	13.6	9.9	28.02	41.05	23.02	28.65	21.95	33.94	9.06	20.52	38.9	48.17	36.67	37.0	33.29	33.84	39.56	24.19	25.61	36.06	36.35	38.21	8.94	38.21	42.49	37.48	36.69	33.02	17.69	21.63	24.08	10.63	24.35	20.88	17.72	36.69	21.1	0.0	3.61	24.04	10.63	41.59	53.04	11.18	13.15	34.01	7.62	18.44	12.53	30.15	21.54	26.83	16.28	2.0	32.56	13.04	10.3	29.15	5.66	13.89	22.83	17.49	23.19	8.06	25.5	13.0	10.3	12.08	35.0	37.85	12.04	23.35	16.49	25.0	51.62	4.24	32.28	26.91	21.93	20.22	38.01	25.63	35.06	26.87	5.66	13.6	19.24	22.83	12.04	42.8	38.12	8.6	28.23	6.4	12.37	31.32	41.15	33.06	15.81	
30.41	10.3	11.18	30.07	41.18	20.22	27.2	18.36	33.42	8.06	20.25	38.42	47.38	34.99	34.06	33.54	34.0	37.58	26.0	25.55	33.24	33.14	35.06	10.05	35.51	40.82	40.02	34.54	35.06	14.14	18.03	21.0	12.08	27.31	22.2	20.62	33.24	19.85	3.61	0.0	23.6	10.77	42.15	52.4	8.94	15.03	34.79	5.0	15.13	9.49	27.02	22.56	23.26	18.97	2.24	35.17	15.13	7.28	25.63	6.08	14.14	21.4	18.03	20.62	8.6	21.93	10.2	10.63	8.54	37.12	39.32	10.2	25.96	13.15	22.09	51.09	7.81	33.54	26.63	20.25	17.03	35.13	22.14	37.01	26.4	2.24	13.93	15.65	19.24	10.77	42.72	35.36	5.0	24.7	3.16	10.0	29.15	41.79	35.01	12.21	
21.26	29.41	33.94	19.42	18.03	17.09	8.54	28.07	9.9	31.62	3.61	14.87	24.21	16.03	26.25	11.05	11.18	20.22	15.65	3.16	24.21	29.07	29.7	15.81	24.7	21.1	30.48	18.97	22.63	29.27	29.02	20.25	34.66	25.71	11.4	22.0	33.29	6.08	24.04	23.6	0.0	13.45	20.1	29.0	16.16	15.52	14.32	27.78	21.02	30.08	23.85	9.49	29.83	20.02	22.67	27.46	16.49	28.64	29.73	18.38	37.64	6.71	8.25	15.23	31.89	28.64	31.38	34.06	22.8	24.76	21.93	33.12	21.84	21.02	18.79	27.59	24.41	16.12	3.16	8.54	20.22	26.4	26.93	23.43	2.83	24.7	10.82	26.0	28.16	34.13	19.24	25.24	24.17	29.41	25.55	32.2	15.26	20.02	21.93	26.31	
26.48	19.03	20.52	20.88	30.53	17.46	18.97	22.47	23.35	18.79	9.9	28.28	37.64	27.2	31.05	22.83	23.32	30.59	16.49	15.0	29.61	31.78	33.24	3.0	31.26	32.89	31.78	28.16	25.71	20.88	22.83	19.72	21.21	21.21	12.04	15.0	33.84	11.4	10.63	10.77	13.45	0.0	31.38	42.45	7.21	7.07	24.04	15.52	16.28	19.03	25.5	12.04	26.25	12.81	9.43	27.29	7.81	17.12	27.59	5.0	24.41	13.34	7.28	16.76	18.6	24.84	20.1	20.81	13.6	27.89	29.02	20.88	18.6	15.0	19.7	41.01	11.18	23.09	16.28	13.04	17.03	31.78	24.04	27.46	16.28	12.37	3.16	19.72	23.02	21.54	32.2	31.4	13.0	26.87	13.34	20.4	23.02	31.02	25.5	18.03	
36.77	49.24	51.11	20.12	5.0	36.22	23.77	48.0	13.93	50.16	22.56	12.04	17.72	25.24	41.15	9.06	9.0	29.21	20.62	17.26	38.91	45.31	45.19	32.65	38.08	26.17	25.0	30.53	18.44	49.37	49.01	39.32	51.62	30.41	21.4	31.24	50.6	26.02	41.59	42.15	20.1	31.38	0.0	19.0	35.9	29.41	7.81	46.82	41.01	49.73	41.48	20.25	49.25	30.41	40.72	25.5	30.0	48.08	48.66	36.25	55.47	26.02	24.17	34.23	49.65	48.17	50.96	51.88	42.76	19.1	11.0	52.2	26.93	41.11	37.48	17.0	40.5	11.66	17.03	28.02	40.01	40.71	46.27	17.12	18.0	43.66	28.23	46.04	48.01	52.92	7.62	38.95	43.68	48.51	44.6	51.55	30.08	1.0	17.46	46.39	
34.37	56.6	62.94	38.08	15.3	39.0	26.42	51.62	19.1	60.31	32.56	14.21	5.39	21.59	37.01	21.93	21.02	23.02	37.34	27.8	35.06	42.05	41.0	44.69	33.0	18.0	44.0	26.17	37.22	55.01	52.92	41.44	63.66	48.08	36.24	47.42	48.09	32.8	53.04	52.4	29.0	42.45	19.0	0.0	44.2	43.27	24.74	56.22	45.62	57.69	40.79	34.48	50.96	46.07	51.62	44.28	44.1	56.61	49.24	47.38	66.53	31.62	36.4	37.16	60.83	50.29	59.08	62.97	49.93	38.05	30.0	61.4	44.27	46.53	39.22	2.0	53.26	29.61	26.25	33.29	43.86	36.0	48.08	36.06	26.17	53.26	39.7	50.57	51.26	62.63	12.37	34.0	52.2	49.48	54.04	60.22	29.12	20.0	36.22	52.35	
22.02	13.34	20.12	27.86	34.18	12.04	18.44	15.26	25.55	16.28	13.34	30.53	39.05	26.08	26.08	26.93	27.2	28.64	23.41	18.68	25.0	25.96	27.66	9.22	27.07	31.91	38.91	25.63	32.57	14.14	15.65	13.6	21.02	28.32	18.68	21.93	27.29	11.4	11.18	8.94	16.16	7.21	35.9	44.2	0.0	14.21	29.15	12.04	9.22	13.93	19.65	18.25	19.1	19.8	9.22	34.48	14.87	12.53	20.62	7.28	22.8	12.73	13.15	12.04	17.49	17.69	15.23	19.42	7.0	34.79	35.13	17.2	25.81	7.81	14.14	43.01	14.04	29.07	19.31	11.4	10.3	27.02	17.03	34.21	18.79	9.22	9.49	12.53	15.81	18.44	35.34	27.02	8.06	19.85	9.9	16.12	20.25	35.69	32.28	11.18	
32.57	24.74	21.93	15.03	29.7	24.19	23.02	29.41	24.6	22.2	12.17	29.15	38.95	31.14	37.34	21.93	22.67	35.01	11.05	15.65	35.74	38.47	39.81	5.39	37.11	36.5	25.3	33.06	20.02	27.31	29.68	26.63	22.36	14.14	8.06	8.06	40.8	16.12	13.15	15.03	15.52	7.07	29.41	43.27	14.21	0.0	21.63	20.02	23.35	24.33	32.25	9.22	33.3	5.83	13.0	20.62	1.0	22.2	34.66	9.22	26.57	18.11	7.28	23.26	20.88	31.89	25.18	23.09	20.12	22.09	24.74	25.02	11.66	22.02	26.42	41.62	11.18	19.31	17.46	18.44	24.08	37.95	31.11	22.0	18.03	17.12	6.32	26.63	30.0	25.18	31.89	37.36	18.68	33.94	18.11	25.02	28.28	28.84	20.0	24.6	
33.84	42.43	43.42	13.34	9.49	31.32	20.25	42.3	12.21	42.72	16.0	13.34	22.02	24.21	38.6	5.0	5.83	28.6	13.04	11.18	36.4	42.19	42.44	25.08	36.12	26.83	20.88	29.0	13.15	43.01	43.19	34.48	43.91	23.41	13.6	23.6	46.96	20.4	34.01	34.79	14.32	24.04	7.81	24.74	29.15	21.63	0.0	39.56	35.23	42.76	37.58	12.53	44.15	22.67	33.24	20.02	22.2	41.0	43.97	28.79	47.85	20.88	16.76	29.41	42.05	42.95	43.93	44.28	36.12	14.56	8.49	44.92	19.7	35.06	32.89	22.8	32.76	5.0	11.7	22.8	34.53	38.42	41.23	12.65	13.0	36.4	20.88	40.11	42.43	45.54	12.37	36.88	36.67	43.68	37.36	44.38	27.2	7.21	12.17	40.01	
31.62	6.4	10.0	35.06	45.62	21.54	30.41	16.49	37.44	4.47	24.6	42.44	51.09	37.8	34.71	38.08	38.48	39.96	31.0	29.97	34.21	33.06	35.13	15.03	36.69	43.6	44.91	36.72	40.05	11.18	15.81	21.59	11.0	31.95	27.17	25.3	32.25	23.43	7.62	5.0	27.78	15.52	46.82	56.22	12.04	20.02	39.56	0.0	15.3	5.0	27.29	27.46	21.59	23.77	7.07	40.02	20.1	2.83	24.33	11.05	11.18	24.76	22.8	22.36	7.0	20.4	5.39	8.25	8.25	42.11	44.28	5.39	30.81	13.34	23.09	55.0	11.66	38.47	30.89	23.35	17.46	35.9	21.1	42.01	30.53	3.16	18.68	14.14	17.46	6.4	47.01	36.4	4.47	23.35	2.24	5.0	31.38	46.49	40.01	10.2	
16.55	12.21	25.18	36.24	38.33	7.07	19.31	7.07	28.64	19.65	19.42	33.24	40.25	25.0	19.42	32.0	32.02	26.17	31.76	24.08	18.97	18.03	20.0	18.44	21.54	30.48	47.51	22.67	40.72	9.43	8.0	6.32	26.17	37.48	26.83	31.14	18.38	15.0	18.44	15.13	21.02	16.28	41.01	45.62	9.22	23.35	35.23	15.3	0.0	13.89	12.04	26.0	10.0	29.0	16.49	43.27	24.04	13.93	11.4	16.12	26.25	15.13	21.02	8.6	22.2	8.6	15.26	23.54	7.07	42.95	42.2	18.79	34.83	2.0	8.06	44.78	22.14	36.14	24.0	13.15	2.24	20.62	7.81	42.15	23.02	14.0	18.03	5.1	7.28	20.62	38.83	21.19	11.05	10.63	14.04	17.0	17.69	41.0	40.31	7.07	
30.41	2.0	13.6	39.32	48.1	20.81	31.4	13.0	39.36	7.28	27.2	44.29	52.43	38.18	32.89	40.8	41.11	39.82	35.13	32.57	32.7	30.59	32.76	19.1	35.34	43.86	49.48	36.4	44.28	7.07	12.04	20.12	14.56	36.77	31.0	30.08	29.0	25.06	12.53	9.49	30.08	19.03	49.73	57.69	13.93	24.33	42.76	5.0	13.89	0.0	25.3	31.06	18.03	28.46	11.7	44.64	24.52	2.24	21.0	15.13	13.04	26.08	26.17	22.02	10.77	17.0	1.41	11.18	7.81	46.39	48.04	5.1	35.44	12.21	21.95	56.6	16.64	42.11	33.24	24.41	16.12	34.18	18.11	46.17	32.7	7.28	22.09	11.18	14.0	7.07	49.24	34.93	6.08	20.0	6.32	3.16	31.24	49.48	44.18	7.28	
6.71	23.41	37.22	42.45	37.66	8.06	17.72	13.6	27.66	31.58	24.08	31.14	35.51	19.24	7.62	33.24	32.89	18.38	38.18	26.93	7.81	6.32	8.06	28.23	10.63	23.41	53.81	14.87	46.23	19.24	15.0	6.08	38.21	46.04	33.24	40.31	9.43	18.44	30.15	27.02	23.85	25.5	41.48	40.79	19.65	32.25	37.58	27.29	12.04	25.3	0.0	31.83	10.82	38.08	28.16	50.21	33.12	25.71	8.54	26.93	38.08	17.2	27.66	9.22	34.23	10.63	26.57	35.51	19.1	48.41	45.65	30.36	42.8	14.04	5.83	40.45	33.54	39.96	25.94	15.62	10.0	8.94	8.49	47.2	24.6	26.02	26.08	14.32	12.81	32.28	37.22	10.0	23.09	8.94	26.08	28.46	12.0	41.76	45.61	18.03	
30.23	31.0	30.89	10.63	20.52	24.21	18.03	32.89	16.49	30.36	7.81	20.62	30.46	25.32	35.23	12.81	13.6	29.61	6.4	8.0	33.29	37.54	38.42	12.65	34.0	30.02	22.02	28.46	14.76	32.39	33.53	27.2	31.38	16.28	2.0	13.34	41.11	13.45	21.54	22.56	9.49	12.04	20.25	34.48	18.25	9.22	12.53	27.46	26.0	31.06	31.83	0.0	35.78	11.7	20.88	18.44	9.9	29.15	36.36	16.49	35.34	15.0	5.1	22.67	29.55	34.44	32.14	31.78	25.18	17.0	17.0	32.76	12.37	25.3	26.25	32.76	20.25	11.05	10.0	16.28	25.94	35.51	33.12	16.16	11.05	24.33	9.0	30.36	33.24	33.24	22.8	34.48	25.02	35.85	25.32	32.39	24.6	19.72	14.32	29.43	
17.49	16.03	31.4	46.14	46.01	13.04	26.02	5.1	36.0	25.18	28.79	40.11	45.61	29.41	17.69	40.45	40.31	29.07	41.68	32.98	18.44	13.89	16.12	28.28	21.26	34.01	57.45	25.5	50.54	11.0	6.0	10.0	32.39	47.42	36.72	41.01	11.05	23.77	26.83	23.26	29.83	26.25	49.25	50.96	19.1	33.3	44.15	21.59	10.0	18.03	10.82	35.78	0.0	38.9	25.06	53.25	33.97	19.24	3.16	25.61	31.0	23.35	30.89	15.03	28.44	1.41	19.0	29.15	14.76	52.77	51.55	23.0	44.82	11.31	12.04	50.45	30.89	45.54	32.56	21.38	9.85	19.1	3.0	51.89	31.4	21.54	28.02	7.62	4.12	25.0	46.04	20.52	18.38	2.24	21.19	21.0	21.84	49.37	50.09	11.4	
38.28	29.15	23.35	12.65	31.62	30.02	28.07	34.83	28.16	25.08	17.03	32.31	42.15	36.0	43.08	24.19	25.06	40.05	10.0	19.42	41.44	44.29	45.62	10.63	42.72	41.11	21.21	38.33	17.46	32.25	35.0	32.45	23.54	8.6	9.85	2.24	46.62	21.59	16.28	18.97	20.02	12.81	30.41	46.07	19.8	5.83	22.67	23.77	29.0	28.46	38.08	11.7	38.9	0.0	16.76	16.28	5.0	26.25	40.36	13.89	28.28	23.54	12.04	29.07	23.02	37.48	29.12	25.08	25.24	19.24	23.71	28.28	7.07	27.59	32.25	44.29	13.0	19.21	21.38	24.04	29.83	43.66	36.8	19.65	22.2	21.19	12.08	32.02	35.47	28.07	34.13	43.01	23.26	39.62	22.14	28.64	33.73	29.7	17.72	29.68	
31.14	12.53	11.4	28.02	39.96	21.02	26.93	20.25	32.56	9.49	19.21	37.54	46.69	34.89	35.0	32.25	32.76	37.7	24.02	24.41	34.06	34.37	36.22	8.25	36.22	40.71	37.85	34.79	33.02	16.28	20.0	22.09	12.21	25.08	20.4	18.38	34.79	19.42	2.0	2.24	22.67	9.43	40.72	51.62	9.22	13.0	33.24	7.07	16.49	11.7	28.16	20.88	25.06	16.76	0.0	32.98	13.04	9.49	27.31	4.47	15.0	21.1	16.55	21.21	9.22	23.71	12.37	11.4	10.3	35.06	37.48	12.04	23.77	14.56	23.0	50.25	5.83	31.78	25.61	20.12	18.25	36.01	23.77	35.0	25.5	4.47	12.53	17.49	21.1	12.37	41.62	36.12	7.07	26.4	5.39	12.04	29.41	40.31	33.0	14.21	
48.6	45.22	39.01	8.06	29.07	42.45	35.85	49.74	31.05	41.3	26.25	33.24	42.0	42.15	53.6	24.33	25.32	46.62	12.04	25.06	51.61	55.97	56.85	26.0	52.15	45.88	5.0	46.07	7.07	47.93	50.12	45.34	39.05	9.22	16.97	15.03	59.41	31.89	32.56	35.17	27.46	27.29	25.5	44.28	34.48	20.62	20.02	40.02	43.27	44.64	50.21	18.44	53.25	16.28	32.98	0.0	20.25	42.45	54.2	29.73	44.01	33.42	22.67	41.01	39.05	51.87	45.35	41.01	40.72	6.71	14.87	44.55	9.22	42.19	44.55	42.3	29.15	15.03	26.83	34.71	43.6	53.82	50.8	8.54	28.18	37.36	25.24	47.01	50.25	44.28	32.06	52.7	39.22	53.6	38.33	44.91	42.72	24.52	8.06	45.19	
33.53	25.0	21.54	15.0	30.41	25.06	24.02	30.0	25.5	22.09	13.15	30.02	39.82	32.14	38.28	22.67	23.43	36.01	11.18	16.55	36.69	39.36	40.72	5.83	38.08	37.48	25.0	34.06	20.0	27.73	30.23	27.46	21.93	13.45	8.6	7.21	41.62	17.12	13.04	15.13	16.49	7.81	30.0	44.1	14.87	1.0	22.2	20.1	24.04	24.52	33.12	9.9	33.97	5.0	13.04	20.25	0.0	22.36	35.38	9.49	26.25	19.1	8.25	24.17	20.62	32.56	25.32	22.8	20.59	22.02	25.0	25.0	11.18	22.67	27.29	42.44	10.77	19.7	18.38	19.42	24.84	38.9	31.83	22.02	18.97	17.26	7.28	27.2	30.61	25.08	32.65	38.33	18.97	34.66	18.25	25.08	29.27	29.41	20.02	25.06	
30.46	3.61	12.17	37.22	46.62	20.59	30.48	14.14	38.08	6.0	25.63	43.05	51.4	37.54	33.24	39.22	39.56	39.41	33.06	31.02	32.89	31.26	33.38	17.03	35.47	43.28	47.3	36.06	42.19	8.54	13.34	20.25	13.15	34.54	29.02	27.86	30.07	23.85	10.3	7.28	28.64	17.12	48.08	56.61	12.53	22.2	41.0	2.83	13.93	2.24	25.71	29.15	19.24	26.25	9.49	42.45	22.36	0.0	22.09	13.04	12.37	25.0	24.33	21.63	9.22	18.11	3.0	10.0	7.21	44.28	46.1	5.0	33.24	12.08	21.93	55.47	14.42	40.2	31.78	23.43	16.16	34.48	19.0	44.1	31.3	5.1	20.22	12.0	15.13	6.71	47.85	35.11	4.47	21.1	4.12	3.61	30.81	47.8	42.11	8.0	
15.23	19.0	34.23	46.87	45.18	12.65	25.08	8.0	35.13	28.07	29.07	39.0	43.93	27.66	14.87	40.02	39.81	26.93	42.44	32.89	15.81	10.82	13.04	29.83	18.6	31.95	58.25	23.41	51.11	14.04	9.06	9.49	35.23	48.8	37.44	42.52	8.0	23.77	29.15	25.63	29.73	27.59	48.66	49.24	20.62	34.66	43.97	24.33	11.4	21.0	8.54	36.36	3.16	40.36	27.31	54.2	35.38	22.09	0.0	27.46	34.01	23.09	31.62	14.56	31.26	4.0	22.02	32.06	17.09	53.34	51.62	26.02	46.01	13.04	11.18	48.84	33.11	45.69	32.28	21.19	10.63	16.28	3.61	52.35	31.05	24.04	29.07	10.2	7.0	28.02	45.01	17.8	20.88	1.0	23.77	24.02	20.22	48.84	50.61	14.14	
29.02	15.52	15.56	24.19	35.51	19.24	23.26	21.21	28.28	13.93	14.87	33.24	42.52	31.38	33.24	27.78	28.3	34.48	20.02	20.0	32.06	33.24	34.93	4.0	34.0	37.16	34.48	31.78	29.15	18.36	21.26	20.88	16.28	22.47	16.12	15.81	34.44	15.65	5.66	6.08	18.38	5.0	36.25	47.38	7.28	9.22	28.79	11.05	16.12	15.13	26.93	16.49	25.61	13.89	4.47	29.73	9.49	13.04	27.46	0.0	19.42	17.46	12.08	19.03	13.6	24.21	16.03	15.81	11.4	31.26	33.24	16.28	20.62	14.42	21.38	45.97	7.07	27.46	21.26	16.76	17.46	34.13	23.85	31.06	21.21	8.0	8.06	18.38	21.93	16.76	37.2	34.01	9.49	26.63	9.0	16.03	26.48	35.85	29.07	15.81	
42.72	15.03	5.0	40.79	54.92	32.7	41.23	26.02	47.51	6.71	34.21	52.5	61.52	48.83	45.61	47.17	47.71	51.11	37.36	39.41	45.22	43.57	45.71	22.83	47.76	54.64	49.01	47.89	45.71	20.0	25.0	32.57	5.1	35.01	34.54	29.07	42.01	33.97	13.89	14.14	37.64	24.41	55.47	66.53	22.8	26.57	47.85	11.18	26.25	13.04	38.08	35.34	31.0	28.28	15.0	44.01	26.25	12.37	34.01	19.42	0.0	35.47	31.38	33.54	5.83	30.02	12.0	3.61	19.31	47.52	51.24	8.0	35.13	24.35	34.18	65.19	15.52	45.88	40.61	34.21	28.46	46.84	31.14	47.85	40.46	13.6	27.46	24.19	27.02	6.0	56.61	47.43	15.65	33.02	13.04	10.0	42.54	55.01	45.89	20.22	
15.26	25.06	32.45	25.5	23.19	10.44	5.83	22.02	13.6	29.0	7.21	18.38	26.4	13.93	20.25	17.12	17.03	17.26	21.4	9.85	18.36	22.63	23.43	16.28	19.31	19.7	36.77	15.0	29.07	24.04	23.09	13.6	33.29	30.46	16.64	25.71	26.63	2.0	22.83	21.4	6.71	13.34	26.02	31.62	12.73	18.11	20.88	24.76	15.13	26.08	17.2	15.0	23.35	23.54	21.1	33.42	19.1	25.0	23.09	17.46	35.47	0.0	11.7	8.54	30.0	22.2	27.46	32.02	18.36	31.24	28.64	29.83	26.83	15.52	12.08	30.53	24.35	22.83	9.22	2.0	14.0	20.59	20.4	30.0	8.06	21.93	12.0	20.22	22.0	31.14	23.77	19.7	20.62	22.8	22.63	28.6	10.2	26.08	28.43	21.19	
26.83	26.02	27.2	15.26	23.6	19.8	16.03	27.86	17.49	26.0	5.0	22.2	31.91	24.02	31.76	15.81	16.4	28.02	10.82	8.6	29.97	33.6	34.67	8.6	31.02	29.27	26.63	26.31	19.7	27.29	28.46	22.67	27.8	18.79	5.83	14.14	36.77	9.85	17.49	18.03	8.25	7.28	24.17	36.4	13.15	7.28	16.76	22.8	21.02	26.17	27.66	5.1	30.89	12.04	16.55	22.67	8.25	24.33	31.62	12.08	31.38	11.7	0.0	18.44	25.55	29.53	27.29	27.78	20.1	21.93	22.02	28.16	15.26	20.25	21.93	34.83	16.97	16.0	10.3	12.53	21.1	32.2	28.3	21.19	10.77	19.65	4.12	25.3	28.23	28.79	25.5	31.38	20.1	31.06	20.62	27.66	21.84	23.77	19.31	24.33	
10.0	20.52	31.62	33.3	31.0	2.0	11.18	14.56	21.02	26.83	15.0	25.32	31.78	16.4	14.32	25.5	25.32	17.8	29.0	18.38	13.04	15.26	16.55	19.65	15.03	21.93	44.69	14.42	37.2	18.03	15.81	5.1	32.57	36.89	24.04	31.3	18.44	9.43	23.19	20.62	15.23	16.76	34.23	37.16	12.04	23.26	29.41	22.36	8.6	22.02	9.22	22.67	15.03	29.07	21.21	41.01	24.17	21.63	14.56	19.03	33.54	8.54	18.44	0.0	28.79	14.0	23.43	30.46	14.42	39.41	37.16	26.63	33.6	9.9	3.61	36.4	26.0	31.3	17.72	6.71	6.71	15.13	12.04	38.28	16.49	20.25	17.0	13.42	14.32	28.3	31.14	15.0	17.89	14.32	20.62	25.0	9.22	34.37	36.62	15.62	
38.33	12.65	3.0	35.36	49.09	28.16	35.81	23.35	41.77	3.61	28.43	46.75	55.87	43.57	41.59	41.34	41.88	46.07	31.78	33.6	41.0	40.05	42.11	17.0	43.42	49.4	44.05	42.95	40.31	17.72	22.56	28.44	4.0	30.27	28.79	24.02	39.2	28.43	8.06	8.6	31.89	18.6	49.65	60.83	17.49	20.88	42.05	7.0	22.2	10.77	34.23	29.55	28.44	23.02	9.22	39.05	20.62	9.22	31.26	13.6	5.83	30.0	25.55	28.79	0.0	27.29	10.3	2.24	15.13	42.19	45.61	7.07	30.0	20.22	29.83	59.46	10.05	40.16	34.83	28.84	24.33	42.76	28.07	42.43	34.71	8.54	21.63	21.1	24.33	5.83	50.8	43.17	11.18	30.27	8.25	8.6	37.58	49.19	40.45	17.12	
17.2	15.0	30.27	44.78	45.0	12.0	25.08	4.0	35.01	24.08	27.51	39.2	44.92	28.79	17.8	39.32	39.2	28.65	40.31	31.78	18.38	14.32	16.55	26.87	21.21	33.54	56.08	25.06	49.19	10.05	5.1	9.06	31.26	46.01	35.36	39.6	12.0	22.56	25.5	21.93	28.64	24.84	48.17	50.29	17.69	31.89	42.95	20.4	8.6	17.0	10.63	34.44	1.41	37.48	23.71	51.87	32.56	18.11	4.0	24.21	30.02	22.2	29.53	14.0	27.29	0.0	18.03	28.07	13.42	51.43	50.29	22.02	43.42	9.9	11.18	49.73	29.53	44.27	31.4	20.22	8.54	19.21	2.24	50.57	30.27	20.25	26.63	6.32	3.0	24.02	45.1	20.52	17.09	3.0	19.92	20.02	21.19	48.26	48.75	10.2	
31.76	3.16	13.0	40.2	49.4	22.2	32.8	14.04	40.71	6.71	28.46	45.65	53.82	39.6	34.18	42.06	42.38	41.23	36.06	33.84	34.01	31.78	33.96	20.02	36.67	45.28	50.22	37.8	45.18	8.0	13.0	21.47	13.93	37.34	32.02	30.68	30.02	26.42	13.0	10.2	31.38	20.1	50.96	59.08	15.23	25.18	43.93	5.39	15.26	1.41	26.57	32.14	19.0	29.12	12.37	45.35	25.32	3.0	22.02	16.03	12.0	27.46	27.29	23.43	10.3	18.03	0.0	10.44	9.22	47.27	49.09	4.0	36.14	13.6	23.32	57.98	17.0	43.19	34.54	25.81	17.49	35.47	19.24	47.1	34.01	8.06	23.19	12.37	15.03	6.0	50.57	36.25	7.28	21.02	7.07	2.0	32.65	50.7	45.1	8.54	
39.85	13.15	2.83	37.48	51.31	29.73	37.8	24.08	43.93	4.0	30.61	48.92	57.98	45.49	42.95	43.57	44.1	47.89	33.96	35.81	42.45	41.19	43.29	19.24	44.92	51.31	46.01	44.72	42.43	18.25	23.19	29.83	3.61	32.14	31.02	26.0	40.05	30.48	10.3	10.63	34.06	20.81	51.88	62.97	19.42	23.09	44.28	8.25	23.54	11.18	35.51	31.78	29.15	25.08	11.4	41.01	22.8	10.0	32.06	15.81	3.61	32.02	27.78	30.46	2.24	28.07	10.44	0.0	16.49	44.28	47.8	6.71	32.02	21.59	31.32	61.62	12.17	42.38	37.01	30.81	25.71	44.15	29.0	44.55	36.88	10.3	23.85	22.0	25.08	5.0	53.01	44.64	12.65	31.06	9.85	8.54	39.36	51.43	42.58	18.0	
23.41	6.71	18.11	34.48	40.8	13.42	23.6	10.0	31.78	12.65	20.22	36.67	44.65	30.41	26.48	33.73	33.96	32.2	30.08	25.5	25.96	25.0	27.02	14.76	28.46	36.12	45.31	28.84	39.29	7.28	9.9	13.34	19.1	33.84	25.5	27.2	24.74	17.46	12.08	8.54	22.8	13.6	42.76	49.93	7.0	20.12	36.12	8.25	7.07	7.81	19.1	25.18	14.76	25.24	10.3	40.72	20.59	7.21	17.09	11.4	19.31	18.36	20.1	14.42	15.13	13.42	9.22	16.49	0.0	41.48	42.11	12.21	31.76	5.1	14.87	48.88	16.12	36.06	25.96	16.64	9.22	27.66	13.6	41.0	25.3	7.07	16.28	7.21	10.82	13.89	41.79	28.16	4.0	16.16	7.0	10.63	23.6	42.58	39.05	4.47	
45.97	46.69	42.58	7.07	23.02	41.05	32.65	49.77	26.4	44.01	24.41	27.89	36.12	38.08	50.93	19.31	20.25	42.54	11.4	21.93	48.84	53.81	54.45	27.29	49.04	41.23	6.32	42.44	2.24	48.76	50.33	44.1	42.76	14.42	16.16	18.68	57.8	30.0	35.0	37.12	24.76	27.89	19.1	38.05	34.79	22.09	14.56	42.11	42.95	46.39	48.41	17.0	52.77	19.24	35.06	6.71	22.02	44.28	53.34	31.26	47.52	31.24	21.93	39.41	42.19	51.43	47.27	44.28	41.48	0.0	8.25	47.01	12.65	42.15	43.01	36.06	32.14	9.85	23.43	32.8	42.94	50.99	50.12	2.0	24.84	39.2	25.3	47.17	50.16	47.01	26.02	49.68	40.61	52.84	40.2	47.1	39.7	18.11	2.83	45.88	
