180
0.0	55.01	27.46	10.82	40.36	50.45	16.76	39.05	17.03	22.09	47.63	32.89	39.7	51.26	31.4	67.62	40.71	18.79	48.38	17.0	46.62	24.19	49.4	36.07	39.56	13.04	36.06	39.82	21.02	18.68	9.22	41.15	49.04	48.04	40.25	61.85	67.42	2.83	30.36	18.68	39.96	31.89	53.76	63.41	23.02	22.2	26.17	26.4	37.01	24.02	26.57	67.6	35.23	37.01	7.07	36.67	33.3	61.68	30.87	31.38	46.17	52.39	65.86	61.0	50.99	18.11	30.0	32.0	53.45	28.23	21.02	61.98	40.46	77.2	55.44	24.17	50.09	32.28	58.87	23.41	39.2	36.89	59.36	27.17	38.12	31.83	50.77	60.0	53.49	60.93	26.08	6.08	21.59	60.07	34.53	39.22	22.02	42.45	18.97	9.22	47.01	6.08	37.12	14.87	39.62	15.3	28.02	55.23	66.85	76.61	65.19	41.01	65.86	45.28	11.0	49.24	56.22	29.97	16.16	67.9	31.76	28.3	52.39	49.73	52.33	15.26	46.39	57.31	64.51	51.35	51.0	37.54	51.0	18.11	35.85	53.85	27.66	27.2	36.36	37.11	37.36	17.46	59.17	2.24	49.34	58.41	35.81	62.63	16.0	47.04	38.95	34.18	38.08	64.66	45.45	19.65	42.54	50.0	27.31	59.67	72.72	21.59	44.69	22.63	46.27	33.62	22.56	29.41	23.6	19.7	18.68	54.23	22.85	73.5	44.29	26.17	26.68	15.23	71.06	66.71	
55.01	0.0	65.39	61.81	37.54	34.89	39.2	59.03	67.47	61.47	45.49	54.41	86.73	20.25	58.31	26.93	26.17	72.56	16.64	57.87	20.81	48.3	28.18	85.07	57.49	68.0	63.51	42.43	57.58	53.49	46.1	51.62	84.05	72.18	26.87	51.55	38.0	53.08	27.86	62.36	83.67	80.01	42.05	53.45	60.17	46.1	29.07	73.76	18.11	61.33	69.08	32.25	20.62	18.0	54.59	27.8	37.8	19.42	30.41	76.32	82.38	59.64	32.06	13.0	22.85	56.3	76.54	63.13	17.46	31.38	34.06	20.4	34.66	47.52	8.0	49.66	25.08	56.04	20.0	34.21	34.66	30.61	31.4	28.07	65.0	39.41	28.64	5.1	20.62	25.02	81.01	54.23	76.24	5.39	69.35	56.64	33.0	38.42	73.17	64.01	73.76	56.22	28.43	52.2	41.04	53.85	63.06	6.0	39.0	46.53	22.8	70.0	45.4	10.77	66.01	82.2	4.12	50.48	40.31	48.37	49.41	47.17	21.19	64.54	57.69	68.59	77.01	7.28	20.88	8.06	26.93	36.12	4.12	73.01	76.06	19.65	66.31	45.28	31.24	57.8	57.01	38.33	31.26	54.01	62.48	36.14	81.71	20.4	57.57	74.52	86.38	53.01	20.59	35.0	36.06	53.14	49.52	5.1	70.23	40.02	39.62	34.23	42.01	73.01	68.62	48.41	55.04	75.58	71.84	73.55	37.22	61.29	35.44	42.43	27.2	81.02	81.3	69.35	46.0	28.64	
27.46	65.39	0.0	36.01	64.35	44.28	30.41	17.8	40.45	49.09	72.95	60.17	60.75	69.53	10.77	67.0	41.77	37.0	52.39	44.28	48.84	50.92	47.01	56.08	19.42	27.2	11.4	30.27	8.49	46.1	32.2	25.08	74.55	75.33	60.88	86.95	61.19	29.83	49.52	9.0	63.06	53.45	43.68	88.68	5.66	48.47	39.2	12.53	50.48	51.16	52.15	64.28	50.61	49.4	34.53	57.38	57.45	78.24	51.86	55.11	71.57	79.38	62.29	75.29	51.24	45.54	13.34	7.07	70.6	49.04	38.21	78.82	36.01	99.09	68.96	15.81	70.01	59.67	60.3	44.2	62.43	36.67	55.23	40.0	65.49	56.44	48.0	70.38	71.7	79.51	32.65	21.84	35.78	69.29	7.07	66.48	37.48	66.57	24.7	25.32	74.11	21.38	58.14	42.2	64.5	14.42	55.15	68.0	88.46	98.35	66.12	68.12	89.2	54.63	27.66	75.24	64.85	56.92	29.0	91.61	58.52	54.78	53.34	77.13	79.12	35.9	73.01	70.24	66.27	65.0	71.42	33.06	62.17	28.18	10.82	55.44	1.0	53.31	58.41	16.64	17.49	38.01	79.91	25.71	76.66	51.79	58.24	64.28	43.29	74.06	59.81	17.72	55.32	85.56	68.82	12.81	27.86	61.27	6.32	82.62	93.35	34.06	34.71	44.38	73.68	60.17	50.01	12.37	46.87	37.34	31.83	81.27	44.41	94.76	65.12	31.89	39.12	34.21	93.72	85.28	
10.82	61.81	36.01	0.0	40.25	60.88	26.08	49.34	6.4	13.6	45.61	27.8	29.0	54.74	41.48	76.94	50.48	11.05	57.27	10.0	55.95	21.63	59.41	25.61	49.98	12.21	45.71	50.61	30.81	14.21	16.55	51.88	38.83	39.81	42.95	59.55	77.62	10.63	35.0	27.02	29.15	21.21	64.44	60.88	32.39	21.02	34.18	31.62	43.74	15.81	16.28	77.39	41.3	44.15	7.28	39.62	33.62	65.62	34.23	20.59	35.9	47.43	75.72	66.03	60.54	12.04	35.11	41.44	57.43	32.06	28.16	65.76	50.93	77.41	61.03	34.89	52.63	26.63	67.98	28.02	39.92	47.01	69.4	35.11	30.36	31.78	60.8	66.61	56.89	63.79	22.83	16.55	15.52	67.08	43.0	33.84	29.73	42.06	19.21	11.4	38.33	15.81	39.81	12.08	38.59	25.63	19.65	61.13	67.54	76.94	74.25	32.39	65.19	52.89	10.3	39.32	63.56	26.17	25.81	66.85	28.32	25.81	61.77	43.38	47.8	7.07	37.0	63.07	73.41	57.08	53.16	48.08	57.71	16.28	42.76	63.06	36.0	25.55	38.33	47.43	47.76	23.54	60.75	13.04	43.42	68.77	25.0	71.59	9.22	38.21	28.28	44.78	43.0	65.92	45.62	30.08	53.34	56.72	34.37	59.54	73.93	30.41	55.44	12.21	38.6	30.48	17.03	34.79	12.81	12.04	27.78	49.09	27.0	74.25	46.57	23.32	20.22	8.54	70.83	69.38	
40.36	37.54	64.35	40.25	0.0	59.68	34.93	68.31	43.32	32.39	10.0	19.42	56.08	20.12	63.16	62.77	46.39	50.7	44.94	31.62	46.84	18.97	54.34	56.04	67.72	51.31	68.94	58.22	56.08	26.57	32.65	65.12	48.33	35.0	10.82	22.85	70.58	37.54	18.03	57.01	51.48	51.09	66.37	24.7	58.83	19.24	30.27	66.48	26.93	31.14	39.05	66.64	23.54	28.86	35.23	11.4	7.07	30.36	14.14	46.0	47.17	22.85	65.8	34.0	51.55	29.41	70.04	66.19	23.71	16.49	27.51	30.08	53.01	37.22	32.02	52.92	15.81	21.38	54.12	20.62	3.16	47.01	62.3	30.15	29.15	8.6	55.54	40.36	21.54	26.17	63.06	43.93	55.54	42.43	70.83	19.72	29.12	2.24	58.25	48.6	36.89	45.28	10.44	28.18	3.61	49.93	31.02	33.3	27.31	36.72	58.83	34.01	25.5	35.34	49.09	46.07	41.23	17.0	36.25	27.59	15.03	15.3	51.26	27.02	21.19	47.01	40.71	34.21	57.14	29.7	15.3	52.04	34.21	56.08	74.4	51.08	64.9	14.87	8.06	66.41	66.1	26.42	21.21	41.01	25.0	65.0	51.04	56.08	31.95	37.74	56.04	61.68	19.31	25.96	5.39	52.35	64.63	33.6	66.22	19.42	33.84	33.24	61.01	47.3	31.4	13.15	25.5	69.35	44.72	51.62	34.18	24.7	20.12	34.01	10.82	63.53	59.81	48.75	30.81	31.0	
50.45	34.89	44.28	60.88	59.68	0.0	35.47	30.59	67.27	67.8	69.58	68.94	89.83	50.8	34.01	23.54	13.34	68.82	18.38	62.63	14.56	59.48	6.71	86.45	28.64	60.54	37.22	14.04	39.56	60.46	45.34	21.59	95.13	88.14	50.09	80.0	17.46	50.25	42.2	46.17	89.2	82.07	7.28	82.0	41.0	56.36	31.78	56.09	33.06	68.82	74.52	20.02	36.22	31.06	54.45	48.37	55.79	53.85	46.32	80.66	92.66	82.0	18.03	47.85	12.21	62.2	57.56	39.0	49.48	44.92	37.59	54.78	10.0	81.32	42.15	30.68	54.33	69.78	19.42	43.46	56.57	14.42	11.0	31.38	78.71	56.32	6.4	38.28	52.17	58.52	71.59	46.04	70.49	35.81	45.04	73.74	35.36	61.52	62.65	56.6	88.55	47.71	49.37	57.2	62.17	39.81	72.11	40.31	71.81	80.36	23.77	83.24	76.66	27.66	59.36	94.34	31.91	64.47	35.38	79.63	64.62	60.93	14.21	84.12	80.6	65.6	90.05	42.05	24.6	39.85	56.32	13.04	34.18	64.41	53.01	16.28	45.28	58.69	51.62	30.27	29.27	42.19	63.15	48.41	82.57	8.06	85.56	22.83	61.85	89.01	89.14	27.0	41.05	67.91	61.13	36.4	18.68	33.84	50.49	70.35	73.68	32.45	10.2	73.0	85.09	64.85	63.81	56.57	73.55	69.63	34.21	83.95	44.78	76.24	53.0	71.18	75.29	65.22	78.64	62.97	
16.76	39.2	30.41	26.08	34.93	35.47	0.0	33.73	32.45	32.45	44.27	36.35	54.67	39.41	28.23	50.99	24.41	35.47	31.62	27.2	29.97	26.31	33.42	51.61	33.38	29.27	34.01	27.51	21.93	25.5	9.9	32.06	60.03	54.82	30.48	57.78	51.74	15.65	19.1	24.7	53.76	47.01	39.96	59.62	24.76	23.19	10.2	35.78	21.84	33.62	39.05	51.31	21.02	21.38	19.21	27.02	28.46	48.76	21.63	45.25	57.45	53.24	49.65	46.82	34.48	26.93	38.95	31.38	40.82	18.87	7.81	49.24	25.81	68.68	40.8	18.03	39.62	36.67	42.15	14.32	32.65	21.21	43.42	11.18	44.92	27.89	34.83	44.28	41.62	49.41	42.11	15.03	38.33	44.05	36.4	42.11	7.21	37.16	34.01	25.18	54.71	17.03	27.8	21.95	35.74	16.4	37.12	40.26	58.05	67.94	48.47	49.04	59.08	29.0	27.46	59.48	40.0	32.14	1.41	61.59	33.02	29.02	35.78	53.08	52.47	31.78	55.54	42.45	47.76	36.69	41.01	23.32	35.36	34.13	41.04	37.16	31.11	27.0	28.3	31.78	31.58	9.06	49.5	15.3	52.01	43.14	50.25	45.88	26.4	55.03	54.04	27.29	25.24	55.15	38.95	17.8	32.39	34.37	33.6	52.43	62.97	5.0	31.78	38.28	52.17	34.01	29.15	38.08	38.42	36.4	2.0	55.23	14.87	64.35	34.71	42.05	43.42	31.95	63.41	55.22	
39.05	59.03	17.8	49.34	68.31	30.59	33.73	0.0	54.78	61.0	77.88	69.03	76.48	68.24	8.06	54.13	33.02	52.84	43.57	55.73	39.45	59.08	35.11	72.07	2.0	43.05	7.28	17.46	18.79	56.14	40.0	9.06	88.06	86.28	62.17	91.08	46.01	40.61	51.08	24.41	78.0	68.88	28.02	92.97	18.03	56.14	38.91	30.23	48.01	62.8	65.52	50.25	49.4	46.4	45.71	59.09	62.1	75.07	54.42	69.64	85.16	86.83	48.26	70.72	40.31	56.44	30.41	10.82	68.41	51.87	40.8	75.82	25.06	99.32	64.35	16.03	69.97	69.0	49.04	47.8	65.79	28.43	41.44	39.36	76.24	61.61	35.74	63.6	70.21	77.8	50.21	32.98	52.43	61.85	15.52	75.11	39.22	70.52	41.87	40.25	85.59	33.53	60.01	52.15	69.38	23.77	66.75	62.97	88.84	98.48	54.12	79.63	91.24	48.84	42.94	88.29	57.43	65.12	32.56	93.94	66.27	62.29	42.54	86.09	86.15	50.99	85.33	65.12	54.71	60.83	71.69	23.02	56.64	45.0	23.54	44.78	18.6	60.41	61.1	2.0	2.24	42.76	79.92	36.88	85.21	37.05	73.41	52.81	54.74	85.71	75.59	6.71	54.71	85.44	71.87	19.42	12.04	55.9	23.85	84.53	92.66	35.11	20.4	59.51	84.1	67.48	60.13	29.53	61.47	53.34	34.21	88.81	48.51	94.58	66.19	49.5	56.22	49.65	94.89	83.24	
17.03	67.47	40.45	6.4	43.32	67.27	32.45	54.78	0.0	12.73	47.51	28.43	22.67	59.21	46.82	83.24	56.86	7.81	63.51	11.7	62.27	24.35	65.8	19.21	55.54	14.14	50.7	56.85	36.06	16.76	22.83	57.8	34.13	37.34	47.27	61.03	84.02	17.03	40.2	31.58	23.26	14.87	70.77	62.2	37.36	24.52	40.31	34.37	49.48	14.87	12.17	83.76	46.87	50.0	13.42	44.1	37.11	70.18	39.0	14.87	31.14	47.42	82.1	71.03	66.89	13.93	37.66	46.32	62.07	37.05	34.18	70.26	57.31	80.11	66.27	40.82	56.72	26.91	74.24	33.38	43.42	53.41	75.8	41.23	28.65	35.17	67.2	72.18	61.29	67.9	21.21	22.47	12.81	72.78	47.27	33.94	35.85	44.94	20.25	15.13	35.44	21.47	44.18	16.03	41.23	31.3	18.03	66.48	70.58	79.71	80.5	29.73	67.54	58.82	13.0	35.0	69.38	27.78	32.2	68.96	30.02	28.23	68.1	42.44	48.08	5.39	33.38	68.36	79.62	62.39	57.07	54.45	63.35	16.55	46.1	69.35	40.31	28.46	42.43	52.92	53.31	29.41	64.29	19.21	42.8	75.17	18.87	77.82	11.4	35.17	21.93	50.54	48.17	69.26	48.7	35.78	59.36	62.37	38.0	62.24	77.16	36.72	61.72	5.83	36.67	32.25	18.36	37.48	6.71	8.6	34.13	48.92	32.25	77.25	50.64	21.93	16.55	7.62	73.35	73.35	
22.09	61.47	49.09	13.6	32.39	67.8	32.45	61.0	12.73	0.0	35.34	15.81	25.3	50.16	53.46	80.6	55.9	20.52	60.61	5.39	60.21	14.04	65.12	24.19	61.39	25.5	58.14	59.48	43.1	8.06	22.83	62.3	27.73	26.31	38.21	48.55	83.49	20.4	33.62	40.11	22.47	19.1	72.4	49.65	45.01	15.52	37.54	45.22	44.29	2.24	7.62	82.13	41.15	45.28	15.3	35.51	27.0	61.13	31.32	14.87	25.06	34.71	80.66	62.97	65.12	5.66	48.7	54.04	53.34	30.08	31.14	61.07	58.25	68.35	58.94	45.61	47.0	14.21	71.4	27.78	33.06	53.41	74.97	38.29	16.76	25.0	66.53	65.79	52.09	58.03	33.94	28.16	25.5	66.85	56.14	21.21	33.24	33.73	32.25	25.0	25.02	28.02	35.36	10.63	29.83	37.34	6.08	59.48	59.2	68.01	77.42	19.03	55.54	54.2	23.77	27.51	63.98	15.81	32.76	56.8	18.03	17.12	65.95	30.02	35.36	17.8	24.33	61.13	76.28	55.36	47.04	55.76	57.38	28.84	56.29	66.84	49.16	18.0	33.14	59.03	59.23	26.17	53.6	24.19	30.23	75.29	20.25	74.63	6.32	25.0	25.0	55.79	41.11	58.25	37.66	41.59	63.32	56.46	47.85	50.6	65.97	35.47	64.01	15.23	25.0	20.25	7.0	48.38	12.37	21.26	33.6	36.24	26.42	65.8	41.01	34.66	28.84	20.0	61.47	63.2	
47.63	45.49	72.95	45.61	10.0	69.58	44.27	77.88	47.51	35.34	0.0	19.92	56.44	26.17	72.45	71.55	56.32	55.23	54.41	36.06	56.52	24.08	64.13	57.27	77.37	57.38	78.19	68.18	64.85	31.4	40.82	74.97	45.12	30.08	19.92	14.21	80.01	44.82	28.02	65.19	51.09	52.63	76.32	15.81	67.54	25.5	40.2	74.03	36.67	33.62	40.8	75.77	33.38	38.64	41.73	21.21	15.81	34.67	24.08	47.07	44.55	14.21	75.03	39.7	61.13	33.84	77.62	75.24	29.7	26.31	37.11	34.13	63.01	33.24	39.05	62.3	21.21	21.84	63.16	30.08	13.04	57.01	71.84	40.11	27.02	16.55	65.31	47.63	26.91	29.07	68.24	51.87	60.21	50.0	79.61	17.0	38.83	8.06	64.44	55.15	32.57	53.01	20.22	33.97	8.54	58.59	32.28	40.61	25.02	32.98	67.54	31.26	20.25	44.6	55.23	42.45	49.4	19.72	45.54	21.47	17.49	19.85	60.73	20.25	12.21	51.87	37.11	41.11	65.76	37.44	19.85	62.03	42.54	61.85	82.68	60.41	73.43	20.52	18.03	75.96	75.69	35.47	22.14	48.6	18.03	74.73	51.62	64.85	36.62	33.53	56.57	71.31	28.86	25.18	9.43	61.33	74.55	42.06	74.33	16.03	32.02	42.95	71.01	50.57	26.57	15.26	29.15	77.01	47.54	56.08	43.68	15.81	29.41	31.26	18.36	68.82	64.01	53.82	26.25	32.57	
32.89	54.41	60.17	27.8	19.42	68.94	36.35	69.03	28.43	15.81	19.92	0.0	37.01	39.22	62.29	77.23	55.9	36.24	57.8	17.8	58.52	10.05	64.88	37.48	69.0	40.0	67.6	63.56	52.95	14.32	29.07	68.36	29.68	19.24	28.18	32.76	82.68	30.36	28.43	51.55	32.14	32.76	74.67	33.84	55.32	13.15	37.16	58.59	39.7	13.89	20.88	80.0	36.12	41.23	26.0	26.63	16.64	49.73	24.76	27.29	28.18	19.72	78.82	52.92	63.51	15.81	62.18	63.95	42.72	25.0	31.62	49.48	60.41	53.16	50.12	53.01	35.17	2.0	68.12	25.5	21.19	54.78	74.09	37.58	10.63	15.0	66.24	57.98	40.8	45.54	49.58	38.33	41.23	59.64	67.19	6.32	33.84	20.1	47.01	38.59	20.0	38.9	26.08	18.03	16.12	46.69	12.37	51.11	44.55	52.89	73.59	15.62	40.16	49.52	38.01	27.8	57.63	4.47	37.22	41.23	5.0	8.06	63.82	17.12	20.0	33.24	22.67	52.35	72.14	47.17	34.71	58.52	50.61	43.93	68.71	64.2	60.44	10.3	23.32	67.03	67.01	27.66	40.01	34.48	16.49	75.59	32.06	70.77	18.6	20.62	37.05	63.01	34.06	44.1	24.08	50.36	68.73	49.82	60.17	35.69	51.48	37.36	67.45	30.89	16.16	6.32	10.82	61.72	27.73	37.01	36.67	21.47	24.17	50.99	29.73	50.25	44.65	35.36	46.17	50.16	
39.7	86.73	60.75	29.0	56.08	89.83	54.67	76.48	22.67	25.3	56.44	37.01	0.0	74.97	68.43	104.85	79.03	23.77	84.91	29.07	84.05	39.05	88.09	5.0	77.41	33.62	71.69	79.51	57.71	33.24	44.82	80.16	20.81	33.29	63.15	67.45	106.4	39.6	58.87	52.39	6.4	7.81	93.43	68.01	58.6	40.8	61.59	51.97	69.35	25.71	17.72	105.8	66.31	70.21	35.47	60.64	51.62	85.84	56.61	10.44	18.44	50.33	104.2	88.07	88.81	30.46	54.59	67.23	78.26	55.36	55.23	85.71	79.91	89.44	84.2	63.25	71.45	35.01	95.72	52.8	57.31	75.82	98.08	62.43	30.08	49.65	89.5	91.08	76.79	82.22	32.0	45.0	25.5	92.11	67.05	39.62	57.14	57.01	36.88	36.24	30.23	43.83	60.42	34.89	53.01	53.54	25.08	84.77	81.39	89.27	101.87	27.31	76.3	79.16	33.54	23.43	89.16	39.12	54.56	76.9	41.05	41.44	89.87	42.95	51.87	25.55	25.61	86.4	100.85	80.65	71.25	77.08	82.64	32.98	64.13	90.97	60.41	42.76	58.05	74.71	75.18	50.25	77.0	41.87	44.38	97.67	5.1	99.13	29.53	29.41	1.0	72.72	66.41	81.1	61.01	57.98	81.84	81.71	57.01	72.44	88.36	58.6	84.39	17.2	34.89	43.01	32.02	54.74	16.28	23.41	56.22	51.08	51.48	87.69	65.62	33.0	24.0	26.83	82.38	87.05	
51.26	20.25	69.53	54.74	20.12	50.8	39.41	68.24	59.21	50.16	26.17	39.22	74.97	0.0	65.19	47.13	38.9	65.76	33.06	48.01	36.35	36.12	44.41	74.33	67.12	63.89	70.94	54.13	61.07	43.0	42.15	62.65	68.45	54.92	12.0	31.32	57.43	48.7	21.02	64.07	70.83	69.26	58.05	33.24	63.89	35.0	30.41	74.95	20.25	49.37	57.43	52.17	19.1	21.95	48.27	15.13	23.35	11.0	20.62	64.63	67.23	40.36	51.79	13.89	40.05	46.0	78.23	69.31	3.61	23.09	31.91	11.05	47.17	31.3	13.04	55.17	5.0	41.11	39.62	27.86	18.03	41.63	50.04	29.7	49.24	25.32	45.28	21.63	2.24	10.0	76.66	52.77	70.21	24.19	74.97	39.82	32.2	20.25	70.23	60.41	56.94	54.56	15.03	43.19	23.71	55.8	50.01	14.76	21.19	30.41	43.01	54.13	26.02	23.19	61.68	66.19	24.35	36.14	40.8	29.02	34.48	33.54	39.0	46.1	38.29	61.81	60.83	15.0	41.11	12.37	6.71	47.42	18.25	68.96	80.28	38.05	70.29	32.25	17.03	66.61	66.03	34.01	12.37	51.08	43.93	54.04	69.87	40.52	48.04	57.8	74.81	61.61	14.21	17.46	17.03	56.73	61.27	18.11	73.01	20.1	24.41	35.47	55.36	64.03	51.31	32.89	43.19	77.39	62.01	66.75	37.8	41.87	28.46	26.42	9.49	76.92	74.97	63.15	27.89	15.81	
31.4	58.31	10.77	41.48	63.16	34.01	28.23	8.06	46.82	53.46	72.45	62.29	68.43	65.19	0.0	57.14	33.24	44.78	44.01	48.26	40.16	52.47	37.34	64.01	9.22	34.99	5.83	20.0	10.77	49.0	33.24	14.32	80.28	79.06	57.98	86.01	50.64	33.14	46.65	16.4	70.01	60.84	32.98	87.85	10.0	49.65	35.0	23.26	45.25	55.33	57.72	54.04	46.1	43.86	38.21	54.71	56.65	72.92	49.65	61.68	77.37	80.6	52.04	69.2	41.98	49.09	24.04	5.1	65.76	46.96	35.78	73.59	26.48	95.8	62.8	10.3	66.4	62.13	50.99	42.54	60.84	28.23	45.01	35.61	69.03	55.97	38.21	63.13	67.27	75.01	42.45	25.32	44.41	61.72	11.4	68.47	34.48	65.39	33.97	32.2	78.23	25.71	55.57	45.0	63.91	16.12	59.3	61.61	85.21	95.0	56.57	72.25	86.95	47.71	34.89	80.6	57.25	58.55	26.93	89.55	59.84	55.9	44.15	79.4	80.05	42.95	77.78	63.82	56.89	59.03	68.01	23.77	55.47	37.01	19.1	46.32	11.7	54.13	56.36	6.4	7.07	37.0	76.4	29.27	78.64	41.3	65.39	54.92	47.27	78.31	67.54	7.07	51.22	82.01	67.08	12.0	17.09	54.64	17.09	80.26	89.5	30.53	24.19	51.48	77.0	61.19	53.0	23.09	53.49	45.28	29.07	82.57	43.08	91.21	62.13	41.77	48.27	41.59	90.97	80.62	
67.62	26.93	67.0	76.94	62.77	23.54	50.99	54.13	83.24	80.6	71.55	77.23	104.85	47.13	57.14	0.0	27.2	86.41	20.0	76.03	21.02	69.31	20.02	102.22	52.17	79.38	60.67	37.22	61.29	72.62	60.42	45.12	106.08	96.05	51.97	78.45	13.89	66.64	48.84	67.6	103.0	97.42	27.73	80.36	63.13	66.53	43.27	78.23	37.54	81.06	88.01	6.71	41.11	36.07	69.84	51.87	61.4	45.1	52.5	94.87	104.0	85.48	7.81	38.05	16.76	75.0	80.06	62.2	44.38	52.35	49.65	46.1	31.02	73.0	34.71	52.24	51.87	78.57	9.22	53.15	59.68	31.78	13.0	42.44	87.78	62.63	19.0	27.07	47.54	51.35	91.48	64.51	88.96	24.08	68.36	80.6	47.71	64.01	82.71	75.27	97.19	66.41	52.7	70.21	66.04	60.21	83.63	32.76	65.38	72.0	4.12	92.7	72.18	27.8	77.83	104.66	22.8	72.92	51.48	75.13	72.35	69.35	15.23	89.59	83.65	82.76	99.76	33.38	6.08	34.79	53.76	34.06	29.15	83.82	76.24	13.89	68.0	67.21	55.47	53.76	52.77	54.64	58.05	65.92	87.66	18.36	100.12	6.71	75.45	97.84	104.31	50.25	43.83	61.4	62.17	57.56	42.2	29.55	73.03	66.94	65.0	46.53	33.73	89.07	92.62	71.84	75.17	79.06	88.84	87.32	49.19	87.24	54.56	68.01	53.23	91.21	93.98	82.86	72.34	54.01	
40.71	26.17	41.77	50.48	46.39	13.34	24.41	33.02	56.86	55.9	56.32	55.9	79.03	38.9	33.24	27.2	0.0	59.48	10.77	50.91	7.07	46.65	9.22	76.03	31.4	52.2	38.01	16.28	35.06	48.27	34.21	25.46	82.8	75.13	37.0	67.07	27.59	39.96	28.86	41.01	77.83	71.4	20.02	69.07	37.22	43.57	18.87	52.04	20.02	56.73	62.94	26.93	23.02	18.03	43.6	35.13	42.45	43.57	32.98	69.43	80.43	68.66	25.24	38.42	10.44	50.25	54.23	38.28	38.08	31.62	25.0	44.42	8.6	70.01	32.2	26.17	41.98	56.82	19.1	30.41	43.29	5.1	19.1	18.36	65.86	43.01	10.63	30.61	40.5	47.42	64.29	37.34	61.85	28.84	44.6	60.54	22.8	48.26	55.54	48.1	75.66	39.22	36.12	45.28	48.84	33.24	59.82	30.61	60.08	69.08	25.32	70.49	64.33	16.64	50.7	81.84	24.41	51.43	24.7	67.27	51.48	47.85	12.17	70.84	67.27	55.95	77.39	32.65	25.08	29.15	43.93	10.0	24.21	56.61	51.92	14.04	42.76	45.62	38.33	31.91	31.06	29.83	51.24	38.91	69.26	19.72	74.52	23.09	50.21	76.16	78.41	27.29	28.02	56.3	48.01	31.0	23.43	23.6	47.38	57.87	62.65	20.52	16.55	62.68	72.01	51.62	51.4	53.24	62.8	60.37	22.8	70.61	31.76	65.0	40.11	64.03	66.85	55.9	66.76	52.35	
18.79	72.56	37.0	11.05	50.7	68.82	35.47	52.84	7.81	20.52	55.23	36.24	23.77	65.76	44.78	86.41	59.48	0.0	67.07	19.24	65.39	31.78	68.1	19.24	53.85	9.85	47.93	57.31	34.13	24.17	26.68	57.01	39.12	44.28	53.94	68.82	85.98	19.92	46.01	28.64	26.31	16.49	71.59	70.0	34.89	31.62	44.38	29.02	54.45	22.63	18.79	86.35	52.15	54.74	18.03	50.64	44.27	76.66	45.28	19.03	36.12	55.17	84.6	77.06	69.78	21.47	32.02	43.46	68.47	43.1	38.64	76.79	58.82	87.66	72.01	40.36	63.56	34.71	77.62	39.0	50.6	55.57	78.03	45.35	36.06	42.38	69.46	77.41	67.9	74.73	13.45	22.8	5.0	77.78	43.42	41.73	40.02	52.39	14.04	12.81	42.15	21.26	50.8	22.8	48.75	30.48	25.61	72.06	78.0	87.24	83.93	36.67	75.18	63.35	10.0	40.45	74.15	35.51	34.93	76.66	37.74	35.78	71.18	50.0	55.87	4.0	39.56	74.03	83.22	68.03	64.03	55.8	68.47	10.05	41.11	72.62	36.69	35.85	49.24	51.11	51.62	34.23	71.47	20.59	50.45	76.84	21.38	81.34	18.79	41.79	22.85	49.41	54.01	76.55	56.08	34.83	58.9	67.48	33.54	69.78	84.5	40.16	62.29	8.06	43.91	39.96	26.08	32.0	11.4	1.0	37.34	56.64	38.01	84.69	57.49	14.21	9.22	3.61	80.95	80.28	
48.38	16.64	52.39	57.27	44.94	18.38	31.62	43.57	63.51	60.61	54.41	57.8	84.91	33.06	44.01	20.0	10.77	67.07	0.0	56.04	4.24	49.52	11.7	82.37	41.88	60.64	48.75	26.4	45.4	52.63	40.72	35.61	86.28	76.84	34.48	63.39	25.63	47.17	29.41	51.09	83.01	77.52	25.63	65.38	47.68	46.67	23.32	62.29	18.36	61.07	68.01	22.2	21.95	16.64	50.09	33.62	42.54	35.47	33.29	74.89	84.15	67.78	21.1	29.53	7.0	55.0	64.63	49.04	31.4	32.8	29.68	36.4	18.6	63.06	23.77	36.67	37.01	59.03	10.82	33.24	41.79	15.81	17.46	22.47	68.25	43.57	12.37	20.52	34.23	40.26	73.16	45.89	69.92	18.44	55.36	61.59	27.78	46.49	64.63	56.52	77.8	47.85	34.54	50.22	47.93	43.0	63.7	21.93	53.76	62.1	17.0	73.11	59.08	10.05	58.94	84.96	14.14	53.41	32.28	62.07	53.01	49.82	6.32	71.12	66.13	63.32	80.16	23.71	16.16	21.59	39.01	20.59	15.81	65.31	62.64	6.4	53.37	47.63	37.16	42.54	41.68	34.67	45.28	46.84	69.32	21.0	80.16	14.32	55.47	78.41	84.38	38.01	25.63	49.82	45.35	41.19	33.3	15.52	57.87	53.0	55.36	26.93	25.5	69.32	73.5	52.7	55.23	63.64	68.96	68.01	29.73	69.64	34.66	57.97	36.67	72.99	75.0	63.57	60.67	44.6	
17.0	57.87	44.28	10.0	31.62	62.63	27.2	55.73	11.7	5.39	36.06	17.8	29.07	48.01	48.26	76.03	50.91	19.24	56.04	0.0	55.44	12.65	60.11	27.2	56.09	22.2	53.04	54.12	38.01	5.1	17.49	56.92	33.11	31.06	36.01	49.82	78.49	15.13	30.08	35.36	27.02	22.14	67.12	51.09	40.01	13.04	32.8	41.23	40.31	7.07	12.04	77.34	37.34	41.15	10.05	33.02	25.5	59.01	28.28	18.87	30.41	37.44	75.82	60.3	60.31	2.24	44.78	49.0	51.01	26.68	26.4	59.03	53.01	68.45	55.9	40.26	45.28	16.64	66.85	23.77	31.78	48.27	70.01	33.6	21.21	23.54	61.52	62.36	50.04	56.44	32.2	23.02	24.19	63.25	51.35	23.85	28.43	33.24	29.21	21.02	30.02	23.02	33.0	5.83	29.55	32.14	11.05	56.29	58.87	68.03	72.95	24.02	55.95	50.09	20.25	32.89	60.17	16.4	27.46	57.45	18.6	16.55	61.22	33.62	37.8	15.81	29.61	58.05	71.87	52.17	45.54	50.48	53.76	26.17	51.92	62.2	44.41	16.76	31.06	53.76	53.94	21.4	52.63	19.03	33.54	70.18	24.19	70.18	1.0	30.07	28.64	50.45	37.85	57.57	37.0	36.35	57.94	52.81	43.42	50.57	65.46	30.41	58.67	16.03	29.43	20.81	7.07	44.38	14.14	20.12	28.43	39.12	22.47	65.55	39.2	32.8	28.23	17.8	61.72	61.81	
46.62	20.81	48.84	55.95	46.84	14.56	29.97	39.45	62.27	60.21	56.52	58.52	84.05	36.35	40.16	21.02	7.07	65.39	4.24	55.44	0.0	49.82	8.06	81.3	37.74	58.52	44.78	22.2	42.11	52.35	39.45	31.4	86.45	77.7	36.67	66.12	24.19	45.62	30.41	48.0	82.46	76.55	21.84	68.12	44.28	46.86	22.67	59.08	19.92	60.83	67.48	21.93	23.41	18.03	48.88	35.44	43.86	39.4	34.44	74.2	84.22	69.57	20.52	33.62	5.0	54.56	61.29	45.22	34.93	33.62	29.07	40.31	14.42	66.76	27.73	33.24	40.05	59.64	12.37	33.42	43.68	12.17	15.65	21.93	68.82	44.72	9.0	24.76	37.66	43.97	70.83	43.68	68.01	22.67	51.55	62.65	27.02	48.51	62.17	54.41	78.49	45.61	36.4	49.68	49.65	40.11	63.66	25.94	57.27	65.8	18.68	73.6	62.29	13.15	56.92	85.28	18.38	54.08	30.46	65.28	53.85	50.48	5.83	72.5	68.01	61.74	80.6	27.78	18.25	25.3	42.05	16.55	19.7	63.06	58.94	7.28	49.82	48.26	38.9	38.47	37.59	34.06	48.66	44.94	70.77	18.25	79.4	16.28	54.82	79.06	83.49	34.01	27.66	53.37	47.68	38.01	29.07	19.31	54.45	56.08	59.14	25.55	21.26	68.1	74.43	53.71	55.17	60.3	67.96	66.31	28.18	71.47	34.83	61.68	39.2	70.61	73.05	61.85	64.13	48.47	
24.19	48.3	50.92	21.63	18.97	59.48	26.31	59.08	24.35	14.04	24.08	10.05	39.05	36.12	52.47	69.31	46.65	31.78	49.52	12.65	49.82	0.0	55.76	38.21	59.01	33.3	57.87	53.6	43.42	7.62	19.24	58.31	36.77	28.79	24.19	38.18	73.82	21.47	20.81	42.54	35.47	33.14	65.0	39.62	45.88	3.16	27.78	50.48	32.02	13.34	21.38	71.59	28.6	33.3	17.8	21.59	13.04	47.1	17.89	28.64	34.71	28.46	70.29	49.03	54.82	10.44	54.08	54.34	39.32	17.2	21.93	47.04	50.7	55.9	45.22	43.05	33.02	10.44	60.11	16.4	19.24	45.19	65.22	28.3	19.24	11.05	57.14	52.39	38.05	44.1	44.42	29.15	36.67	53.67	57.87	16.03	24.17	20.62	40.36	31.14	29.07	29.97	21.38	9.9	17.0	37.11	14.76	45.88	46.24	55.46	65.86	23.85	43.57	42.01	31.14	35.47	51.11	6.08	27.17	45.22	7.62	4.24	55.32	27.02	28.23	28.18	30.81	47.43	64.54	41.79	33.14	48.7	44.29	37.8	59.93	55.9	51.26	4.12	19.1	57.08	57.04	17.72	40.02	25.5	26.17	66.37	33.96	63.03	13.0	29.53	38.83	53.0	27.73	44.92	24.35	40.61	58.69	43.42	51.43	38.01	52.81	27.51	57.57	28.44	25.96	9.43	7.07	53.54	26.08	32.7	26.68	30.36	15.0	52.92	27.0	44.94	40.85	30.02	49.24	49.37	
49.4	28.18	47.01	59.41	54.34	6.71	33.42	35.11	65.8	65.12	64.13	64.88	88.09	44.41	37.34	20.02	9.22	68.1	11.7	60.11	8.06	55.76	0.0	85.0	33.24	60.42	41.23	17.72	41.3	57.49	43.28	26.4	92.01	84.12	44.41	74.06	18.38	48.83	37.34	47.68	87.0	80.43	13.93	76.06	43.1	52.7	28.02	58.22	27.46	65.95	72.12	18.38	30.81	25.5	52.63	42.95	50.92	47.17	41.44	78.57	89.64	76.92	16.55	41.15	5.66	59.46	60.03	42.43	42.95	40.31	34.21	48.1	11.0	74.73	35.47	32.25	48.09	65.86	13.93	39.45	51.2	12.53	10.0	27.46	74.95	51.62	1.41	31.62	45.71	51.92	72.11	45.62	70.21	29.21	48.66	69.35	32.02	56.09	63.25	56.36	84.72	47.42	43.93	54.49	57.01	40.52	69.03	33.62	65.31	73.76	19.24	79.61	70.35	21.21	59.03	91.02	25.24	60.42	33.6	73.33	60.37	56.82	7.81	79.48	75.43	64.66	86.53	35.34	19.65	33.24	50.09	14.04	27.51	64.62	56.44	10.0	48.01	54.59	46.32	34.48	33.53	39.05	56.72	47.51	77.83	10.77	83.63	17.72	59.4	85.23	87.46	30.59	35.36	61.39	55.44	37.66	23.71	27.2	53.01	64.12	67.05	29.7	15.26	71.61	80.95	60.42	60.61	59.03	71.84	68.96	31.89	78.85	40.82	69.64	47.1	71.78	75.15	64.5	72.18	56.3	
36.07	85.07	56.08	25.61	56.04	86.45	51.61	72.07	19.21	24.19	57.27	37.48	5.0	74.33	64.01	102.22	76.03	19.24	82.37	27.2	81.3	38.21	85.0	0.0	73.06	29.07	67.12	75.74	53.34	31.78	41.88	76.03	25.06	36.24	62.39	68.95	103.23	36.24	57.28	47.85	10.3	5.1	89.81	69.64	54.12	39.62	59.06	47.07	67.42	25.02	17.0	102.9	64.51	68.15	32.45	59.68	51.09	85.29	55.32	10.2	22.47	52.33	101.26	87.13	85.98	28.86	49.65	62.65	77.52	53.85	52.77	85.21	76.49	90.47	82.98	59.2	71.06	35.51	93.15	50.92	57.01	72.62	95.0	59.94	31.78	49.09	86.4	89.56	76.24	82.01	27.0	41.11	20.62	90.44	62.3	40.8	54.59	57.14	32.02	31.91	33.3	39.82	59.54	32.89	53.15	49.41	25.18	83.43	82.04	90.24	99.36	29.68	77.37	77.08	29.15	27.46	87.32	39.05	51.4	78.16	41.11	41.01	87.13	45.28	53.71	21.4	29.0	85.15	98.41	79.31	71.01	73.59	80.96	28.16	59.23	88.32	55.71	42.11	57.31	70.33	70.83	47.85	77.16	38.18	46.53	94.37	6.4	96.65	27.51	32.56	4.0	68.51	65.0	81.5	61.13	53.82	77.8	80.01	52.2	73.16	88.96	55.76	80.66	13.45	37.44	43.19	31.14	49.82	13.42	18.79	53.25	53.24	49.65	88.46	65.12	28.0	19.0	22.47	83.43	87.02	
39.56	57.49	19.42	49.98	67.72	28.64	33.38	2.0	55.54	61.39	77.37	69.0	77.41	67.12	9.22	52.17	31.4	53.85	41.88	56.09	37.74	59.01	33.24	73.06	0.0	44.1	9.22	15.65	19.72	56.32	40.05	7.07	88.6	86.47	61.33	90.44	44.01	41.0	50.33	25.61	78.79	69.77	26.02	92.35	19.21	56.04	38.08	31.91	46.87	63.15	66.1	48.26	48.37	45.22	46.1	58.31	61.61	73.76	53.76	70.38	85.73	86.58	46.27	69.3	38.48	56.72	32.2	12.53	67.2	51.24	40.26	74.52	23.32	98.27	62.94	16.03	68.96	69.03	47.17	47.3	65.15	26.91	39.46	38.48	76.42	61.19	33.84	62.01	69.07	76.61	51.62	33.53	53.6	60.22	17.46	75.03	38.6	69.92	43.19	41.18	85.84	34.18	59.24	52.35	68.88	24.35	67.08	61.52	87.82	97.42	52.2	79.91	90.38	47.38	43.91	88.77	55.8	65.03	32.25	93.11	66.12	62.13	40.72	86.02	85.84	51.88	85.7	63.66	52.81	59.46	70.71	21.4	55.17	46.23	25.5	42.95	20.25	60.21	60.41	2.83	2.24	42.43	78.89	37.36	85.09	35.06	74.25	50.92	55.11	85.99	76.54	6.08	53.71	84.38	71.17	19.92	10.05	54.45	25.55	83.67	91.53	34.48	18.44	60.37	84.21	67.27	60.3	31.3	62.24	54.38	33.73	88.57	48.05	93.49	65.31	50.93	57.49	50.61	93.94	82.01	
13.04	68.0	27.2	12.21	51.31	60.54	29.27	43.05	14.14	25.5	57.38	40.0	33.62	63.89	34.99	79.38	52.2	9.85	60.64	22.2	58.52	33.3	60.42	29.07	44.1	0.0	38.08	48.41	24.41	26.17	22.2	47.51	48.01	51.24	52.55	71.45	77.9	15.3	43.17	18.79	35.9	26.25	62.8	72.84	25.06	32.2	39.05	20.22	50.04	27.73	26.31	78.79	48.26	50.0	16.12	49.04	44.42	74.46	43.32	28.16	45.01	59.64	76.97	73.98	62.63	24.21	23.54	33.62	66.22	40.8	34.06	74.73	50.61	88.51	68.47	31.14	62.39	38.83	70.88	36.14	50.61	47.93	70.21	40.05	42.15	42.72	61.74	73.01	66.1	73.39	13.04	14.87	10.0	73.03	33.73	46.04	35.0	53.25	7.07	4.12	49.48	13.0	49.4	23.43	50.0	21.26	31.38	68.26	78.39	87.98	77.2	43.68	76.61	58.14	2.24	49.04	69.12	38.21	28.44	78.41	40.31	37.54	64.2	55.47	60.0	9.0	47.52	70.35	76.66	64.38	63.16	47.51	64.01	5.1	32.02	65.8	26.93	37.01	48.33	41.34	41.88	30.41	71.11	14.04	55.57	68.6	31.05	74.73	21.4	49.24	32.7	39.82	50.99	76.48	56.6	25.46	49.52	63.01	24.08	70.72	84.53	34.23	53.41	17.26	50.33	42.43	29.21	23.35	20.02	10.3	31.26	61.29	35.44	85.09	56.46	13.15	14.76	7.07	82.1	79.12	
36.06	63.51	11.4	45.71	68.94	37.22	34.01	7.28	50.7	58.14	78.19	67.6	71.69	70.94	5.83	60.67	38.01	47.93	48.75	53.04	44.78	57.87	41.23	67.12	9.22	38.08	0.0	23.54	15.03	54.08	38.64	16.03	84.53	84.0	63.81	91.79	53.08	38.0	52.48	19.31	73.68	64.26	35.13	93.62	13.34	55.11	40.8	23.43	50.93	60.07	61.98	57.08	51.86	49.5	43.01	60.54	62.39	78.52	55.47	65.52	81.58	86.12	55.08	74.65	46.17	54.0	23.32	4.47	71.45	52.77	41.59	79.21	30.68	101.61	68.25	16.12	72.2	67.36	55.08	48.33	66.64	33.12	48.17	41.4	74.01	61.68	41.98	68.26	73.0	80.72	44.05	30.02	47.01	66.73	8.25	73.82	40.31	71.18	36.06	35.74	83.05	30.15	61.4	50.09	69.64	21.02	64.07	67.01	91.02	100.8	60.42	77.06	92.78	53.01	38.28	85.0	62.27	63.95	32.7	95.38	65.31	61.39	48.38	84.72	85.62	46.49	82.39	69.2	60.88	64.54	73.82	28.23	60.8	39.45	16.28	50.6	12.04	59.67	62.18	7.0	8.0	42.72	82.2	34.01	84.01	44.0	68.95	58.94	52.04	83.1	70.77	10.77	57.01	87.8	72.9	17.26	19.03	60.0	17.03	86.09	95.27	36.36	27.07	55.03	82.05	66.71	58.08	22.47	57.28	48.33	34.89	88.07	48.85	97.01	67.96	43.28	50.48	44.94	96.8	86.31	
39.82	42.43	30.27	50.61	58.22	14.04	27.51	17.46	56.85	59.48	68.18	63.56	79.51	54.13	20.0	37.22	16.28	57.31	26.4	54.12	22.2	53.6	17.72	75.74	15.65	48.41	23.54	0.0	26.0	52.92	36.67	9.22	87.21	82.28	50.22	80.23	31.05	40.22	40.2	32.7	79.63	71.7	14.42	82.2	27.2	50.45	28.02	42.2	34.18	60.84	65.51	34.06	36.4	32.31	44.94	47.68	53.0	59.64	44.1	71.03	84.53	79.1	32.06	54.67	22.85	54.13	43.57	25.02	53.71	42.01	32.25	60.46	7.81	85.43	48.41	17.49	56.65	64.03	31.62	39.12	55.33	12.53	25.02	28.07	72.42	53.04	18.44	46.75	55.9	63.13	58.67	34.66	58.41	44.82	31.14	69.05	30.15	60.3	49.74	44.69	82.22	36.07	48.66	49.24	60.03	27.2	64.47	46.86	75.24	84.53	36.88	76.55	78.75	32.8	47.51	86.82	40.46	59.23	26.93	81.61	59.84	55.9	25.08	79.91	78.03	54.45	83.01	48.92	37.36	45.22	58.52	6.71	40.46	51.87	39.05	27.31	31.26	53.76	50.36	16.76	15.81	35.9	66.31	37.64	78.64	21.59	75.6	35.44	53.24	82.54	78.75	13.04	41.76	71.59	60.83	23.32	7.21	39.82	36.5	72.12	78.29	26.31	5.0	62.37	79.56	60.53	56.65	42.58	63.41	58.05	26.93	81.1	40.2	80.5	53.85	58.18	63.01	53.76	81.71	68.26	
21.02	57.58	8.49	30.81	56.08	39.56	21.93	18.79	36.06	43.1	64.85	52.95	57.71	61.07	10.77	61.29	35.06	34.13	45.4	38.01	42.11	43.42	41.3	53.34	19.72	24.41	15.03	26.0	0.0	39.2	24.35	23.35	69.63	69.01	52.4	78.77	56.92	23.02	41.04	6.71	59.24	50.09	40.25	80.53	2.83	40.8	30.81	17.0	42.19	45.04	47.07	59.23	42.2	41.18	28.0	48.92	49.24	69.89	43.42	50.92	66.71	71.84	57.27	67.12	45.01	39.01	19.24	11.05	62.2	40.61	29.73	70.46	30.41	90.61	60.83	9.06	61.52	52.61	54.0	35.81	54.08	30.02	50.22	31.62	59.03	48.3	42.43	62.63	63.25	71.06	33.02	15.0	34.06	61.68	14.76	59.23	29.0	58.31	24.21	21.47	68.03	15.13	49.68	35.23	56.36	6.32	49.04	59.93	79.98	89.87	60.03	62.03	80.8	46.82	24.19	70.04	57.28	49.48	20.52	83.23	50.96	47.13	47.0	70.04	71.47	32.2	67.36	62.17	60.0	56.82	62.94	27.29	54.23	26.87	19.21	49.01	9.22	45.54	50.0	17.0	17.49	29.68	71.42	19.0	69.43	47.43	54.63	58.0	37.01	68.07	56.82	15.56	46.86	77.08	60.46	4.47	25.61	53.31	12.65	74.2	84.86	25.61	30.87	40.72	67.12	52.5	43.19	18.25	42.72	34.67	23.35	73.76	36.06	86.28	56.64	32.45	38.18	30.89	85.28	76.84	
18.68	53.49	46.1	14.21	26.57	60.46	25.5	56.14	16.76	8.06	31.4	14.32	33.24	43.0	49.0	72.62	48.27	24.17	52.63	5.1	52.35	7.62	57.49	31.78	56.32	26.17	54.08	52.92	39.2	0.0	16.49	56.52	34.67	30.15	31.0	45.34	75.82	16.28	25.63	37.36	30.53	26.68	65.37	46.69	41.44	8.0	29.7	44.29	36.24	8.49	15.65	74.28	33.11	37.22	11.7	28.07	20.4	54.0	23.54	22.85	32.2	34.0	72.84	55.44	57.28	3.0	47.89	50.25	46.04	22.14	23.35	54.01	51.11	63.51	51.2	40.31	40.2	13.6	63.41	19.72	26.68	46.04	67.27	30.41	20.1	18.44	58.9	57.87	45.01	51.35	36.89	24.33	29.07	58.87	53.15	20.62	25.5	28.23	33.24	24.41	29.61	24.74	28.02	4.0	24.6	33.06	11.66	51.66	53.85	63.07	69.4	23.77	51.11	46.14	24.08	34.0	55.95	12.04	26.0	52.7	14.14	11.66	58.05	31.05	34.13	20.59	30.08	53.37	68.24	47.54	40.45	48.76	49.4	30.48	54.42	58.9	46.32	11.7	26.02	54.15	54.23	18.44	47.54	20.4	30.68	67.8	28.23	66.61	5.39	29.83	32.89	50.49	33.24	52.5	31.95	37.0	57.28	48.47	45.88	45.62	60.41	28.02	57.27	21.1	28.0	16.28	4.0	47.41	19.03	25.08	26.42	35.78	18.36	60.54	34.13	37.44	33.24	22.47	56.82	56.72	
9.22	46.1	32.2	16.55	32.65	45.34	9.9	40.0	22.83	22.83	40.82	29.07	44.82	42.15	33.24	60.42	34.21	26.68	40.72	17.49	39.45	19.24	43.28	41.88	40.05	22.2	38.64	36.67	24.35	16.49	0.0	40.02	50.54	46.53	31.38	54.92	61.62	7.0	21.19	24.41	43.86	37.2	49.65	56.6	26.93	16.49	17.72	33.97	28.02	24.17	29.21	61.03	26.08	28.16	9.43	27.78	25.61	52.5	21.95	35.36	47.89	47.54	59.41	51.79	44.1	17.46	37.48	35.17	44.27	19.24	12.04	52.81	35.61	68.88	46.27	24.02	41.18	29.0	51.43	14.32	31.11	31.11	53.26	18.68	36.5	24.41	44.69	51.04	44.38	51.89	35.23	11.31	30.15	51.24	39.0	35.23	13.34	34.83	28.16	18.44	46.1	12.81	28.3	12.65	32.45	18.03	27.86	46.1	58.41	68.25	57.7	40.26	58.0	36.67	20.1	50.16	47.52	25.32	10.0	60.21	26.68	22.8	45.28	46.17	47.13	22.8	46.49	48.17	56.86	42.19	42.19	33.02	42.05	27.29	41.88	46.53	32.65	21.19	27.8	38.0	38.01	8.25	50.48	8.94	45.4	53.04	40.36	55.04	16.64	46.32	44.2	34.13	28.86	56.04	37.48	21.38	40.8	41.05	33.6	51.62	64.07	13.89	41.18	28.65	44.18	28.16	20.4	36.77	28.6	27.66	11.4	49.48	13.89	65.0	35.51	35.36	35.23	23.35	62.97	57.7	
41.15	51.62	25.08	51.88	65.12	21.59	32.06	9.06	57.8	62.3	74.97	68.36	80.16	62.65	14.32	45.12	25.46	57.01	35.61	56.92	31.4	58.31	26.4	76.03	7.07	47.51	16.03	9.22	23.35	56.52	40.02	0.0	89.89	86.49	57.87	87.56	37.05	42.15	47.3	29.83	81.01	72.4	19.1	89.5	23.6	55.23	34.93	37.58	42.49	63.89	67.62	41.19	44.38	40.71	47.17	55.08	59.41	68.6	50.99	72.47	87.09	85.05	39.2	63.78	31.76	57.28	38.28	18.68	62.43	48.66	38.12	69.4	17.03	93.94	57.49	17.0	64.88	68.59	40.31	45.18	62.37	21.4	32.39	35.17	76.49	59.21	26.93	55.97	64.5	71.87	56.22	35.36	57.31	54.04	24.19	74.17	36.22	67.27	47.51	44.2	86.12	36.36	56.04	52.63	66.61	26.63	67.72	55.97	83.63	93.06	45.22	80.28	86.73	41.87	47.01	89.81	49.68	64.2	31.14	89.54	65.07	61.07	34.0	85.15	84.15	54.64	86.4	58.05	45.88	54.2	66.71	15.62	49.58	50.21	32.25	36.24	26.0	59.03	57.49	9.06	8.06	41.01	74.69	38.91	84.05	28.02	76.66	44.01	55.97	86.35	79.32	7.81	49.77	80.06	68.15	22.2	3.0	48.92	31.38	80.06	86.95	32.14	11.4	62.97	84.01	66.01	60.42	37.34	64.5	57.63	32.0	87.05	46.1	89.07	61.68	55.61	61.52	53.6	89.96	77.1	
49.04	84.05	74.55	38.83	48.33	95.13	60.03	88.06	34.13	27.73	45.12	29.68	20.81	68.45	80.28	106.08	82.8	39.12	86.28	33.11	86.45	36.77	92.01	25.06	88.6	48.01	84.53	87.21	69.63	34.67	50.54	89.89	0.0	16.03	57.8	53.01	110.26	47.76	57.38	65.62	14.76	24.04	99.98	53.08	71.2	39.62	64.03	68.03	68.68	26.42	22.56	108.3	65.19	70.04	42.72	56.3	46.32	78.55	54.04	20.1	3.0	35.01	106.96	82.29	91.44	33.12	71.11	80.23	72.01	53.81	57.8	78.19	85.76	76.01	79.76	73.05	64.08	28.02	96.88	53.08	50.54	80.71	101.67	64.66	19.24	44.65	93.41	87.66	69.86	73.68	50.45	55.08	42.58	89.31	81.39	28.79	60.0	48.47	53.15	49.25	13.0	54.57	55.76	38.08	44.78	64.29	23.02	80.78	69.58	76.03	102.59	14.32	63.07	78.64	47.1	3.16	87.2	33.6	60.42	63.0	34.67	37.01	92.02	27.02	37.0	39.01	8.06	81.99	101.24	76.85	63.32	83.35	80.21	49.16	80.0	92.66	74.43	39.05	53.0	86.13	86.4	53.01	67.19	51.24	29.0	102.42	19.31	99.76	34.01	12.0	21.63	83.17	63.6	70.21	52.2	68.68	91.0	79.4	72.06	60.67	76.53	62.68	91.71	31.06	19.03	35.85	31.4	71.06	28.0	39.2	61.06	35.13	51.66	75.24	59.03	51.42	42.72	41.0	69.03	77.62	
48.04	72.18	75.33	39.81	35.0	88.14	54.82	86.28	37.34	26.31	30.08	19.24	33.29	54.92	79.06	96.05	75.13	44.28	76.84	31.06	77.7	28.79	84.12	36.24	86.47	51.24	84.0	82.28	69.01	30.15	46.53	86.49	16.03	0.0	45.34	37.0	101.87	46.0	47.43	66.37	26.93	33.24	93.78	37.05	71.06	31.95	56.36	71.31	58.6	24.19	25.5	99.05	55.0	60.22	41.01	44.55	34.71	64.41	43.6	27.66	16.49	19.0	97.91	68.8	82.68	30.0	74.73	80.02	58.52	44.1	50.7	63.95	79.48	60.03	67.01	70.46	50.25	18.38	87.01	44.72	37.64	73.93	93.3	56.8	10.05	33.42	85.48	75.29	56.08	59.09	57.31	54.01	48.76	77.23	82.39	15.56	52.92	34.67	57.58	51.2	3.16	54.08	43.84	34.13	31.4	63.01	20.22	68.25	53.94	60.07	92.31	7.62	47.17	68.25	49.73	13.0	75.66	23.71	55.54	47.01	23.85	27.29	82.93	11.0	21.02	42.72	8.25	69.2	90.79	64.54	49.24	77.49	68.59	53.85	82.57	83.23	75.43	29.53	41.01	84.29	84.38	46.49	52.2	50.01	13.04	94.83	29.83	89.5	32.06	4.12	33.84	80.62	52.4	54.82	38.08	67.07	87.1	67.88	74.15	45.12	60.83	56.3	86.33	36.72	3.61	24.21	26.17	74.46	33.12	44.72	55.36	19.1	43.38	59.41	45.8	58.18	50.48	44.94	53.08	62.63	
40.25	26.87	60.88	42.95	10.82	50.09	30.48	62.17	47.27	38.21	19.92	28.18	63.15	12.0	57.98	51.97	37.0	53.94	34.48	36.01	36.67	24.19	44.41	62.39	61.33	52.55	63.81	50.22	52.4	31.0	31.38	57.87	57.8	45.34	0.0	30.15	60.08	37.58	11.4	54.56	59.2	57.31	57.01	32.14	55.23	23.0	23.26	65.0	17.03	37.48	45.54	55.95	14.04	19.03	36.69	3.61	11.7	23.0	9.43	52.77	56.36	33.54	55.15	25.0	41.23	34.0	68.41	61.61	15.13	12.21	22.67	23.02	44.28	38.21	21.95	47.71	9.85	29.97	43.38	17.2	7.81	38.33	51.92	22.85	38.59	13.6	45.54	30.0	14.04	20.88	65.15	42.44	58.46	31.89	66.84	29.83	23.6	12.08	59.09	49.24	47.01	44.1	3.16	31.26	14.21	46.67	38.33	23.02	27.59	37.48	48.02	43.57	29.07	24.7	50.33	55.76	30.48	24.7	31.89	31.78	23.26	21.84	40.8	37.8	31.78	50.01	50.48	24.19	46.32	19.21	10.82	43.74	23.43	57.58	71.42	40.5	61.55	20.4	5.1	60.37	59.93	23.6	19.21	40.31	35.81	54.92	58.05	45.28	36.06	47.8	62.97	55.46	9.06	24.84	11.05	48.27	57.01	22.8	63.7	22.36	32.8	27.46	52.47	52.04	41.77	21.95	31.26	67.62	50.01	54.92	29.21	35.34	17.49	33.97	4.24	65.46	63.15	51.42	33.02	26.57	
61.85	51.55	86.95	59.55	22.85	80.0	57.78	91.08	61.03	48.55	14.21	32.76	67.45	31.32	86.01	78.45	67.07	68.82	63.39	49.82	66.12	38.18	74.06	68.95	90.44	71.45	91.79	80.23	78.77	45.34	54.92	87.56	53.01	37.0	30.15	0.0	88.46	59.03	40.26	79.32	61.61	64.62	87.02	2.0	81.49	39.7	52.63	88.24	47.04	46.65	53.23	83.43	44.18	49.04	55.9	32.56	29.53	36.06	36.69	58.87	53.15	18.0	82.98	42.54	70.35	47.63	91.83	89.0	34.18	39.22	50.33	35.23	74.43	23.09	44.01	75.77	26.68	34.48	70.83	43.46	25.3	68.47	80.75	52.39	37.36	30.53	75.11	52.39	31.02	29.41	82.01	66.03	73.82	55.15	93.54	28.23	51.87	20.62	78.52	69.31	40.01	67.2	31.58	48.08	22.47	72.56	44.72	45.88	18.87	23.19	74.33	40.61	10.77	53.34	69.31	50.0	55.66	33.42	59.09	10.05	31.24	33.94	69.58	26.0	16.03	65.6	45.04	45.69	72.42	43.68	24.74	73.82	49.48	75.82	96.8	68.88	87.46	34.71	30.08	89.2	88.87	49.19	21.63	62.8	24.02	84.29	62.94	71.84	50.45	41.01	67.72	84.43	39.05	21.26	19.42	75.13	86.88	49.24	88.48	12.21	25.08	55.97	82.61	63.63	34.06	29.07	42.8	91.21	60.42	69.63	57.01	18.11	42.95	23.09	27.0	82.62	77.39	67.62	16.28	30.41	
67.42	38.0	61.19	77.62	70.58	17.46	51.74	46.01	84.02	83.49	80.01	82.68	106.4	57.43	50.64	13.89	27.59	85.98	25.63	78.49	24.19	73.82	18.38	103.23	44.01	77.9	53.08	31.05	56.92	75.82	61.62	37.05	110.26	101.87	60.08	88.46	0.0	67.01	54.59	63.57	105.38	98.72	18.0	90.43	58.24	70.8	46.23	73.25	43.86	84.29	90.51	7.21	47.42	42.05	70.94	59.24	67.98	57.14	58.59	96.94	107.94	93.41	6.32	50.25	19.24	77.83	74.53	55.44	55.15	57.8	52.5	58.14	27.29	85.29	46.0	48.1	61.81	83.76	18.0	57.43	67.42	30.61	8.6	45.61	92.91	68.88	16.97	39.32	58.22	63.01	89.05	63.29	87.82	36.35	61.2	86.83	50.33	72.11	80.11	73.93	102.63	65.0	60.17	72.86	73.54	57.27	87.32	44.0	77.0	84.29	17.09	97.65	83.22	35.44	76.66	109.2	34.01	78.23	51.86	86.21	78.03	74.63	19.31	96.61	91.76	82.66	104.62	45.04	18.97	45.18	63.79	30.41	39.2	81.84	69.26	19.65	62.17	72.4	62.77	46.1	45.1	57.38	69.12	65.46	94.85	9.49	101.98	18.44	77.78	103.17	105.76	43.57	51.26	73.0	70.88	53.85	34.06	39.32	67.47	77.52	77.32	48.08	26.48	89.81	98.62	77.9	78.87	73.55	90.14	86.82	50.25	95.27	58.82	80.22	62.1	88.64	92.66	82.38	84.0	66.27	
2.83	53.08	29.83	10.63	37.54	50.25	15.65	40.61	17.03	20.4	44.82	30.36	39.6	48.7	33.14	66.64	39.96	19.92	47.17	15.13	45.62	21.47	48.83	36.24	41.0	15.3	38.0	40.22	23.02	16.28	7.0	42.15	47.76	46.0	37.58	59.03	67.01	0.0	27.89	21.19	39.41	31.83	53.91	60.61	25.18	19.42	24.52	29.21	35.01	22.2	25.5	66.89	33.06	35.13	5.1	34.01	30.48	59.2	28.23	30.81	44.94	49.77	65.19	58.69	50.12	16.0	32.8	34.06	50.96	25.63	19.03	59.48	40.31	74.4	53.24	25.3	47.42	29.83	57.78	20.88	36.4	36.4	58.82	25.5	36.01	29.0	50.22	58.03	50.92	58.31	28.28	8.06	23.19	58.22	36.88	36.69	20.22	39.62	21.54	11.7	45.1	8.54	34.44	12.37	36.8	17.03	26.17	53.08	64.07	73.82	64.08	39.12	63.03	43.57	13.15	47.8	54.45	27.31	15.26	65.07	29.07	25.55	51.43	47.3	49.66	16.16	44.72	55.15	63.32	49.16	48.3	37.48	49.04	20.4	38.48	52.8	30.08	24.41	33.62	38.64	38.83	15.13	56.44	4.12	46.84	58.14	35.47	61.47	14.14	45.18	38.9	35.44	35.69	61.91	42.64	21.21	43.38	48.04	29.97	56.85	69.97	20.25	45.0	22.8	44.1	30.89	20.22	32.2	23.35	20.88	17.46	51.62	20.25	70.72	41.59	28.44	28.28	16.49	68.25	64.08	
