100
0.0	23.71	13.04	16.4	18.79	4.12	16.76	13.6	17.2	34.21	13.6	21.21	30.0	27.66	28.02	13.34	22.14	6.08	28.28	15.26	31.89	10.3	14.87	25.63	13.04	14.56	15.0	22.2	31.26	11.0	34.71	26.08	25.08	24.19	7.62	20.02	13.6	23.41	23.85	34.41	27.78	20.0	13.45	22.83	7.21	19.1	12.37	27.17	18.6	23.35	27.0	9.22	29.68	24.6	11.05	23.26	26.63	32.28	20.4	33.24	14.21	17.89	23.19	20.1	13.04	20.62	11.4	19.03	15.23	3.16	5.83	12.73	9.85	25.18	30.81	24.35	9.43	19.31	15.62	26.93	31.32	34.01	15.81	26.57	25.5	30.41	17.2	8.06	35.17	36.67	26.0	20.22	35.61	33.62	19.1	19.1	16.28	25.06	37.48	22.2	
23.71	0.0	14.0	26.4	42.49	26.93	31.38	29.41	35.01	53.25	32.14	44.41	46.07	18.03	43.83	16.12	42.19	27.8	31.02	34.13	35.0	25.61	23.26	37.0	10.77	16.55	38.59	43.74	48.88	30.41	47.13	48.1	35.74	33.24	29.12	36.89	10.63	3.16	24.02	39.01	35.69	42.64	24.19	41.0	16.55	42.2	12.04	15.23	41.23	38.01	43.42	32.7	51.62	45.97	34.18	46.96	48.84	43.68	43.66	35.06	25.06	37.12	14.14	13.04	35.44	3.61	24.41	12.17	15.3	26.08	29.53	23.32	19.21	8.94	29.27	3.61	32.2	40.31	9.06	25.08	42.72	42.58	38.42	46.86	2.0	53.6	22.14	20.52	46.57	57.49	12.08	8.06	39.01	54.04	26.25	8.54	37.85	34.21	38.33	8.06	
13.04	14.0	0.0	24.19	30.61	14.87	27.07	24.19	21.02	46.82	18.25	34.06	41.59	26.25	39.46	15.23	28.28	18.79	33.62	20.22	37.7	20.1	21.38	35.06	5.66	16.55	27.59	30.08	43.42	23.09	45.0	39.12	34.13	32.39	16.12	31.58	9.22	15.3	27.29	41.11	35.69	33.02	21.1	27.0	7.07	32.02	9.43	24.41	31.62	34.13	38.64	20.62	42.72	37.59	21.63	35.0	39.66	42.05	30.89	38.48	22.09	23.19	21.26	18.38	22.36	12.37	20.0	16.97	3.16	16.12	18.44	20.1	15.13	19.7	34.13	16.28	22.47	32.2	5.1	29.68	41.05	42.58	28.84	39.4	16.0	43.19	22.14	15.0	45.04	49.65	21.95	15.26	41.79	46.52	25.71	6.71	24.35	33.38	42.49	17.0	
16.4	26.4	24.19	0.0	27.46	19.8	5.83	6.0	33.24	27.59	29.7	25.08	19.72	18.38	17.49	10.44	36.89	13.04	12.21	31.14	15.56	6.4	3.16	11.05	20.02	9.85	22.36	35.78	22.8	10.2	21.21	25.63	10.0	8.25	23.35	11.4	17.26	24.19	10.0	18.03	11.7	22.2	3.16	38.42	17.46	23.02	16.12	19.72	21.1	11.66	17.2	21.95	28.64	22.85	24.19	31.14	26.57	18.03	31.32	17.03	2.24	33.42	16.4	14.87	26.93	22.85	5.0	15.0	27.29	14.87	18.03	4.12	9.06	21.93	15.81	24.7	15.81	17.72	23.09	13.04	17.03	18.44	19.0	22.47	27.29	32.98	5.0	9.49	21.02	32.8	20.62	18.87	19.21	29.21	3.16	27.17	30.53	9.22	21.26	20.0	
18.79	42.49	30.61	27.46	0.0	15.81	23.41	21.59	18.25	26.25	17.09	7.28	27.8	44.05	26.91	30.41	15.52	16.12	38.9	16.49	41.23	22.02	28.07	30.53	31.76	31.26	5.1	12.08	26.42	17.26	35.38	14.32	30.89	31.78	14.87	21.63	32.31	42.15	37.34	42.06	34.89	9.43	26.08	19.24	25.94	7.21	31.02	44.28	9.22	25.81	25.5	10.0	17.03	15.23	9.22	4.47	14.14	34.71	5.0	43.08	26.17	16.03	40.31	37.48	9.85	39.4	24.02	36.67	31.83	16.76	13.0	26.02	26.31	43.42	43.17	43.08	12.0	14.14	34.13	40.45	34.06	38.6	9.43	18.79	44.28	13.93	31.06	24.33	36.77	25.02	43.74	38.6	43.83	23.35	30.59	37.2	11.05	32.2	47.01	40.52	
4.12	26.93	14.87	19.8	15.81	0.0	19.24	16.12	13.45	34.37	9.9	19.42	31.26	31.78	29.43	17.46	18.03	7.62	31.89	11.4	35.36	13.45	18.6	28.18	16.16	18.68	12.81	18.11	32.0	12.65	36.69	25.08	27.78	27.2	3.61	21.59	17.26	26.93	27.78	37.64	30.81	18.79	17.03	18.87	10.44	17.49	16.12	31.26	17.46	25.3	28.28	5.83	28.64	24.04	7.28	20.25	25.5	34.54	16.76	36.8	17.69	13.89	27.29	24.19	9.0	24.04	14.87	23.09	16.4	5.0	4.12	16.4	13.93	29.07	34.67	27.89	9.06	19.24	18.36	30.89	33.62	36.72	14.87	26.48	28.79	28.43	21.1	12.08	37.34	36.06	30.02	24.08	38.95	33.24	22.67	21.4	12.17	28.02	41.04	26.08	
16.76	31.38	27.07	5.83	23.41	19.24	0.0	3.16	32.2	22.02	28.84	20.02	14.87	24.17	12.65	15.26	34.71	11.66	15.52	30.0	17.89	7.0	8.49	8.94	23.77	15.0	18.38	33.02	17.49	7.07	18.11	19.92	8.6	8.6	22.47	5.66	21.54	29.41	15.3	19.21	12.04	17.0	7.21	36.8	20.02	18.11	20.25	25.55	16.03	7.07	12.08	19.8	22.85	17.09	21.93	26.68	20.88	15.52	27.73	19.7	6.4	31.89	22.2	20.52	24.76	27.78	7.28	20.52	30.02	14.32	16.4	8.06	12.65	27.59	20.1	30.0	12.81	12.17	26.93	18.11	14.56	17.49	14.32	16.64	32.45	27.46	10.82	12.17	18.44	27.02	26.4	24.21	20.81	23.43	8.25	31.05	28.32	9.22	23.71	25.5	
13.6	29.41	24.19	6.0	21.59	16.12	3.16	0.0	29.21	23.85	25.81	19.1	17.46	24.04	15.3	13.45	32.02	8.6	17.46	27.02	20.25	4.12	7.62	12.08	21.19	13.45	16.49	30.53	19.7	4.47	21.21	20.12	11.66	11.31	19.42	7.62	19.24	27.66	16.0	21.93	14.87	16.28	5.83	33.94	17.12	17.03	17.89	25.08	15.13	10.0	14.56	17.03	23.32	17.49	19.21	25.18	21.02	18.68	25.63	21.95	5.39	29.0	21.47	19.42	22.02	25.81	5.0	19.21	27.07	11.18	13.45	6.4	10.3	26.4	21.59	28.32	10.3	12.08	24.35	19.03	17.72	20.59	13.0	17.69	30.61	27.2	10.44	9.49	21.59	28.28	25.55	22.63	23.43	24.76	9.06	28.46	25.61	12.04	26.08	24.08	
17.2	35.01	21.02	33.24	18.25	13.45	32.2	29.21	0.0	43.29	3.61	25.02	42.38	44.01	40.85	29.97	7.62	20.62	45.34	2.24	48.8	26.87	32.02	41.05	25.18	31.3	19.1	10.63	42.2	25.24	48.75	32.0	40.8	40.46	9.9	33.54	27.66	36.06	41.05	50.99	44.05	26.08	30.48	6.08	20.88	24.02	26.93	43.01	25.18	37.59	39.56	13.0	35.06	32.14	11.4	21.19	32.02	47.01	15.23	50.25	31.14	2.83	39.22	36.06	9.06	33.06	28.32	34.79	20.4	18.38	15.81	29.83	26.93	39.62	48.01	37.05	20.12	28.86	26.0	44.1	46.14	49.65	23.54	35.36	37.01	32.02	34.41	25.24	49.65	43.05	41.23	34.71	52.35	41.01	36.12	27.29	7.28	41.23	54.49	36.67	
34.21	53.25	46.82	27.59	26.25	34.37	22.02	23.85	43.29	0.0	41.05	18.97	9.49	45.0	11.18	37.2	41.76	28.16	31.78	41.19	31.32	27.78	30.48	20.12	44.72	37.01	24.19	38.28	5.39	23.77	16.03	12.08	21.47	24.19	36.06	16.4	43.05	51.4	35.23	29.43	24.7	17.26	29.21	45.35	39.92	19.42	41.68	46.86	18.11	16.4	10.82	31.0	10.63	11.18	32.06	25.94	12.53	18.11	31.02	33.24	28.43	41.59	43.86	42.45	34.23	49.65	28.84	42.52	49.34	31.05	30.27	30.0	34.13	49.52	37.16	52.01	25.32	15.13	47.85	37.22	18.25	23.09	20.0	8.0	54.41	17.69	32.53	33.12	18.03	7.0	48.1	46.23	31.4	4.47	29.07	51.89	36.67	23.71	35.51	47.51	
13.6	32.14	18.25	29.7	17.09	9.9	28.84	25.81	3.61	41.05	0.0	23.35	39.56	40.5	37.95	26.4	10.05	17.2	41.77	2.0	45.25	23.35	28.43	37.74	22.02	27.73	17.03	12.08	39.62	21.95	45.69	30.15	37.44	37.01	6.4	30.46	24.33	33.0	37.44	47.51	40.61	24.02	26.91	9.49	17.46	22.09	23.54	39.56	23.0	34.44	36.69	10.2	33.38	30.0	9.0	20.59	30.27	43.83	15.0	46.69	27.59	5.0	35.74	32.57	7.28	30.0	24.76	31.32	18.03	14.87	12.53	26.25	23.32	36.35	44.41	34.0	17.09	26.31	23.09	40.5	42.94	46.32	21.1	33.06	34.13	31.02	30.81	21.63	46.52	41.3	37.85	31.4	48.84	39.05	32.56	24.74	7.07	37.8	50.93	33.38	
21.21	44.41	34.06	25.08	7.28	19.42	20.02	19.1	25.02	18.97	23.35	0.0	21.21	42.95	20.62	30.46	22.8	16.64	35.36	23.09	37.11	20.88	26.48	25.63	34.06	31.02	6.71	19.31	19.42	15.52	29.07	7.07	26.25	27.66	19.7	16.76	33.84	43.57	35.06	37.34	30.36	3.16	24.52	26.48	28.32	2.24	32.45	43.68	4.0	20.62	19.21	14.32	10.05	8.06	14.56	7.81	7.0	28.84	12.08	39.05	24.33	23.02	39.85	37.34	16.12	41.05	22.8	36.77	35.81	18.44	15.62	24.74	26.4	43.86	40.11	44.42	12.21	8.54	36.8	38.01	28.3	33.12	6.32	11.66	46.04	9.22	29.43	24.6	30.61	18.03	43.66	39.36	39.22	16.12	28.02	40.31	18.03	27.89	42.72	41.15	
30.0	46.07	41.59	19.72	27.8	31.26	14.87	17.46	42.38	9.49	39.56	21.21	0.0	36.12	2.24	29.97	42.54	24.02	22.36	40.16	21.84	21.59	22.83	10.82	38.6	29.53	24.19	39.66	4.12	19.0	8.06	16.12	12.21	15.0	33.73	10.05	36.4	43.91	26.25	20.1	15.23	18.44	21.93	45.62	34.53	20.62	35.11	38.18	18.6	8.06	3.0	29.41	16.76	13.6	31.02	29.0	17.0	9.06	32.8	23.77	21.02	41.23	35.47	34.41	33.62	42.49	22.14	34.67	44.41	27.02	27.46	22.85	27.51	41.4	27.73	44.42	22.56	13.89	41.76	28.02	9.0	14.04	19.24	10.3	47.01	23.77	24.41	26.93	9.85	16.28	39.7	38.59	22.09	13.04	20.62	45.88	36.67	14.42	26.17	39.66	
27.66	18.03	26.25	18.38	44.05	31.78	24.17	24.04	44.01	45.0	40.5	42.95	36.12	0.0	34.06	14.32	49.73	28.0	15.65	42.38	18.97	22.2	16.49	25.46	20.62	13.15	39.12	49.82	39.82	27.46	34.41	44.01	24.04	21.21	35.17	29.53	17.2	14.87	9.9	23.09	22.2	40.26	18.44	49.98	23.26	40.79	17.49	3.0	39.05	28.6	34.21	36.22	47.01	41.23	38.33	48.17	44.94	30.81	47.04	18.44	18.68	45.22	5.0	8.06	40.61	16.12	20.22	9.43	29.0	28.16	32.14	18.25	18.11	9.22	12.17	14.56	32.06	36.06	21.93	8.94	30.0	28.18	36.67	40.71	17.46	51.24	13.6	20.1	33.29	50.77	6.08	11.4	22.56	47.17	16.12	24.41	43.93	21.93	21.02	10.3	
28.02	43.83	39.46	17.49	26.91	29.43	12.65	15.3	40.85	11.18	37.95	20.62	2.24	34.06	0.0	27.73	41.34	22.09	20.62	38.63	20.4	19.42	20.59	8.94	36.4	27.29	23.02	38.6	5.83	17.03	8.49	16.16	10.3	13.04	32.02	8.0	34.18	41.68	24.21	19.0	13.6	17.69	19.7	44.29	32.39	19.8	32.89	36.07	17.69	5.83	1.41	27.86	17.26	13.42	29.55	28.43	17.09	8.54	31.89	22.36	18.79	39.81	33.3	32.2	32.2	40.25	19.92	32.45	42.3	25.08	25.71	20.62	25.3	39.2	26.0	42.19	20.88	12.81	39.56	26.08	8.25	13.34	18.03	10.44	44.78	24.04	22.2	24.74	10.0	17.72	37.54	36.36	21.0	14.32	18.44	43.68	35.36	12.53	25.02	37.44	
13.34	16.12	15.23	10.44	30.41	17.46	15.26	13.45	29.97	37.2	26.4	30.46	29.97	14.32	27.73	0.0	35.44	14.32	18.38	28.23	22.47	10.0	7.28	21.38	10.2	1.41	25.71	35.51	32.76	15.26	31.58	33.02	20.22	18.03	20.88	20.81	7.0	14.21	12.21	25.96	21.02	28.18	8.06	35.85	9.9	28.23	6.08	14.0	26.83	21.93	27.29	22.02	36.4	30.61	24.08	34.71	33.84	28.28	33.02	23.26	8.94	31.02	10.0	7.07	26.31	12.53	8.49	6.32	18.38	14.0	18.0	7.21	4.12	13.42	19.21	14.87	18.68	25.0	13.04	14.87	27.29	28.02	24.17	31.11	17.2	39.36	7.07	6.08	31.26	41.73	13.34	9.22	26.57	38.21	11.0	17.0	29.61	19.03	27.29	10.82	
22.14	42.19	28.28	36.89	15.52	18.03	34.71	32.02	7.62	41.76	10.05	22.8	42.54	49.73	41.34	35.44	0.0	23.85	49.09	8.06	52.2	30.53	36.24	43.14	32.0	36.69	18.36	4.12	41.63	27.66	49.65	29.83	43.14	43.28	14.56	34.83	34.13	43.01	45.62	53.91	46.75	24.7	34.48	4.12	27.17	22.47	33.24	49.03	24.17	39.05	39.96	15.0	32.39	30.68	12.81	17.0	29.61	48.41	11.05	53.82	34.99	5.1	45.12	41.98	10.0	40.01	32.25	40.79	27.89	22.36	18.87	34.0	31.95	46.17	52.35	44.01	21.93	28.65	33.14	48.75	47.63	51.66	23.32	34.18	44.18	28.02	38.91	30.08	50.8	40.31	47.52	41.19	55.44	38.83	39.96	34.71	6.4	43.93	58.01	43.19	
6.08	27.8	18.79	13.04	16.12	7.62	11.66	8.6	20.62	28.16	17.2	16.64	24.02	28.0	22.09	14.32	23.85	0.0	25.24	18.44	28.43	6.71	12.65	20.59	17.69	15.13	11.4	22.85	25.18	5.1	29.12	20.62	20.25	19.85	10.82	14.14	17.2	26.93	22.14	30.41	23.43	14.87	10.77	25.5	12.21	14.42	15.81	28.16	13.45	17.72	21.02	8.94	24.21	18.87	11.18	20.4	21.26	26.93	19.1	30.0	11.18	20.52	24.19	21.38	13.89	24.41	8.54	20.62	21.19	3.0	5.0	10.44	10.2	27.51	28.64	27.78	4.47	13.42	20.62	25.3	26.0	29.15	10.63	20.62	29.41	25.81	15.52	8.25	29.73	30.89	27.66	22.85	31.83	27.73	16.12	24.41	17.49	20.62	34.21	24.7	
28.28	31.02	33.62	12.21	38.9	31.89	15.52	17.46	45.34	31.78	41.77	35.36	22.36	15.65	20.62	18.38	49.09	25.24	0.0	43.28	4.12	18.6	13.45	11.7	28.46	17.09	33.84	47.89	26.4	21.93	19.1	34.06	10.44	8.06	35.47	19.0	25.0	28.07	7.0	8.0	7.21	32.25	14.87	50.61	27.78	33.54	24.35	18.38	31.4	16.28	21.19	34.13	36.35	31.06	36.36	42.2	35.06	15.56	43.08	5.0	14.21	45.61	17.26	18.0	39.12	28.02	17.03	19.03	36.77	27.02	30.23	15.56	19.42	23.54	5.39	28.16	27.73	27.07	31.05	6.71	14.87	12.53	29.83	29.43	31.14	42.01	11.66	20.62	17.8	38.28	20.88	23.0	8.25	34.79	9.22	34.71	42.72	8.25	9.22	23.09	
15.26	34.13	20.22	31.14	16.49	11.4	30.0	27.02	2.24	41.19	2.0	23.09	40.16	42.38	38.63	28.23	8.06	18.44	43.28	0.0	46.69	24.76	30.0	38.83	24.02	29.55	17.03	10.3	40.02	23.02	46.52	30.02	38.6	38.29	7.81	31.3	26.31	35.0	39.12	48.84	41.87	24.02	28.43	7.62	19.42	22.0	25.5	41.48	23.09	35.36	37.34	10.77	33.14	30.07	9.22	19.7	30.07	44.78	13.89	48.17	29.07	3.0	37.64	34.48	7.0	32.0	26.25	33.24	19.92	16.28	13.6	27.8	25.06	38.33	46.04	36.0	17.89	26.68	25.08	42.19	43.91	47.43	21.38	33.24	36.12	30.36	32.45	23.32	47.41	41.11	39.81	33.38	50.21	39.0	34.06	26.68	5.83	39.05	52.4	35.36	
31.89	35.0	37.7	15.56	41.23	35.36	17.89	20.25	48.8	31.32	45.25	37.11	21.84	18.97	20.4	22.47	52.2	28.43	4.12	46.69	0.0	21.93	17.2	12.0	32.57	21.19	36.25	50.77	25.96	24.7	17.2	35.06	11.05	9.49	38.9	20.4	29.12	32.02	11.05	4.12	7.0	33.96	18.44	53.91	31.76	35.44	28.46	21.84	33.24	17.03	21.21	37.2	37.01	32.06	39.41	44.27	36.06	13.89	45.62	2.0	17.69	48.92	21.1	22.02	42.2	32.06	20.52	23.09	40.85	30.41	33.42	19.21	23.32	27.29	7.21	32.06	30.53	28.64	35.17	10.2	13.42	9.9	31.95	30.02	35.06	43.1	15.65	24.41	15.62	38.08	24.52	27.02	4.12	34.71	12.81	38.83	45.8	9.22	5.83	27.02	
10.3	25.61	20.1	6.4	22.02	13.45	7.0	4.12	26.87	27.78	23.35	20.88	21.59	22.2	19.42	10.0	30.53	6.71	18.6	24.76	21.93	0.0	6.08	15.52	17.09	10.3	17.0	29.55	23.77	5.39	25.08	23.02	14.87	13.89	16.97	11.7	15.26	24.04	15.52	24.21	17.49	18.38	4.12	32.02	13.04	18.68	13.89	22.8	17.09	14.04	18.68	15.65	26.4	20.62	17.89	26.02	23.85	22.36	25.5	23.43	4.47	27.02	18.97	16.55	20.59	22.02	2.0	16.12	23.02	8.49	11.66	4.0	6.4	23.32	21.93	24.76	10.05	15.0	20.25	18.68	21.38	23.77	14.56	21.26	26.91	29.55	9.06	5.39	25.32	31.89	22.85	19.21	25.5	28.43	9.43	24.35	24.19	14.76	27.66	20.81	
14.87	23.26	21.38	3.16	28.07	18.6	8.49	7.62	32.02	30.48	28.43	26.48	22.83	16.49	20.59	7.28	36.24	12.65	13.45	30.0	17.2	6.08	0.0	14.14	17.0	6.71	23.02	35.47	25.81	11.05	24.33	27.73	13.04	11.05	22.2	14.14	14.14	21.1	9.49	20.12	14.32	23.77	2.0	37.44	14.87	24.33	13.04	17.46	22.56	14.76	20.25	21.54	30.89	25.06	23.77	32.0	28.64	21.1	31.58	18.44	2.24	32.45	13.89	12.04	26.4	19.7	4.12	12.04	24.52	13.89	17.46	2.24	6.32	19.1	16.12	21.63	16.12	19.7	20.02	12.65	20.1	21.21	20.22	25.0	24.19	34.79	3.0	7.21	24.08	35.47	18.03	15.81	21.1	31.89	4.47	24.08	29.97	12.04	22.67	17.03	
25.63	37.0	35.06	11.05	30.53	28.18	8.94	12.08	41.05	20.12	37.74	25.63	10.82	25.46	8.94	21.38	43.14	20.59	11.7	38.83	12.0	15.52	14.14	0.0	31.06	20.62	25.81	41.11	14.76	15.81	10.2	23.09	1.41	4.24	31.38	8.94	28.28	34.54	15.56	11.7	5.0	22.47	14.0	45.45	28.16	24.17	27.17	27.66	21.93	5.1	9.49	28.43	25.02	20.1	30.48	33.11	24.08	7.0	35.23	14.0	13.0	40.61	25.24	24.6	33.3	33.53	15.13	25.08	38.12	23.26	25.24	15.0	20.0	31.38	17.09	34.93	21.26	17.09	34.13	17.2	6.0	8.6	21.1	18.03	37.7	31.14	14.87	20.1	10.0	26.57	29.41	29.15	13.6	23.09	10.77	38.21	36.8	3.61	17.26	29.97	
13.04	10.77	5.66	20.02	31.76	16.16	23.77	21.19	25.18	44.72	22.02	34.06	38.6	20.62	36.4	10.2	32.0	17.69	28.46	24.02	32.57	17.09	17.0	31.06	0.0	11.4	28.02	33.24	40.85	21.1	41.19	38.29	30.02	28.02	18.44	28.79	3.61	11.05	21.93	36.14	31.14	32.53	17.12	31.26	5.83	31.89	4.12	18.87	31.11	30.81	35.74	21.93	41.87	36.4	23.41	36.24	38.95	38.05	32.89	33.24	18.11	27.02	15.62	12.73	24.74	8.06	16.49	11.31	8.6	15.62	18.87	16.12	11.18	14.56	28.65	12.04	21.93	30.81	3.16	24.19	37.05	38.12	28.28	37.74	12.65	43.28	17.26	11.7	41.05	48.26	16.55	9.85	36.69	44.94	21.1	7.28	27.29	29.02	37.16	11.7	
14.56	16.55	16.55	9.85	31.26	18.68	15.0	13.45	31.3	37.01	27.73	31.02	29.53	13.15	27.29	1.41	36.69	15.13	17.09	29.55	21.19	10.3	6.71	20.62	11.4	0.0	26.48	36.67	32.45	15.65	30.81	33.29	19.42	17.12	22.14	20.62	8.06	14.42	10.82	24.74	20.0	28.64	7.81	37.16	11.31	28.79	7.28	13.04	27.31	21.47	26.93	23.09	36.62	30.81	25.18	35.51	34.13	27.46	34.0	21.93	8.6	32.31	9.06	6.32	27.46	13.0	8.6	5.83	19.7	15.03	19.03	7.07	5.0	13.04	17.8	15.0	19.42	25.24	14.14	13.45	26.48	27.0	24.7	31.14	17.49	39.81	6.0	7.0	30.41	41.73	12.65	9.22	25.3	38.18	10.05	18.03	30.81	18.11	25.94	10.63	
15.0	38.59	27.59	22.36	5.1	12.81	18.38	16.49	19.1	24.19	17.03	6.71	24.19	39.12	23.02	25.71	18.36	11.4	33.84	17.03	36.25	17.0	23.02	25.81	28.02	26.48	0.0	15.62	23.41	12.17	31.4	13.15	26.08	26.83	13.0	17.03	28.18	38.01	32.25	37.22	30.02	7.0	21.02	21.54	22.2	5.1	26.83	39.46	6.08	21.26	21.63	7.62	16.49	13.04	8.06	9.06	13.34	30.41	9.43	38.08	21.1	17.46	35.51	32.76	10.05	35.36	19.0	32.02	29.21	12.53	9.22	21.0	21.59	38.9	38.08	38.91	7.07	10.3	30.61	35.36	29.7	34.06	5.0	16.28	40.31	15.62	26.02	19.65	32.65	24.33	39.05	34.18	38.95	22.02	25.5	33.97	12.65	27.29	42.05	36.06	
22.2	43.74	30.08	35.78	12.08	18.11	33.02	30.53	10.63	38.28	12.08	19.31	39.66	49.82	38.6	35.51	4.12	22.85	47.89	10.3	50.77	29.55	35.47	41.11	33.24	36.67	15.62	0.0	38.47	26.08	47.01	26.25	41.23	41.62	15.0	32.53	35.01	44.28	44.94	52.2	45.0	21.47	33.62	8.25	28.02	19.24	34.0	49.37	21.1	36.77	37.2	13.93	28.64	27.31	11.7	13.04	25.96	46.01	7.28	52.48	34.01	7.81	45.4	42.3	9.22	41.3	31.38	41.19	30.08	21.84	18.03	33.24	31.78	47.0	51.48	45.28	20.25	25.81	34.71	48.1	45.28	49.52	20.62	30.87	45.71	24.0	38.28	29.83	48.27	36.5	48.09	42.0	53.82	35.17	38.91	36.69	6.0	42.2	56.6	44.0	
31.26	48.88	43.42	22.8	26.42	32.0	17.49	19.7	42.2	5.39	39.62	19.42	4.12	39.82	5.83	32.76	41.63	25.18	26.4	40.02	25.96	23.77	25.81	14.76	40.85	32.45	23.41	38.47	0.0	20.4	11.4	13.45	16.12	18.87	34.13	12.08	38.91	46.87	30.0	24.19	19.31	17.0	24.7	44.94	36.4	19.24	37.58	41.77	17.46	11.31	5.66	29.43	13.42	11.4	30.81	27.02	14.21	13.0	31.38	27.89	23.85	40.8	38.9	37.64	33.24	45.28	24.6	37.8	46.1	28.16	28.02	25.55	29.97	44.69	31.78	47.43	23.02	13.34	44.01	31.91	13.04	18.0	18.68	7.81	49.93	20.59	27.66	29.15	13.34	12.17	43.14	41.62	26.17	9.0	24.04	48.1	36.06	18.36	30.27	42.8	
11.0	30.41	23.09	10.2	17.26	12.65	7.07	4.47	25.24	23.77	21.95	15.52	19.0	27.46	17.03	15.26	27.66	5.1	21.93	23.02	24.7	5.39	11.05	15.81	21.1	15.65	12.17	26.08	20.4	0.0	24.04	17.8	15.62	15.62	15.65	9.06	19.85	29.07	20.1	26.25	19.1	13.0	9.06	29.73	16.16	13.34	18.44	28.16	11.7	12.65	16.0	12.73	21.26	15.56	14.87	21.02	18.6	21.93	21.19	26.42	9.0	24.84	24.35	21.93	17.69	26.87	7.28	21.47	25.71	8.06	9.43	9.22	11.4	28.65	25.96	29.83	5.83	9.9	24.19	23.19	21.02	24.41	9.22	16.64	31.83	24.17	14.04	9.9	24.7	27.2	28.23	24.41	27.8	23.85	13.34	28.18	21.26	16.28	30.53	26.08	
34.71	47.13	45.0	21.21	35.38	36.69	18.11	21.21	48.75	16.03	45.69	29.07	8.06	34.41	8.49	31.58	49.65	29.12	19.1	46.52	17.2	25.08	24.33	10.2	41.19	30.81	31.4	47.01	11.4	24.04	0.0	24.19	11.4	13.93	39.56	15.23	38.47	44.6	24.7	14.32	12.21	26.17	24.08	52.48	38.01	28.28	37.34	36.89	26.17	11.4	9.9	35.78	24.7	21.63	37.59	36.88	25.06	3.61	40.36	18.87	23.09	47.89	34.89	34.54	40.31	43.68	25.0	35.11	48.01	32.02	33.24	25.08	30.07	41.15	24.08	44.94	28.64	21.26	44.28	25.61	4.47	7.62	26.4	18.36	47.76	31.78	25.0	30.0	2.0	23.02	38.95	39.22	16.16	20.22	20.88	48.37	43.57	13.0	20.25	39.92	
26.08	48.1	39.12	25.63	14.32	25.08	19.92	20.12	32.0	12.08	30.15	7.07	16.12	44.01	16.16	33.02	29.83	20.62	34.06	30.02	35.06	23.02	27.73	23.09	38.29	33.29	13.15	26.25	13.45	17.8	24.19	0.0	24.02	26.02	25.96	15.13	37.48	46.86	35.17	34.53	28.07	6.32	25.94	33.54	32.8	8.06	36.07	45.19	7.62	18.03	14.87	20.62	3.61	3.0	21.21	13.89	1.0	24.7	18.97	37.05	25.5	30.07	41.59	39.45	23.02	44.6	24.7	39.12	41.18	23.02	21.02	26.42	29.21	46.32	39.2	47.63	16.64	8.06	41.23	37.85	24.35	29.41	10.3	5.83	49.58	8.06	30.46	27.66	25.94	11.18	45.65	42.2	36.5	9.06	28.16	45.0	25.08	26.0	40.31	43.83	
25.08	35.74	34.13	10.0	30.89	27.78	8.6	11.66	40.8	21.47	37.44	26.25	12.21	24.04	10.3	20.22	43.14	20.25	10.44	38.6	11.05	14.87	13.04	1.41	30.02	19.42	26.08	41.23	16.12	15.62	11.4	24.02	0.0	2.83	31.06	9.49	27.17	33.24	14.14	11.18	4.12	23.09	13.04	45.34	27.29	24.7	26.08	26.25	22.47	6.0	10.77	28.32	26.08	21.02	30.41	33.62	25.02	8.06	35.51	13.04	12.04	40.46	23.85	23.26	33.24	32.28	14.32	23.77	37.22	22.83	25.0	14.04	19.03	30.02	15.81	33.62	21.21	17.72	33.06	15.81	7.07	8.94	21.47	19.1	36.4	32.06	13.6	19.24	11.05	27.86	28.02	27.86	13.0	24.35	9.49	37.12	36.77	2.24	16.49	28.64	
24.19	33.24	32.39	8.25	31.78	27.2	8.6	11.31	40.46	24.19	37.01	27.66	15.0	21.21	13.04	18.03	43.28	19.85	8.06	38.29	9.49	13.89	11.05	4.24	28.02	17.12	26.83	41.62	18.87	15.62	13.93	26.02	2.83	0.0	30.61	11.05	25.02	30.68	11.31	10.63	3.61	24.52	11.4	45.25	25.71	25.96	24.0	23.43	23.77	8.25	13.42	28.32	28.28	23.02	30.48	34.79	27.02	10.44	36.24	11.4	10.44	40.31	21.1	20.62	33.3	29.83	13.0	21.19	35.51	22.2	24.76	12.37	17.26	27.29	13.34	31.02	21.4	19.24	31.0	13.04	9.49	10.2	22.47	21.38	33.84	34.0	11.18	17.72	13.34	30.46	25.24	25.3	12.21	26.93	7.07	35.01	36.88	1.0	15.23	26.0	
7.62	29.12	16.12	23.35	14.87	3.61	22.47	19.42	9.9	36.06	6.4	19.7	33.73	35.17	32.02	20.88	14.56	10.82	35.47	7.81	38.9	16.97	22.2	31.38	18.44	22.14	13.0	15.0	34.13	15.65	39.56	25.96	31.06	30.61	0.0	24.35	20.02	29.43	31.38	41.11	34.21	19.65	20.62	15.26	13.04	18.03	19.0	34.53	18.44	28.23	30.81	5.39	29.41	25.32	5.66	19.1	26.25	37.58	14.76	40.36	21.26	10.3	30.59	27.46	6.32	26.48	18.44	26.31	17.03	8.49	6.32	20.0	17.46	32.0	38.28	30.41	11.18	21.0	20.25	34.48	36.67	39.96	16.12	28.07	31.05	28.3	24.7	15.65	40.31	37.11	33.14	27.0	42.45	34.53	26.25	22.83	9.0	31.4	44.6	29.0	
20.02	36.89	31.58	11.4	21.63	21.59	5.66	7.62	33.54	16.4	30.46	16.76	10.05	29.53	8.0	20.81	34.83	14.14	19.0	31.3	20.4	11.7	14.14	8.94	28.79	20.62	17.03	32.53	12.08	9.06	15.23	15.13	9.49	11.05	24.35	0.0	26.83	35.0	20.25	20.62	13.6	13.6	12.81	37.44	24.52	15.23	25.5	31.06	13.0	4.24	7.07	20.59	17.72	12.17	22.47	24.17	16.12	13.6	26.4	22.36	12.04	32.76	27.8	26.17	25.24	33.29	12.53	26.17	34.37	17.12	18.03	13.6	17.89	33.24	24.08	35.61	13.42	8.25	31.95	22.8	12.81	17.03	12.21	11.18	38.01	23.02	16.4	17.09	16.12	21.4	32.02	29.83	22.47	17.8	13.42	36.06	28.6	11.18	25.96	31.14	
13.6	10.63	9.22	17.26	32.31	17.26	21.54	19.24	27.66	43.05	24.33	33.84	36.4	17.2	34.18	7.0	34.13	17.2	25.0	26.31	29.12	15.26	14.14	28.28	3.61	8.06	28.18	35.01	38.91	19.85	38.47	37.48	27.17	25.02	20.02	26.83	0.0	9.85	18.38	32.76	28.02	32.02	14.56	33.73	7.0	31.62	1.41	15.65	30.61	28.46	33.62	22.8	41.01	35.38	24.52	36.77	38.21	35.23	33.96	29.73	15.52	29.27	12.21	9.22	26.17	7.21	14.32	7.81	12.21	15.65	19.31	13.6	8.94	12.04	25.06	10.77	21.63	29.73	6.08	20.59	34.23	35.01	27.8	36.4	12.21	43.01	14.04	10.0	38.21	47.01	13.6	7.07	33.24	43.6	18.0	10.0	29.02	26.02	33.62	9.06	
23.41	3.16	15.3	24.19	42.15	26.93	29.41	27.66	36.06	51.4	33.0	43.57	43.91	14.87	41.68	14.21	43.01	26.93	28.07	35.0	32.02	24.04	21.1	34.54	11.05	14.42	38.01	44.28	46.87	29.07	44.6	46.86	33.24	30.68	29.43	35.0	9.85	0.0	21.1	36.06	32.98	41.62	22.2	42.11	16.49	41.34	11.18	12.08	40.22	35.85	41.34	32.57	50.33	44.6	34.21	46.62	47.63	41.11	43.68	32.02	23.02	38.0	11.05	10.2	35.69	3.0	22.67	9.49	17.09	25.5	29.15	21.4	17.69	5.83	26.17	1.0	31.38	38.95	10.2	22.02	40.16	39.81	37.44	45.28	3.16	52.7	19.7	19.21	43.97	55.9	8.94	5.39	36.0	52.4	23.77	10.82	38.33	31.62	35.23	5.0	
23.85	24.02	27.29	10.0	37.34	27.78	15.3	16.0	41.05	35.23	37.44	35.06	26.25	9.9	24.21	12.21	45.62	22.14	7.0	39.12	11.05	15.52	9.49	15.56	21.93	10.82	32.25	44.94	30.0	20.1	24.7	35.17	14.14	11.31	31.38	20.25	18.38	21.1	0.0	15.0	12.53	32.14	11.4	46.65	22.02	33.02	17.89	12.21	31.06	18.87	24.41	31.02	37.95	32.28	33.24	41.11	36.14	21.1	41.0	11.4	11.18	41.68	10.44	11.0	35.85	21.02	13.6	12.04	30.41	23.26	26.93	11.7	14.21	16.76	7.07	21.21	25.5	27.46	24.35	3.16	20.25	18.97	29.0	31.38	24.19	42.76	6.71	15.81	23.71	41.18	14.32	16.0	15.13	37.59	7.07	27.89	39.4	12.04	15.23	16.12	
34.41	39.01	41.11	18.03	42.06	37.64	19.21	21.93	50.99	29.43	47.51	37.34	20.1	23.09	19.0	25.96	53.91	30.41	8.0	48.84	4.12	24.21	20.12	11.7	36.14	24.74	37.22	52.2	24.19	26.25	14.32	34.53	11.18	10.63	41.11	20.62	32.76	36.06	15.0	0.0	7.21	34.18	21.1	55.87	34.93	35.85	32.02	25.96	33.62	16.76	20.02	38.95	36.12	31.58	41.11	44.78	35.51	11.4	46.65	5.0	20.25	50.91	25.18	26.0	43.93	36.01	23.02	27.02	44.27	32.65	35.36	21.95	26.4	31.4	11.18	36.12	32.02	28.79	38.83	14.32	11.18	6.71	32.65	29.15	39.12	42.58	18.97	27.29	12.53	36.35	28.64	31.0	2.0	33.14	15.65	42.58	47.51	10.0	6.08	31.06	
27.78	35.69	35.69	11.7	34.89	30.81	12.04	14.87	44.05	24.7	40.61	30.36	15.23	22.2	13.6	21.02	46.75	23.43	7.21	41.87	7.0	17.49	14.32	5.0	31.14	20.0	30.02	45.0	19.31	19.1	12.21	28.07	4.12	3.61	34.21	13.6	28.02	32.98	12.53	7.21	0.0	27.2	14.87	48.8	29.12	28.79	27.07	24.7	26.57	10.05	14.32	31.83	30.02	25.08	33.97	37.7	29.07	8.6	39.45	9.0	13.93	43.86	22.85	22.8	36.8	32.39	16.55	23.54	38.83	25.81	28.32	15.81	20.62	29.15	12.53	33.24	24.84	21.84	34.06	13.45	7.81	7.0	25.5	23.02	36.14	36.12	14.0	21.19	11.18	31.32	26.83	27.66	8.94	27.89	10.05	38.01	40.36	2.83	12.37	28.16	
20.0	42.64	33.02	22.2	9.43	18.79	17.0	16.28	26.08	17.26	24.02	3.16	18.44	40.26	17.69	28.18	24.7	14.87	32.25	24.02	33.96	18.38	23.77	22.47	32.53	28.64	7.0	21.47	17.0	13.0	26.17	6.32	23.09	24.52	19.65	13.6	32.02	41.62	32.14	34.18	27.2	0.0	21.84	28.16	26.91	2.24	30.61	41.11	1.41	17.46	16.28	14.32	9.85	6.08	15.03	10.82	6.71	25.81	14.42	35.9	21.59	24.33	37.34	34.93	17.03	39.2	20.25	34.44	34.99	17.03	14.76	22.14	24.19	41.59	37.05	42.44	10.63	5.39	35.38	35.06	25.24	30.02	4.24	9.49	44.2	11.18	26.68	22.47	27.66	17.46	41.23	37.22	36.06	15.03	25.08	39.05	19.42	24.74	39.56	38.95	
13.45	24.19	21.1	3.16	26.08	17.03	7.21	5.83	30.48	29.21	26.91	24.52	21.93	18.44	19.7	8.06	34.48	10.77	14.87	28.43	18.44	4.12	2.0	14.0	17.12	7.81	21.02	33.62	24.7	9.06	24.08	25.94	13.04	11.4	20.62	12.81	14.56	22.2	11.4	21.1	14.87	21.84	0.0	35.81	14.32	22.36	13.34	19.31	20.62	13.93	19.24	19.7	29.15	23.32	21.93	30.0	26.83	21.0	29.61	19.8	1.0	30.81	15.65	13.6	24.6	20.59	2.24	13.45	24.19	12.21	15.65	1.0	6.0	20.62	17.89	22.8	14.14	17.89	20.22	14.56	20.0	21.59	18.25	23.43	25.24	32.89	5.0	6.32	24.0	33.97	19.72	17.03	22.2	30.41	5.66	24.33	28.18	12.37	24.04	18.38	
22.83	41.0	27.0	38.42	19.24	18.87	36.8	33.94	6.08	45.35	9.49	26.48	45.62	49.98	44.29	35.85	4.12	25.5	50.61	7.62	53.91	32.02	37.44	45.45	31.26	37.16	21.54	8.25	44.94	29.73	52.48	33.54	45.34	45.25	15.26	37.44	33.73	42.11	46.65	55.87	48.8	28.16	35.81	0.0	26.93	25.96	32.98	49.04	27.51	41.62	42.94	17.03	36.22	34.21	15.0	21.02	33.38	51.04	15.0	55.44	36.4	5.0	45.22	42.06	12.21	39.12	33.6	40.8	26.17	23.6	20.52	35.23	32.65	45.71	53.54	43.1	24.21	31.78	32.02	49.74	50.22	54.04	26.4	37.64	43.0	32.06	39.96	30.89	53.54	44.18	47.3	40.79	57.31	42.58	41.4	33.14	8.94	45.97	59.67	42.76	
7.21	16.55	7.07	17.46	25.94	10.44	20.02	17.12	20.88	39.92	17.46	28.32	34.53	23.26	32.39	9.9	27.17	12.21	27.78	19.42	31.76	13.04	14.87	28.16	5.83	11.31	22.2	28.02	36.4	16.16	38.01	32.8	27.29	25.71	13.04	24.52	7.0	16.49	22.02	34.93	29.12	26.91	14.32	26.93	0.0	26.17	6.08	22.14	25.5	27.07	31.58	16.16	36.4	31.06	17.72	30.41	33.42	35.13	27.2	32.76	15.3	22.36	18.38	15.23	19.24	13.6	13.04	13.93	10.0	9.9	13.04	13.34	8.54	19.03	29.07	17.46	16.28	25.55	8.49	24.76	34.13	35.9	22.67	32.65	18.38	37.54	16.12	8.06	38.12	43.05	20.4	14.04	35.78	39.82	19.31	12.21	22.02	26.68	36.89	16.03	
19.1	42.2	32.02	23.02	7.21	17.49	18.11	17.03	24.02	19.42	22.09	2.24	20.62	40.79	19.8	28.23	22.47	14.42	33.54	22.0	35.44	18.68	24.33	24.17	31.89	28.79	5.1	19.24	19.24	13.34	28.28	8.06	24.7	25.96	18.03	15.23	31.62	41.34	33.02	35.85	28.79	2.24	22.36	25.96	26.17	0.0	30.23	41.48	2.24	19.24	18.38	12.65	11.4	8.25	13.15	8.94	8.25	27.8	12.21	37.36	22.2	22.2	37.64	35.11	15.0	38.83	20.62	34.54	33.84	16.28	13.6	22.56	24.17	41.63	38.21	42.19	10.0	7.21	34.66	36.0	27.2	31.91	4.12	11.7	43.83	11.4	27.29	22.36	29.73	19.24	41.44	37.12	37.7	17.0	26.0	38.21	17.26	26.25	41.11	38.91	
12.37	12.04	9.43	16.12	31.02	16.12	20.25	17.89	26.93	41.68	23.54	32.45	35.11	17.49	32.89	6.08	33.24	15.81	24.35	25.5	28.46	13.89	13.04	27.17	4.12	7.28	26.83	34.0	37.58	18.44	37.34	36.07	26.08	24.0	19.0	25.5	1.41	11.18	17.89	32.02	27.07	30.61	13.34	32.98	6.08	30.23	0.0	16.16	29.21	27.2	32.31	21.59	39.6	33.97	23.35	35.47	36.8	34.13	32.76	29.15	14.32	28.44	12.53	9.43	25.08	8.6	13.0	8.06	12.53	14.32	18.03	12.37	7.62	13.0	24.7	12.08	20.25	28.32	7.0	20.25	33.14	34.06	26.4	35.0	13.6	41.62	13.15	8.6	37.12	45.61	14.32	8.0	32.57	42.2	17.03	11.05	28.0	25.0	33.11	10.0	
27.17	15.23	24.41	19.72	44.28	31.26	25.55	25.08	43.01	46.86	39.56	43.68	38.18	3.0	36.07	14.0	49.03	28.16	18.38	41.48	21.84	22.8	17.46	27.66	18.87	13.04	39.46	49.37	41.77	28.16	36.89	45.19	26.25	23.43	34.53	31.06	15.65	12.08	12.21	25.96	24.7	41.11	19.31	49.04	22.14	41.48	16.16	0.0	39.85	30.48	36.12	36.01	48.3	42.49	38.05	48.51	46.1	33.29	47.01	21.38	19.7	44.38	4.0	7.07	40.2	13.6	20.88	8.25	27.02	28.0	32.0	18.97	18.03	6.32	15.13	11.7	32.39	37.16	19.85	11.7	32.45	30.87	37.36	42.19	14.56	52.2	14.76	20.02	35.85	52.43	3.16	9.22	25.5	48.83	17.8	22.02	43.42	24.21	24.02	7.81	
18.6	41.23	31.62	21.1	9.22	17.46	16.03	15.13	25.18	18.11	23.0	4.0	18.6	39.05	17.69	26.83	24.17	13.45	31.4	23.09	33.24	17.09	22.56	21.93	31.11	27.31	6.08	21.1	17.46	11.7	26.17	7.62	22.47	23.77	18.44	13.0	30.61	40.22	31.06	33.62	26.57	1.41	20.62	27.51	25.5	2.24	29.21	39.85	0.0	17.0	16.28	13.15	11.18	7.0	14.0	11.18	8.06	25.61	14.21	35.17	20.4	23.54	36.06	33.62	16.12	37.8	18.97	33.11	33.62	15.62	13.42	20.88	22.83	40.25	36.12	41.05	9.22	5.0	33.97	34.01	25.0	29.68	2.83	10.2	42.8	12.53	25.5	21.1	27.59	18.68	39.92	35.85	35.47	16.12	24.02	37.64	18.68	24.04	38.9	37.59	
23.35	38.01	34.13	11.66	25.81	25.3	7.07	10.0	37.59	16.4	34.44	20.62	8.06	28.6	5.83	21.93	39.05	17.72	16.28	35.36	17.03	14.04	14.76	5.1	30.81	21.47	21.26	36.77	11.31	12.65	11.4	18.03	6.0	8.25	28.23	4.24	28.46	35.85	18.87	16.76	10.05	17.46	13.93	41.62	27.07	19.24	27.2	30.48	17.0	0.0	5.66	24.7	20.1	15.03	26.63	28.18	19.03	9.43	30.61	19.03	13.0	36.89	27.59	26.4	29.41	34.44	14.32	26.63	37.05	20.62	21.93	14.87	19.65	33.42	21.59	36.36	17.49	12.08	33.96	21.02	8.6	12.81	16.4	13.15	38.95	26.08	16.4	19.24	12.08	22.36	31.83	30.53	18.68	18.79	12.73	38.08	32.8	8.06	22.36	31.62	
27.0	43.42	38.64	17.2	25.5	28.28	12.08	14.56	39.56	10.82	36.69	19.21	3.0	34.21	1.41	27.29	39.96	21.02	21.19	37.34	21.21	18.68	20.25	9.49	35.74	26.93	21.63	37.2	5.66	16.0	9.9	14.87	10.77	13.42	30.81	7.07	33.62	41.34	24.41	20.02	14.32	16.28	19.24	42.94	31.58	18.38	32.31	36.12	16.28	5.66	0.0	26.57	16.12	12.08	28.23	27.02	15.81	9.85	30.48	23.19	18.36	38.48	33.24	32.02	30.87	39.82	19.31	32.2	41.44	24.02	24.52	20.12	24.7	39.05	26.57	41.88	19.65	11.4	38.9	26.42	9.49	14.56	16.64	9.22	44.42	22.8	22.02	24.04	11.4	17.09	37.48	36.06	22.02	13.6	18.38	43.01	34.0	13.0	26.0	37.2	
9.22	32.7	20.62	21.95	10.0	5.83	19.8	17.03	13.0	31.0	10.2	14.32	29.41	36.22	27.86	22.02	15.0	8.94	34.13	10.77	37.2	15.65	21.54	28.43	21.93	23.09	7.62	13.93	29.43	12.73	35.78	20.62	28.32	28.32	5.39	20.59	22.8	32.57	31.02	38.95	31.83	14.32	19.7	17.03	16.16	12.65	21.59	36.01	13.15	24.7	26.57	0.0	24.04	20.1	2.24	14.42	20.88	34.13	11.18	38.83	20.12	12.21	32.02	29.0	5.0	29.73	17.46	28.02	21.93	8.06	4.12	19.31	18.11	34.37	37.58	33.53	7.21	16.12	24.19	34.18	33.29	37.01	11.0	23.0	34.54	23.02	24.35	16.12	36.72	31.78	35.06	29.43	40.46	29.27	25.06	27.2	8.6	29.0	43.01	31.4	
29.68	51.62	42.72	28.64	17.03	28.64	22.85	23.32	35.06	10.63	33.38	10.05	16.76	47.01	17.26	36.4	32.39	24.21	36.35	33.14	37.01	26.4	30.89	25.02	41.87	36.62	16.49	28.64	13.42	21.26	24.7	3.61	26.08	28.28	29.41	17.72	41.01	50.33	37.95	36.12	30.02	9.85	29.15	36.22	36.4	11.4	39.6	48.3	11.18	20.1	16.12	24.04	0.0	5.83	24.52	15.81	3.16	25.71	21.38	39.01	28.65	33.0	44.78	42.72	26.17	48.1	28.02	42.44	44.78	26.63	24.6	29.68	32.65	49.65	41.59	51.09	20.25	11.4	44.82	40.52	25.5	30.59	13.89	7.0	53.08	7.21	33.54	31.14	26.57	8.0	48.88	45.61	38.12	6.71	31.02	48.6	28.0	28.16	42.05	47.2	
24.6	45.97	37.59	22.85	15.23	24.04	17.09	17.49	32.14	11.18	30.0	8.06	13.6	41.23	13.42	30.61	30.68	18.87	31.06	30.07	32.06	20.62	25.06	20.1	36.4	30.81	13.04	27.31	11.4	15.56	21.63	3.0	21.02	23.02	25.32	12.17	35.38	44.6	32.28	31.58	25.08	6.08	23.32	34.21	31.06	8.25	33.97	42.49	7.0	15.03	12.08	20.1	5.83	0.0	21.0	15.62	4.0	21.93	20.12	34.06	22.83	30.41	38.95	36.89	23.09	42.43	22.2	36.62	39.81	21.47	19.92	23.85	26.91	43.83	36.22	45.34	15.23	5.66	39.41	34.93	21.54	26.57	9.22	3.61	47.38	11.05	27.73	25.46	23.32	12.08	43.05	39.82	33.54	9.22	25.3	43.27	25.5	23.0	37.34	41.4	
11.05	34.18	21.63	24.19	9.22	7.28	21.93	19.21	11.4	32.06	9.0	14.56	31.02	38.33	29.55	24.08	12.81	11.18	36.36	9.22	39.41	17.89	23.77	30.48	23.41	25.18	8.06	11.7	30.81	14.87	37.59	21.21	30.41	30.48	5.66	22.47	24.52	34.21	33.24	41.11	33.97	15.03	21.93	15.0	17.72	13.15	23.35	38.05	14.0	26.63	28.23	2.24	24.52	21.0	0.0	13.45	21.38	36.06	9.49	41.05	22.36	10.3	34.06	31.02	2.83	31.32	19.7	30.0	22.67	10.2	6.32	21.54	20.22	36.22	39.81	35.17	9.22	17.46	25.5	36.4	35.23	39.05	12.17	24.08	36.06	22.83	26.57	18.25	38.59	32.39	37.01	31.26	42.64	30.07	27.29	28.3	6.4	31.14	45.22	33.24	
23.26	46.96	35.0	31.14	4.47	20.25	26.68	25.18	21.19	25.94	20.59	7.81	29.0	48.17	28.43	34.71	17.0	20.4	42.2	19.7	44.27	26.02	32.0	33.11	36.24	35.51	9.06	13.04	27.02	21.02	36.88	13.89	33.62	34.79	19.1	24.17	36.77	46.62	41.11	44.78	37.7	10.82	30.0	21.02	30.41	8.94	35.47	48.51	11.18	28.18	27.02	14.42	15.81	15.62	13.45	0.0	13.42	36.62	6.08	46.17	30.02	18.68	44.55	41.77	13.6	43.86	28.02	41.0	36.12	21.19	17.46	30.02	30.59	47.8	46.69	47.54	16.12	16.12	38.59	44.18	36.06	40.82	12.37	19.21	48.75	11.05	35.0	28.64	38.42	23.54	48.05	43.01	46.62	22.47	34.23	41.62	13.93	35.11	49.98	44.92	
26.63	48.84	39.66	26.57	14.14	25.5	20.88	21.02	32.02	12.53	30.27	7.0	17.0	44.94	17.09	33.84	29.61	21.26	35.06	30.07	36.06	23.85	28.64	24.08	38.95	34.13	13.34	25.96	14.21	18.6	25.06	1.0	25.02	27.02	26.25	16.12	38.21	47.63	36.14	35.51	29.07	6.71	26.83	33.38	33.42	8.25	36.8	46.1	8.06	19.03	15.81	20.88	3.16	4.0	21.38	13.42	0.0	25.63	18.68	38.05	26.4	30.02	42.49	40.31	23.09	45.34	25.55	39.96	41.68	23.6	21.47	27.29	30.0	47.17	40.2	48.41	17.2	8.94	41.87	38.83	25.3	30.36	10.82	6.71	50.33	7.07	31.38	28.43	26.83	11.05	46.53	43.01	37.48	9.22	29.12	45.61	25.02	27.0	41.3	44.65	
32.28	43.68	42.05	18.03	34.71	34.54	15.52	18.68	47.01	18.11	43.83	28.84	9.06	30.81	8.54	28.28	48.41	26.93	15.56	44.78	13.89	22.36	21.1	7.0	38.05	27.46	30.41	46.01	13.0	21.93	3.61	24.7	8.06	10.44	37.58	13.6	35.23	41.11	21.1	11.4	8.6	25.81	21.0	51.04	35.13	27.8	34.13	33.29	25.61	9.43	9.85	34.13	25.71	21.93	36.06	36.62	25.63	0.0	39.62	15.65	20.0	46.32	31.3	31.02	38.83	40.26	22.09	31.62	45.1	29.73	31.3	22.0	27.0	37.58	20.62	41.44	26.93	20.62	41.11	22.02	1.0	5.0	25.46	18.97	44.27	32.57	21.59	27.07	3.0	25.08	35.36	35.74	13.34	22.0	17.46	45.18	42.2	9.49	17.46	36.4	
20.4	43.66	30.89	31.32	5.0	16.76	27.73	25.63	15.23	31.02	15.0	12.08	32.8	47.04	31.89	33.02	11.05	19.1	43.08	13.89	45.62	25.5	31.58	35.23	32.89	34.0	9.43	7.28	31.38	21.19	40.36	18.97	35.51	36.24	14.76	26.4	33.96	43.68	41.0	46.65	39.45	14.42	29.61	15.0	27.2	12.21	32.76	47.01	14.21	30.61	30.48	11.18	21.38	20.12	9.49	6.08	18.68	39.62	0.0	47.42	29.83	12.65	43.01	40.05	8.6	40.8	27.46	39.12	31.62	19.03	15.03	29.43	29.0	45.54	47.13	44.64	15.52	19.1	34.93	44.15	38.95	43.42	14.21	23.71	45.54	17.12	34.53	27.0	41.73	29.27	46.17	40.61	48.37	27.89	34.48	37.59	8.06	36.72	51.43	42.58	
33.24	35.06	38.48	17.03	43.08	36.8	19.7	21.95	50.25	33.24	46.69	39.05	23.77	18.44	22.36	23.26	53.82	30.0	5.0	48.17	2.0	23.43	18.44	14.0	33.24	21.93	38.08	52.48	27.89	26.42	18.87	37.05	13.04	11.4	40.36	22.36	29.73	32.02	11.4	5.0	9.0	35.9	19.8	55.44	32.76	37.36	29.15	21.38	35.17	19.03	23.19	38.83	39.01	34.06	41.05	46.17	38.05	15.65	47.42	0.0	19.1	50.45	21.0	22.2	43.83	32.25	21.93	23.35	41.63	31.89	35.0	20.52	24.41	27.07	6.32	32.0	32.25	30.59	35.74	10.0	15.23	11.4	33.84	32.02	35.0	45.1	16.64	25.61	17.2	40.02	24.19	27.17	4.12	36.67	14.14	39.29	47.43	11.18	4.24	27.02	
14.21	25.06	22.09	2.24	26.17	17.69	6.4	5.39	31.14	28.43	27.59	24.33	21.02	18.68	18.79	8.94	34.99	11.18	14.21	29.07	17.69	4.47	2.24	13.0	18.11	8.6	21.1	34.01	23.85	9.0	23.09	25.5	12.04	10.44	21.26	12.04	15.52	23.02	11.18	20.25	13.93	21.59	1.0	36.4	15.3	22.2	14.32	19.7	20.4	13.0	18.36	20.12	28.65	22.83	22.36	30.02	26.4	20.0	29.83	19.1	0.0	31.4	16.12	14.21	25.06	21.47	2.83	14.14	25.18	12.81	16.12	2.0	7.0	21.26	17.46	23.6	14.32	17.46	21.21	14.32	19.0	20.62	18.11	22.8	26.08	32.57	5.1	7.28	23.0	33.3	20.25	17.8	21.4	29.73	5.0	25.32	28.65	11.4	23.35	19.1	
17.89	37.12	23.19	33.42	16.03	13.89	31.89	29.0	2.83	41.59	5.0	23.02	41.23	45.22	39.81	31.02	5.1	20.52	45.61	3.0	48.92	27.02	32.45	40.61	27.02	32.31	17.46	7.81	40.8	24.84	47.89	30.07	40.46	40.31	10.3	32.76	29.27	38.0	41.68	50.91	43.86	24.33	30.81	5.0	22.36	22.2	28.44	44.38	23.54	36.89	38.48	12.21	33.0	30.41	10.3	18.68	30.02	46.32	12.65	50.45	31.4	0.0	40.52	37.36	7.62	35.0	28.6	36.14	22.8	18.6	15.56	30.23	27.73	41.3	48.55	39.0	19.42	27.51	28.07	44.78	45.49	49.2	22.14	33.73	39.12	29.61	34.99	25.94	48.88	41.0	42.76	36.35	52.35	39.12	36.4	29.61	5.0	41.04	54.67	38.33	
23.19	14.14	21.26	16.4	40.31	27.29	22.2	21.47	39.22	43.86	35.74	39.85	35.47	5.0	33.3	10.0	45.12	24.19	17.26	37.64	21.1	18.97	13.89	25.24	15.62	9.06	35.51	45.4	38.9	24.35	34.89	41.59	23.85	21.1	30.59	27.8	12.21	11.05	10.44	25.18	22.85	37.34	15.65	45.22	18.38	37.64	12.53	4.0	36.06	27.59	33.24	32.02	44.78	38.95	34.06	44.55	42.49	31.3	43.01	21.0	16.12	40.52	0.0	3.16	36.22	11.7	17.09	4.47	24.04	24.0	28.0	15.23	14.04	6.32	15.13	11.0	28.44	33.54	17.03	11.0	30.41	29.41	33.53	38.83	14.0	48.47	11.4	16.03	34.01	49.2	4.24	6.71	25.02	45.61	14.87	19.72	39.46	21.95	24.19	6.08	
20.1	13.04	18.38	14.87	37.48	24.19	20.52	19.42	36.06	42.45	32.57	37.34	34.41	8.06	32.2	7.07	41.98	21.38	18.0	34.48	22.02	16.55	12.04	24.6	12.73	6.32	32.76	42.3	37.64	21.93	34.54	39.45	23.26	20.62	27.46	26.17	9.22	10.2	11.0	26.0	22.8	34.93	13.6	42.06	15.23	35.11	9.43	7.07	33.62	26.4	32.02	29.0	42.72	36.89	31.02	41.77	40.31	31.02	40.05	22.2	14.21	37.36	3.16	0.0	33.14	10.05	14.76	1.41	21.26	21.02	25.02	13.04	11.18	7.07	16.76	10.44	25.71	31.38	14.42	12.37	30.08	29.61	31.02	37.01	13.34	46.1	10.0	13.15	33.84	47.51	6.32	5.0	26.08	43.93	13.89	17.46	36.35	21.54	25.71	5.39	
13.04	35.44	22.36	26.93	9.85	9.0	24.76	22.02	9.06	34.23	7.28	16.12	33.62	40.61	32.2	26.31	10.0	13.89	39.12	7.0	42.2	20.59	26.4	33.3	24.74	27.46	10.05	9.22	33.24	17.69	40.31	23.02	33.24	33.3	6.32	25.24	26.17	35.69	35.85	43.93	36.8	17.03	24.6	12.21	19.24	15.0	25.08	40.2	16.12	29.41	30.87	5.0	26.17	23.09	2.83	13.6	23.09	38.83	8.6	43.83	25.06	7.62	36.22	33.14	0.0	32.76	22.36	32.06	23.02	12.65	8.94	24.17	22.56	38.05	42.49	36.67	12.04	19.92	26.57	39.0	38.01	41.87	14.56	26.31	37.36	23.77	29.15	20.62	41.34	34.13	39.01	33.06	45.45	32.0	30.02	29.07	3.61	33.97	48.01	35.06	
20.62	3.61	12.37	22.85	39.4	24.04	27.78	25.81	33.06	49.65	30.0	41.05	42.49	16.12	40.25	12.53	40.01	24.41	28.02	32.0	32.06	22.02	19.7	33.53	8.06	13.0	35.36	41.3	45.28	26.87	43.68	44.6	32.28	29.83	26.48	33.29	7.21	3.0	21.02	36.01	32.39	39.2	20.59	39.12	13.6	38.83	8.6	13.6	37.8	34.44	39.82	29.73	48.1	42.43	31.32	43.86	45.34	40.26	40.8	32.25	21.47	35.0	11.7	10.05	32.76	0.0	20.81	9.0	14.32	22.83	26.4	19.72	15.62	7.81	26.68	4.0	28.84	36.77	7.28	22.36	39.29	39.32	35.0	43.28	5.0	50.22	18.68	16.97	43.17	53.91	10.63	5.1	36.12	50.45	22.8	8.49	35.36	30.81	35.69	5.83	
11.4	24.41	20.0	5.0	24.02	14.87	7.28	5.0	28.32	28.84	24.76	22.8	22.14	20.22	19.92	8.49	32.25	8.54	17.03	26.25	20.52	2.0	4.12	15.13	16.49	8.6	19.0	31.38	24.6	7.28	25.0	24.7	14.32	13.0	18.44	12.53	14.32	22.67	13.6	23.02	16.55	20.25	2.24	33.6	13.04	20.62	13.0	20.88	18.97	14.32	19.31	17.46	28.02	22.2	19.7	28.02	25.55	22.09	27.46	21.93	2.83	28.6	17.09	14.76	22.36	20.81	0.0	14.42	23.02	10.0	13.42	2.0	5.39	21.63	20.12	23.35	12.04	16.64	19.65	16.76	21.1	23.09	16.49	22.63	25.61	31.38	7.07	5.0	25.08	33.24	21.02	17.69	24.21	29.73	7.81	23.77	25.94	13.93	26.17	19.21	
19.03	12.17	16.97	15.0	36.67	23.09	20.52	19.21	34.79	42.52	31.32	36.77	34.67	9.43	32.45	6.32	40.79	20.62	19.03	33.24	23.09	16.12	12.04	25.08	11.31	5.83	32.02	41.19	37.8	21.47	35.11	39.12	23.77	21.19	26.31	26.17	7.81	9.49	12.04	27.02	23.54	34.44	13.45	40.8	13.93	34.54	8.06	8.25	33.11	26.63	32.2	28.02	42.44	36.62	30.0	41.0	39.96	31.62	39.12	23.35	14.14	36.14	4.47	1.41	32.06	9.0	14.42	0.0	19.85	20.1	24.08	12.81	10.44	7.21	18.03	9.85	25.0	31.06	13.04	13.6	30.68	30.41	30.46	36.88	12.65	45.62	10.3	12.37	34.48	47.42	7.07	4.12	27.17	43.86	14.32	16.16	35.23	22.14	26.93	5.0	
15.23	15.3	3.16	27.29	31.83	16.4	30.02	27.07	20.4	49.34	18.03	35.81	44.41	29.0	42.3	18.38	27.89	21.19	36.77	19.92	40.85	23.02	24.52	38.12	8.6	19.7	29.21	30.08	46.1	25.71	48.01	41.18	37.22	35.51	17.03	34.37	12.21	17.09	30.41	44.27	38.83	34.99	24.19	26.17	10.0	33.84	12.53	27.02	33.62	37.05	41.44	21.93	44.78	39.81	22.67	36.12	41.68	45.1	31.62	41.63	25.18	22.8	24.04	21.26	23.02	14.32	23.02	19.85	0.0	18.38	20.25	23.19	18.25	21.95	37.22	18.03	24.6	34.54	7.21	32.76	44.1	45.71	30.89	41.79	17.26	44.82	25.3	18.03	48.09	51.89	24.41	17.8	44.94	48.85	28.86	7.0	24.6	36.5	45.62	19.42	
3.16	26.08	16.12	14.87	16.76	5.0	14.32	11.18	18.38	31.05	14.87	18.44	27.02	28.16	25.08	14.0	22.36	3.0	27.02	16.28	30.41	8.49	13.89	23.26	15.62	15.03	12.53	21.84	28.16	8.06	32.02	23.02	22.83	22.2	8.49	17.12	15.65	25.5	23.26	32.65	25.81	17.03	12.21	23.6	9.9	16.28	14.32	28.0	15.62	20.62	24.02	8.06	26.63	21.47	10.2	21.19	23.6	29.73	19.03	31.89	12.81	18.6	24.0	21.02	12.65	22.83	10.0	20.1	18.38	0.0	4.0	11.66	10.05	26.68	30.02	26.4	6.4	16.16	18.38	26.4	28.79	31.76	12.81	23.41	27.78	27.66	16.55	8.06	32.57	33.54	27.17	21.84	33.97	30.46	17.8	22.02	16.16	23.02	36.12	23.77	
