120
0.0	54.63	31.38	17.26	50.09	26.08	39.81	28.43	21.21	55.11	15.52	43.14	27.86	48.26	11.18	35.81	40.61	41.11	46.86	10.44	37.0	35.36	54.64	56.82	50.49	50.8	53.85	13.0	60.83	12.81	5.0	19.1	26.91	17.69	40.31	63.98	8.0	28.02	30.46	30.02	52.17	29.0	21.0	47.76	20.12	24.21	25.0	38.83	57.58	19.42	25.0	58.69	54.92	57.94	5.1	47.13	10.63	27.02	54.23	13.45	18.03	5.0	52.0	5.39	3.16	62.27	33.0	22.47	32.57	4.0	33.84	23.85	19.72	35.36	13.34	19.03	31.26	58.25	31.02	36.67	12.0	52.48	23.32	10.0	17.03	18.79	21.02	28.46	28.84	43.46	56.61	42.54	27.86	26.17	59.03	22.67	29.07	27.17	36.4	36.36	13.0	28.0	57.71	39.2	33.84	21.1	41.0	50.0	32.02	20.62	33.38	40.01	25.5	5.83	26.48	32.76	7.07	31.4	37.11	44.28	
54.63	0.0	39.96	61.07	5.0	31.24	14.87	28.28	47.01	33.24	46.53	20.62	62.48	17.12	55.22	21.02	18.03	52.55	16.12	47.17	25.55	19.65	10.3	49.0	29.0	31.0	42.0	41.63	7.21	50.0	50.09	51.62	52.8	38.33	19.72	9.43	47.41	51.35	38.47	59.41	33.02	30.41	50.01	7.81	44.55	48.27	35.06	29.73	42.19	46.1	47.63	36.67	32.25	4.12	57.71	9.43	51.04	49.25	27.29	52.01	40.61	52.35	42.05	49.24	51.48	9.85	27.8	46.01	37.22	50.99	46.53	55.97	55.87	30.89	44.65	49.09	46.87	12.21	49.82	20.52	43.91	49.25	56.64	59.36	49.58	44.6	49.01	63.89	26.68	40.26	6.4	13.04	40.0	67.18	33.96	33.73	31.0	47.27	21.0	32.28	43.05	50.36	5.1	27.51	40.26	39.2	32.57	22.0	55.76	45.04	24.04	23.26	31.4	49.98	65.8	44.78	48.1	56.3	34.01	42.2	
31.38	39.96	0.0	26.48	37.58	14.32	29.83	30.81	42.01	25.02	36.8	42.05	23.6	25.5	24.08	33.0	21.95	15.13	42.58	21.02	14.42	29.07	45.88	25.81	21.59	21.21	22.47	24.04	47.17	19.42	26.83	16.12	13.6	28.84	20.25	48.6	24.19	50.0	43.46	19.8	22.02	12.0	43.93	32.25	11.4	10.44	34.93	44.55	26.25	39.82	9.49	28.07	25.08	41.4	30.81	30.53	21.59	48.01	25.96	20.1	33.02	26.57	20.62	27.78	29.07	49.74	12.65	10.0	2.83	27.73	7.07	17.89	19.65	9.22	18.36	41.77	49.74	36.88	51.31	20.25	20.81	21.93	18.79	29.07	16.03	12.65	43.28	25.0	28.44	12.08	38.29	33.96	3.61	29.53	29.02	29.55	35.44	46.87	34.0	44.15	20.0	49.41	44.78	43.29	47.54	34.99	11.4	24.19	15.81	40.0	17.46	17.03	30.68	31.06	27.78	5.1	29.41	16.4	7.62	13.04	
17.26	61.07	26.48	0.0	57.31	29.83	47.38	39.82	38.0	51.35	32.02	54.71	11.4	50.09	7.28	46.04	44.1	29.73	57.43	15.65	38.01	44.05	63.78	48.05	48.05	47.68	47.1	23.77	68.01	11.4	17.12	10.44	15.3	30.68	43.05	70.43	17.72	45.18	45.89	15.0	48.37	31.06	38.12	53.41	17.0	16.12	38.9	52.55	51.09	36.01	17.12	54.08	51.48	63.6	12.65	52.2	11.18	44.05	52.39	9.22	32.76	14.04	45.1	19.1	18.0	70.04	34.48	16.76	28.86	17.03	25.08	10.44	7.0	34.18	17.2	36.06	48.01	61.29	48.04	40.8	19.24	43.17	9.49	7.62	11.66	16.64	38.05	11.66	39.12	37.0	61.29	50.99	24.04	9.0	55.33	34.93	42.15	44.0	46.87	50.6	19.72	45.1	65.12	52.39	49.65	35.9	37.85	49.98	18.79	37.05	37.2	41.15	37.58	22.0	9.22	25.0	22.09	17.89	33.96	37.05	
50.09	5.0	37.58	57.31	0.0	27.59	10.3	23.35	42.01	34.21	41.59	16.12	59.41	17.26	51.22	16.03	15.81	50.96	12.04	43.01	23.41	14.87	9.0	49.25	29.43	31.4	42.3	37.12	10.82	46.1	45.65	48.17	49.93	33.53	17.72	13.93	43.05	46.39	33.54	56.6	33.54	27.2	45.01	6.0	41.11	45.22	30.07	25.08	42.95	41.11	44.65	37.95	33.24	9.06	53.34	8.0	47.01	44.28	28.46	48.17	35.69	48.02	42.11	44.72	46.96	12.73	25.06	42.8	34.93	46.53	44.38	52.8	52.4	28.79	40.61	44.1	41.98	15.62	44.91	17.49	39.66	49.0	53.41	55.22	45.97	41.04	44.01	60.8	21.84	39.32	10.3	8.06	37.22	63.78	35.47	28.86	26.0	42.3	16.0	27.51	38.83	45.4	7.81	22.85	35.44	34.23	31.4	22.56	53.24	40.05	20.81	21.59	26.48	45.31	62.48	42.54	43.46	53.71	32.28	41.3	
26.08	31.24	14.32	29.83	27.59	0.0	18.03	16.49	29.83	30.87	25.55	28.44	32.25	22.2	24.19	19.24	14.87	29.43	29.73	16.76	11.18	15.81	34.67	37.64	25.63	26.4	32.56	14.32	38.21	18.87	21.1	20.62	23.41	16.4	14.32	40.61	18.11	37.48	29.53	30.08	28.18	3.61	32.2	23.6	13.6	18.38	21.1	30.27	35.61	27.8	18.03	34.89	30.46	33.84	27.89	22.47	20.12	35.36	28.86	20.81	20.62	22.56	31.11	21.0	23.02	40.31	7.28	15.65	13.0	22.09	21.1	25.55	24.84	11.4	13.93	30.23	36.4	32.57	38.29	11.18	14.14	34.67	26.08	28.64	18.38	13.45	31.4	33.62	14.14	23.6	31.76	21.95	12.0	36.24	34.54	15.81	21.19	33.97	20.22	29.83	13.15	36.77	35.36	29.07	33.54	21.93	17.8	24.08	27.66	27.66	7.62	14.04	16.55	23.19	35.0	19.1	21.21	27.89	14.87	25.24	
39.81	14.87	29.83	47.38	10.3	18.03	0.0	14.04	33.24	33.29	32.06	13.93	50.25	16.97	41.11	8.06	10.77	44.28	13.0	32.8	17.03	5.0	16.64	46.17	27.78	29.53	39.56	26.83	21.1	36.07	35.36	38.6	41.15	23.54	12.65	24.17	32.76	38.6	26.4	47.85	31.76	18.38	36.22	9.06	31.62	36.24	21.21	20.52	41.15	32.06	35.78	37.44	32.45	18.44	43.05	9.49	36.88	36.4	28.43	38.18	26.08	37.74	38.9	34.44	36.67	22.8	17.26	33.62	27.46	36.24	36.88	43.57	42.8	22.02	30.48	35.06	34.93	21.59	37.7	10.0	29.41	44.91	44.1	45.0	36.24	31.4	35.23	51.62	12.04	34.23	18.0	4.12	28.79	54.2	35.61	19.1	17.72	34.48	8.6	22.02	28.6	37.64	18.03	18.44	29.15	25.02	26.31	22.02	44.94	31.14	12.37	16.49	17.0	35.11	53.01	34.93	33.24	45.31	26.0	36.22	
28.43	28.28	30.81	39.82	23.35	16.49	14.04	0.0	19.24	43.19	18.25	15.0	45.61	29.07	32.76	7.62	21.1	45.89	18.44	24.19	23.43	9.06	26.42	53.0	37.54	38.9	47.2	16.4	33.53	28.64	24.76	33.24	38.21	10.82	22.2	37.11	22.8	25.08	14.14	44.55	41.01	19.31	22.2	23.09	27.29	33.14	7.28	14.0	49.68	18.03	33.06	47.42	42.52	32.14	32.53	23.35	28.65	22.85	39.41	30.87	12.37	27.66	46.04	23.35	25.5	34.54	21.1	30.15	29.41	25.46	37.48	39.05	37.0	26.42	22.85	21.02	22.2	35.51	24.7	17.8	20.59	50.54	39.29	35.61	30.36	26.48	21.21	46.84	2.83	39.36	32.02	15.3	28.28	47.93	46.23	5.83	5.0	21.02	8.06	13.34	20.12	24.17	30.36	13.15	17.8	11.0	32.45	33.29	43.05	17.12	17.03	24.76	3.16	23.02	47.17	35.51	21.4	43.1	30.41	41.15	
21.21	47.01	42.01	38.0	42.01	29.83	33.24	19.24	0.0	60.21	6.08	29.41	47.52	47.76	31.06	26.0	39.56	55.57	34.21	25.0	39.96	28.28	43.17	67.18	54.71	55.76	62.37	18.36	51.48	29.83	21.1	36.4	43.66	13.45	40.31	55.33	21.59	8.06	11.4	48.51	57.69	33.42	3.0	42.3	33.54	39.4	12.04	21.95	65.44	2.24	39.81	64.35	59.68	51.0	26.31	42.58	28.44	6.32	57.25	31.58	9.22	24.02	60.88	19.1	20.0	51.97	36.62	36.67	41.77	21.02	47.17	42.2	38.64	41.23	26.0	2.83	10.05	54.74	10.2	35.85	22.85	63.78	41.98	31.14	33.53	32.2	2.0	48.37	21.59	53.04	51.16	34.0	38.6	47.0	63.63	15.23	16.03	6.0	26.02	18.87	23.26	7.62	48.37	23.26	13.6	8.54	47.63	51.48	49.04	2.24	34.0	42.06	16.49	16.0	47.04	45.49	16.12	48.7	44.6	54.49	
55.11	33.24	25.02	51.35	34.21	30.87	33.29	43.19	60.21	0.0	56.36	47.01	46.49	17.09	49.01	40.61	22.8	28.02	44.78	44.72	20.25	36.24	42.95	16.49	5.66	4.47	9.85	44.94	39.0	44.1	50.22	41.11	37.11	47.01	21.26	38.21	47.3	67.42	57.31	41.79	3.0	27.31	62.77	28.46	36.06	35.23	49.82	53.6	9.0	58.31	34.23	4.24	1.0	32.0	55.33	26.57	46.17	65.22	6.0	45.01	51.11	50.64	10.82	50.7	52.39	42.0	23.71	35.01	23.02	51.2	27.2	41.98	44.41	19.92	41.77	60.9	65.3	23.19	67.62	25.46	43.42	18.36	42.95	54.01	41.0	37.12	61.91	47.76	40.36	15.23	28.0	36.24	28.02	53.16	4.0	45.22	48.1	63.6	41.4	54.67	42.45	66.61	38.12	51.61	60.81	51.87	14.14	11.7	36.77	57.98	26.4	18.44	44.82	53.45	51.24	26.68	51.55	37.7	18.11	16.12	
15.52	46.53	36.8	32.02	41.59	25.55	32.06	18.25	6.08	56.36	0.0	30.89	41.44	45.12	25.02	25.71	36.88	49.93	35.34	18.97	36.25	27.07	44.01	62.29	50.99	51.88	57.8	12.81	51.66	23.77	15.03	30.36	37.7	9.49	37.36	55.32	15.52	13.93	15.26	42.45	53.71	29.15	7.21	41.01	27.78	33.54	12.08	24.76	61.03	4.0	34.0	60.42	55.9	50.36	20.62	41.01	22.36	12.37	53.85	25.5	6.0	18.0	56.22	13.04	14.04	52.5	32.65	30.89	36.8	15.0	41.62	36.14	32.56	36.89	20.12	5.0	16.0	53.08	16.28	32.98	17.0	58.69	35.9	25.32	27.51	26.42	6.71	42.3	20.02	48.17	50.04	33.54	33.3	41.01	59.93	13.0	16.55	12.04	25.96	21.93	17.49	13.6	48.51	25.61	18.38	7.62	43.27	48.38	43.08	5.1	30.68	38.63	15.13	10.05	41.01	40.0	10.05	42.72	40.0	49.52	
43.14	20.62	42.05	54.71	16.12	28.44	13.93	15.0	29.41	47.01	30.89	0.0	59.81	30.23	47.71	9.22	24.7	57.0	5.0	39.12	30.59	13.0	14.04	60.08	41.59	43.38	53.49	31.4	23.09	43.42	39.7	47.54	51.66	25.46	26.57	27.17	37.8	32.06	19.1	58.24	45.62	30.07	32.28	19.8	41.11	46.57	18.87	9.22	55.04	29.15	46.32	51.11	46.14	24.7	47.42	21.26	43.57	30.15	41.88	45.65	25.81	42.64	52.81	38.21	40.31	23.02	30.07	43.68	40.0	40.36	49.09	53.14	51.48	35.23	37.59	31.95	27.02	31.62	30.02	23.54	35.51	58.69	53.49	50.61	44.78	40.5	31.32	61.1	15.65	47.85	26.42	10.82	40.31	62.61	49.09	20.52	14.42	28.16	8.25	12.04	34.99	31.06	20.22	7.07	20.1	23.32	40.02	35.51	56.09	27.86	25.08	30.36	17.69	37.54	61.74	47.1	36.07	56.29	39.32	49.82	
27.86	62.48	23.6	11.4	59.41	32.25	50.25	45.61	47.52	46.49	41.44	59.81	0.0	49.04	16.76	50.7	44.6	21.02	61.74	23.0	37.48	47.85	66.89	40.01	44.28	43.46	40.45	31.06	69.66	18.0	26.48	12.37	10.0	38.12	43.14	71.51	26.08	55.11	54.04	5.0	43.66	32.2	48.05	54.67	18.79	14.21	46.27	59.23	44.41	45.4	14.87	48.51	46.82	64.38	23.71	53.15	19.1	53.76	48.75	16.03	41.0	23.77	38.47	28.44	27.89	72.01	34.71	16.64	26.4	26.68	19.31	6.71	9.0	32.65	23.19	45.89	57.31	60.44	57.71	42.01	26.08	35.01	6.32	18.87	15.3	19.31	47.85	1.41	44.27	31.32	61.52	54.2	22.63	7.0	50.29	41.59	48.84	53.46	51.62	57.71	26.17	54.92	67.01	58.69	58.01	44.01	34.48	47.71	10.05	46.27	38.6	40.36	43.93	31.78	5.0	20.12	31.4	9.06	31.06	30.81	
48.26	17.12	25.5	50.09	17.26	22.2	16.97	29.07	47.76	17.09	45.12	30.23	49.04	0.0	45.54	24.84	8.25	36.24	27.73	38.83	12.08	20.81	26.17	32.06	12.17	14.14	25.08	36.0	23.77	40.16	43.29	39.82	39.05	35.69	8.0	24.17	40.31	54.13	42.72	45.28	16.28	19.65	50.6	11.4	33.11	35.23	36.25	37.48	25.71	46.17	34.41	21.02	16.16	17.09	50.01	9.49	41.76	51.89	11.66	41.79	39.29	44.72	25.0	43.1	45.18	26.68	15.81	33.62	22.67	44.28	31.24	43.01	43.91	16.4	35.9	49.04	51.11	11.4	53.71	12.17	36.35	32.14	43.83	50.29	38.48	33.62	49.65	50.45	26.4	23.41	13.42	19.42	26.63	54.64	18.87	32.57	33.62	50.09	25.5	38.95	35.36	53.23	22.2	35.38	45.8	39.22	16.12	5.39	41.04	45.54	15.0	8.94	31.38	45.0	53.01	29.73	43.0	41.73	18.44	25.3	
11.18	55.22	24.08	7.28	51.22	24.19	41.11	32.76	31.06	49.01	25.02	47.71	16.76	45.54	0.0	39.2	38.91	31.06	50.61	8.6	33.53	37.48	57.28	48.1	45.1	45.01	46.1	16.55	62.01	5.39	10.0	8.94	16.4	23.41	38.08	64.64	10.44	38.47	38.64	18.87	46.01	26.0	31.4	47.71	13.04	14.87	31.62	45.31	50.01	29.02	15.81	52.15	49.0	57.98	7.81	46.65	4.24	37.22	49.25	4.0	25.5	7.07	44.15	12.0	11.18	63.89	29.73	14.14	26.0	10.05	24.7	12.81	8.6	30.41	10.63	29.27	41.01	56.46	41.19	35.36	12.21	43.46	12.21	5.0	8.06	12.17	31.26	17.46	32.2	35.69	55.95	44.55	21.0	16.12	53.01	27.73	34.93	37.05	40.0	43.32	12.81	38.33	59.03	45.19	42.43	28.64	35.01	46.1	21.21	30.0	31.76	36.69	30.41	15.13	16.0	24.04	15.0	20.52	31.02	36.14	
35.81	21.02	33.0	46.04	16.03	19.24	8.06	7.62	26.0	40.61	25.71	9.22	50.7	24.84	39.2	0.0	17.8	48.04	11.4	30.61	22.47	4.47	18.87	52.39	35.0	36.62	46.07	23.35	25.96	34.67	31.89	38.48	42.45	18.36	19.42	29.61	29.7	30.81	18.38	49.04	38.83	21.0	29.0	16.76	31.95	37.36	14.04	13.04	48.02	25.08	37.11	44.82	39.82	25.0	39.7	17.46	35.0	28.64	36.07	36.89	19.92	34.66	45.19	30.61	32.8	26.93	21.38	34.48	31.06	32.65	40.01	44.01	42.49	26.68	28.84	28.07	26.93	29.41	29.73	15.65	27.02	50.6	44.38	42.45	35.78	31.38	28.0	52.0	7.07	39.56	25.32	8.0	31.14	53.71	43.19	13.42	10.05	26.68	1.0	14.14	26.4	29.83	22.8	11.18	21.1	18.25	31.95	29.7	46.87	24.02	16.49	22.83	10.77	30.53	52.77	38.01	28.84	47.07	30.81	41.48	
40.61	18.03	21.95	44.1	15.81	14.87	10.77	21.1	39.56	22.8	36.88	24.7	44.6	8.25	38.91	17.8	0.0	35.17	23.35	31.62	7.62	13.45	24.52	35.44	17.2	18.87	28.79	28.07	25.24	33.54	35.69	34.21	34.83	27.46	2.0	26.91	32.76	46.07	35.0	41.4	21.1	13.04	42.38	10.3	27.2	30.41	28.18	30.81	30.41	37.95	29.73	27.02	22.02	19.8	42.72	8.6	34.93	43.83	18.44	35.36	31.05	37.36	28.16	35.36	37.48	27.78	9.9	28.32	19.24	36.67	28.64	38.18	38.42	13.0	28.79	40.8	43.27	17.72	45.79	4.0	28.86	34.37	38.9	43.46	32.45	27.46	41.44	46.01	18.36	24.0	17.2	14.32	22.02	49.58	25.46	24.35	25.81	42.06	18.6	31.89	27.89	45.18	22.83	28.84	38.29	31.02	16.0	12.21	37.74	37.34	7.28	6.0	23.26	37.05	48.1	26.83	35.06	38.28	16.49	26.0	
41.11	52.55	15.13	29.73	50.96	29.43	44.28	45.89	55.57	28.02	49.93	57.0	21.02	36.24	31.06	48.04	35.17	0.0	57.22	31.89	27.66	44.0	59.67	19.0	27.59	26.17	20.25	37.22	59.62	28.32	37.48	22.2	14.76	42.95	33.24	60.37	35.47	63.63	58.19	16.03	25.61	27.07	57.14	45.22	22.2	16.97	49.65	59.68	24.04	53.34	16.28	29.07	28.6	53.23	38.83	43.32	30.48	61.77	31.83	27.8	46.96	36.12	18.38	38.95	39.6	62.39	27.07	19.21	17.0	38.18	8.54	19.31	23.26	22.36	30.0	54.92	63.98	46.87	65.3	34.37	33.02	14.0	20.25	35.36	24.08	23.6	56.6	22.0	43.57	13.45	49.65	48.37	17.72	28.02	31.38	44.27	50.45	60.83	49.04	59.23	32.45	63.13	57.58	58.42	62.3	49.24	20.12	33.02	11.18	53.71	32.06	29.41	45.61	42.52	26.02	10.44	41.23	12.17	18.68	12.04	
46.86	16.12	42.58	57.43	12.04	29.73	13.0	18.44	34.21	44.78	35.34	5.0	61.74	27.73	50.61	11.4	23.35	57.22	0.0	42.01	30.02	13.93	9.06	58.69	39.56	41.44	51.92	34.66	18.11	46.04	43.14	49.65	53.14	29.21	25.32	22.2	41.04	37.05	24.08	59.81	43.66	30.81	37.11	16.64	42.95	48.1	23.26	14.14	53.14	33.84	47.76	48.75	43.86	20.12	50.93	18.36	46.4	35.13	39.36	48.26	30.02	45.97	51.42	41.77	43.93	18.03	30.15	45.31	40.31	43.86	49.65	55.04	53.71	35.01	40.22	36.69	32.02	27.66	35.01	23.0	38.42	57.71	55.46	53.81	47.01	42.49	36.14	63.07	18.44	47.17	22.2	9.06	41.23	65.0	46.53	24.21	18.79	33.14	10.63	17.03	37.8	36.06	15.3	12.04	25.08	27.73	39.2	33.11	57.28	32.57	25.18	29.27	21.4	41.4	64.01	47.68	39.82	57.57	39.0	49.16	
10.44	47.17	21.02	15.65	43.01	16.76	32.8	24.19	25.0	44.72	18.97	39.12	23.0	38.83	8.6	30.61	31.62	31.89	42.01	0.0	27.17	29.0	48.8	46.65	40.2	40.45	43.46	8.25	53.82	5.0	5.83	11.4	18.79	15.3	31.05	56.6	3.61	32.89	31.06	23.54	41.77	19.24	26.0	39.82	10.0	15.0	23.54	37.0	47.17	22.8	15.62	48.27	44.55	50.12	11.18	38.91	4.47	31.32	44.05	7.07	18.0	6.0	41.63	7.07	8.06	55.61	23.19	12.73	22.14	6.71	24.08	17.26	14.0	25.08	3.0	23.77	34.53	49.34	35.17	27.86	3.61	42.44	17.12	12.21	8.54	8.6	25.63	24.02	23.6	33.11	48.33	36.12	17.46	24.04	48.66	19.31	26.57	30.81	31.4	35.17	4.24	32.57	50.8	36.77	35.01	21.02	30.59	40.11	24.17	23.54	24.35	30.27	21.93	10.63	23.54	22.8	9.43	23.77	26.68	34.0	
37.0	25.55	14.42	38.01	23.41	11.18	17.03	23.43	39.96	20.25	36.25	30.59	37.48	12.08	33.53	22.47	7.62	27.66	30.02	27.17	0.0	18.03	32.02	29.97	14.76	15.81	23.85	25.5	32.76	28.16	32.0	27.78	27.59	26.83	5.83	34.21	29.0	47.2	37.54	34.06	17.8	8.0	42.54	17.89	21.02	23.43	29.73	35.34	26.25	38.08	22.67	24.41	19.72	27.02	38.33	16.12	29.83	45.0	17.72	29.73	30.89	33.14	22.83	32.06	34.01	35.36	4.0	21.63	11.66	33.0	21.02	31.24	31.91	5.39	24.19	40.71	45.28	23.32	47.51	7.07	25.0	28.16	32.02	38.33	26.4	21.54	41.68	38.9	20.62	17.26	24.04	21.0	14.87	42.8	23.71	25.0	28.43	43.42	23.41	35.85	24.0	46.4	30.41	33.62	41.23	31.62	9.49	13.0	30.23	37.74	6.4	3.16	24.76	34.37	41.23	19.24	32.39	30.81	9.06	19.24	
35.36	19.65	29.07	44.05	14.87	15.81	5.0	9.06	28.28	36.24	27.07	13.0	47.85	20.81	37.48	4.47	13.45	44.0	13.93	29.0	18.03	0.0	19.8	47.93	30.61	32.2	41.59	22.47	25.5	32.65	31.06	35.85	39.22	18.68	15.0	28.79	28.6	33.84	21.95	45.88	34.41	17.12	31.26	14.04	29.07	34.18	16.28	17.49	43.57	27.07	33.84	40.46	35.47	23.35	38.83	14.32	33.24	31.62	31.83	34.83	21.1	33.6	40.72	30.02	32.25	26.93	17.12	31.38	27.0	31.91	36.12	41.15	39.96	22.36	26.91	30.07	30.41	26.48	33.11	11.18	25.5	46.17	41.59	41.11	33.29	28.65	30.27	49.19	7.07	35.17	23.0	7.21	27.46	51.31	38.9	14.14	13.0	29.73	5.39	18.44	24.76	32.89	22.36	15.65	25.0	20.02	27.51	25.5	43.42	26.17	12.17	18.36	12.0	30.46	50.25	34.13	28.64	43.68	26.48	37.11	
54.64	10.3	45.88	63.78	9.0	34.67	16.64	26.42	43.17	42.95	44.01	14.04	66.89	26.17	57.28	18.87	24.52	59.67	9.06	48.8	32.02	19.8	0.0	58.22	38.33	40.31	51.24	42.01	9.49	52.4	50.61	55.22	57.71	37.22	26.48	13.6	48.27	46.1	33.14	64.41	42.43	34.89	46.1	15.0	48.26	52.84	31.95	23.02	51.79	42.72	52.35	46.57	41.98	13.45	58.41	17.0	53.04	44.18	37.11	54.56	38.48	53.26	51.09	49.41	51.61	9.0	33.24	50.25	43.32	51.4	52.81	60.21	59.41	37.36	46.69	45.61	41.0	22.47	44.0	25.63	45.28	58.0	60.75	60.88	52.8	48.01	45.12	68.26	25.81	48.26	16.64	12.81	45.19	70.8	43.97	32.25	27.51	42.19	18.36	26.0	44.55	45.1	7.21	21.0	34.01	36.4	40.31	31.4	61.33	41.48	28.64	30.41	29.53	49.4	69.63	50.92	47.71	61.74	41.0	50.25	
56.82	49.0	25.81	48.05	49.25	37.64	46.17	53.0	67.18	16.49	62.29	60.08	40.01	32.06	48.1	52.39	35.44	19.0	58.69	46.65	29.97	47.93	58.22	0.0	20.0	18.0	7.0	49.68	55.15	44.28	52.48	39.22	32.76	53.76	33.53	54.59	49.93	75.01	66.85	35.01	16.03	34.21	69.31	43.29	36.72	33.24	58.6	65.31	8.06	65.05	32.31	14.76	17.46	48.17	55.54	41.3	46.52	72.92	22.36	44.38	58.0	51.88	7.28	53.54	54.71	58.14	31.91	34.44	25.5	53.34	23.41	37.66	41.23	26.63	44.1	67.21	74.03	39.62	75.93	36.77	46.62	5.0	38.64	52.81	40.31	38.08	68.59	41.0	50.25	14.14	44.18	49.73	29.41	47.01	17.89	53.41	57.98	71.59	53.31	65.76	45.8	74.33	54.01	63.56	70.72	59.55	20.59	27.0	30.07	65.07	36.24	29.73	53.82	56.86	45.01	24.17	55.22	31.06	22.8	12.81	
50.49	29.0	21.59	48.05	29.43	25.63	27.78	37.54	54.71	5.66	50.99	41.59	44.28	12.17	45.1	35.0	17.2	27.59	39.56	40.2	14.76	30.61	38.33	20.0	0.0	2.0	13.0	39.85	35.23	40.01	45.54	37.66	34.54	41.59	15.62	34.93	42.58	61.85	51.66	39.82	4.12	22.14	57.31	23.54	32.06	32.02	44.2	48.01	13.6	52.84	31.05	9.9	5.0	28.28	51.04	21.59	42.0	59.64	4.47	41.11	45.65	46.17	13.15	45.89	47.68	38.21	18.38	31.4	19.24	46.53	25.06	39.22	41.23	15.13	37.22	55.47	59.67	20.25	62.01	19.8	38.64	20.62	40.16	50.09	37.22	33.02	56.44	45.62	34.71	14.14	24.33	30.87	24.19	50.7	8.94	39.66	42.45	58.01	35.81	49.04	37.66	61.03	34.01	46.04	55.15	46.32	10.2	7.0	34.99	52.48	20.81	12.81	39.2	48.51	48.85	24.17	46.57	35.85	14.14	15.62	
50.8	31.0	21.21	47.68	31.4	26.4	29.53	38.9	55.76	4.47	51.88	43.38	43.46	14.14	45.01	36.62	18.87	26.17	41.44	40.45	15.81	32.2	40.31	18.0	2.0	0.0	11.0	40.5	37.22	40.01	45.89	37.34	33.84	42.54	17.2	36.88	42.95	63.01	53.04	38.91	2.24	22.85	58.31	25.5	32.0	31.58	45.45	49.65	11.7	53.85	30.59	8.6	4.12	30.27	51.16	23.54	42.05	60.8	5.66	41.01	46.65	46.39	11.18	46.32	48.05	40.2	19.24	31.14	19.03	46.87	24.17	38.6	40.79	15.52	37.48	56.44	60.96	22.14	63.25	21.26	39.05	18.68	39.56	50.01	37.05	33.02	57.45	44.78	36.07	12.81	26.31	32.7	24.02	49.98	8.25	40.8	43.84	59.2	37.44	50.61	38.08	62.2	36.01	47.71	56.59	47.43	10.0	9.0	34.0	53.54	22.02	14.14	40.46	49.04	48.1	23.41	47.13	34.89	14.0	14.14	
53.85	42.0	22.47	47.1	42.3	32.56	39.56	47.2	62.37	9.85	57.8	53.49	40.45	25.08	46.1	46.07	28.79	20.25	51.92	43.46	23.85	41.59	51.24	7.0	13.0	11.0	0.0	45.49	48.17	41.76	49.24	37.48	32.0	48.92	26.93	47.68	46.52	70.04	61.22	35.51	9.06	29.0	64.66	36.35	33.84	31.4	53.15	59.06	4.0	60.31	30.41	9.22	10.77	41.19	53.16	34.37	43.97	67.9	15.52	42.2	53.15	49.04	2.0	50.09	51.48	51.16	26.25	32.02	21.47	50.16	22.02	37.0	40.11	21.21	40.72	62.63	68.68	32.76	70.72	30.41	42.94	8.6	38.0	50.99	38.08	35.11	63.89	41.59	44.41	10.44	37.22	43.01	26.0	47.38	12.04	48.1	52.2	66.47	46.96	59.68	42.06	69.31	47.01	57.25	65.0	54.45	14.87	20.0	30.41	60.21	30.23	23.26	48.27	53.24	45.4	22.2	51.48	31.4	17.8	10.05	
13.0	41.63	24.04	23.77	37.12	14.32	26.83	16.4	18.36	44.94	12.81	31.4	31.06	36.0	16.55	23.35	28.07	37.22	34.66	8.25	25.5	22.47	42.01	49.68	39.85	40.5	45.49	0.0	47.89	13.15	8.6	19.03	25.71	7.07	28.0	50.99	6.4	26.42	23.0	31.14	42.15	17.72	20.0	34.79	15.23	21.19	15.3	28.79	48.88	16.12	21.54	48.85	44.6	44.94	16.4	34.21	12.65	24.6	43.17	15.3	10.2	11.31	43.83	7.62	9.85	49.4	21.59	18.38	24.21	9.43	28.84	25.02	22.09	25.08	8.06	17.8	27.2	45.54	28.23	24.08	5.0	45.97	25.0	19.21	16.03	13.93	19.42	32.14	16.28	35.61	43.68	29.68	20.52	32.28	48.7	11.18	18.38	23.77	24.04	26.93	5.1	25.94	44.78	28.64	27.02	13.04	31.3	38.33	31.05	16.55	21.0	28.28	13.89	9.0	31.78	27.2	7.0	30.81	27.78	36.88	
60.83	7.21	47.17	68.01	10.82	38.21	21.1	33.53	51.48	39.0	51.66	23.09	69.66	23.77	62.01	25.96	25.24	59.62	18.11	53.82	32.76	25.5	9.49	55.15	35.23	37.22	48.17	47.89	0.0	56.85	56.44	58.69	60.0	44.01	26.93	4.12	53.85	55.0	42.0	66.61	39.12	37.54	54.45	15.0	51.62	55.44	39.81	32.25	48.0	50.8	54.82	42.11	38.0	7.0	64.14	16.64	57.8	53.01	33.0	58.9	45.88	58.83	48.37	55.47	57.71	3.0	35.0	53.15	44.42	57.31	53.71	63.13	62.94	38.08	51.4	53.76	50.09	16.28	53.08	27.66	50.48	55.73	63.78	66.03	56.59	51.62	53.46	71.06	32.31	47.13	11.0	18.38	47.2	74.28	39.2	39.22	35.51	51.01	25.71	35.13	49.65	54.0	3.16	30.15	43.19	44.15	39.56	28.28	62.97	49.65	31.14	30.41	36.69	55.95	72.92	51.97	54.13	63.51	41.15	49.04	
12.81	50.0	19.42	11.4	46.1	18.87	36.07	28.64	29.83	44.1	23.77	43.42	18.0	40.16	5.39	34.67	33.54	28.32	46.04	5.0	28.16	32.65	52.4	44.28	40.01	40.01	41.76	13.15	56.85	0.0	9.43	6.71	14.42	20.22	32.7	59.41	8.25	37.64	36.06	18.68	41.11	20.62	30.68	42.44	8.06	11.4	28.44	41.76	45.61	27.66	12.21	47.38	44.05	52.7	11.4	41.34	2.24	36.14	44.1	2.24	23.0	7.81	39.85	11.18	11.4	58.8	24.35	9.85	21.1	10.0	21.1	12.37	9.0	25.18	5.83	28.46	39.46	51.08	40.02	30.02	8.25	39.82	12.17	10.2	4.24	7.0	30.36	19.03	27.78	31.32	50.61	39.62	16.12	19.31	48.09	24.04	31.32	35.69	35.51	40.02	8.54	37.36	53.91	41.44	40.01	26.02	30.02	40.79	19.72	28.44	26.42	31.32	26.57	14.76	18.68	20.12	13.93	19.24	26.02	31.95	
5.0	50.09	26.83	17.12	45.65	21.1	35.36	24.76	21.1	50.22	15.03	39.7	26.48	43.29	10.0	31.89	35.69	37.48	43.14	5.83	32.0	31.06	50.61	52.48	45.54	45.89	49.24	8.6	56.44	9.43	0.0	16.12	23.85	14.42	35.36	59.48	3.0	28.64	28.86	27.86	47.3	24.0	21.59	43.08	15.81	20.52	22.36	36.24	52.92	19.03	21.21	53.85	50.01	53.31	7.81	42.38	7.62	27.29	49.25	10.77	15.81	3.16	47.42	2.0	2.24	57.98	28.0	18.44	27.86	1.0	29.83	21.54	17.72	30.41	8.54	19.42	31.02	53.37	31.26	31.78	7.0	48.26	21.19	11.18	13.6	14.42	21.38	27.29	24.84	38.91	51.87	38.28	23.26	26.08	54.13	19.21	26.08	27.07	32.56	34.01	8.0	28.44	53.34	36.36	32.56	18.97	36.14	45.0	29.15	20.0	28.44	35.01	22.02	5.39	26.0	28.6	5.0	28.65	32.28	39.82	
19.1	51.62	16.12	10.44	48.17	20.62	38.6	33.24	36.4	41.11	30.36	47.54	12.37	39.82	8.94	38.48	34.21	22.2	49.65	11.4	27.78	35.85	55.22	39.22	37.66	37.34	37.48	19.03	58.69	6.71	16.12	0.0	7.81	26.0	33.02	60.88	14.87	44.27	42.01	12.17	38.12	21.26	37.34	43.86	7.07	6.08	34.06	46.87	41.44	34.21	7.07	44.0	41.19	53.91	16.64	42.52	8.6	42.72	41.98	5.66	29.15	14.21	35.51	17.89	18.03	60.88	24.41	6.32	18.44	16.64	15.81	6.0	4.24	23.77	11.0	35.11	45.89	51.11	46.57	31.14	14.04	34.54	6.08	13.6	3.0	7.21	37.0	13.6	31.95	27.17	51.4	42.44	13.6	15.62	45.1	29.27	36.5	42.2	39.4	45.4	14.0	43.97	55.9	46.32	46.04	32.06	27.46	39.56	13.04	34.93	27.59	30.89	31.58	21.47	14.42	15.3	20.62	12.53	23.54	27.46	
26.91	52.8	13.6	15.3	49.93	23.41	41.15	38.21	43.66	37.11	37.7	51.66	10.0	39.05	16.4	42.45	34.83	14.76	53.14	18.79	27.59	39.22	57.71	32.76	34.54	33.84	32.0	25.71	60.0	14.42	23.85	7.81	0.0	32.39	33.3	61.72	22.36	51.62	48.37	6.71	34.21	22.83	44.78	45.0	11.0	5.1	40.11	52.15	36.0	41.44	5.39	39.46	37.36	54.56	24.21	43.42	16.4	49.98	39.0	13.45	35.9	22.02	30.0	25.55	25.81	62.43	25.0	8.06	16.4	24.41	10.05	5.0	8.54	22.67	17.72	42.54	52.89	50.45	53.76	32.45	20.88	27.89	6.0	20.59	10.3	12.04	44.38	11.4	36.5	22.2	51.62	45.19	12.81	16.16	41.0	35.01	42.01	49.34	43.42	51.01	20.62	51.26	57.43	51.35	52.47	38.64	24.6	37.74	5.39	42.06	29.15	30.41	37.01	29.15	14.32	10.44	28.18	5.1	21.1	22.02	
17.69	38.33	28.84	30.68	33.53	16.4	23.54	10.82	13.45	47.01	9.49	25.46	38.12	35.69	23.41	18.36	27.46	42.95	29.21	15.3	26.83	18.68	37.22	53.76	41.59	42.54	48.92	7.07	44.01	20.22	14.42	26.0	32.39	0.0	27.89	47.43	13.0	21.26	16.03	38.05	44.42	20.0	15.81	32.25	21.59	27.66	8.25	21.93	52.01	11.4	27.89	51.11	46.53	41.98	22.02	32.06	19.65	19.21	44.38	22.36	4.24	17.49	47.42	12.81	14.87	45.19	23.32	24.74	28.43	15.0	34.44	32.0	29.15	27.8	15.0	13.89	21.02	44.0	22.47	23.54	12.04	50.45	32.02	25.55	23.0	20.4	15.0	39.2	11.7	39.62	41.3	25.63	25.55	39.29	50.54	5.0	11.66	18.03	18.87	19.92	12.0	20.62	40.85	21.95	20.1	6.32	34.21	38.9	37.66	11.31	21.19	29.15	7.81	12.21	38.83	32.65	10.63	37.48	31.14	41.11	
40.31	19.72	20.25	43.05	17.72	14.32	12.65	22.2	40.31	21.26	37.36	26.57	43.14	8.0	38.08	19.42	2.0	33.24	25.32	31.05	5.83	15.0	26.48	33.53	15.62	17.2	26.93	28.0	26.93	32.7	35.36	33.02	33.3	27.89	0.0	28.43	32.39	47.01	36.24	39.82	19.42	12.08	43.08	12.08	26.08	29.0	29.15	32.45	28.65	38.63	28.28	25.5	20.52	21.26	42.2	10.3	34.18	44.78	17.2	34.44	31.62	36.88	26.25	35.13	37.22	29.53	8.6	27.02	17.49	36.35	26.83	36.8	37.2	11.18	28.16	41.44	44.41	18.38	46.87	4.47	28.44	32.39	37.54	42.72	31.38	26.42	42.15	44.55	19.42	22.0	18.44	16.28	20.52	48.27	24.08	25.08	27.02	43.05	20.25	33.42	27.46	46.14	24.6	30.53	39.62	31.78	14.0	11.18	36.06	38.08	7.0	4.0	24.19	37.0	46.75	25.06	35.0	36.62	14.56	24.0	
63.98	9.43	48.6	70.43	13.93	40.61	24.17	37.11	55.33	38.21	55.32	27.17	71.51	24.17	64.64	29.61	26.91	60.37	22.2	56.6	34.21	28.79	13.6	54.59	34.93	36.88	47.68	50.99	4.12	59.41	59.48	60.88	61.72	47.43	28.43	0.0	56.82	59.01	46.01	68.25	38.64	39.62	58.31	17.03	53.81	57.31	43.57	36.35	47.17	54.59	56.64	41.01	37.22	7.21	67.12	18.38	60.46	57.0	32.25	61.4	49.48	61.77	48.05	58.6	60.84	5.66	36.8	55.15	45.8	60.37	54.92	65.07	65.12	39.41	54.08	57.56	54.15	15.03	57.14	29.73	53.34	55.54	65.76	68.8	58.9	53.91	57.31	72.92	35.74	47.54	10.77	21.84	48.92	76.38	38.0	42.72	39.32	55.0	29.43	39.2	52.48	58.01	7.0	34.23	47.27	47.85	40.25	28.16	64.4	53.46	33.3	31.62	40.26	59.24	74.95	53.25	57.38	65.0	42.19	49.4	
8.0	47.41	24.19	17.72	43.05	18.11	32.76	22.8	21.59	47.3	15.52	37.8	26.08	40.31	10.44	29.7	32.76	35.47	41.04	3.61	29.0	28.6	48.27	49.93	42.58	42.95	46.52	6.4	53.85	8.25	3.0	14.87	22.36	13.0	32.39	56.82	0.0	29.41	28.28	26.93	44.38	21.0	22.47	40.31	13.45	18.6	21.19	34.93	50.16	19.42	19.21	50.96	47.07	50.57	10.3	39.56	7.0	27.89	46.27	10.05	15.13	5.0	44.72	3.61	5.1	55.47	25.0	16.28	25.08	4.0	27.59	20.62	17.12	27.46	5.83	20.25	31.26	50.45	31.78	28.86	4.0	45.8	20.4	12.81	12.08	12.04	22.14	27.02	22.63	36.24	49.04	35.81	20.59	26.48	51.2	17.49	24.6	27.46	30.41	32.89	5.0	29.12	50.77	34.89	32.14	18.25	33.24	42.0	27.73	20.22	25.5	32.02	20.25	7.07	26.17	26.25	5.83	27.31	29.41	37.22	
28.02	51.35	50.0	45.18	46.39	37.48	38.6	25.08	8.06	67.42	13.93	32.06	55.11	54.13	38.47	30.81	46.07	63.63	37.05	32.89	47.2	33.84	46.1	75.01	61.85	63.01	70.04	26.42	55.0	37.64	28.64	44.27	51.62	21.26	47.01	59.01	29.41	0.0	13.0	56.32	65.0	41.04	7.07	47.54	41.59	47.42	17.89	23.35	73.0	10.3	47.85	71.61	66.85	55.44	33.0	48.08	36.14	2.24	64.14	39.29	17.03	31.4	68.59	26.68	27.29	55.08	44.05	44.72	49.68	28.44	55.23	50.0	46.32	48.84	34.01	9.22	5.83	60.17	3.61	42.54	30.87	71.7	49.73	38.01	41.44	40.25	7.28	55.9	27.73	60.88	56.09	38.64	46.62	54.15	70.72	22.2	20.88	4.12	30.59	20.22	31.3	1.0	52.01	25.18	12.65	15.62	55.23	58.18	57.01	10.0	41.05	49.09	22.83	23.35	54.33	53.54	23.77	56.65	52.33	62.37	
30.46	38.47	43.46	45.89	33.54	29.53	26.4	14.14	11.4	57.31	15.26	19.1	54.04	42.72	38.64	18.38	35.0	58.19	24.08	31.06	37.54	21.95	33.14	66.85	51.66	53.04	61.22	23.0	42.0	36.06	28.86	42.01	48.37	16.03	36.24	46.01	28.28	13.0	0.0	54.08	55.15	32.76	13.89	35.11	37.48	43.57	8.54	10.77	63.78	12.04	43.74	61.55	56.64	42.58	35.47	35.85	35.23	11.05	53.41	38.12	13.15	32.02	60.0	26.93	28.46	42.11	35.0	40.61	42.49	29.12	49.65	48.01	45.04	40.22	31.02	14.21	8.54	47.76	11.4	31.89	28.0	64.14	48.0	39.85	39.01	36.35	13.04	55.08	16.97	53.0	43.42	25.96	40.5	54.74	60.31	13.93	9.22	9.06	18.03	7.62	28.02	12.0	39.01	12.37	4.12	10.05	46.4	47.2	53.6	10.63	31.14	38.9	13.04	24.7	54.45	47.76	24.04	53.46	44.1	54.71	
30.02	59.41	19.8	15.0	56.6	30.08	47.85	44.55	48.51	41.79	42.45	58.24	5.0	45.28	18.87	49.04	41.4	16.03	59.81	23.54	34.06	45.88	64.41	35.01	39.82	38.91	35.51	31.14	66.61	18.68	27.86	12.17	6.71	38.05	39.82	68.25	26.93	56.32	54.08	0.0	39.0	29.53	49.34	51.61	17.26	11.7	46.0	58.42	39.46	46.32	12.08	43.68	42.15	61.07	26.4	50.0	20.25	54.82	44.29	17.09	41.3	25.5	33.54	29.73	29.55	69.07	31.62	14.56	22.63	28.23	14.76	6.32	10.3	29.0	23.09	47.13	58.05	56.64	58.69	39.12	26.17	30.02	6.71	21.93	15.13	18.11	49.04	6.08	42.95	26.57	58.05	51.89	19.42	12.0	45.54	41.05	48.17	54.34	50.0	57.14	26.08	56.04	64.07	57.71	58.14	44.18	30.23	43.6	5.1	47.07	35.85	36.8	43.19	33.24	10.0	15.81	32.57	4.12	27.02	25.96	
52.17	33.02	22.02	48.37	33.54	28.18	31.76	41.01	57.69	3.0	53.71	45.62	43.66	16.28	46.01	38.83	21.1	25.61	43.66	41.77	17.8	34.41	42.43	16.03	4.12	2.24	9.06	42.15	39.12	41.11	47.3	38.12	34.21	44.42	19.42	38.64	44.38	65.0	55.15	39.0	0.0	24.6	60.21	27.66	33.06	32.25	47.51	51.87	9.49	55.76	31.26	6.71	3.16	32.14	52.35	25.71	43.19	62.8	6.71	42.01	48.55	47.68	9.49	47.8	49.48	42.11	21.1	32.02	20.02	48.27	24.35	39.05	41.44	17.09	38.83	58.31	63.03	23.77	65.3	23.43	40.52	17.09	40.02	51.01	38.0	34.13	59.36	44.94	38.18	12.53	28.16	34.93	25.02	50.29	7.0	42.8	45.97	61.22	39.66	52.8	39.56	64.2	38.0	49.93	58.73	49.41	11.18	11.05	34.01	55.47	24.08	16.28	42.52	50.6	48.38	23.77	48.7	34.93	15.13	13.6	
29.0	30.41	12.0	31.06	27.2	3.61	18.38	19.31	33.42	27.31	29.15	30.07	32.2	19.65	26.0	21.0	13.04	27.07	30.81	19.24	8.0	17.12	34.89	34.21	22.14	22.85	29.0	17.72	37.54	20.62	24.0	21.26	22.83	20.0	12.08	39.62	21.0	41.04	32.76	29.53	24.6	0.0	35.81	22.63	14.21	18.03	24.41	32.76	32.02	31.4	17.49	31.3	26.93	32.65	30.41	21.26	22.14	38.9	25.5	22.36	24.21	25.18	27.59	24.08	26.02	39.82	4.0	15.62	10.2	25.0	19.03	25.61	25.5	7.81	16.28	33.84	39.82	30.46	41.77	9.9	17.0	31.38	26.25	30.68	19.42	14.42	35.0	33.6	16.76	20.25	30.23	22.47	10.44	36.77	31.02	19.21	24.17	37.48	22.0	32.57	16.0	40.31	34.83	31.4	36.72	25.46	14.21	21.0	26.57	31.24	6.4	11.05	19.72	26.48	35.38	17.03	24.52	26.93	11.4	21.95	
21.0	50.01	43.93	38.12	45.01	32.2	36.22	22.2	3.0	62.77	7.21	32.28	48.05	50.6	31.4	29.0	42.38	57.14	37.11	26.0	42.54	31.26	46.1	69.31	57.31	58.31	64.66	20.0	54.45	30.68	21.59	37.34	44.78	15.81	43.08	58.31	22.47	7.07	13.89	49.34	60.21	35.81	0.0	45.28	34.99	40.71	15.03	24.6	67.8	4.47	41.18	66.89	62.27	54.0	26.02	45.54	29.12	6.08	59.93	32.28	11.66	24.33	63.13	19.65	20.22	54.92	39.12	38.08	43.84	21.38	48.83	43.01	39.29	43.6	27.29	2.24	10.77	57.71	10.05	38.63	24.19	65.8	42.72	31.0	34.54	33.62	1.0	48.84	24.52	55.17	54.15	37.0	40.46	47.1	66.24	18.03	19.03	6.71	29.02	21.47	24.7	7.0	51.35	26.0	15.56	11.4	50.0	54.23	50.16	5.1	36.67	44.72	19.42	16.28	47.27	47.2	16.76	49.77	46.86	56.57	
47.76	7.81	32.25	53.41	6.0	23.6	9.06	23.09	42.3	28.46	41.01	19.8	54.67	11.4	47.71	16.76	10.3	45.22	16.64	39.82	17.89	14.04	15.0	43.29	23.54	25.5	36.35	34.79	15.0	42.44	43.08	43.86	45.0	32.25	12.08	17.03	40.31	47.54	35.11	51.61	27.66	22.63	45.28	0.0	36.8	40.46	30.27	28.02	37.11	41.11	39.82	32.31	27.51	10.3	50.57	2.0	43.57	45.35	22.85	44.41	35.01	45.19	36.12	42.38	44.6	17.49	20.0	38.21	29.53	44.01	38.91	48.17	48.1	23.26	37.22	44.1	43.66	12.65	46.49	12.73	36.67	43.0	48.84	51.97	41.87	36.88	44.28	56.08	21.0	33.38	9.06	9.43	32.2	59.4	29.97	28.02	26.68	43.42	17.09	30.02	35.78	46.57	12.53	25.81	37.58	34.06	25.5	16.76	48.02	40.2	16.28	15.81	26.02	43.42	58.0	37.12	41.48	48.55	26.57	35.36	
20.12	44.55	11.4	17.0	41.11	13.6	31.62	27.29	33.54	36.06	27.78	41.11	18.79	33.11	13.04	31.95	27.2	22.2	42.95	10.0	21.02	29.07	48.26	36.72	32.06	32.0	33.84	15.23	51.62	8.06	15.81	7.07	11.0	21.59	26.08	53.81	13.45	41.59	37.48	17.26	33.06	14.21	34.99	36.8	0.0	6.08	29.15	41.19	37.64	31.3	6.32	39.32	36.01	46.86	19.42	35.47	10.2	39.81	36.22	9.06	25.3	15.23	31.95	17.03	18.03	53.81	17.49	3.16	13.04	16.64	14.14	12.08	11.31	17.46	7.81	32.76	42.38	44.29	43.46	24.08	10.82	32.45	12.53	18.03	5.39	1.41	34.48	20.12	25.71	23.41	44.41	35.51	8.06	22.67	40.05	24.02	31.02	39.0	32.89	40.01	10.3	41.15	48.84	40.45	41.59	27.89	22.0	33.24	16.12	31.78	20.52	24.17	26.02	20.52	21.4	12.81	19.1	16.03	18.0	24.17	
24.21	48.27	10.44	16.12	45.22	18.38	36.24	33.14	39.4	35.23	33.54	46.57	14.21	35.23	14.87	37.36	30.41	16.97	48.1	15.0	23.43	34.18	52.84	33.24	32.02	31.58	31.4	21.19	55.44	11.4	20.52	6.08	5.1	27.66	29.0	57.31	18.6	47.42	43.57	11.7	32.25	18.03	40.71	40.46	6.08	0.0	35.23	47.1	35.36	37.16	1.0	38.01	35.36	50.21	22.36	38.95	13.6	45.69	36.4	11.18	31.32	19.21	29.43	22.02	22.63	57.8	20.52	3.0	13.0	21.21	9.85	7.81	9.22	18.87	13.42	38.47	48.38	46.62	49.4	27.8	16.55	28.64	8.6	19.65	7.21	7.28	40.25	15.62	31.4	21.1	47.42	40.25	8.6	19.42	39.2	30.07	37.0	44.94	38.33	46.0	16.16	47.01	52.8	46.27	47.68	33.96	21.84	34.44	10.05	37.7	24.41	26.4	32.0	25.61	17.8	9.22	24.41	10.0	18.03	21.38	
25.0	35.06	34.93	38.9	30.07	21.1	21.21	7.28	12.04	49.82	12.08	18.87	46.27	36.25	31.62	14.04	28.18	49.65	23.26	23.54	29.73	16.28	31.95	58.6	44.2	45.45	53.15	15.3	39.81	28.44	22.36	34.06	40.11	8.25	29.15	43.57	21.19	17.89	8.54	46.0	47.51	24.41	15.03	30.27	29.15	35.23	0.0	13.89	55.87	11.05	35.36	54.04	49.2	39.01	29.68	30.59	27.89	15.65	46.32	30.59	7.07	25.5	51.86	20.59	22.47	40.52	26.91	32.25	34.0	22.83	41.11	40.05	37.34	32.02	23.09	14.04	15.56	42.76	17.8	24.7	20.22	55.76	40.11	33.54	31.06	28.07	14.04	47.38	9.85	44.65	39.12	22.02	31.95	47.54	53.01	5.39	4.47	13.89	14.14	11.7	20.1	17.0	36.67	14.21	12.65	4.47	38.29	40.31	45.28	10.0	23.43	31.4	5.0	19.21	47.07	39.22	18.03	45.18	35.81	46.32	
38.83	29.73	44.55	52.55	25.08	30.27	20.52	14.0	21.95	53.6	24.76	9.22	59.23	37.48	45.31	13.04	30.81	59.68	14.14	37.0	35.34	17.49	23.02	65.31	48.01	49.65	59.06	28.79	32.25	41.76	36.24	46.87	52.15	21.93	32.45	36.35	34.93	23.35	10.77	58.42	51.87	32.76	24.6	28.02	41.19	47.1	13.89	0.0	61.06	22.2	47.04	57.8	52.8	33.84	43.57	29.21	41.44	21.59	48.92	43.97	20.81	39.36	58.14	34.48	36.36	32.02	33.84	44.1	42.95	36.72	51.35	52.77	50.45	39.22	36.14	24.7	18.03	40.31	21.02	28.65	33.53	63.32	52.95	47.41	43.93	40.31	23.71	60.42	16.12	52.2	35.34	18.6	42.19	61.03	56.08	17.72	10.44	19.65	12.21	3.16	33.24	22.36	29.43	2.24	11.0	17.8	44.78	42.52	57.04	20.81	29.15	35.85	15.3	33.02	60.44	49.37	31.91	57.08	43.32	54.08	
57.58	42.19	26.25	51.09	42.95	35.61	41.15	49.68	65.44	9.0	61.03	55.04	44.41	25.71	50.01	48.02	30.41	24.04	53.14	47.17	26.25	43.57	51.79	8.06	13.6	11.7	4.0	48.88	48.0	45.61	52.92	41.44	36.0	52.01	28.65	47.17	50.16	73.0	63.78	39.46	9.49	32.02	67.8	37.11	37.64	35.36	55.87	61.06	0.0	63.41	34.37	6.71	10.0	41.0	57.01	35.17	47.8	70.84	15.0	46.1	56.22	52.81	6.0	53.71	55.15	51.0	29.0	35.9	25.08	53.85	26.02	41.0	44.1	24.21	44.38	65.8	71.42	32.14	73.55	32.45	46.52	11.4	42.0	54.92	41.98	38.9	67.01	45.54	46.86	14.32	37.0	44.38	29.73	51.35	9.85	50.93	54.67	69.35	48.88	61.85	45.62	72.25	47.1	59.17	67.48	57.38	17.8	20.4	34.37	63.25	32.65	25.24	50.93	56.8	49.37	26.17	55.01	35.36	21.1	14.04	
19.42	46.1	39.82	36.01	41.11	27.8	32.06	18.03	2.24	58.31	4.0	29.15	45.4	46.17	29.02	25.08	37.95	53.34	33.84	22.8	38.08	27.07	42.72	65.05	52.84	53.85	60.31	16.12	50.8	27.66	19.03	34.21	41.44	11.4	38.63	54.59	19.42	10.3	12.04	46.32	55.76	31.4	4.47	41.11	31.3	37.16	11.05	22.2	63.41	0.0	37.58	62.43	57.8	50.04	24.52	41.3	26.31	8.54	55.46	29.43	7.21	22.0	58.8	17.03	18.03	51.42	34.67	34.44	39.62	19.0	44.94	40.02	36.5	39.2	23.77	3.0	12.0	53.46	12.37	34.18	20.62	61.62	39.81	29.27	31.32	29.97	3.61	46.27	20.22	50.91	50.04	33.06	36.4	45.01	61.77	13.6	15.3	8.06	25.18	19.21	21.02	9.85	47.68	23.32	14.76	7.07	45.61	49.77	46.82	1.41	32.2	40.25	15.13	14.04	45.01	43.27	14.04	46.49	42.52	52.35	
25.0	47.63	9.49	17.12	44.65	18.03	35.78	33.06	39.81	34.23	34.0	46.32	14.87	34.41	15.81	37.11	29.73	16.28	47.76	15.62	22.67	33.84	52.35	32.31	31.05	30.59	30.41	21.54	54.82	12.21	21.21	7.07	5.39	27.89	28.28	56.64	19.21	47.85	43.74	12.08	31.26	17.49	41.18	39.82	6.32	1.0	35.36	47.04	34.37	37.58	0.0	37.01	34.37	49.52	23.26	38.29	14.42	46.1	35.44	12.08	31.62	20.0	28.44	22.67	23.35	57.2	19.85	3.16	12.08	21.93	8.94	8.6	10.2	18.03	13.89	38.95	48.7	45.8	49.77	27.2	17.0	27.73	9.43	20.62	8.06	7.62	40.71	16.28	31.26	20.1	46.69	39.81	7.81	20.25	38.21	30.15	37.01	45.31	38.08	46.01	16.55	47.42	52.2	46.17	47.85	34.21	20.88	33.54	10.0	38.08	23.85	25.61	32.02	26.25	18.6	8.25	25.0	10.05	17.09	20.4	
58.69	36.67	28.07	54.08	37.95	34.89	37.44	47.42	64.35	4.24	60.42	51.11	48.51	21.02	52.15	44.82	27.02	29.07	48.75	48.27	24.41	40.46	46.57	14.76	9.9	8.6	9.22	48.85	42.11	47.38	53.85	44.0	39.46	51.11	25.5	41.01	50.96	71.61	61.55	43.68	6.71	31.3	66.89	32.31	39.32	38.01	54.04	57.8	6.71	62.43	37.01	0.0	5.0	35.13	58.69	30.46	49.5	69.4	9.49	48.17	55.23	54.13	10.82	54.41	56.04	45.1	27.78	38.05	26.31	54.82	29.43	44.41	47.1	23.77	45.35	65.0	69.53	26.0	71.84	29.7	47.13	17.69	45.4	57.14	44.1	40.45	66.04	49.73	44.6	17.26	31.14	40.31	31.26	55.32	3.16	49.41	52.35	67.8	45.61	58.9	46.17	70.8	41.44	55.8	65.05	56.04	17.72	15.65	38.6	62.13	30.61	22.67	49.04	57.25	53.37	29.15	55.36	39.56	21.59	17.72	
54.92	32.25	25.08	51.48	33.24	30.46	32.45	42.52	59.68	1.0	55.9	46.14	46.82	16.16	49.0	39.82	22.02	28.6	43.86	44.55	19.72	35.47	41.98	17.46	5.0	4.12	10.77	44.6	38.0	44.05	50.01	41.19	37.36	46.53	20.52	37.22	47.07	66.85	56.64	42.15	3.16	26.93	62.27	27.51	36.01	35.36	49.2	52.8	10.0	57.8	34.37	5.0	0.0	31.0	55.23	25.63	46.1	64.64	5.0	45.0	50.61	50.49	11.66	50.45	52.17	41.0	23.26	35.06	23.0	50.99	27.51	42.2	44.55	19.65	41.59	60.42	64.66	22.2	67.01	24.76	43.17	19.24	43.17	54.0	41.01	37.05	61.4	48.1	39.7	15.65	27.0	35.36	28.0	53.45	4.12	44.65	47.42	63.01	40.61	53.91	42.2	66.03	37.12	50.8	60.11	51.31	14.04	10.77	37.16	57.45	25.81	17.8	44.2	53.16	51.55	26.93	51.24	38.08	18.03	16.64	
57.94	4.12	41.4	63.6	9.06	33.84	18.44	32.14	51.0	32.0	50.36	24.7	64.38	17.09	57.98	25.0	19.8	53.23	20.12	50.12	27.02	23.35	13.45	48.17	28.28	30.27	41.19	44.94	7.0	52.7	53.31	53.91	54.56	41.98	21.26	7.21	50.57	55.44	42.58	61.07	32.14	32.65	54.0	10.3	46.86	50.21	39.01	33.84	41.0	50.04	49.52	35.13	31.0	0.0	60.84	11.4	53.85	53.34	26.0	54.64	44.41	55.46	41.44	52.55	54.78	10.0	29.7	48.1	38.6	54.23	47.71	57.98	58.14	32.2	47.51	53.04	50.99	9.49	53.94	22.8	46.96	48.84	58.69	62.27	52.01	47.01	53.0	65.8	30.41	40.5	4.0	17.0	41.77	69.35	32.25	37.48	35.01	51.35	25.02	36.4	46.07	54.45	6.71	31.62	44.38	43.1	33.11	21.38	57.2	49.01	26.4	24.41	35.23	53.45	67.9	46.04	51.55	57.8	34.99	42.38	
5.1	57.71	30.81	12.65	53.34	27.89	43.05	32.53	26.31	55.33	20.62	47.42	23.71	50.01	7.81	39.7	42.72	38.83	50.93	11.18	38.33	38.83	58.41	55.54	51.04	51.16	53.16	16.4	64.14	11.4	7.81	16.64	24.21	22.02	42.2	67.12	10.3	33.0	35.47	26.4	52.35	30.41	26.02	50.57	19.42	22.36	29.68	43.57	57.01	24.52	23.26	58.69	55.23	60.84	0.0	49.77	9.22	32.06	55.0	11.18	22.83	5.39	51.24	9.22	7.21	65.73	34.37	21.19	32.39	7.07	32.2	20.52	16.28	36.0	14.14	24.08	36.35	60.44	36.06	38.9	13.93	50.99	19.85	5.1	15.23	18.25	26.08	24.17	32.65	42.72	59.24	46.04	27.46	21.38	59.3	26.91	33.6	32.25	40.36	41.18	14.87	33.02	61.06	43.83	38.9	25.94	41.19	51.24	29.0	25.71	35.44	41.44	29.73	10.77	21.84	31.38	11.66	28.28	37.22	43.32	
47.13	9.43	30.53	52.2	8.0	22.47	9.49	23.35	42.58	26.57	41.01	21.26	53.15	9.49	46.65	17.46	8.6	43.32	18.36	38.91	16.12	14.32	17.0	41.3	21.59	23.54	34.37	34.21	16.64	41.34	42.38	42.52	43.42	32.06	10.3	18.38	39.56	48.08	35.85	50.0	25.71	21.26	45.54	2.0	35.47	38.95	30.59	29.21	35.17	41.3	38.29	30.46	25.63	11.4	49.77	0.0	42.54	45.88	21.02	43.27	35.01	44.38	34.13	41.76	43.97	19.24	18.44	36.77	27.78	43.32	37.12	46.69	46.75	21.47	36.24	44.28	44.38	12.17	47.17	11.4	35.85	41.0	47.38	51.0	40.61	35.61	44.55	54.56	21.1	31.4	9.49	10.63	30.61	58.0	28.18	28.02	27.2	43.97	17.89	31.06	34.93	47.13	14.32	27.02	38.47	34.23	23.54	14.87	46.32	40.45	15.0	13.93	26.17	42.95	56.57	35.36	41.0	46.87	24.7	33.38	
10.63	51.04	21.59	11.18	47.01	20.12	36.88	28.65	28.44	46.17	22.36	43.57	19.1	41.76	4.24	35.0	34.93	30.48	46.4	4.47	29.83	33.24	53.04	46.52	42.0	42.05	43.97	12.65	57.8	2.24	7.62	8.6	16.4	19.65	34.18	60.46	7.0	36.14	35.23	20.25	43.19	22.14	29.12	43.57	10.2	13.6	27.89	41.44	47.8	26.31	14.42	49.5	46.1	53.85	9.22	42.54	0.0	34.71	46.04	3.16	22.09	5.66	42.06	9.49	9.43	59.67	25.96	12.08	23.19	8.06	23.32	13.93	10.2	27.07	6.4	26.93	38.21	52.55	38.64	31.3	8.06	42.06	13.6	8.54	6.4	9.06	28.86	20.02	28.02	33.53	51.88	40.31	18.25	19.65	50.16	23.77	31.02	34.37	35.81	39.56	8.6	35.9	54.82	41.23	39.12	25.18	32.06	42.58	21.63	27.17	27.73	32.98	26.4	13.0	19.24	22.36	12.37	21.1	28.07	34.18	
27.02	49.25	48.01	44.05	44.28	35.36	36.4	22.85	6.32	65.22	12.37	30.15	53.76	51.89	37.22	28.64	43.83	61.77	35.13	31.32	45.0	31.62	44.18	72.92	59.64	60.8	67.9	24.6	53.01	36.14	27.29	42.72	49.98	19.21	44.78	57.0	27.89	2.24	11.05	54.82	62.8	38.9	6.08	45.35	39.81	45.69	15.65	21.59	70.84	8.54	46.1	69.4	64.64	53.34	32.06	45.88	34.71	0.0	61.91	37.85	15.0	30.15	66.47	25.32	26.08	53.15	41.87	42.95	47.63	27.17	53.34	48.51	44.91	46.69	32.31	8.0	5.0	57.97	4.0	40.31	29.15	69.66	48.27	37.01	39.85	38.48	6.0	54.59	25.5	58.8	53.94	36.5	44.65	53.04	68.51	20.0	18.68	2.0	28.44	18.44	29.55	1.41	50.0	23.35	11.18	13.45	53.08	55.95	55.36	8.06	38.83	46.87	20.59	22.09	53.15	51.62	22.36	55.03	50.21	60.31	
