190
0.0	49.82	43.83	41.19	21.93	57.28	43.57	26.25	21.1	56.85	46.27	33.02	56.52	28.0	48.55	41.05	45.88	55.0	27.31	33.06	20.25	70.94	37.54	27.07	60.03	49.24	39.05	49.19	30.36	14.76	27.73	25.5	24.74	37.95	35.61	21.21	25.02	28.28	49.82	41.18	13.6	47.01	52.15	56.59	8.6	12.65	57.38	54.59	51.97	36.06	33.02	60.81	36.4	36.67	17.0	68.25	34.21	35.9	16.12	31.26	14.04	52.84	21.02	24.08	36.88	35.0	40.31	55.57	26.91	41.11	29.0	39.46	50.99	46.86	33.14	41.05	35.85	32.56	33.42	43.83	46.84	34.01	8.06	33.3	31.02	34.37	30.53	46.53	36.88	21.59	48.47	40.85	37.36	53.01	27.29	16.64	46.49	22.2	41.77	47.51	40.01	25.81	40.31	44.64	29.0	41.73	26.87	41.44	26.08	38.64	45.61	30.68	41.05	41.01	49.04	50.61	44.78	29.02	46.62	43.83	35.0	55.17	32.02	18.6	52.01	24.19	27.59	60.42	41.62	16.28	47.51	36.25	63.78	25.61	45.0	47.93	39.82	45.54	24.04	42.45	50.99	35.69	27.66	31.0	24.74	55.47	39.82	42.2	40.31	21.95	25.71	48.08	56.08	49.37	31.58	32.65	55.15	35.0	46.1	55.97	46.17	49.73	42.72	59.55	33.54	53.01	49.74	38.01	31.02	25.71	37.48	56.32	24.08	54.78	69.2	12.21	57.69	39.0	27.2	53.54	42.05	38.08	40.0	8.6	51.55	58.82	35.9	35.78	25.96	29.02	
49.82	0.0	56.08	36.4	28.02	21.93	47.54	74.95	66.64	76.12	36.67	30.59	46.82	39.12	16.4	16.28	56.29	34.89	44.27	37.05	34.18	78.45	14.32	31.38	62.37	64.13	62.59	76.9	30.07	46.04	45.22	50.64	29.15	19.24	54.13	66.21	33.11	35.13	62.0	90.7	55.04	59.23	100.57	10.0	48.17	55.44	69.12	10.3	77.1	51.09	40.05	74.11	53.94	84.39	45.79	75.31	60.13	23.35	39.92	71.2	60.21	100.77	41.23	73.66	63.07	31.26	87.46	79.76	55.15	80.5	78.64	25.0	77.06	10.3	36.06	80.95	15.26	37.66	82.76	68.45	80.32	40.11	41.87	61.29	43.17	44.1	66.71	89.69	78.45	62.13	95.0	87.62	29.43	14.42	65.52	54.08	27.29	27.66	67.0	18.03	30.02	62.1	10.44	19.42	32.57	60.67	23.32	79.2	37.34	85.87	95.43	66.64	38.33	82.37	98.29	65.31	57.87	40.05	24.19	75.24	80.23	69.01	19.92	48.37	32.7	51.97	54.78	58.24	91.4	36.24	97.31	17.09	14.21	24.21	75.11	23.85	68.96	91.61	41.23	68.0	100.45	73.35	23.26	32.02	67.78	77.41	56.57	14.32	71.78	71.61	28.65	97.74	79.63	38.33	76.61	69.86	15.62	84.15	81.34	19.1	27.89	44.91	75.43	76.0	33.06	74.43	56.14	17.0	76.16	45.4	58.25	21.21	54.13	52.39	19.42	47.8	106.22	71.17	62.82	101.98	38.6	86.37	89.81	58.14	18.03	107.56	77.49	16.55	40.5	74.32	
43.83	56.08	0.0	73.35	44.72	45.19	80.45	63.32	63.07	99.72	22.36	26.17	22.47	64.07	66.75	60.42	85.6	31.4	17.8	67.23	52.7	27.66	54.13	28.46	16.76	90.69	12.08	23.6	60.37	29.21	17.03	67.18	33.24	37.0	8.54	63.51	28.23	61.91	6.71	72.17	57.43	87.46	66.76	66.07	35.23	34.54	14.76	52.39	22.36	76.06	68.8	19.31	7.62	52.61	27.02	24.76	77.16	33.02	53.26	32.56	38.6	65.46	59.03	52.47	80.06	25.02	53.37	24.35	18.68	36.67	56.14	31.14	94.64	61.29	66.73	37.58	43.29	19.42	57.01	15.56	30.48	69.64	41.01	76.58	15.65	71.85	74.33	47.85	79.2	31.26	57.58	52.63	66.31	68.18	71.02	29.15	72.12	42.05	85.04	67.08	26.31	69.63	53.46	37.66	25.96	7.21	47.17	34.0	61.29	76.16	72.06	26.31	74.24	40.31	68.25	92.1	85.28	65.46	70.34	87.66	75.27	13.6	52.5	25.24	30.53	66.48	17.72	19.0	70.01	34.41	72.25	40.11	68.07	44.01	88.81	71.06	19.72	54.08	22.2	85.8	71.2	30.68	49.4	25.5	67.54	21.59	5.0	60.02	23.32	56.75	32.89	70.58	24.04	23.02	42.43	76.32	48.38	57.08	32.8	46.24	30.68	16.97	86.53	20.22	65.3	18.68	7.0	57.72	71.87	65.3	9.06	44.78	21.19	15.81	69.64	31.62	71.78	23.71	71.03	68.01	75.13	55.58	68.01	44.78	43.01	73.68	78.29	41.19	21.1	70.01	
41.19	36.4	73.35	0.0	28.64	56.8	11.18	56.94	46.32	40.11	62.29	49.41	74.28	13.6	22.0	20.25	20.1	65.44	56.08	8.25	22.2	100.34	24.7	45.28	85.7	28.07	74.04	86.88	13.0	48.84	57.01	23.43	40.31	43.19	67.42	45.49	45.18	13.0	80.06	72.95	36.25	23.09	90.82	35.0	46.1	53.0	88.1	46.49	88.77	17.46	9.43	92.61	67.78	76.66	50.22	97.25	28.65	45.28	25.08	72.0	55.23	92.03	20.62	62.3	30.87	51.4	80.52	92.18	62.59	82.01	66.48	49.5	42.58	26.48	8.06	82.02	35.47	54.71	71.51	79.81	86.47	8.6	37.12	30.53	57.7	11.4	39.05	87.69	51.86	62.01	88.77	81.25	7.81	27.07	39.6	55.23	11.4	31.3	33.53	20.0	53.81	36.07	28.18	48.6	48.02	74.67	26.63	82.02	15.13	63.78	79.76	70.26	2.0	82.15	86.41	29.15	22.0	13.0	14.14	43.08	56.59	86.82	22.63	53.15	62.48	25.61	62.82	83.41	75.29	39.85	82.37	38.95	44.01	29.68	42.38	15.3	77.47	86.12	51.62	34.48	87.66	76.06	24.41	49.09	44.82	91.09	71.31	22.14	78.92	56.86	40.82	84.08	92.44	65.07	72.69	42.01	51.08	73.39	86.21	54.13	55.97	69.66	43.86	92.85	8.25	88.23	76.66	20.59	53.15	18.87	70.84	55.9	60.21	77.01	51.01	48.37	96.01	77.78	36.07	92.11	2.24	77.49	74.3	48.84	51.48	96.77	51.09	37.54	52.39	51.86	
21.93	28.02	44.72	28.64	0.0	39.01	36.24	47.01	39.22	59.54	36.06	22.02	48.01	20.62	27.86	20.25	42.52	41.79	27.51	22.8	9.85	71.87	15.81	17.03	57.63	48.83	45.89	59.3	15.65	22.2	28.46	28.16	12.04	20.22	38.9	38.9	16.64	17.69	51.43	62.68	27.89	44.82	73.6	34.71	21.93	29.55	59.48	33.84	60.83	33.84	24.76	63.98	39.22	57.69	23.02	68.8	38.9	20.25	14.04	47.54	33.62	74.06	18.03	45.97	42.06	24.21	61.06	64.13	35.06	57.49	50.91	24.7	57.25	25.24	22.2	57.72	15.3	26.4	55.23	51.79	60.07	25.5	14.21	39.29	29.07	28.32	42.01	65.19	52.47	37.64	68.96	61.4	21.84	31.76	40.05	29.83	29.02	2.83	46.82	27.2	27.78	37.0	18.38	27.17	19.85	46.17	5.0	56.89	17.8	58.31	67.48	44.41	29.53	58.52	70.84	50.22	42.8	22.02	28.07	52.95	53.16	58.18	10.77	26.02	38.63	28.64	35.13	55.87	63.41	12.0	69.43	17.0	41.87	4.12	53.37	29.15	50.09	65.76	23.09	47.76	72.86	50.8	6.32	21.21	41.0	62.82	42.72	21.02	52.0	43.6	12.73	70.01	64.33	39.12	50.99	45.0	35.51	56.73	60.3	37.12	31.95	42.52	52.61	64.26	20.59	59.91	48.26	17.09	49.04	24.17	42.45	38.01	33.0	49.5	47.43	22.8	79.2	51.01	38.01	75.0	30.41	59.41	61.85	30.41	33.02	80.43	51.48	16.03	23.77	47.13	
57.28	21.93	45.19	56.8	39.01	0.0	67.62	83.52	77.28	95.21	22.85	26.63	29.0	56.29	38.29	36.72	75.96	16.0	40.36	55.66	48.09	62.01	32.31	31.3	46.1	83.49	54.92	68.48	47.8	47.89	41.04	66.37	32.57	19.42	46.62	77.1	33.54	52.39	49.65	97.86	66.48	78.77	102.42	29.68	52.39	58.18	55.32	12.21	67.54	69.38	58.52	60.21	46.04	86.27	46.65	59.03	76.79	21.54	53.0	69.35	63.53	102.0	56.22	78.72	79.91	25.61	88.6	69.46	51.62	77.16	83.63	18.87	94.73	32.02	54.71	77.83	24.08	31.83	86.83	60.03	74.06	58.82	49.48	77.52	37.48	62.64	81.0	87.68	91.35	62.2	95.13	88.41	49.24	36.12	79.06	54.92	48.83	37.12	84.34	39.82	21.21	76.01	28.64	12.65	30.53	51.48	36.12	75.17	53.94	95.8	101.08	63.64	58.6	79.91	101.55	84.76	77.16	57.49	45.8	91.44	91.41	56.04	36.14	48.26	15.3	67.19	50.91	41.0	97.58	41.11	102.42	22.02	26.93	35.0	91.66	45.61	62.43	91.55	39.41	85.33	104.1	70.04	37.34	28.84	79.63	66.48	47.51	34.99	65.8	78.77	31.62	102.08	69.08	22.8	77.01	84.01	6.4	87.82	75.8	2.83	15.0	29.83	91.27	63.06	51.87	63.69	42.72	36.25	87.3	61.66	50.48	1.0	51.74	36.22	26.0	50.54	108.0	65.6	77.0	103.81	59.03	88.75	95.75	64.26	6.0	109.62	90.35	23.0	37.8	85.33	
43.57	47.54	80.45	11.18	36.24	67.62	0.0	54.08	43.32	29.02	71.51	58.0	83.55	16.55	33.06	31.32	9.0	75.45	62.77	13.45	27.78	107.9	35.34	53.26	93.86	17.0	79.71	91.71	21.26	53.85	63.63	20.4	48.27	53.01	73.82	42.38	52.8	18.6	87.13	69.35	35.23	12.0	89.5	46.04	50.0	56.09	95.19	57.57	93.98	10.3	11.66	99.48	74.3	76.53	55.54	104.86	21.26	54.67	28.46	74.81	57.31	91.01	22.8	61.66	22.67	60.11	80.5	97.5	67.78	84.59	65.31	59.03	32.28	37.66	14.14	84.48	45.49	62.63	70.41	85.23	90.24	10.82	41.44	23.43	64.9	9.22	33.02	89.0	45.45	65.12	88.68	81.39	18.38	38.0	34.48	59.2	22.02	39.05	24.19	31.06	63.03	31.3	39.0	58.83	56.08	80.95	35.38	85.0	19.24	58.83	76.69	73.98	9.22	84.21	84.48	18.03	11.18	15.23	25.0	34.13	51.31	93.65	32.45	58.31	72.42	22.56	68.15	92.02	72.24	46.14	79.48	48.83	55.01	38.18	33.12	26.02	82.22	86.37	58.31	25.06	85.38	79.25	33.3	57.38	40.72	96.77	77.9	33.24	83.24	55.32	48.92	81.6	97.86	74.41	74.01	35.61	62.03	72.37	89.63	65.0	65.8	78.49	35.23	99.3	16.4	94.02	84.4	31.38	48.37	18.03	76.92	66.71	65.19	85.63	62.01	52.81	94.37	82.01	30.89	90.71	9.06	76.94	71.51	50.04	62.17	94.92	44.82	47.43	59.36	47.41	
26.25	74.95	63.32	56.94	47.01	83.52	54.08	0.0	10.77	53.15	71.06	58.69	80.16	43.83	70.72	63.78	51.79	80.4	50.09	49.09	41.87	87.66	61.61	52.95	80.08	51.01	54.63	59.2	50.25	38.01	50.16	34.01	50.96	64.2	54.82	11.7	50.8	46.23	68.01	16.28	21.26	51.35	36.12	80.6	32.14	29.27	74.32	80.53	63.01	43.97	47.51	76.48	55.79	26.57	40.0	85.49	35.23	62.1	36.12	37.01	24.74	38.01	37.64	13.45	36.01	60.53	30.36	66.4	44.64	43.28	13.93	65.51	43.97	70.43	49.65	42.64	61.74	57.04	18.44	57.31	53.04	48.37	34.18	33.14	54.08	46.52	24.02	42.05	19.42	32.7	37.66	31.62	56.22	75.74	21.02	34.53	65.6	47.85	39.12	69.3	65.62	23.35	64.9	70.88	54.59	58.87	51.62	45.28	43.42	13.04	22.83	40.82	55.95	40.8	30.59	52.0	49.5	44.1	66.71	34.79	12.81	71.59	55.8	40.11	77.52	31.78	45.61	81.79	18.36	42.45	25.5	62.39	88.48	51.0	36.69	68.12	51.62	36.4	48.01	39.2	31.32	41.87	51.87	56.57	14.04	67.68	58.52	65.3	50.22	6.71	51.92	27.51	67.2	74.03	29.83	23.35	81.34	20.4	50.93	82.22	72.01	73.17	32.89	73.93	51.4	66.04	70.09	61.07	10.82	38.08	55.03	82.57	42.2	76.94	94.34	35.01	40.61	48.83	24.19	37.22	56.82	25.71	17.46	20.02	77.79	41.0	18.87	61.85	50.01	9.85	
21.1	66.64	63.07	46.32	39.22	77.28	43.32	10.77	0.0	44.6	67.36	54.01	77.47	33.42	61.07	54.41	41.3	76.03	47.8	38.6	32.76	89.04	52.84	48.0	79.71	41.11	56.04	62.97	40.36	35.17	48.08	23.26	45.18	57.87	54.56	1.0	46.01	36.07	68.48	26.63	11.66	41.05	46.53	71.56	28.86	28.65	75.47	73.05	66.47	33.24	36.89	78.24	55.46	35.36	37.36	86.61	25.0	56.32	26.93	41.4	25.61	48.26	27.59	20.62	26.17	56.04	39.32	70.01	44.78	49.24	23.02	60.13	36.24	61.29	39.2	48.76	54.41	53.6	28.0	59.67	58.01	37.74	28.07	23.02	51.66	35.78	14.87	50.0	16.16	34.71	47.1	40.45	46.01	66.22	11.4	34.0	55.32	40.52	29.83	59.55	61.01	13.0	56.36	64.78	50.04	59.68	43.46	50.77	33.24	19.24	33.54	43.84	45.28	47.42	41.23	42.19	39.12	33.6	56.59	27.46	14.14	72.95	47.01	38.28	73.01	21.02	45.65	80.65	29.07	37.01	36.25	55.54	79.76	43.32	29.15	58.0	54.49	45.4	44.91	30.08	42.06	46.4	43.38	52.04	5.0	70.77	58.59	56.04	53.76	13.15	46.17	38.28	70.71	70.46	36.25	15.26	74.46	30.0	56.3	75.71	67.03	70.61	25.81	76.22	41.11	68.77	69.46	51.87	10.05	27.46	55.57	76.3	42.06	75.29	85.88	32.28	51.2	52.35	14.04	47.68	46.14	35.06	28.23	18.36	71.39	51.66	15.23	54.82	46.87	8.06	
56.85	76.12	99.72	40.11	59.54	95.21	29.02	53.15	44.6	0.0	95.52	81.3	107.38	39.4	62.07	59.84	20.02	101.08	82.13	39.56	49.74	127.28	63.06	75.72	114.98	12.04	95.9	105.39	47.43	70.72	82.81	32.65	71.02	78.79	91.93	43.66	74.63	43.08	106.07	64.0	43.83	17.03	88.36	75.06	65.19	68.82	113.86	85.91	108.47	26.0	36.69	117.52	92.63	79.56	72.84	124.46	22.67	79.61	47.2	85.0	67.74	90.55	41.88	65.15	20.0	83.53	83.43	112.07	83.74	93.52	66.94	84.08	10.2	66.48	40.52	93.11	71.87	84.4	71.59	100.6	101.6	36.4	58.73	23.6	85.15	32.57	29.73	94.56	36.0	76.85	90.8	84.65	46.69	67.01	33.24	73.41	51.0	62.27	15.26	60.07	87.32	32.65	66.94	85.23	78.49	98.41	60.42	94.81	42.05	51.04	72.0	86.28	38.12	91.92	82.15	11.0	18.25	38.08	54.01	19.0	44.01	111.8	59.14	75.01	97.94	33.24	84.39	114.2	68.03	66.22	75.0	74.85	84.02	62.61	17.0	55.0	96.26	89.5	77.99	14.76	82.02	89.94	58.69	80.16	39.85	112.2	96.18	61.81	96.25	57.57	71.87	78.03	112.65	98.62	80.78	29.83	89.99	73.55	100.18	92.72	91.24	101.51	21.0	116.39	43.42	109.81	104.89	59.44	43.29	35.51	94.18	94.25	80.92	108.0	91.02	68.68	92.09	94.87	31.3	89.27	38.05	78.85	68.12	59.68	89.49	92.02	36.01	73.54	79.51	43.57	
46.27	36.67	22.36	62.29	36.06	22.85	71.51	71.06	67.36	95.52	0.0	14.32	12.04	56.61	50.16	45.28	78.41	10.3	21.84	58.14	45.79	41.77	39.12	20.25	25.71	84.88	32.65	45.79	50.25	33.06	22.14	63.51	24.6	19.72	24.76	67.48	21.84	53.41	26.93	83.36	58.46	80.8	83.65	46.53	39.0	42.58	33.14	31.06	44.72	69.89	60.44	38.12	24.04	68.03	31.14	38.64	74.25	17.03	48.75	49.4	47.85	82.86	53.71	63.35	77.39	12.08	69.77	46.62	31.76	56.08	67.91	13.04	92.61	44.01	57.38	56.85	27.46	14.04	70.21	37.44	51.86	61.07	40.02	74.32	18.03	64.2	75.0	67.01	83.02	44.01	75.47	69.35	54.56	50.29	72.28	38.08	57.98	33.29	82.29	50.99	8.49	69.92	37.12	17.26	17.72	28.84	36.12	53.81	53.82	84.02	85.16	43.27	63.66	59.2	83.77	86.27	78.82	58.01	55.57	87.32	81.15	33.54	39.7	31.58	8.49	63.56	30.89	21.93	82.23	31.05	86.02	23.85	47.04	33.42	88.02	55.95	40.36	71.87	23.09	83.19	86.54	49.2	38.21	15.81	70.86	43.66	25.0	44.29	43.86	65.28	23.71	85.09	46.24	3.16	58.14	77.62	26.48	70.84	53.81	24.04	9.0	8.25	86.65	40.61	55.17	40.85	20.22	43.27	77.23	60.03	28.32	22.47	32.7	15.81	47.85	36.06	89.07	43.84	71.17	85.0	64.38	70.77	80.28	51.04	21.21	90.82	82.04	25.24	21.1	75.24	
33.02	30.59	26.17	49.41	22.02	26.63	58.0	58.69	54.01	81.3	14.32	0.0	26.08	42.64	40.61	34.48	64.54	22.02	14.42	44.55	31.62	51.48	28.16	6.08	36.36	70.8	32.02	46.32	36.88	21.54	15.26	49.19	10.3	11.4	23.54	54.04	8.0	39.62	32.56	72.12	44.55	66.84	75.8	40.45	26.68	31.78	40.26	29.15	46.53	55.8	46.69	45.12	23.35	59.64	20.12	48.33	59.93	7.28	34.44	43.19	37.16	75.43	39.45	52.55	63.07	2.24	62.01	49.25	25.81	51.61	57.38	7.81	78.29	35.13	43.86	52.2	17.12	7.07	60.37	37.85	50.16	47.38	26.17	60.01	12.65	50.33	60.88	61.72	69.35	35.61	68.68	61.85	41.88	42.05	58.25	28.3	46.62	19.21	67.98	41.0	7.0	55.79	27.29	14.87	4.12	30.15	22.8	49.93	39.82	71.45	74.85	37.8	50.61	54.04	74.95	72.2	64.82	44.05	44.6	73.05	68.01	39.62	27.29	21.63	19.0	49.24	25.24	34.06	71.51	17.12	76.06	14.0	43.66	19.85	73.74	45.22	38.63	65.12	12.81	68.88	77.52	44.41	25.0	2.24	57.22	47.04	26.08	33.96	41.63	53.37	9.43	75.59	49.16	17.46	50.45	63.56	26.91	61.29	51.43	26.25	13.34	20.52	72.42	46.39	41.87	44.05	27.86	31.95	64.0	45.79	27.66	25.81	25.5	27.66	46.53	24.35	81.4	41.15	57.01	77.2	51.4	62.13	69.64	38.83	21.93	83.01	68.36	15.03	11.31	62.0	
56.52	46.82	22.47	74.28	48.01	29.0	83.55	80.16	77.47	107.38	12.04	26.08	0.0	68.6	61.29	56.86	90.43	13.0	30.07	70.18	57.69	33.02	50.8	31.76	17.26	96.83	34.48	45.28	62.29	42.43	30.02	75.18	36.36	31.4	28.46	77.67	33.11	65.44	24.08	91.27	69.26	92.8	88.6	56.32	48.66	51.01	27.73	39.62	43.19	81.84	72.47	32.31	27.51	73.76	40.31	30.07	85.88	29.0	60.42	54.08	56.01	87.46	65.51	71.18	89.01	23.85	74.95	44.2	37.66	59.06	75.43	24.84	104.2	55.01	69.43	59.94	39.2	24.04	77.1	37.8	52.8	73.11	50.92	85.87	26.08	76.22	86.03	70.24	93.39	50.64	79.71	74.33	66.53	60.93	83.17	46.01	69.63	45.22	93.94	62.27	20.52	80.99	48.55	27.73	29.07	29.68	48.17	56.44	65.8	93.19	92.23	47.76	75.66	62.61	89.56	98.23	90.8	70.0	67.12	98.62	90.93	29.15	51.66	40.05	14.32	75.13	36.67	12.0	89.68	42.15	92.76	35.61	55.44	45.45	99.4	67.42	42.19	76.16	32.56	94.83	92.44	52.8	50.25	27.29	81.25	40.8	26.83	55.76	45.79	74.03	35.51	91.44	43.6	9.22	63.6	88.54	34.23	77.47	55.22	31.06	19.24	7.0	97.86	35.78	67.21	38.42	16.97	55.0	87.13	71.87	30.87	29.02	39.32	8.06	55.0	45.4	93.78	46.14	82.28	89.89	76.38	76.66	87.69	60.3	29.61	95.63	92.42	37.01	30.59	85.16	
28.0	39.12	64.07	13.6	20.62	56.29	16.55	43.83	33.42	39.4	56.61	42.64	68.6	0.0	29.07	23.77	21.93	61.72	46.32	5.39	11.4	91.61	25.0	37.48	77.9	28.3	63.16	75.29	9.06	37.34	47.17	12.08	32.56	39.4	57.31	32.65	36.8	4.0	70.72	60.0	22.83	24.21	77.25	41.11	33.73	40.2	78.77	48.04	77.49	13.42	5.1	83.01	57.8	63.06	39.0	88.6	21.02	40.31	12.17	59.14	42.01	78.43	7.07	48.7	24.0	44.82	66.94	80.99	51.26	69.07	52.92	44.78	38.47	31.05	5.83	69.03	32.57	46.69	57.94	68.71	74.15	6.08	25.0	22.2	48.6	7.81	28.64	74.33	41.18	49.25	75.19	67.68	12.81	34.44	28.3	42.95	21.93	23.43	28.16	27.29	48.26	24.7	29.0	45.88	40.31	64.41	21.02	69.26	2.83	51.66	66.57	57.87	13.15	69.01	72.92	29.68	22.2	1.41	23.43	36.12	44.82	77.18	20.22	41.79	58.59	13.89	51.62	76.38	62.13	29.68	69.12	35.47	50.0	23.32	36.01	24.84	65.8	72.57	41.88	29.15	74.24	63.39	19.31	41.77	32.56	80.23	61.4	25.71	66.94	43.38	33.3	70.71	81.34	59.64	59.3	31.78	51.48	59.81	73.68	53.94	51.88	63.13	36.35	82.76	7.81	77.47	68.25	22.2	41.11	6.71	60.37	55.32	48.7	70.04	56.75	36.4	82.46	65.73	25.06	78.55	14.14	63.89	61.06	35.36	50.45	83.26	40.31	34.18	43.01	39.62	
48.55	16.4	66.75	22.0	27.86	38.29	33.06	70.72	61.07	62.07	50.16	40.61	61.29	29.07	0.0	7.62	42.05	50.22	52.01	25.3	29.07	91.39	13.04	39.01	75.61	50.04	71.01	85.09	20.81	49.73	53.01	41.15	35.06	30.68	63.03	60.44	40.01	25.55	73.16	86.98	49.58	45.04	100.7	13.0	49.77	57.38	80.81	26.63	86.0	38.64	28.16	85.7	63.07	85.09	50.22	88.23	49.04	34.21	34.66	75.29	61.27	101.36	33.6	72.42	51.66	41.98	88.59	89.02	61.52	85.16	77.2	37.34	64.38	6.4	24.35	85.44	23.54	47.38	81.84	77.01	86.98	27.89	41.59	50.6	52.09	31.78	57.7	93.05	70.24	65.46	96.6	89.01	16.76	5.39	57.31	57.57	11.4	29.12	54.92	2.0	42.38	53.71	13.34	33.62	41.11	70.11	23.09	84.4	28.3	80.0	92.76	71.81	24.0	86.33	97.42	51.09	44.0	29.55	8.25	64.03	73.5	80.23	17.09	53.15	47.71	42.94	61.4	72.09	88.46	39.29	95.02	26.93	22.02	25.71	63.56	7.62	76.32	93.47	48.09	55.9	99.2	78.34	21.54	41.3	61.03	87.14	66.19	7.07	78.64	68.77	35.01	96.05	89.05	52.33	78.79	60.84	32.02	83.49	87.48	35.47	42.06	58.31	64.56	86.98	21.54	84.15	68.15	10.77	69.63	35.78	67.01	37.54	59.84	65.92	29.02	50.6	106.23	77.78	54.12	102.08	24.02	86.61	87.11	57.14	33.97	107.34	69.35	25.71	48.01	68.01	
41.05	16.28	60.42	20.25	20.25	36.72	31.32	63.78	54.41	59.84	45.28	34.48	56.86	23.77	7.62	0.0	40.02	46.69	45.04	21.02	21.93	85.8	6.32	32.25	70.26	47.85	64.03	78.01	14.87	42.2	46.04	35.74	28.02	25.55	56.22	53.82	33.06	19.92	66.94	79.98	42.8	42.95	93.19	17.46	42.15	49.77	74.73	26.25	79.06	35.0	24.02	79.56	56.32	77.52	42.76	82.64	44.55	28.64	27.66	67.72	53.67	93.81	27.29	65.0	47.38	36.06	81.01	82.15	54.23	77.62	69.81	32.25	61.0	7.28	20.02	77.88	17.89	41.0	74.4	70.03	79.63	24.0	34.0	45.89	45.4	28.0	52.2	85.44	64.47	57.87	89.01	81.41	13.15	12.04	51.48	50.0	12.81	21.59	51.09	7.07	37.12	47.93	8.49	29.73	34.53	63.39	15.52	76.9	22.47	73.5	85.59	64.33	22.14	78.75	90.0	49.03	41.59	24.52	10.3	59.68	67.23	73.98	9.49	45.71	43.93	37.34	54.15	67.12	81.32	31.78	87.78	21.47	26.25	18.25	59.41	10.77	69.12	85.87	41.0	52.09	91.83	70.83	13.93	34.93	54.71	80.4	59.54	2.0	71.34	61.55	28.07	88.73	82.22	47.71	71.18	55.36	30.87	76.03	80.06	34.0	37.8	53.24	60.02	80.6	17.03	77.41	62.3	3.16	63.29	30.36	60.13	35.85	52.47	60.83	32.98	43.01	98.74	70.46	48.47	94.58	22.47	79.08	79.93	49.65	31.62	99.86	63.56	20.12	41.05	61.59	
45.88	56.29	85.6	20.1	42.52	75.96	9.0	51.79	41.3	20.02	78.41	64.54	90.43	21.93	42.05	40.02	0.0	83.01	67.8	20.59	33.24	113.23	43.66	59.41	99.76	8.0	83.73	94.94	28.65	57.8	68.6	20.62	54.49	60.54	78.49	40.31	58.69	25.0	92.2	66.1	35.36	3.0	87.82	55.04	53.23	58.52	100.21	66.22	97.51	9.85	18.03	104.29	79.06	76.0	59.68	110.26	16.76	61.85	32.45	76.66	58.94	89.56	26.63	61.0	17.0	66.71	80.0	101.08	71.59	86.12	64.12	66.29	23.77	46.53	21.47	85.91	53.24	68.59	69.18	89.01	92.66	17.49	45.28	18.97	70.29	14.21	28.79	89.45	40.31	67.36	88.02	81.01	26.93	47.0	31.05	62.24	31.02	45.34	16.97	40.05	70.0	28.44	47.43	66.65	62.24	85.44	42.44	86.83	24.76	54.63	73.76	76.55	18.11	85.33	82.38	9.06	2.83	20.52	34.0	26.91	47.01	98.47	40.25	62.27	79.92	22.36	72.07	98.31	69.38	51.22	76.66	56.44	64.01	45.0	25.61	35.01	85.49	86.01	63.41	17.69	82.98	81.32	40.5	63.7	37.85	100.65	82.66	41.98	86.16	54.08	55.23	79.08	101.52	81.4	74.67	30.87	70.52	71.18	91.76	73.39	73.25	85.04	28.28	103.77	24.17	98.01	90.03	39.85	44.6	20.59	81.3	75.03	68.88	91.97	71.01	56.36	92.4	84.86	27.66	88.96	18.03	76.06	68.88	51.2	70.38	92.76	39.82	55.07	64.66	43.97	
55.0	34.89	31.4	65.44	41.79	16.0	75.45	80.4	76.03	101.08	10.3	22.02	13.0	61.72	50.22	46.69	83.01	0.0	31.95	62.43	51.62	46.01	41.04	28.07	30.15	89.94	42.43	55.0	54.38	42.58	32.31	69.89	31.58	22.47	34.83	76.06	30.02	58.18	34.89	93.17	66.48	85.59	93.94	44.01	48.26	52.39	39.85	26.93	53.54	75.13	65.0	44.64	34.06	78.29	40.79	43.05	80.65	21.54	55.36	59.68	57.72	93.15	59.81	73.25	83.82	20.0	80.06	55.07	42.06	66.22	77.88	17.09	99.02	43.83	61.59	67.01	30.0	23.77	80.32	46.86	61.55	65.51	48.17	80.96	28.23	68.96	82.57	77.2	91.35	54.23	85.76	79.65	57.63	49.24	80.06	48.08	59.46	39.22	88.6	51.4	15.03	77.47	38.21	16.97	26.0	38.29	40.71	63.89	59.03	93.26	95.21	53.54	67.01	69.4	94.02	91.3	83.73	63.06	56.73	94.37	90.0	40.85	43.01	41.48	3.16	70.21	41.18	25.0	92.18	39.12	96.14	26.63	42.58	38.48	94.92	56.85	50.21	82.15	32.76	89.54	96.77	59.41	42.54	24.0	79.23	51.88	34.66	45.34	53.76	74.81	30.59	95.27	54.59	8.49	68.43	85.33	21.38	80.99	63.64	18.11	9.85	14.76	93.86	47.76	59.08	49.24	27.73	45.28	86.01	65.92	38.21	16.03	42.95	20.4	42.0	45.54	99.36	53.81	78.64	95.29	67.62	81.02	90.25	60.41	17.09	101.12	90.35	28.02	30.81	84.01	
27.31	44.27	17.8	56.08	27.51	40.36	62.77	50.09	47.8	82.13	21.84	14.42	30.07	46.32	52.01	45.04	67.8	31.95	0.0	49.65	34.99	45.45	39.0	13.15	33.02	72.92	19.0	33.14	43.08	12.65	1.0	49.52	17.03	25.5	11.4	48.08	12.0	44.29	24.41	61.66	40.71	69.66	62.43	53.85	18.97	21.02	32.45	43.57	34.01	58.26	51.11	36.72	11.7	46.53	10.44	42.52	59.67	21.47	35.47	29.0	26.17	61.85	41.23	41.59	62.63	14.87	48.55	37.12	11.4	37.2	46.1	22.02	77.42	47.27	49.19	37.8	29.61	8.6	48.38	25.0	36.06	51.97	23.43	59.2	4.0	54.08	57.71	47.42	63.89	22.36	54.82	48.26	49.34	54.33	54.56	16.28	55.9	25.0	67.62	52.01	19.21	52.84	39.2	29.21	11.7	18.68	30.59	35.51	43.57	63.13	63.32	23.43	56.86	39.7	62.17	74.33	67.48	47.71	54.45	70.83	61.0	30.89	36.35	10.0	29.55	48.92	10.82	33.11	60.42	16.64	64.2	27.2	57.78	27.46	71.87	55.33	24.74	51.22	4.47	68.41	64.88	30.0	32.76	12.53	51.87	35.51	15.23	45.0	27.51	44.0	17.0	63.32	37.22	24.52	36.89	59.93	41.23	49.04	37.16	40.31	25.81	23.09	69.84	36.77	47.93	32.56	22.8	42.11	57.27	47.51	15.13	39.62	11.4	27.51	60.9	15.52	67.96	26.93	54.2	63.81	57.78	49.19	58.46	30.27	36.12	69.64	62.94	27.89	4.0	55.32	
33.06	37.05	67.23	8.25	22.8	55.66	13.45	49.09	38.6	39.56	58.14	44.55	70.18	5.39	25.3	21.02	20.59	62.43	49.65	0.0	14.87	94.58	23.54	39.82	80.43	27.86	67.07	79.56	8.06	41.48	50.54	16.4	34.83	39.96	60.84	37.8	39.41	5.39	73.93	65.22	28.18	23.26	82.64	37.85	38.33	45.04	81.99	46.53	81.61	14.04	3.0	86.35	61.27	68.41	43.01	91.53	23.77	41.4	17.0	64.03	47.1	83.82	12.37	54.08	26.48	46.67	72.28	85.07	55.36	74.01	58.31	45.8	40.01	28.16	1.0	74.0	32.65	49.2	63.32	72.73	78.77	3.16	29.43	25.3	51.62	7.07	32.76	79.51	45.49	54.08	80.52	73.01	8.54	30.68	32.8	47.52	17.03	25.61	30.07	23.41	49.68	29.21	27.46	46.07	42.64	68.03	22.02	74.11	7.0	56.57	71.87	62.51	8.0	74.06	78.29	29.15	21.54	5.0	18.87	38.83	49.58	80.53	19.7	45.88	59.36	18.44	55.66	78.57	67.42	33.11	74.43	35.85	46.87	24.76	38.47	20.25	70.09	77.88	45.18	31.06	79.61	68.18	20.0	43.93	37.48	84.15	64.85	23.02	71.39	48.75	35.47	76.06	85.38	61.07	64.5	35.85	50.45	65.19	78.41	53.16	52.7	65.05	39.29	86.33	4.0	81.34	71.03	20.1	45.97	11.31	64.08	54.71	52.89	72.18	53.76	40.79	87.85	70.21	29.41	83.93	9.0	69.26	66.37	40.61	49.98	88.64	44.65	34.48	46.14	44.55	
20.25	34.18	52.7	22.2	9.85	48.09	27.78	41.87	32.76	49.74	45.79	31.62	57.69	11.4	29.07	21.93	33.24	51.62	34.99	14.87	0.0	80.21	20.12	26.25	66.53	39.2	52.2	64.76	10.2	26.68	35.85	18.44	21.4	29.83	46.07	32.25	25.46	9.49	59.36	58.05	21.1	35.38	72.07	38.83	24.0	31.14	67.42	41.59	66.76	24.21	16.12	71.69	46.53	56.86	28.16	77.2	29.12	30.08	5.83	50.09	33.96	72.9	8.25	43.57	32.28	33.84	60.54	70.21	40.52	60.13	48.26	34.54	47.43	28.6	14.56	60.21	24.02	35.36	53.0	57.87	64.28	17.0	15.0	29.61	37.2	19.21	33.14	66.49	44.38	40.05	68.71	61.1	17.26	33.94	31.58	33.06	26.25	12.53	37.0	27.8	37.59	28.28	23.77	36.67	29.07	53.23	12.0	60.01	8.6	51.97	63.7	48.09	22.56	60.53	68.51	40.61	33.3	12.81	26.4	43.42	46.1	65.86	14.32	31.05	48.47	19.1	40.8	65.12	59.41	18.36	65.95	26.31	47.01	13.34	43.74	27.73	55.32	65.79	30.53	37.95	70.21	54.0	11.18	30.61	33.62	69.29	50.12	23.43	56.72	39.7	22.2	67.01	70.52	48.88	51.66	36.22	44.05	54.71	64.07	46.01	41.79	52.01	43.19	71.55	14.04	66.48	56.85	19.21	42.05	14.32	49.24	47.1	38.08	58.8	53.23	26.17	77.52	55.58	29.15	73.43	23.54	58.14	58.05	28.64	42.11	78.55	43.42	25.18	31.62	40.25	
70.94	78.45	27.66	100.34	71.87	62.01	107.9	87.66	89.04	127.28	41.77	51.48	33.02	91.61	91.39	85.8	113.23	46.01	45.45	94.58	80.21	0.0	79.48	55.07	16.12	118.34	33.12	32.06	87.46	56.59	44.69	94.79	60.03	60.73	35.38	89.59	55.23	89.31	21.21	93.68	84.5	115.11	82.02	88.28	62.37	60.46	13.6	72.25	28.02	103.71	96.26	11.4	34.66	71.2	54.45	3.16	104.66	57.25	80.92	52.2	63.63	80.0	86.68	75.39	107.52	49.77	70.58	26.08	44.41	51.24	78.11	54.12	121.92	85.44	94.03	52.24	68.01	45.65	77.62	30.68	41.01	97.08	68.62	104.0	43.01	99.4	101.21	61.0	104.96	55.01	72.01	69.46	93.06	91.92	97.8	55.22	98.09	69.12	112.49	92.03	49.04	96.67	78.11	59.03	52.35	29.41	73.82	48.26	88.81	99.92	91.78	47.17	101.36	55.23	85.38	119.75	112.93	93.01	96.01	114.63	100.18	16.12	78.72	52.4	47.04	94.05	43.6	21.02	90.71	62.01	91.24	64.51	88.2	70.71	115.88	96.57	36.69	69.07	49.82	113.22	88.36	48.27	76.06	51.43	93.74	23.0	31.14	85.09	39.05	80.96	59.54	88.81	25.08	40.31	61.85	103.0	67.07	77.13	44.01	64.01	50.64	33.54	113.41	15.03	92.44	23.19	23.71	83.38	97.13	92.96	33.6	62.0	47.2	26.17	88.01	58.8	86.02	40.26	98.08	83.01	102.22	74.15	88.77	70.72	62.2	88.02	104.1	65.79	48.6	95.38	
37.54	14.32	54.13	24.7	15.81	32.31	35.34	61.61	52.84	63.06	39.12	28.16	50.8	25.0	13.04	6.32	43.66	41.04	39.0	23.54	20.12	79.48	0.0	26.08	63.98	51.24	58.0	72.06	16.03	37.0	40.0	36.35	22.02	19.42	50.09	52.35	27.0	21.0	60.64	77.62	41.18	46.49	89.4	19.1	37.59	45.18	68.41	23.09	73.01	37.48	26.48	73.25	50.16	73.5	37.36	76.32	46.01	22.36	25.94	62.63	49.4	89.87	26.93	61.62	49.0	29.73	76.85	76.06	48.51	72.42	66.53	26.08	63.29	9.43	22.56	72.73	11.66	34.71	70.94	64.0	73.98	26.68	30.0	47.1	39.2	30.59	52.39	80.62	64.2	52.92	84.72	77.18	17.0	16.16	51.24	44.94	18.87	16.55	53.08	13.04	30.89	47.8	4.0	24.08	28.28	57.22	10.82	71.57	23.09	72.07	82.81	58.94	26.42	73.74	86.56	52.5	44.92	26.02	16.55	61.07	66.21	67.68	5.83	40.26	38.18	37.66	48.37	60.9	78.64	26.57	84.86	15.26	26.93	13.0	61.01	17.09	63.29	81.49	35.06	54.08	88.53	65.52	9.9	28.64	53.71	74.24	53.34	6.0	65.62	58.8	22.0	85.59	76.11	41.62	66.65	55.54	26.93	72.47	74.53	29.73	31.89	47.01	61.2	74.33	19.65	71.25	55.97	4.24	62.17	31.14	54.04	31.38	46.87	54.59	33.11	38.08	95.0	64.78	48.51	90.8	26.93	75.21	77.16	46.1	26.83	96.21	63.25	13.89	35.0	60.37	
27.07	31.38	28.46	45.28	17.03	31.3	53.26	52.95	48.0	75.72	20.25	6.08	31.76	37.48	39.01	32.25	59.41	28.07	13.15	39.82	26.25	55.07	26.08	0.0	40.61	65.44	32.06	46.27	32.45	16.64	14.14	43.42	5.0	13.45	24.02	48.01	2.24	34.71	35.11	66.73	38.47	61.62	71.7	40.8	21.19	26.93	43.08	31.89	47.01	50.45	41.77	47.76	24.08	55.44	15.62	51.97	54.12	10.0	28.65	40.22	32.25	71.51	33.84	47.42	57.25	8.25	58.05	50.01	23.77	49.24	52.33	12.65	72.45	34.13	39.2	49.74	16.49	9.43	55.57	38.05	49.04	42.52	20.1	54.13	13.15	45.25	54.82	58.82	63.29	31.83	65.07	58.0	38.01	41.19	52.17	24.08	43.68	14.21	62.18	39.12	13.04	49.73	26.08	18.87	2.83	31.14	18.79	47.85	34.66	65.62	69.78	35.36	46.32	51.31	70.46	66.84	59.55	38.9	41.98	67.07	62.03	42.06	24.04	17.69	25.02	43.38	23.41	38.9	66.31	11.05	71.12	14.32	45.18	15.65	67.78	42.76	37.85	61.55	9.85	63.06	72.95	42.06	21.02	4.47	51.16	48.17	27.29	32.06	40.52	47.8	4.47	70.83	50.04	23.41	46.67	57.49	30.61	56.6	49.98	30.53	19.1	25.81	66.41	48.51	37.44	45.18	31.38	29.43	58.01	40.22	28.0	30.41	22.83	32.56	48.83	19.24	77.34	39.85	50.96	73.11	47.17	57.8	64.47	33.24	26.08	78.87	62.29	14.87	9.22	56.01	
60.03	62.37	16.76	85.7	57.63	46.1	93.86	80.08	79.71	114.98	25.71	36.36	17.26	77.9	75.61	70.26	99.76	30.15	33.02	80.43	66.53	16.12	63.98	40.61	0.0	105.38	27.0	33.11	73.01	45.28	32.45	82.33	45.61	44.94	25.3	80.11	41.11	75.29	13.04	88.57	73.57	101.83	81.22	72.18	51.48	51.26	12.04	56.14	30.02	90.51	82.33	15.81	24.35	68.07	43.05	13.04	92.62	41.63	67.94	48.01	55.36	79.62	73.55	69.05	95.6	34.48	68.36	30.0	35.44	50.22	72.56	38.28	110.44	69.57	79.81	51.2	52.39	31.24	73.11	27.66	41.79	83.1	56.4	92.2	29.83	85.7	90.55	61.13	95.85	47.85	71.59	67.48	78.23	75.96	87.32	45.88	82.73	54.82	100.6	76.32	33.24	85.76	62.39	42.95	37.8	22.02	59.08	47.3	75.07	92.89	88.02	42.01	86.84	54.13	83.38	106.79	99.7	79.31	80.53	103.77	92.03	14.42	63.63	41.59	31.0	81.84	34.48	5.83	86.21	48.84	88.01	48.85	72.11	56.04	104.85	81.02	33.38	68.25	37.01	101.4	86.37	45.28	61.29	36.62	84.1	26.4	21.59	69.46	36.67	73.5	45.0	86.09	29.21	24.19	58.01	92.66	51.01	73.03	44.6	48.01	34.53	17.46	102.73	19.85	78.01	24.7	10.3	67.98	88.6	79.93	25.32	46.04	37.95	10.05	72.06	47.89	85.91	37.48	87.13	82.38	87.66	71.06	84.21	61.47	46.1	87.86	94.94	50.16	35.47	86.73	
49.24	64.13	90.69	28.07	48.83	83.49	17.0	51.01	41.11	12.04	84.88	70.8	96.83	28.3	50.04	47.85	8.0	89.94	72.92	27.86	39.2	118.34	51.24	65.44	105.38	0.0	87.92	98.41	35.85	62.2	73.66	23.85	60.61	67.54	83.24	40.11	64.54	31.76	97.19	64.13	37.34	5.0	87.09	63.03	57.14	61.72	105.12	73.98	101.21	15.0	25.08	109.02	83.87	76.42	64.2	115.43	16.28	68.6	37.48	79.12	61.47	89.02	31.83	61.52	15.0	73.01	80.4	104.81	75.72	88.23	64.12	73.06	16.64	54.45	28.79	87.93	60.42	74.41	69.07	92.96	95.46	24.7	49.82	18.11	75.66	21.02	27.07	90.61	37.0	70.26	88.2	81.5	34.71	55.0	30.0	65.86	39.01	51.61	12.65	48.04	76.55	28.16	55.08	73.82	68.25	90.0	49.24	89.2	31.06	51.92	72.01	79.62	26.08	87.09	81.3	1.41	6.32	26.93	42.0	21.63	44.38	103.23	47.54	66.61	86.83	25.06	76.28	104.24	67.74	56.57	74.97	63.51	72.01	51.62	20.0	43.01	89.07	86.47	68.62	13.0	81.61	83.93	47.41	69.81	37.0	104.62	87.46	49.82	89.44	54.23	61.4	77.65	105.31	87.92	76.16	28.44	78.16	71.06	94.34	80.96	80.13	91.21	23.32	108.23	31.62	102.08	95.46	47.54	42.58	25.46	85.8	82.54	72.95	97.95	79.01	60.46	91.35	88.1	27.07	88.14	26.02	76.16	67.48	53.49	77.83	91.55	36.69	62.17	70.01	42.3	
39.05	62.59	12.08	74.04	45.89	54.92	79.71	54.63	56.04	95.9	32.65	32.02	34.48	63.16	71.01	64.03	83.73	42.43	19.0	67.07	52.2	33.12	58.0	32.06	27.0	87.92	0.0	14.32	61.13	25.94	18.0	64.07	36.01	43.42	8.54	56.61	31.0	61.68	14.04	61.81	52.35	85.23	54.82	72.37	30.81	27.66	19.7	60.54	15.03	73.93	68.15	22.2	8.94	41.11	24.17	30.87	73.25	39.29	51.43	21.02	30.53	53.45	57.25	42.72	75.93	31.62	41.59	18.25	12.21	24.6	45.89	38.63	89.81	66.19	66.73	25.5	48.37	25.0	46.17	6.0	19.21	69.08	38.47	72.35	19.42	70.68	68.68	35.78	71.87	21.93	45.54	40.79	67.68	73.25	65.19	22.63	74.67	43.57	80.81	71.01	34.44	64.35	58.14	45.69	30.27	5.1	49.37	21.95	60.54	67.07	61.03	15.03	74.63	28.23	56.57	89.31	83.01	64.47	73.33	82.13	67.08	17.0	55.23	21.47	41.11	63.01	11.66	30.41	59.3	34.21	61.01	45.71	75.58	46.27	83.49	74.24	7.81	42.06	23.09	81.47	59.54	18.68	51.48	30.59	60.8	17.09	7.81	64.0	11.4	47.93	36.0	59.14	18.44	33.94	31.02	70.29	57.25	46.04	21.21	55.57	39.96	28.6	80.81	20.52	65.8	14.32	18.68	61.07	64.01	63.13	4.47	54.38	15.0	27.86	78.0	27.46	59.77	11.66	65.76	56.04	75.58	44.1	57.31	37.8	51.88	61.68	71.02	46.53	23.0	62.27	
49.19	76.9	23.6	86.88	59.3	68.48	91.71	59.2	62.97	105.39	45.79	46.32	45.28	75.29	85.09	78.01	94.94	55.0	33.14	79.56	64.76	32.06	72.06	46.27	33.11	98.41	14.32	0.0	74.15	38.08	32.14	74.69	50.04	57.72	22.8	63.7	45.1	74.22	21.4	62.77	61.59	96.18	50.0	86.68	41.79	36.72	21.84	74.67	4.12	85.09	80.36	21.02	23.09	39.56	36.67	31.02	83.01	53.6	63.25	22.2	37.8	48.04	68.95	46.04	85.44	45.88	38.64	7.21	24.33	19.24	47.89	52.81	98.41	80.4	79.31	20.22	62.65	39.29	46.62	8.54	9.06	81.32	50.29	81.84	33.73	82.54	76.84	29.07	77.9	28.6	40.01	37.48	80.89	87.46	73.25	32.7	88.28	57.14	90.14	85.02	48.47	73.01	72.34	59.81	44.55	17.0	63.07	16.28	72.8	70.49	60.17	19.21	87.32	23.19	53.34	99.76	93.94	76.54	87.09	90.14	72.01	18.97	69.03	33.73	54.08	73.36	24.19	38.08	59.46	47.38	59.44	60.02	89.84	60.03	91.68	88.05	9.49	37.01	37.01	90.7	56.32	17.49	65.12	44.91	67.94	9.22	21.02	78.06	9.22	52.63	50.09	56.89	8.06	46.62	30.87	77.99	71.18	45.88	12.04	69.32	53.67	40.46	88.62	17.03	78.64	9.06	28.32	75.0	69.53	74.46	18.68	68.0	26.68	37.64	92.11	38.9	54.15	10.63	74.4	51.01	88.29	42.45	57.58	45.8	65.8	56.14	77.16	60.83	37.12	68.01	
30.36	30.07	60.37	13.0	15.65	47.8	21.26	50.25	40.36	47.43	50.25	36.88	62.29	9.06	20.81	14.87	28.65	54.38	43.08	8.06	10.2	87.46	16.03	32.45	73.01	35.85	61.13	74.15	0.0	36.22	44.01	20.88	27.46	31.91	54.42	39.7	32.25	5.1	67.08	66.53	29.0	31.3	81.84	32.31	34.06	41.3	75.13	39.12	75.93	21.59	10.77	79.62	54.78	66.85	37.48	84.38	30.07	33.42	14.76	60.21	44.15	82.76	12.81	53.24	33.02	38.95	70.58	79.31	49.82	70.26	57.8	37.8	47.27	22.14	7.21	70.35	24.6	41.88	62.65	66.94	74.11	11.18	25.08	31.26	44.72	14.87	37.34	76.69	49.66	50.16	78.77	71.17	7.07	26.08	36.67	43.0	16.16	18.36	37.05	19.21	41.77	33.11	20.02	38.01	35.23	61.68	14.14	70.06	7.62	59.2	72.62	58.01	13.89	70.71	78.03	37.16	29.55	10.0	16.64	45.18	52.7	73.82	11.7	40.45	51.31	22.47	50.01	70.94	68.25	26.93	75.0	27.78	41.11	17.03	45.04	18.03	64.78	75.89	38.63	38.05	79.61	64.03	12.04	36.4	40.22	78.16	58.31	16.76	66.37	48.83	28.02	76.28	79.56	53.15	61.85	40.5	42.76	64.41	74.01	45.35	44.65	57.31	45.4	79.85	5.0	75.29	63.81	13.15	48.83	15.52	57.87	46.84	47.52	64.54	47.8	36.01	87.24	65.28	33.62	83.19	14.76	68.03	67.01	38.63	42.06	88.19	48.75	26.42	39.4	47.2	
14.76	46.04	29.21	48.84	22.2	47.89	53.85	38.01	35.17	70.72	33.06	21.54	42.43	37.34	49.73	42.2	57.8	42.58	12.65	41.48	26.68	56.59	37.0	16.64	45.28	62.2	25.94	38.08	36.22	0.0	13.0	38.42	17.03	29.83	21.21	35.44	14.42	36.14	35.38	50.7	28.3	59.36	55.23	54.59	6.32	10.3	43.14	48.1	40.16	48.02	42.38	46.86	21.93	38.95	2.24	53.81	48.08	26.63	25.5	25.63	15.65	55.15	31.3	31.02	50.93	23.09	41.73	43.66	13.93	35.44	35.85	29.07	65.44	46.24	41.23	35.74	30.81	19.03	38.95	31.38	38.0	43.32	12.53	47.42	16.49	44.78	45.28	43.83	51.24	16.12	49.04	41.77	43.1	53.14	42.06	8.06	51.04	20.62	55.9	49.24	28.16	40.5	38.48	35.51	17.46	27.8	26.68	34.71	34.79	51.0	53.31	22.2	49.24	36.77	53.82	63.6	57.14	38.63	50.25	58.52	48.51	41.11	32.76	4.47	39.81	37.54	14.32	45.69	49.98	10.44	54.56	29.73	60.22	24.04	59.64	51.35	28.64	45.61	10.0	56.64	56.3	28.64	28.44	19.31	39.22	42.95	25.46	42.72	30.15	32.25	17.69	54.2	44.01	36.01	30.61	47.41	47.2	39.96	38.12	47.17	34.79	35.51	57.45	46.04	40.61	40.25	34.99	39.05	44.72	37.22	23.6	47.01	11.4	40.16	64.54	3.0	60.88	29.07	41.88	56.64	50.22	41.23	48.1	18.0	42.72	62.37	50.29	29.83	12.0	42.76	
27.73	45.22	17.03	57.01	28.46	41.04	63.63	50.16	48.08	82.81	22.14	15.26	30.02	47.17	53.01	46.04	68.6	32.31	1.0	50.54	35.85	44.69	40.0	14.14	32.45	73.66	18.0	32.14	44.01	13.0	0.0	50.21	18.03	26.4	10.44	48.38	13.0	45.18	23.6	61.52	41.18	70.43	61.91	54.82	19.31	21.0	31.62	44.42	33.02	59.03	51.97	35.85	10.77	46.07	10.77	41.77	60.31	22.36	36.24	28.32	26.08	61.29	42.01	41.44	63.25	15.62	48.02	36.12	10.63	36.4	45.89	22.8	78.01	48.26	50.09	37.01	30.59	9.22	48.08	24.0	35.11	52.84	24.08	59.82	4.12	54.92	58.18	46.69	64.2	21.93	54.2	47.71	50.29	55.33	55.01	16.12	56.89	25.96	68.25	53.01	19.85	53.34	40.2	30.0	12.65	17.72	31.58	34.67	44.42	63.2	63.06	22.67	57.78	38.95	61.74	75.07	68.25	48.55	55.44	71.34	61.19	30.02	37.34	10.05	29.97	49.58	10.0	32.7	60.21	17.49	63.89	28.16	58.69	28.44	72.4	56.32	23.77	50.61	5.39	69.03	64.47	29.21	33.73	13.42	52.2	34.53	14.32	46.0	26.57	44.01	18.0	62.97	36.22	24.74	36.36	60.37	42.01	48.7	36.25	41.04	26.4	23.02	70.33	35.85	48.85	31.58	22.2	43.1	57.49	48.27	14.14	40.31	10.82	27.2	61.77	15.81	67.42	26.0	54.71	63.29	58.69	48.75	58.25	30.41	36.88	69.12	63.25	28.86	5.0	55.54	
25.5	50.64	67.18	23.43	28.16	66.37	20.4	34.01	23.26	32.65	63.51	49.19	75.18	12.08	41.15	35.74	20.62	69.89	49.52	16.4	18.44	94.79	36.35	43.42	82.33	23.85	64.07	74.69	20.88	38.42	50.21	0.0	38.91	48.27	59.55	22.36	42.19	15.81	73.59	49.74	15.0	21.54	69.12	53.14	33.29	38.08	81.47	59.08	77.41	11.05	14.14	85.28	60.21	56.22	40.46	91.93	10.77	48.38	14.76	56.04	38.33	70.61	10.2	41.3	13.93	51.43	60.21	81.01	51.87	65.51	44.91	52.81	29.15	43.01	17.2	65.31	42.3	51.87	50.01	69.12	72.11	14.87	26.17	11.18	52.5	12.53	16.55	69.12	29.15	46.82	68.36	61.13	24.7	46.52	16.4	42.06	33.42	30.68	18.79	39.36	55.54	12.81	40.31	55.11	46.14	66.22	30.27	66.22	13.34	40.36	56.8	56.08	22.2	64.78	64.2	25.24	19.31	11.66	35.23	25.08	33.24	79.51	31.06	42.8	66.73	2.24	52.43	81.61	52.33	33.6	59.51	44.72	61.98	31.78	25.32	36.62	65.3	66.12	45.34	19.7	65.19	60.73	29.07	47.89	21.4	80.78	63.78	37.64	65.8	34.93	39.81	61.47	81.49	66.64	54.23	19.7	62.03	51.97	71.17	64.2	60.08	69.12	25.0	84.4	19.72	78.23	72.25	33.96	29.73	5.39	62.01	65.38	49.09	75.45	68.68	36.62	74.04	64.47	13.04	70.34	23.02	56.57	51.48	30.59	60.41	74.63	28.3	43.57	46.86	28.43	
24.74	29.15	33.24	40.31	12.04	32.57	48.27	50.96	45.18	71.02	24.6	10.3	36.36	32.56	35.06	28.02	54.49	31.58	17.03	34.83	21.4	60.03	22.02	5.0	45.61	60.61	36.01	50.04	27.46	17.03	18.03	38.91	0.0	13.42	28.28	45.1	5.1	29.73	39.92	65.39	35.06	56.73	72.14	38.08	20.25	26.91	47.93	31.24	51.04	45.61	36.8	52.55	28.44	55.87	16.64	56.94	49.66	11.18	24.17	42.06	32.02	72.14	29.15	46.65	52.8	12.53	58.73	54.15	26.68	51.48	51.62	15.0	68.03	30.59	34.21	51.89	13.89	14.42	55.22	42.01	52.17	37.54	17.12	49.77	17.72	40.31	50.99	60.54	60.03	33.02	66.07	58.8	33.11	37.66	48.51	25.0	39.05	9.22	57.7	35.0	16.76	45.89	22.56	19.92	7.81	35.51	13.93	50.33	29.73	63.35	68.96	37.7	41.34	53.24	70.43	62.01	54.67	33.97	37.48	62.94	59.3	46.82	19.42	19.24	28.44	39.0	26.48	43.84	65.3	8.54	70.49	12.73	43.27	10.77	63.57	38.33	41.3	62.63	13.04	58.6	72.8	44.38	16.16	9.22	48.0	52.47	31.78	28.02	43.74	46.24	1.0	70.46	54.23	27.73	47.63	53.76	30.89	56.4	52.89	31.38	22.09	30.61	62.36	53.16	32.45	49.5	36.36	25.08	55.23	35.51	32.14	31.62	25.3	37.48	47.51	19.1	77.79	42.95	47.07	73.55	42.19	58.05	63.53	31.78	26.93	79.25	59.03	12.81	13.04	53.24	
37.95	19.24	37.0	43.19	20.22	19.42	53.01	64.2	57.87	78.79	19.72	11.4	31.4	39.4	30.68	25.55	60.54	22.47	25.5	39.96	29.83	60.73	19.42	13.45	44.94	67.54	43.42	57.72	31.91	29.83	26.4	48.27	13.42	0.0	34.93	57.71	15.56	35.78	43.1	78.79	47.17	63.13	85.04	29.15	33.62	40.0	50.49	18.44	57.87	52.8	42.54	55.44	34.71	68.77	29.0	57.57	58.94	4.12	34.23	53.6	45.22	84.9	38.08	60.03	62.1	12.04	71.45	60.53	36.72	62.43	65.0	6.71	77.2	24.74	39.12	62.97	7.81	18.44	68.51	49.24	61.47	43.05	30.08	59.44	24.04	46.53	62.13	72.2	72.11	45.28	78.52	71.42	35.38	31.4	60.01	37.48	38.28	18.03	66.76	31.38	11.7	57.08	17.46	7.0	13.89	41.44	18.38	60.9	36.77	76.4	82.37	48.55	44.69	64.64	83.6	68.88	61.29	40.72	35.85	73.16	72.01	50.16	20.62	31.14	19.42	48.84	36.24	41.59	78.71	21.93	83.86	4.24	32.31	16.49	73.55	36.24	49.98	75.01	23.02	67.72	86.02	55.23	20.12	13.0	60.3	58.22	37.34	24.6	52.92	59.62	12.53	83.76	60.41	22.2	60.11	65.07	17.49	69.63	62.65	18.03	12.81	27.73	72.84	57.08	36.62	55.23	37.66	23.6	67.9	43.97	39.05	18.44	36.06	35.34	35.51	32.2	90.69	52.39	58.14	86.45	45.34	71.06	76.94	45.19	13.6	92.2	71.11	5.66	21.95	65.92	
35.61	54.13	8.54	67.42	38.9	46.62	73.82	54.82	54.56	91.93	24.76	23.54	28.46	57.31	63.03	56.22	78.49	34.83	11.4	60.84	46.07	35.38	50.09	24.02	25.3	83.24	8.54	22.8	54.42	21.21	10.44	59.55	28.28	34.93	0.0	55.01	23.19	55.46	14.21	64.03	49.2	80.21	60.17	63.95	27.02	26.0	21.93	52.0	23.09	68.82	62.18	25.81	1.0	45.35	19.1	32.65	69.3	30.81	46.04	25.63	30.08	59.09	51.87	44.18	72.14	23.09	46.49	26.0	10.2	31.4	48.01	30.08	86.56	58.03	60.42	32.2	40.11	16.49	49.16	14.32	27.46	63.06	33.42	68.62	11.05	65.0	66.03	42.44	70.68	23.02	51.43	45.88	60.73	65.07	62.68	20.62	67.27	36.4	77.1	63.13	25.94	61.4	50.01	37.16	22.02	7.28	41.98	29.07	54.59	67.68	64.28	19.31	68.15	34.67	61.13	84.65	78.01	58.67	65.76	79.4	66.73	20.0	47.68	17.03	33.24	58.73	9.22	27.17	62.03	27.73	64.63	37.34	67.05	38.83	80.6	66.61	15.81	47.85	15.81	77.83	64.03	24.7	44.15	22.2	59.06	24.19	4.24	56.08	19.21	48.27	28.16	63.15	26.02	26.4	35.17	67.96	48.76	49.37	29.21	47.17	31.62	21.93	78.24	25.5	59.24	21.21	15.3	53.34	63.32	58.01	4.12	46.04	12.65	23.09	69.46	23.43	65.39	19.1	62.8	61.47	69.08	48.27	60.03	36.25	43.42	67.23	69.78	38.21	15.3	61.47	
21.21	66.21	63.51	45.49	38.9	77.1	42.38	11.7	1.0	43.66	67.48	54.04	77.67	32.65	60.44	53.82	40.31	76.06	48.08	37.8	32.25	89.59	52.35	48.01	80.11	40.11	56.61	63.7	39.7	35.44	48.38	22.36	45.1	57.71	55.01	0.0	46.04	35.36	68.96	27.46	11.18	40.05	47.52	71.02	29.12	29.15	76.01	72.73	67.18	32.28	36.06	78.82	55.9	36.35	37.64	87.13	24.0	56.22	26.42	42.2	26.25	49.25	26.91	21.59	25.18	56.08	40.31	70.72	45.28	50.12	24.02	60.07	35.36	60.75	38.42	49.65	54.12	53.76	29.0	60.31	58.82	36.89	28.02	22.02	51.92	34.89	13.93	50.96	15.81	35.38	48.09	41.44	45.28	65.6	10.44	34.48	54.56	40.26	28.86	58.9	61.03	12.0	55.9	64.63	50.09	60.21	43.08	51.62	32.53	19.72	34.44	44.55	44.42	48.33	42.2	41.19	38.12	32.8	55.87	26.63	14.32	73.5	46.53	38.63	73.03	20.12	46.14	80.99	29.97	37.0	37.16	55.32	79.26	43.01	28.3	57.28	55.17	46.39	45.12	29.12	43.01	47.2	42.95	52.09	4.24	71.45	59.06	55.47	54.49	14.14	46.1	39.22	71.42	70.58	37.16	14.42	74.22	31.0	57.14	75.5	67.01	70.83	25.0	76.84	40.36	69.43	69.86	51.31	10.2	26.63	56.08	76.12	42.54	75.58	85.42	32.57	52.17	53.08	13.04	48.66	45.28	36.06	29.15	18.87	71.2	52.63	14.87	54.57	47.07	8.25	
