140
0.0	16.12	7.0	71.84	85.43	24.35	56.22	55.97	22.09	73.24	62.18	56.94	65.3	47.04	68.68	48.05	61.06	54.04	41.05	29.0	22.02	53.23	53.85	52.5	38.01	37.22	61.13	8.06	35.85	45.31	32.39	58.31	9.22	40.5	29.53	32.25	53.25	24.7	64.5	28.6	62.29	56.22	59.93	74.97	67.9	77.39	50.16	68.62	36.72	70.18	49.16	53.67	47.52	46.07	64.4	79.93	38.28	32.76	57.98	32.57	43.57	65.86	51.86	61.85	39.12	82.62	35.17	29.41	42.43	55.76	14.56	58.25	80.72	62.65	44.42	42.01	45.88	57.27	62.68	32.2	10.2	65.12	47.41	20.0	61.13	56.61	31.83	66.07	55.58	60.17	73.0	85.7	53.24	39.82	32.76	49.04	27.2	29.15	25.63	10.77	60.21	32.0	84.15	28.07	49.82	32.7	76.4	18.11	12.65	47.13	19.1	67.6	85.91	74.33	76.69	42.52	54.74	39.45	37.58	53.24	78.24	45.97	58.22	38.05	4.47	52.63	31.4	53.15	48.51	56.61	4.12	37.2	48.6	5.39	16.03	47.38	48.55	60.01	57.78	70.18	
16.12	0.0	23.09	61.29	74.79	22.47	57.94	45.18	26.91	63.56	47.43	42.64	54.59	48.47	56.22	32.02	46.86	55.03	42.95	19.42	6.08	38.28	37.95	48.0	22.02	30.15	60.21	20.62	31.06	40.01	16.28	42.94	7.0	25.06	15.62	16.12	39.6	32.65	62.51	21.02	51.11	55.11	52.95	63.25	56.3	68.15	49.48	57.14	22.63	59.17	48.51	46.69	31.4	39.32	49.4	68.24	30.41	37.8	43.93	17.0	29.7	57.57	39.2	55.58	25.5	72.07	32.76	17.0	31.3	47.13	16.97	49.04	69.34	47.51	30.41	26.02	30.08	54.15	48.84	19.72	16.12	62.13	32.8	10.0	57.0	40.85	21.84	65.31	53.6	56.0	61.91	74.33	55.15	33.14	26.02	49.04	25.3	29.97	10.63	21.54	49.24	34.0	72.01	31.62	37.01	17.8	66.19	24.08	15.62	43.05	24.76	69.64	74.95	61.85	63.7	30.53	38.64	32.25	32.0	52.17	68.45	34.48	42.11	38.63	18.11	42.54	15.3	52.39	32.57	52.01	12.04	24.41	35.47	14.32	1.0	36.24	40.26	44.01	42.54	56.08	
7.0	23.09	0.0	76.42	89.94	27.46	56.04	60.83	22.56	77.47	68.45	63.06	70.01	47.27	74.03	54.92	67.12	54.23	41.3	34.21	29.02	59.62	60.64	55.04	45.01	41.23	61.98	7.62	39.12	48.37	39.32	64.85	16.12	47.13	35.85	39.2	59.17	23.09	65.73	33.24	67.21	57.27	63.29	79.98	72.92	81.4	51.2	73.59	42.95	74.95	50.22	57.14	54.45	49.65	70.77	84.9	42.52	32.0	64.01	39.29	49.65	69.63	57.43	64.88	45.18	87.11	37.58	35.36	47.63	59.82	17.8	62.48	85.56	69.08	50.54	49.01	52.63	59.14	68.6	38.08	13.45	66.76	53.71	25.94	63.32	63.32	37.01	66.75	57.01	62.39	77.78	90.51	53.04	43.6	36.88	49.82	30.02	30.68	32.28	10.44	65.07	32.76	89.27	28.44	55.47	39.22	80.81	18.68	16.28	49.66	19.65	67.03	90.55	79.65	82.2	48.01	61.66	43.42	41.05	54.34	82.46	51.22	65.19	39.05	6.4	57.28	38.33	54.13	55.32	59.09	11.05	43.05	54.38	10.3	23.02	52.5	52.63	67.01	64.26	76.16	
71.84	61.29	76.42	0.0	13.6	49.58	50.0	16.12	58.01	5.0	28.79	27.29	6.71	47.85	11.66	46.04	25.0	47.04	49.34	43.01	59.62	33.14	42.58	29.61	55.44	35.38	41.3	69.3	38.6	31.3	52.63	35.17	64.9	42.58	46.1	53.6	26.02	63.29	37.85	43.28	10.44	40.0	19.1	7.28	7.28	9.49	41.44	6.32	40.16	3.16	41.59	22.47	49.04	28.3	30.87	10.2	33.94	57.27	25.32	48.08	33.96	12.04	23.54	21.02	37.0	10.82	42.19	44.29	30.02	17.49	58.69	14.42	9.85	32.31	33.73	55.08	43.01	33.0	22.14	41.59	62.97	33.96	34.13	52.7	29.15	40.02	40.22	43.17	37.01	29.07	3.16	14.42	50.09	33.42	39.6	43.57	47.63	49.93	51.48	67.21	12.08	51.0	15.3	54.71	25.71	45.54	5.1	60.44	60.14	32.89	59.82	55.11	14.14	11.66	15.65	30.87	47.85	33.3	36.4	40.11	8.0	26.83	52.63	46.62	70.09	19.21	52.89	41.11	44.05	28.07	68.6	37.16	27.66	66.71	62.18	25.06	24.21	57.01	33.96	22.8	
85.43	74.79	89.94	13.6	0.0	62.94	59.03	29.68	71.06	13.04	38.05	38.21	20.25	58.52	21.1	57.31	35.01	56.52	60.84	56.61	72.92	44.28	53.01	40.72	67.68	48.8	49.37	82.76	51.74	43.83	65.46	45.01	78.49	55.08	59.48	66.41	38.08	76.03	45.1	56.85	23.71	49.24	29.97	13.04	18.97	11.18	51.87	18.03	53.31	15.65	52.2	34.67	60.3	41.23	39.32	9.22	47.42	69.46	36.22	61.1	46.82	22.36	36.4	30.68	50.16	2.83	55.0	57.8	43.57	30.48	72.18	27.59	7.07	41.19	46.49	66.91	54.74	42.45	32.02	55.07	76.49	41.11	46.32	66.29	37.85	50.01	53.82	50.01	46.57	38.08	13.0	5.0	59.67	46.69	53.08	54.08	60.88	62.8	64.85	80.61	25.55	63.51	10.63	67.42	38.63	58.69	9.22	73.66	73.66	44.78	73.0	62.0	2.24	17.12	18.97	44.29	58.01	46.67	49.58	50.0	8.54	40.31	62.2	58.67	83.63	32.8	65.79	50.96	55.33	38.28	82.2	50.54	40.5	80.28	75.66	38.59	37.48	66.37	44.0	29.61	
24.35	22.47	27.46	49.58	62.94	0.0	35.47	34.67	10.05	50.25	47.38	41.44	43.42	26.0	48.76	41.11	44.91	32.57	20.59	12.17	26.08	40.0	44.91	28.16	37.2	14.21	38.21	20.0	11.66	21.02	30.0	46.01	21.02	31.32	20.12	30.61	36.67	17.0	41.0	9.0	41.05	33.14	35.85	53.82	46.87	54.04	27.29	47.43	24.52	48.41	26.31	29.68	42.15	22.2	50.25	58.6	15.81	17.49	41.77	26.42	29.0	42.2	33.53	37.58	25.08	60.11	11.05	17.09	23.09	32.56	9.85	35.36	59.03	49.09	30.0	40.5	37.36	33.24	45.61	18.44	14.32	41.19	34.01	13.6	36.88	46.39	14.0	43.29	32.0	35.9	51.22	63.89	32.7	16.28	10.3	26.68	3.0	7.81	21.26	17.69	38.83	12.04	63.25	11.18	32.02	24.17	53.74	11.18	11.7	22.8	10.77	47.17	63.7	54.2	57.25	24.52	48.08	16.28	13.6	30.15	55.23	26.57	53.14	16.16	21.47	30.81	29.21	30.27	40.52	32.28	22.36	22.02	31.58	18.97	23.41	27.31	25.46	56.46	45.0	53.16	
56.22	57.94	56.04	50.0	59.03	35.47	0.0	44.27	34.13	47.17	65.8	60.37	47.38	9.49	56.89	69.43	61.85	3.61	15.3	43.01	61.27	62.43	70.8	21.84	69.81	33.94	10.3	49.01	29.83	26.08	63.01	68.1	55.79	60.11	52.2	63.82	55.47	33.24	15.26	39.66	48.05	10.0	31.06	57.04	52.47	47.85	10.82	52.35	53.04	51.09	11.4	30.08	71.45	30.02	68.94	60.03	35.38	24.08	59.51	58.41	53.41	38.01	50.54	29.02	51.66	56.72	26.08	48.6	43.6	36.14	42.95	38.83	59.14	68.88	54.2	72.35	65.19	17.0	60.75	48.27	46.53	18.79	58.01	48.75	21.21	70.72	42.64	12.81	13.04	21.1	53.01	62.51	3.0	31.89	35.61	9.9	32.7	28.16	55.23	46.01	46.32	24.52	65.07	28.16	50.61	55.44	51.24	38.12	44.91	21.95	37.12	11.7	60.83	60.3	64.38	46.4	75.43	33.3	30.41	10.44	50.64	44.94	81.06	19.31	52.09	40.85	62.43	9.49	68.12	22.09	55.73	48.8	51.62	51.48	58.87	43.91	34.44	85.15	66.73	66.48	
55.97	45.18	60.83	16.12	29.68	34.67	44.27	0.0	43.83	18.68	22.2	17.69	9.43	39.32	14.56	33.53	18.03	40.8	39.01	27.02	43.66	21.95	31.76	22.47	41.01	20.59	38.08	53.91	24.7	20.0	37.34	26.25	48.83	28.02	30.08	38.33	13.89	49.77	36.4	27.59	6.4	34.93	16.28	19.21	12.21	23.54	33.96	12.81	24.52	14.21	33.73	14.32	36.4	16.03	25.24	24.08	18.87	45.12	16.28	32.56	19.0	15.52	9.49	19.85	21.38	26.93	29.12	28.18	13.89	8.6	43.28	7.21	24.76	25.61	19.03	41.3	29.83	28.65	16.55	25.5	47.42	33.3	20.62	36.62	27.02	30.23	24.21	41.62	31.78	26.4	17.03	29.73	43.42	19.31	24.41	35.69	33.12	36.4	35.47	52.01	4.24	38.33	28.6	41.44	11.18	29.83	21.02	45.79	44.6	23.19	45.28	52.35	30.0	19.7	23.09	14.87	37.12	18.79	22.47	33.84	23.41	10.77	42.54	35.23	54.45	4.12	37.48	34.79	31.62	23.32	52.63	21.19	13.15	50.93	46.07	8.94	11.05	47.01	24.84	22.36	
22.09	26.91	22.56	58.01	71.06	10.05	34.13	43.83	0.0	58.14	57.43	51.48	52.15	25.0	58.18	50.45	54.92	32.0	19.0	22.02	31.89	50.01	54.59	33.29	45.18	23.26	39.46	15.13	19.42	27.59	38.01	56.0	22.83	40.79	29.12	38.47	46.69	7.07	43.17	19.03	50.12	34.71	42.52	62.77	55.95	61.52	28.64	56.44	34.23	57.14	27.66	36.77	51.24	29.83	60.3	67.42	25.08	11.18	51.79	35.11	39.01	49.5	43.42	43.6	35.01	68.25	16.28	26.48	32.98	40.61	10.0	43.6	67.68	59.14	40.01	48.75	46.87	36.77	55.54	28.16	12.65	44.27	44.0	20.59	41.15	56.22	24.02	44.28	34.48	40.25	59.91	72.42	31.14	24.7	19.92	27.29	10.77	8.6	29.07	12.17	47.89	10.2	72.2	6.0	41.98	33.24	61.85	4.0	11.66	28.02	3.0	45.54	72.01	63.51	66.71	34.53	57.49	25.06	21.63	31.78	63.03	36.4	62.36	16.49	18.0	39.82	37.12	31.58	50.01	37.22	21.84	32.0	41.59	17.46	27.66	37.0	33.84	65.46	55.01	63.06	
73.24	63.56	77.47	5.0	13.04	50.25	47.17	18.68	58.14	0.0	33.62	31.78	10.0	45.88	16.64	50.25	29.73	44.41	47.93	44.78	62.3	37.48	47.07	27.86	59.14	36.24	38.01	70.18	38.9	30.81	55.9	39.85	66.73	46.17	48.7	56.89	30.07	63.01	34.23	44.65	14.0	37.22	17.09	11.66	12.08	5.0	39.29	11.18	43.17	8.06	39.56	21.63	53.24	28.32	35.78	13.15	35.0	56.44	29.83	51.2	37.34	9.49	27.07	18.25	40.02	10.3	42.01	46.62	32.31	17.69	59.67	15.0	12.0	37.16	37.22	59.0	47.04	30.27	26.93	44.01	64.03	30.27	38.0	54.59	26.02	44.64	42.06	39.46	34.37	26.08	7.81	15.52	47.52	33.97	40.61	41.48	48.08	49.82	54.08	67.94	15.13	50.48	18.03	54.41	29.15	48.51	4.12	60.83	61.22	31.76	60.14	51.48	14.32	16.4	20.25	33.53	52.39	34.06	36.77	37.66	5.0	29.41	57.28	45.65	71.22	21.02	56.09	38.64	48.26	25.71	70.18	39.85	31.14	68.01	64.47	27.51	24.84	61.68	38.6	27.8	
62.18	47.43	68.45	28.79	38.05	47.38	65.8	22.2	57.43	33.62	0.0	6.0	24.7	59.77	17.46	20.62	4.24	62.24	58.25	35.9	43.28	9.22	15.3	44.29	32.76	36.12	60.21	62.97	41.19	40.16	33.24	7.07	53.34	22.67	32.65	33.97	11.05	64.28	58.6	38.47	21.4	56.82	38.29	25.18	21.54	38.28	55.15	22.47	25.5	25.63	54.78	36.36	23.41	36.06	3.16	29.0	34.13	62.07	6.32	30.61	18.97	35.61	15.52	41.77	23.41	36.22	46.27	33.24	25.02	30.81	53.16	29.07	31.02	3.61	18.03	30.87	19.42	50.77	6.71	30.68	56.3	55.44	14.76	42.54	49.2	12.04	33.54	63.82	53.71	48.6	26.93	35.06	64.62	36.5	38.01	56.65	47.1	52.0	36.89	61.98	21.93	55.08	30.41	57.01	16.12	29.68	33.24	58.05	53.76	44.01	57.87	74.43	37.0	21.0	20.4	23.02	20.02	35.36	39.32	55.46	36.4	22.2	24.19	53.76	62.24	25.06	33.94	56.36	18.79	45.49	58.18	25.96	16.0	58.18	48.01	22.56	31.38	28.44	6.32	9.85	
56.94	42.64	63.06	27.29	38.21	41.44	60.37	17.69	51.48	31.78	6.0	0.0	22.14	54.08	17.12	19.1	4.24	56.8	52.39	30.08	38.9	6.08	15.3	39.12	30.08	30.15	55.22	57.38	35.23	34.54	29.41	8.6	48.26	18.6	27.46	30.23	5.1	58.31	53.91	32.56	18.38	51.62	33.97	25.18	20.1	36.67	49.66	21.1	20.25	24.19	49.24	31.4	22.09	30.46	9.06	29.61	28.16	56.08	2.0	26.17	13.42	32.25	9.85	37.54	17.89	36.06	40.31	27.73	19.03	26.17	47.43	24.84	31.4	8.54	12.53	28.86	16.76	45.8	6.71	25.08	50.7	50.93	9.9	37.12	44.6	13.0	27.66	59.03	48.55	43.93	26.02	35.9	59.09	30.59	32.02	51.08	41.11	46.0	32.02	56.3	18.36	49.09	31.95	51.01	10.2	24.84	32.14	52.17	48.1	38.48	51.97	69.34	37.48	21.84	22.36	17.03	20.62	29.43	33.38	50.12	35.23	16.28	25.63	47.85	56.8	20.0	30.0	51.0	17.12	40.61	53.0	20.25	10.0	52.77	43.28	16.76	25.94	30.08	7.21	13.45	
65.3	54.59	70.01	6.71	20.25	43.42	47.38	9.43	52.15	10.0	24.7	22.14	0.0	44.1	9.85	40.31	20.59	44.18	44.91	36.4	52.92	27.66	37.36	26.0	49.16	29.21	39.56	62.97	32.76	26.25	46.1	30.46	58.25	36.22	39.4	47.07	20.1	57.71	36.77	36.8	4.0	37.48	16.49	10.77	5.1	15.0	38.0	5.0	33.53	5.0	38.01	18.11	43.29	22.85	27.2	15.26	27.66	52.2	20.25	41.48	27.46	11.4	17.12	19.31	30.36	17.49	36.67	37.59	23.32	12.37	52.35	9.22	15.62	28.3	27.29	49.0	37.05	30.59	18.03	34.89	56.57	33.11	28.0	46.04	27.51	35.11	33.6	42.15	34.37	27.2	7.81	20.52	47.1	27.46	33.3	40.01	41.62	44.29	44.78	60.96	5.39	45.69	20.12	49.19	19.24	38.9	11.7	54.41	53.74	28.44	53.82	53.76	20.62	13.0	17.03	24.17	42.72	27.2	30.53	37.12	14.32	20.12	47.76	41.76	63.66	12.73	46.32	38.12	38.33	25.32	62.01	30.46	21.21	60.21	55.47	18.36	18.36	52.2	29.15	20.81	
47.04	48.47	47.27	47.85	58.52	26.0	9.49	39.32	25.0	45.88	59.77	54.08	44.1	0.0	53.01	61.4	56.04	7.0	6.0	34.06	51.88	55.46	63.29	18.25	60.96	25.81	15.23	40.05	21.26	19.65	54.04	61.33	46.32	51.86	43.28	54.82	49.04	25.0	19.72	30.61	44.01	11.4	28.86	54.45	49.04	47.54	6.71	49.09	44.69	48.37	6.32	26.02	63.25	23.77	62.94	58.05	27.46	15.81	53.45	49.58	45.79	36.4	44.27	27.86	43.6	55.97	17.03	39.7	36.24	32.0	33.54	35.01	57.49	62.63	46.65	63.66	57.2	16.64	55.32	39.6	37.22	22.02	50.61	39.36	21.63	63.53	33.94	19.65	12.81	21.1	50.64	61.4	6.71	24.19	26.87	4.47	23.26	18.68	46.04	37.05	42.05	15.13	63.15	19.0	44.01	46.69	50.0	29.0	35.51	16.12	28.0	21.19	60.08	57.08	61.03	38.95	67.68	25.55	22.2	9.22	49.98	38.08	73.24	9.85	43.0	35.51	53.41	8.49	60.22	20.25	46.39	40.61	44.78	42.19	49.4	37.34	28.64	77.2	60.01	61.66	
68.68	56.22	74.03	11.66	21.1	48.76	56.89	14.56	58.18	16.64	17.46	17.12	9.85	53.01	0.0	36.22	14.04	53.6	53.24	39.82	53.54	23.19	32.02	35.23	46.84	34.93	49.34	67.42	39.22	34.23	45.19	24.19	60.83	34.54	40.61	46.1	17.46	64.26	46.62	41.05	9.0	47.07	26.25	8.06	5.0	21.02	47.17	5.66	33.84	8.6	47.1	27.07	39.2	30.41	19.31	12.65	33.11	59.67	15.13	41.18	26.93	21.1	17.03	29.15	30.81	19.0	43.68	39.62	26.4	21.02	56.86	18.11	14.32	20.88	26.42	45.89	33.73	40.26	11.05	36.8	60.8	42.95	25.63	48.8	37.34	29.15	37.01	52.0	43.93	37.0	9.49	18.97	56.44	33.84	38.47	49.09	47.42	50.92	45.8	65.73	11.05	52.89	15.81	55.97	19.21	39.12	15.81	59.94	58.01	37.01	59.48	63.57	20.4	5.66	8.54	26.17	37.12	33.24	37.0	46.53	18.97	22.8	41.59	49.65	67.62	18.68	45.62	47.52	34.23	34.93	65.07	31.89	20.81	63.89	57.01	21.63	25.5	45.89	23.09	11.31	
48.05	32.02	54.92	46.04	57.31	41.11	69.43	33.53	50.45	50.25	20.62	19.1	40.31	61.4	36.22	0.0	22.56	65.86	57.98	29.15	26.57	13.04	6.4	50.61	12.73	35.61	66.71	51.09	40.22	43.86	15.81	13.89	38.83	9.85	21.38	16.16	20.22	57.49	66.61	32.7	36.35	62.29	48.75	44.28	39.0	55.23	58.73	40.0	17.0	43.01	58.05	44.42	3.0	40.46	21.1	48.66	34.06	58.31	21.1	16.0	16.4	49.04	24.04	52.33	17.8	55.15	44.94	24.04	26.25	40.72	43.19	40.5	50.49	18.87	15.81	10.3	4.24	57.8	25.5	22.85	45.0	64.35	13.0	31.06	57.98	9.9	28.18	71.22	59.55	57.14	45.01	54.92	67.48	37.54	34.99	59.55	42.15	47.93	23.02	51.0	35.69	51.89	50.7	52.2	22.47	17.26	51.01	49.65	43.05	48.1	49.82	79.91	56.57	40.79	40.8	23.43	7.07	36.12	39.2	60.11	54.04	26.08	12.08	53.0	49.37	34.01	16.76	60.81	2.0	53.25	43.93	20.81	20.62	45.28	32.28	27.78	37.44	15.81	14.32	30.46	
61.06	46.86	67.12	25.0	35.01	44.91	61.85	18.03	54.92	29.73	4.24	4.24	20.59	56.04	14.04	22.56	0.0	58.31	54.74	33.84	43.14	9.85	18.0	40.25	34.01	33.0	56.08	61.33	38.01	36.4	33.6	10.2	52.43	22.8	31.62	34.41	8.25	61.66	54.41	36.14	17.2	52.77	34.06	22.0	17.72	34.48	51.26	18.68	24.41	21.84	50.92	32.25	25.5	32.28	7.21	26.17	31.0	59.0	3.16	30.41	17.49	31.4	12.04	37.54	21.95	33.02	43.05	31.76	22.09	26.63	51.26	24.84	28.07	7.81	16.64	32.57	20.62	46.65	3.0	29.07	54.63	51.22	14.14	41.18	45.0	15.13	31.32	59.64	49.65	44.41	23.35	32.39	60.75	33.14	35.23	52.81	44.41	49.09	36.24	60.17	17.69	52.0	28.16	54.15	13.04	29.07	29.61	55.79	52.0	40.16	55.54	70.33	34.13	18.25	18.38	20.4	23.09	32.06	36.06	51.48	32.76	19.0	27.66	50.36	60.83	21.02	34.21	52.39	20.62	41.34	57.14	24.17	13.34	56.82	47.51	19.1	27.51	32.02	9.06	9.22	
54.04	55.03	54.23	47.04	56.52	32.57	3.61	40.8	32.0	44.41	62.24	56.8	44.18	7.0	53.6	65.86	58.31	0.0	13.0	39.66	58.18	58.83	67.2	18.44	66.4	30.41	9.22	47.04	26.4	22.47	59.64	64.5	53.15	56.57	48.83	60.46	51.88	31.78	14.14	36.36	44.72	7.28	28.0	54.0	49.25	45.35	7.21	49.16	49.52	48.01	7.81	26.68	67.9	26.42	65.39	57.14	31.83	22.56	55.95	55.0	49.82	35.13	46.96	26.17	48.1	54.13	22.83	45.22	40.0	32.76	40.45	35.51	56.32	65.31	50.61	68.88	61.62	14.14	57.25	44.82	44.18	17.2	54.41	45.69	18.68	67.12	39.2	13.0	10.05	18.44	50.01	59.84	3.16	28.32	32.2	6.4	29.73	25.5	51.97	44.05	42.95	22.09	62.2	26.0	47.01	52.01	48.51	36.0	42.43	18.36	35.0	14.76	58.25	57.14	61.2	42.8	71.84	29.73	26.91	7.07	48.05	41.34	77.47	16.49	50.0	37.34	59.08	6.08	64.54	19.0	53.34	45.25	48.02	49.16	55.97	40.31	30.87	81.57	63.13	63.06	
41.05	42.95	41.3	49.34	60.84	20.59	15.3	39.01	19.0	47.93	58.25	52.39	44.91	6.0	53.24	57.98	54.74	13.0	0.0	29.73	46.65	53.14	60.37	20.12	56.57	22.85	20.88	34.06	17.89	19.03	49.52	59.14	40.52	48.26	38.9	50.25	47.3	19.31	25.08	26.17	44.28	16.55	30.87	55.54	49.65	50.12	10.82	49.82	41.05	49.48	10.0	26.93	59.64	23.0	61.39	59.48	24.7	10.3	51.97	45.28	42.95	38.48	42.76	30.53	40.31	58.18	13.04	35.38	33.84	32.56	27.66	35.69	59.14	60.88	43.86	59.46	53.85	20.52	54.33	35.61	31.26	26.93	47.93	34.13	25.46	60.93	30.0	25.5	17.2	24.76	51.92	63.32	12.37	21.84	23.02	8.94	18.03	13.0	41.23	31.06	42.19	9.22	64.56	13.0	42.2	42.52	52.0	23.0	29.61	16.49	22.0	26.93	62.24	57.71	61.52	36.4	64.5	23.09	19.31	13.89	52.33	36.14	69.97	5.0	37.0	35.0	48.84	13.42	56.94	23.02	40.45	37.22	42.72	36.22	43.86	35.69	28.0	73.78	57.87	61.07	
29.0	19.42	34.21	43.01	56.61	12.17	43.01	27.02	22.02	44.78	35.9	30.08	36.4	34.06	39.82	29.15	33.84	39.66	29.73	0.0	20.1	28.07	32.76	29.27	26.91	11.05	43.08	27.78	13.42	21.21	20.0	34.01	21.95	19.31	9.22	20.81	25.63	29.07	44.64	3.61	33.3	38.08	33.54	45.97	38.9	49.19	33.12	39.62	12.37	41.23	32.25	27.29	30.41	20.02	38.64	50.93	11.05	29.15	30.68	15.56	17.12	38.28	23.32	36.22	13.0	53.82	17.03	5.66	13.45	27.86	17.46	29.97	51.74	37.34	18.11	29.73	25.3	35.9	34.93	6.32	21.1	43.74	22.02	9.85	38.21	34.23	2.83	48.1	36.06	37.22	44.05	56.73	40.61	14.04	7.62	33.29	13.0	18.79	12.65	26.4	31.24	22.83	55.17	23.09	21.47	12.81	47.71	22.2	18.36	24.74	22.09	54.38	57.01	45.45	48.01	13.89	36.06	13.0	13.6	35.34	49.74	17.03	41.23	24.76	27.8	23.85	19.42	35.78	28.46	33.14	25.61	10.05	20.62	24.08	20.4	18.38	20.88	44.72	33.06	42.54	
22.02	6.08	29.02	59.62	72.92	26.08	61.27	43.66	31.89	62.3	43.28	38.9	52.92	51.88	53.54	26.57	43.14	58.18	46.65	20.1	0.0	34.06	32.7	49.37	16.0	31.14	62.64	26.68	32.98	41.3	10.77	38.28	13.04	20.62	13.6	10.44	36.4	38.01	64.54	22.56	49.24	57.57	53.15	60.9	54.12	67.05	52.2	55.01	19.72	57.27	51.26	47.04	25.71	40.01	45.0	65.86	31.02	42.45	40.36	12.73	26.63	57.07	36.72	56.04	22.83	70.26	35.47	16.12	30.08	46.69	22.2	48.27	67.12	43.01	27.2	20.0	25.06	55.9	45.34	18.44	21.93	63.79	29.0	12.53	58.31	35.78	22.0	67.72	55.79	57.31	59.93	72.07	58.59	34.13	27.46	52.0	28.65	33.84	8.25	27.51	47.54	38.01	69.34	36.12	34.48	14.42	64.62	29.41	21.1	44.72	30.0	72.92	72.9	59.08	60.61	28.79	32.98	33.06	33.54	54.71	67.07	32.89	36.22	42.06	24.19	41.48	9.85	55.03	27.31	53.24	18.0	22.47	32.76	20.4	6.0	34.79	40.2	38.0	38.01	52.33	
53.23	38.28	59.62	33.14	44.28	40.0	62.43	21.95	50.01	37.48	9.22	6.08	27.66	55.46	23.19	13.04	9.85	58.83	53.14	28.07	34.06	0.0	9.85	41.87	24.17	30.36	58.14	54.41	35.44	36.36	24.08	6.08	44.29	13.45	23.77	24.84	8.06	57.0	57.28	31.0	23.77	54.2	38.01	31.26	26.02	42.43	51.62	27.02	16.76	30.07	51.11	34.66	16.03	32.45	11.18	35.69	28.46	55.73	8.06	21.4	11.0	37.16	12.81	41.62	15.13	42.11	40.52	24.74	19.31	30.0	44.91	29.15	37.48	9.49	10.0	22.8	10.77	48.84	12.65	22.36	47.8	54.56	6.08	33.84	48.17	8.49	26.0	62.24	51.22	47.42	32.0	41.98	60.9	31.38	31.4	52.84	40.11	45.4	27.78	53.6	23.41	48.84	37.95	50.25	12.04	20.59	38.05	50.25	45.35	40.5	50.16	72.01	43.57	27.89	28.23	16.76	15.23	30.08	33.84	52.43	41.11	17.49	20.59	48.38	53.49	23.43	24.76	53.25	11.05	43.84	49.19	18.03	10.82	49.4	38.83	18.6	28.43	25.06	5.0	18.6	
53.85	37.95	60.64	42.58	53.01	44.91	70.8	31.76	54.59	47.07	15.3	15.3	37.36	63.29	32.02	6.4	18.0	67.2	60.37	32.76	32.7	9.85	0.0	50.91	19.1	37.59	67.18	56.44	42.49	44.82	21.93	8.25	44.64	14.0	26.0	22.36	17.89	61.66	66.6	36.14	33.53	63.03	47.71	40.0	35.36	51.97	60.0	36.35	20.4	39.46	59.41	44.05	8.6	41.11	15.23	44.1	35.85	61.68	17.26	21.38	17.49	47.01	22.47	51.31	20.25	51.01	47.42	28.16	27.2	39.66	48.0	38.95	46.04	13.0	16.64	16.4	8.06	58.0	21.0	26.48	50.16	64.03	12.81	36.06	57.63	3.61	31.32	71.45	60.14	56.85	41.19	50.25	69.07	39.12	37.7	61.03	45.61	51.24	28.44	56.14	33.24	55.03	45.71	55.79	21.4	22.02	47.38	54.15	48.04	49.04	54.23	80.81	52.09	36.12	35.69	24.41	5.39	37.74	41.18	61.07	50.49	26.17	10.82	55.46	54.92	33.02	22.85	61.85	5.39	53.15	49.73	23.41	19.85	50.8	38.28	27.59	37.48	15.26	9.06	25.0	
52.5	48.0	55.04	29.61	40.72	28.16	21.84	22.47	33.29	27.86	44.29	39.12	26.0	18.25	35.23	50.61	40.25	18.44	20.12	29.27	49.37	41.87	50.91	0.0	53.71	18.25	16.28	47.42	17.12	8.06	47.76	47.2	48.51	42.19	37.36	48.7	34.41	36.8	16.12	27.02	26.31	12.53	10.77	36.22	31.02	30.02	12.0	31.0	35.78	30.15	12.04	8.25	53.01	10.3	47.41	39.81	18.68	29.21	38.08	42.72	34.21	18.38	29.41	10.63	33.62	38.08	17.46	33.96	24.41	14.32	37.95	17.12	39.29	47.51	34.83	55.47	46.4	7.21	39.0	32.57	42.38	14.56	38.21	38.0	9.0	50.33	27.66	20.62	9.43	8.0	32.39	43.32	21.21	15.3	22.02	14.04	25.3	24.7	41.77	44.72	24.52	24.08	44.91	28.43	29.83	39.56	31.95	36.72	39.85	5.39	35.85	30.23	42.15	39.0	43.01	27.2	55.9	16.49	16.0	11.4	32.2	24.76	61.55	18.44	49.4	19.24	47.43	12.37	49.04	4.12	50.45	31.3	31.14	47.13	49.0	23.35	13.45	65.86	45.8	44.64	
38.01	22.02	45.01	55.44	67.68	37.2	69.81	41.01	45.18	59.14	32.76	30.08	49.16	60.96	46.84	12.73	34.01	66.4	56.57	26.91	16.0	24.17	19.1	53.71	0.0	36.36	68.96	42.43	40.0	46.07	7.21	26.4	29.02	13.0	17.69	6.71	29.61	51.89	69.78	30.41	45.18	64.14	54.34	54.82	48.84	64.12	59.64	49.82	18.03	52.61	58.82	49.04	10.82	43.46	33.6	59.48	35.36	54.64	31.95	11.4	22.02	56.22	32.06	57.72	20.62	65.31	43.93	21.26	30.08	46.69	36.4	47.27	61.13	31.4	22.0	4.0	13.42	60.84	36.77	21.63	37.11	68.15	21.38	24.6	62.03	22.63	27.2	73.82	61.77	61.1	54.92	65.8	67.48	38.95	34.21	60.0	39.05	44.82	16.12	42.95	44.05	49.04	62.03	48.26	30.02	14.42	60.53	43.46	35.74	50.12	43.86	81.02	67.19	51.87	52.39	27.66	17.89	37.59	39.66	61.59	63.39	31.4	20.4	51.62	40.11	40.31	8.06	62.13	14.21	57.01	34.0	22.47	28.02	36.22	22.0	33.38	41.76	22.0	26.63	42.54	
37.22	30.15	41.23	35.38	48.8	14.21	33.94	20.59	23.26	36.24	36.12	30.15	29.21	25.81	34.93	35.61	33.0	30.41	22.85	11.05	31.14	30.36	37.59	18.25	36.36	0.0	32.65	33.97	5.1	10.2	29.97	36.4	31.62	26.17	19.31	30.87	25.08	29.41	33.84	9.22	26.93	27.78	23.09	39.66	32.76	40.22	23.43	33.29	19.1	34.21	22.67	16.76	37.54	9.22	39.2	44.41	2.0	26.0	30.02	25.06	20.12	28.65	21.02	25.5	17.8	45.97	10.2	15.81	11.18	18.6	23.43	21.26	44.82	38.47	21.02	38.6	31.4	25.0	33.14	14.76	27.8	32.76	25.08	20.22	27.17	38.08	9.49	37.58	25.5	26.17	37.01	49.68	31.89	3.0	4.47	24.04	12.53	16.28	23.54	31.83	24.7	19.0	49.09	21.38	20.02	21.95	39.62	25.24	25.0	13.93	24.7	44.82	49.52	40.25	43.46	13.6	41.88	2.24	3.61	25.24	41.23	14.0	47.43	18.03	35.0	16.64	29.55	25.81	34.41	22.09	34.44	14.87	20.22	31.91	31.14	14.14	11.4	51.4	35.17	40.45	
61.13	60.21	61.98	41.3	49.37	38.21	10.3	38.08	39.46	38.01	60.21	55.22	39.56	15.23	49.34	66.71	56.08	9.22	20.88	43.08	62.64	58.14	67.18	16.28	68.96	32.65	0.0	54.59	29.73	23.02	62.61	63.41	59.21	58.01	51.89	63.51	50.61	40.16	5.0	40.16	40.85	5.1	23.09	48.51	44.64	38.21	11.0	44.38	51.31	42.76	12.0	23.85	69.03	26.25	63.29	51.09	33.62	31.02	54.08	57.71	50.33	29.27	45.61	20.4	49.41	47.17	27.46	48.33	40.46	29.53	47.0	31.78	50.01	63.51	50.99	71.02	62.48	9.43	54.59	47.41	51.04	8.54	54.45	50.45	12.17	66.6	42.05	5.1	7.21	12.37	44.41	53.08	12.04	30.02	35.47	12.17	35.23	32.02	55.71	51.62	39.4	29.27	56.04	33.54	46.1	54.59	42.0	43.42	49.0	18.87	42.43	14.32	51.24	52.17	56.29	43.28	72.14	31.38	29.55	8.06	41.11	41.01	77.79	23.09	57.31	35.23	62.17	8.0	65.19	14.76	60.0	46.87	47.42	56.04	61.19	39.62	29.73	82.07	62.01	59.62	
8.06	20.62	7.62	69.3	82.76	20.0	49.01	53.91	15.13	70.18	62.97	57.38	62.97	40.05	67.42	51.09	61.33	47.04	34.06	27.78	26.68	54.41	56.44	47.42	42.43	33.97	54.59	0.0	31.62	40.82	36.06	59.91	13.93	42.58	30.81	36.12	53.23	16.76	58.25	26.4	60.31	49.82	55.76	73.11	66.07	74.03	43.74	66.71	37.64	67.94	42.76	49.65	51.0	42.2	65.46	77.99	35.36	25.18	58.18	35.13	44.01	62.2	51.11	57.31	39.56	79.93	29.97	29.73	41.05	52.5	10.63	55.23	78.57	63.89	44.94	46.39	48.37	51.55	62.61	32.31	6.71	59.2	48.38	20.62	55.71	58.86	30.53	59.41	49.48	54.78	70.77	83.49	46.01	36.24	29.7	42.43	22.47	23.09	28.07	3.0	58.14	25.32	82.46	21.1	49.24	34.53	73.59	11.18	9.43	42.05	12.17	60.21	83.44	73.01	75.72	41.68	58.03	36.12	33.6	46.87	75.17	44.65	62.03	31.58	3.61	50.25	35.06	46.69	51.24	51.48	10.0	37.16	48.3	6.32	20.88	45.8	45.34	64.28	59.2	70.21	
35.85	31.06	39.12	38.6	51.74	11.66	29.83	24.7	19.42	38.9	41.19	35.23	32.76	21.26	39.22	40.22	38.01	26.4	17.89	13.42	32.98	35.44	42.49	17.12	40.0	5.1	29.73	31.62	0.0	9.49	33.29	41.48	31.4	30.61	22.47	34.13	30.15	25.08	31.58	10.44	30.87	24.7	24.19	43.42	36.67	42.52	19.72	37.12	23.43	37.74	18.87	18.03	42.01	10.63	44.28	48.02	7.07	21.02	35.06	28.6	25.08	30.61	26.0	26.0	22.47	48.92	5.1	18.87	16.28	21.26	21.47	24.21	48.26	43.57	26.0	42.52	36.06	23.09	38.05	18.44	25.94	31.06	30.08	21.1	26.08	43.08	12.81	34.79	22.8	25.08	40.5	53.01	27.59	5.39	5.83	20.0	9.22	11.7	26.0	29.21	28.64	14.04	52.84	16.76	25.08	25.61	42.52	21.93	23.26	12.0	21.26	41.05	52.63	44.38	47.76	18.68	46.65	6.08	2.24	21.93	43.84	19.03	52.15	13.0	33.12	20.62	32.76	22.36	39.12	21.21	33.53	19.42	25.32	30.46	32.06	19.03	14.42	56.04	40.26	45.28	
45.31	40.01	48.37	31.3	43.83	21.02	26.08	20.0	27.59	30.81	40.16	34.54	26.25	19.65	34.23	43.86	36.4	22.47	19.03	21.21	41.3	36.36	44.82	8.06	46.07	10.2	23.02	40.82	9.49	0.0	39.92	42.06	40.79	35.0	29.41	40.85	29.55	32.2	23.77	19.0	25.32	18.44	15.0	37.0	30.81	33.97	15.26	31.05	28.3	31.02	14.76	9.22	46.1	4.12	43.32	41.23	10.77	26.0	33.84	34.93	27.59	21.93	24.7	16.55	26.4	41.05	11.31	25.96	17.69	13.93	30.87	17.09	41.15	43.08	28.32	48.02	39.62	14.87	35.69	24.7	35.34	22.56	32.02	30.02	17.03	44.65	19.65	27.78	15.81	16.03	33.62	45.65	24.6	7.28	14.0	16.55	18.36	19.1	33.73	38.28	23.19	19.72	46.24	23.6	24.6	31.78	34.67	30.61	32.7	4.24	29.83	36.07	44.94	38.83	42.58	20.52	49.58	8.54	8.06	16.28	35.61	18.87	55.23	15.52	42.49	16.03	39.56	17.03	42.43	12.0	43.01	23.85	25.55	39.92	41.01	17.89	9.06	59.41	40.71	42.19	
32.39	16.28	39.32	52.63	65.46	30.0	63.01	37.34	38.01	55.9	33.24	29.41	46.1	54.04	45.19	15.81	33.6	59.64	49.52	20.0	10.77	24.08	21.93	47.76	7.21	29.97	62.61	36.06	33.29	39.92	0.0	27.8	23.19	10.82	10.82	1.0	27.73	44.78	63.69	23.43	42.2	57.71	49.37	52.92	46.49	60.83	53.0	47.43	13.0	50.0	52.15	43.74	15.13	37.64	34.71	57.78	29.15	47.43	31.06	5.1	18.68	52.01	29.12	52.61	16.03	62.94	37.01	14.42	25.08	42.05	29.41	43.01	59.24	32.65	18.97	10.77	14.42	54.78	36.06	15.23	30.41	62.3	19.72	17.46	56.32	25.06	20.59	67.54	55.46	55.36	52.5	64.08	60.61	32.7	27.46	53.25	31.89	37.64	8.94	36.35	40.79	41.87	60.83	41.05	26.93	8.25	57.72	36.4	28.86	43.86	36.77	74.33	65.19	50.54	51.62	23.0	22.36	31.38	33.12	55.07	60.42	27.02	26.0	44.6	34.01	36.01	1.0	55.57	16.55	51.24	28.28	17.12	25.0	30.0	16.49	29.02	36.5	28.28	27.66	42.64	
58.31	42.94	64.85	35.17	45.01	46.01	68.1	26.25	56.0	39.85	7.07	8.6	30.46	61.33	24.19	13.89	10.2	64.5	59.14	34.01	38.28	6.08	8.25	47.2	26.4	36.4	63.41	59.91	41.48	42.06	27.8	0.0	49.24	17.89	29.12	28.43	12.81	63.01	62.29	37.01	26.83	59.64	42.52	32.06	27.89	44.64	57.31	28.86	22.36	32.02	56.82	39.7	16.55	38.08	7.21	36.01	34.48	61.81	10.3	25.94	17.03	40.82	17.8	46.1	21.02	43.1	46.57	30.41	25.3	34.66	50.64	33.42	38.0	5.0	16.03	24.19	13.45	54.04	13.15	28.16	53.37	59.4	12.0	39.29	53.04	5.0	32.02	67.36	56.61	52.35	33.54	42.11	66.65	37.34	37.48	58.59	46.17	51.48	32.7	59.23	26.93	54.92	37.48	56.32	17.49	25.63	39.81	56.14	50.99	46.14	56.08	77.42	44.01	28.02	27.46	22.8	13.0	36.06	39.85	57.98	42.95	23.26	17.46	54.41	58.82	28.32	28.6	58.83	12.21	48.92	54.23	24.0	16.55	54.71	43.42	24.19	33.84	21.84	1.41	16.76	
9.22	7.0	16.12	64.9	78.49	21.02	55.79	48.83	22.83	66.73	53.34	48.26	58.25	46.32	60.83	38.83	52.43	53.15	40.52	21.95	13.04	44.29	44.64	48.51	29.02	31.62	59.21	13.93	31.4	40.79	23.19	49.24	0.0	31.38	20.81	23.09	44.82	27.66	62.01	22.47	55.0	54.15	54.71	67.48	60.44	71.12	48.26	61.22	28.02	63.01	47.27	48.38	38.33	40.8	55.47	72.47	32.31	34.0	49.41	23.41	35.0	60.01	43.84	57.01	30.61	75.72	32.0	21.21	35.0	49.66	13.0	51.88	73.41	53.67	35.81	33.02	36.69	54.08	54.2	24.04	10.63	62.07	38.59	12.21	57.43	47.43	24.7	64.28	53.01	56.44	65.8	78.41	52.89	34.48	27.2	47.52	24.02	27.66	16.55	15.26	53.01	31.32	76.49	28.23	41.73	23.71	69.64	19.42	11.18	43.29	20.25	67.45	78.82	66.48	68.62	34.71	45.54	33.84	32.76	51.16	71.69	38.42	49.09	36.67	11.18	45.79	22.2	51.24	39.29	52.61	5.1	29.0	40.36	7.62	7.07	40.0	42.54	51.01	48.75	61.61	
40.5	25.06	47.13	42.58	55.08	31.32	60.11	28.02	40.79	46.17	22.67	18.6	36.22	51.86	34.54	9.85	22.8	56.57	48.26	19.31	20.62	13.45	14.0	42.19	13.0	26.17	58.01	42.58	30.61	35.0	10.82	17.89	31.38	0.0	12.0	11.66	17.09	47.85	58.31	22.85	32.25	53.41	41.76	42.38	36.14	51.16	49.52	37.11	7.21	39.81	48.8	36.77	11.4	31.91	24.41	47.17	24.76	48.47	20.25	8.06	9.06	43.29	19.1	45.22	8.6	52.63	35.23	14.32	17.89	33.96	34.0	34.37	48.7	22.47	9.0	13.6	6.08	49.4	25.24	13.0	36.22	56.36	8.94	22.09	50.09	16.28	18.36	62.68	50.8	49.19	42.2	53.49	58.05	28.32	25.24	50.21	32.31	38.08	14.87	42.19	31.06	42.05	50.09	42.38	17.03	8.06	47.68	40.2	34.06	39.2	40.31	70.84	54.71	39.81	40.82	15.23	16.76	26.91	29.73	51.09	50.49	18.68	21.93	43.27	41.23	27.46	11.4	51.74	9.22	45.18	36.4	11.31	15.03	37.11	25.55	20.62	29.55	25.55	17.49	31.89	
29.53	15.62	35.85	46.1	59.48	20.12	52.2	30.08	29.12	48.7	32.65	27.46	39.4	43.28	40.61	21.38	31.62	48.83	38.9	9.22	13.6	23.77	26.0	37.36	17.69	19.31	51.89	30.81	22.47	29.41	10.82	29.12	20.81	12.0	0.0	11.66	24.08	36.14	53.14	12.73	35.78	46.96	40.0	47.71	40.82	53.45	42.19	41.68	7.21	43.83	41.34	34.06	22.14	27.46	34.93	52.7	18.68	37.59	28.6	6.4	14.21	43.57	23.6	43.05	9.9	56.8	26.25	3.61	16.49	33.24	22.0	34.71	53.85	33.24	15.0	20.62	18.03	44.27	33.42	5.0	24.33	51.92	17.89	10.2	46.1	28.16	9.85	56.86	44.78	45.12	46.53	58.83	49.82	22.14	16.64	42.44	21.63	27.46	5.39	30.27	34.01	31.62	56.4	31.3	21.4	4.12	51.08	28.28	22.09	33.24	28.44	63.51	59.54	46.23	48.1	15.23	28.44	20.88	22.36	44.29	53.49	19.31	33.24	33.94	29.73	27.89	10.3	44.78	21.1	41.0	25.55	8.94	19.85	25.63	16.4	21.19	27.0	36.4	28.46	40.8	
32.25	16.12	39.2	53.6	66.41	30.61	63.82	38.33	38.47	56.89	33.97	30.23	47.07	54.82	46.1	16.16	34.41	60.46	50.25	20.81	10.44	24.84	22.36	48.7	6.71	30.87	63.51	36.12	34.13	40.85	1.0	28.43	23.09	11.66	11.66	0.0	28.64	45.19	64.62	24.21	43.17	58.59	50.36	53.85	47.43	61.81	53.85	48.38	14.0	50.96	53.0	44.72	15.3	38.6	35.38	58.69	30.08	48.01	31.91	6.08	19.65	53.01	30.08	53.6	17.03	63.89	37.8	15.26	26.08	43.05	29.73	44.01	60.17	33.3	19.92	10.44	15.0	55.71	36.89	16.16	30.59	63.25	20.59	17.89	57.28	25.55	21.47	68.45	56.36	56.32	53.45	65.0	61.4	33.62	28.3	54.08	32.56	38.29	9.43	36.5	41.77	42.52	61.72	41.62	27.89	9.22	58.69	36.77	29.12	44.78	37.16	75.17	66.13	51.43	52.48	24.0	22.56	32.31	34.0	55.95	61.39	28.02	26.02	45.34	34.0	37.01	1.41	56.44	17.0	52.2	28.16	18.11	25.96	30.02	16.28	30.02	37.48	28.16	28.32	43.42	
53.25	39.6	59.17	26.02	38.08	36.67	55.47	13.89	46.69	30.07	11.05	5.1	20.1	49.04	17.46	20.22	8.25	51.88	47.3	25.63	36.4	8.06	17.89	34.41	29.61	25.08	50.61	53.23	30.15	29.55	27.73	12.81	44.82	17.09	24.08	28.64	0.0	53.46	49.52	27.89	16.12	46.87	30.0	25.3	19.24	35.06	44.72	20.22	16.97	23.09	44.28	26.91	23.19	25.5	14.14	30.08	23.09	51.04	5.1	23.85	9.9	29.15	5.0	33.6	14.21	35.69	35.23	23.85	14.0	22.02	43.08	21.1	31.62	13.6	9.22	29.07	17.0	41.23	9.43	21.1	46.52	46.69	8.25	33.29	40.31	16.4	23.09	54.56	43.83	39.6	25.32	36.4	54.13	25.5	27.07	46.1	36.22	41.01	29.0	52.0	15.52	44.05	33.12	46.04	5.1	22.02	31.06	47.54	43.86	33.54	47.3	64.64	37.64	22.83	24.21	12.17	23.26	24.33	28.28	45.28	34.01	11.18	28.65	42.76	52.84	15.56	28.18	46.14	18.25	36.12	49.41	16.12	5.1	48.88	40.31	11.7	21.1	33.12	11.4	17.0	
24.7	32.65	23.09	63.29	76.03	17.0	33.24	49.77	7.07	63.01	64.28	58.31	57.71	25.0	64.26	57.49	61.66	31.78	19.31	29.07	38.01	57.0	61.66	36.8	51.89	29.41	40.16	16.76	25.08	32.2	44.78	63.01	27.66	47.85	36.14	45.19	53.46	0.0	44.38	26.0	55.95	35.85	46.75	68.43	61.74	66.07	29.97	62.17	41.3	62.65	29.07	41.4	58.24	34.99	67.19	72.95	31.32	9.22	58.55	42.06	46.0	54.04	50.01	47.38	42.05	73.24	21.1	33.54	39.62	45.79	15.81	48.88	73.06	66.07	47.0	55.54	53.94	39.12	62.17	35.23	17.03	46.07	51.01	27.31	43.83	63.29	31.0	44.64	36.24	43.01	65.37	77.7	30.27	30.46	26.48	28.23	17.26	13.42	35.85	13.93	53.71	12.73	77.83	8.6	48.66	40.26	66.85	8.6	17.03	31.83	8.06	44.0	77.1	69.46	72.8	41.3	64.54	31.02	27.31	33.11	67.8	42.95	69.38	18.6	20.25	45.69	43.86	32.7	57.07	40.46	25.55	39.01	48.37	21.1	33.3	43.42	39.36	72.42	62.0	69.63	
64.5	62.51	65.73	37.85	45.1	41.0	15.26	36.4	43.17	34.23	58.6	53.91	36.77	19.72	46.62	66.61	54.41	14.14	25.08	44.64	64.54	57.28	66.6	16.12	69.78	33.84	5.0	58.25	31.58	23.77	63.69	62.29	62.01	58.31	53.14	64.62	49.52	44.38	0.0	41.98	38.47	8.54	20.59	45.12	41.79	34.01	14.56	41.44	51.88	39.56	15.52	22.63	69.07	26.42	61.61	47.38	34.54	35.34	52.63	58.69	50.22	25.96	44.55	17.46	49.74	43.01	30.02	49.65	40.5	27.8	50.16	29.68	46.17	62.01	50.8	71.59	62.43	8.94	52.7	48.47	54.33	4.0	54.04	52.61	9.43	65.76	43.32	5.39	9.0	10.0	41.0	49.0	17.03	31.02	37.11	16.16	38.0	35.36	57.28	55.32	37.22	32.98	52.24	37.36	45.28	55.54	38.12	47.07	52.15	19.92	46.1	17.26	47.04	49.04	53.16	43.27	71.7	32.31	31.05	11.4	37.0	40.61	77.34	26.68	60.83	33.97	63.32	11.7	65.0	13.45	63.13	47.41	46.75	59.3	63.51	39.05	29.21	81.69	60.88	57.25	
28.6	21.02	33.24	43.28	56.85	9.0	39.66	27.59	19.03	44.65	38.47	32.56	36.8	30.61	41.05	32.7	36.14	36.36	26.17	3.61	22.56	31.0	36.14	27.02	30.41	9.22	40.16	26.4	10.44	19.0	23.43	37.01	22.47	22.85	12.73	24.21	27.89	26.0	41.98	0.0	33.97	35.11	32.28	46.75	39.7	48.88	29.97	40.36	15.81	41.73	29.07	25.96	34.0	18.44	41.3	51.66	9.85	25.63	32.98	19.1	20.0	37.58	25.08	34.71	16.12	54.04	13.6	9.22	14.76	27.29	15.81	29.68	52.33	40.11	21.0	33.3	28.79	33.38	37.0	9.85	19.85	41.3	25.02	11.05	36.01	37.48	5.0	45.22	33.24	35.01	44.55	57.28	37.2	12.17	5.0	30.02	9.49	15.23	15.65	24.7	31.83	19.24	56.08	19.65	23.41	16.4	47.8	19.65	17.03	22.2	19.42	51.11	57.38	46.62	49.4	15.81	39.56	11.4	11.05	32.31	49.65	18.36	44.78	21.21	26.87	24.08	22.8	32.7	31.95	31.0	25.55	13.04	22.8	23.43	22.02	19.42	20.12	48.3	36.0	44.6	
62.29	51.11	67.21	10.44	23.71	41.05	48.05	6.4	50.12	14.0	21.4	18.38	4.0	44.01	9.0	36.35	17.2	44.72	44.28	33.3	49.24	23.77	33.53	26.31	45.18	26.93	40.85	60.31	30.87	25.32	42.2	26.83	55.0	32.25	35.78	43.17	16.12	55.95	38.47	33.97	0.0	38.33	17.89	12.81	5.83	19.0	38.21	6.4	29.73	8.06	38.12	18.11	39.32	21.59	24.08	17.69	25.24	50.96	16.55	37.64	23.54	14.21	13.15	21.1	26.57	21.02	35.11	34.13	20.0	12.04	49.68	9.22	18.44	25.0	23.35	45.0	33.06	31.62	14.87	31.38	53.81	34.99	24.0	42.8	29.07	31.38	30.48	43.83	35.17	28.64	10.82	23.43	47.52	25.5	30.81	40.11	39.45	42.54	41.15	58.41	2.24	44.27	22.2	47.54	15.3	35.11	15.52	52.15	50.99	28.02	51.62	55.15	23.85	13.6	17.26	20.59	38.9	25.06	28.64	37.66	18.25	16.64	44.01	40.79	60.83	10.3	42.45	38.64	34.37	26.25	58.9	26.83	17.26	57.28	51.97	15.0	16.76	48.47	25.5	18.79	
56.22	55.11	57.27	40.0	49.24	33.14	10.0	34.93	34.71	37.22	56.82	51.62	37.48	11.4	47.07	62.29	52.77	7.28	16.55	38.08	57.57	54.2	63.03	12.53	64.14	27.78	5.1	49.82	24.7	18.44	57.71	59.64	54.15	53.41	46.96	58.59	46.87	35.85	8.54	35.11	38.33	0.0	21.1	47.04	42.58	38.08	6.08	42.43	46.62	41.11	7.07	20.62	64.54	21.93	59.94	50.04	28.84	26.83	50.61	52.84	45.97	28.02	41.88	19.03	44.82	46.87	22.36	43.38	36.07	26.57	42.01	29.12	49.16	60.03	46.67	66.29	58.05	7.0	51.48	42.54	46.1	10.63	50.25	45.35	11.4	62.63	37.12	10.2	3.16	11.18	43.01	52.61	10.44	25.24	30.46	7.62	30.15	27.07	50.7	46.87	36.69	24.52	55.08	28.86	42.2	49.74	41.3	38.64	44.01	14.21	37.66	17.8	50.99	50.36	54.45	38.9	67.9	26.63	24.6	3.0	40.79	36.88	73.55	18.25	52.47	31.76	57.25	3.16	60.83	12.17	55.01	42.2	43.42	51.09	56.09	35.61	25.81	77.78	58.25	56.92	
59.93	52.95	63.29	19.1	29.97	35.85	31.06	16.28	42.52	17.09	38.29	33.97	16.49	28.86	26.25	48.75	34.06	28.0	30.87	33.54	53.15	38.01	47.71	10.77	54.34	23.09	23.09	55.76	24.19	15.0	49.37	42.52	54.71	41.76	40.0	50.36	30.0	46.75	20.59	32.28	17.89	21.1	0.0	26.0	21.59	19.42	22.36	21.38	36.5	20.02	22.56	6.32	51.48	13.93	41.23	29.27	22.56	39.66	32.53	44.28	32.89	7.62	25.24	3.61	33.73	27.31	26.25	37.05	24.33	8.06	45.65	9.22	28.64	41.77	33.24	55.36	44.78	14.14	32.2	35.0	50.12	17.2	35.78	43.17	11.18	46.4	31.26	25.94	18.03	10.77	22.02	32.57	31.02	20.25	27.51	24.52	33.29	33.97	45.04	53.25	16.64	34.06	34.37	38.21	26.42	41.19	21.19	45.61	47.41	15.0	44.82	37.34	31.38	29.27	33.38	26.68	53.0	20.88	22.36	21.02	21.47	23.09	58.52	28.84	57.31	14.76	49.25	22.02	46.96	9.0	57.38	32.25	28.18	54.56	53.94	21.19	13.0	62.97	41.11	36.67	
74.97	63.25	79.98	7.28	13.04	53.82	57.04	19.21	62.77	11.66	25.18	25.18	10.77	54.45	8.06	44.28	22.0	54.0	55.54	45.97	60.9	31.26	40.0	36.22	54.82	39.66	48.51	73.11	43.42	37.0	52.92	32.06	67.48	42.38	47.71	53.85	25.3	68.43	45.12	46.75	12.81	47.04	26.0	0.0	7.07	14.87	48.17	6.4	41.18	6.08	48.26	28.64	47.27	33.62	26.68	5.0	38.01	62.97	23.19	48.75	34.44	19.24	24.19	28.16	38.08	11.05	47.42	46.4	32.56	23.09	62.48	19.92	6.32	28.44	34.01	53.94	41.77	40.05	19.0	43.6	66.6	41.23	33.53	55.32	36.35	37.05	43.14	50.45	44.01	36.22	4.12	11.18	57.01	38.08	43.6	50.25	52.15	55.01	53.0	71.22	15.0	56.46	9.43	59.93	26.42	46.53	9.22	64.9	63.78	39.05	64.35	62.37	12.37	5.0	8.6	32.8	45.04	37.74	41.18	47.01	12.21	29.07	49.37	52.5	73.59	23.02	53.31	48.01	42.3	35.0	71.51	38.83	28.18	70.01	64.07	27.59	29.07	53.6	31.02	17.46	
67.9	56.3	72.92	7.28	18.97	46.87	52.47	12.21	55.95	12.08	21.54	20.1	5.1	49.04	5.0	39.0	17.72	49.25	49.65	38.9	54.12	26.02	35.36	31.02	48.84	32.76	44.64	66.07	36.67	30.81	46.49	27.89	60.44	36.14	40.82	47.43	19.24	61.74	41.79	39.7	5.83	42.58	21.59	7.07	0.0	16.76	43.01	1.0	34.44	4.12	43.0	23.02	42.0	27.2	23.71	12.04	31.06	56.61	18.11	42.15	27.86	16.12	17.46	24.35	31.3	16.49	40.85	39.41	25.5	17.12	55.44	14.04	13.04	25.08	27.51	48.26	36.12	35.69	14.87	36.62	59.55	38.08	27.46	48.27	32.57	32.76	36.07	47.17	39.46	32.28	6.08	18.03	52.15	31.3	36.62	45.0	45.28	48.33	46.14	64.2	8.06	49.98	16.4	53.31	19.7	39.81	12.04	57.98	56.73	33.24	57.45	58.82	18.79	8.06	12.0	25.81	40.61	30.89	34.44	42.19	15.13	22.02	45.35	46.32	66.53	16.12	46.82	43.19	37.0	30.41	64.44	31.91	21.54	62.94	57.14	20.52	22.47	49.73	26.68	16.28	
77.39	68.15	81.4	9.49	11.18	54.04	47.85	23.54	61.52	5.0	38.28	36.67	15.0	47.54	21.02	55.23	34.48	45.35	50.12	49.19	67.05	42.43	51.97	30.02	64.12	40.22	38.21	74.03	42.52	33.97	60.83	44.64	71.12	51.16	53.45	61.81	35.06	66.07	34.01	48.88	19.0	38.08	19.42	14.87	16.76	0.0	40.85	15.81	48.05	12.65	41.23	24.76	58.22	31.89	40.31	14.76	39.12	59.08	34.71	56.09	42.3	12.04	32.06	19.7	44.91	9.0	45.28	51.26	37.0	21.63	63.6	19.24	13.0	41.79	42.19	64.0	52.04	31.32	31.62	48.7	68.01	30.02	43.0	59.03	26.68	49.48	46.52	39.01	35.44	26.93	11.66	15.03	48.51	37.8	44.65	43.08	51.74	53.08	58.82	71.7	20.1	53.41	18.97	57.49	34.13	53.37	5.66	64.38	65.22	34.41	63.66	51.04	13.04	19.85	23.35	38.33	57.27	38.01	40.46	38.9	3.16	34.21	62.1	48.26	75.21	25.63	61.0	39.85	53.24	27.31	74.43	44.64	36.12	72.11	69.08	32.28	28.84	66.48	43.42	31.91	
50.16	49.48	51.2	41.44	51.87	27.29	10.82	33.96	28.64	39.29	55.15	49.66	38.0	6.71	47.17	58.73	51.26	7.21	10.82	33.12	52.2	51.62	60.0	12.0	59.64	23.43	11.0	43.74	19.72	15.26	53.0	57.31	48.26	49.52	42.19	53.85	44.72	29.97	14.56	29.97	38.21	6.08	22.36	48.17	43.01	40.85	0.0	43.0	42.52	42.11	1.0	20.1	60.81	19.24	58.31	51.62	24.76	21.1	48.85	48.26	42.64	29.83	39.81	21.19	41.01	49.34	16.76	38.59	32.8	26.17	36.0	29.07	50.99	58.18	43.42	62.01	54.49	10.0	50.29	38.01	40.05	16.12	47.2	39.85	15.0	59.91	32.45	16.03	6.4	14.42	44.28	54.82	9.49	21.21	25.55	2.24	24.33	21.02	45.62	40.79	36.35	18.44	56.72	22.8	39.82	45.22	43.42	32.56	38.0	11.18	31.58	21.4	53.45	51.0	55.01	35.61	64.66	22.63	20.0	3.16	43.32	34.13	70.29	12.17	46.39	30.36	52.48	3.0	57.38	13.6	49.0	38.21	40.82	45.04	50.45	33.12	23.77	74.41	55.95	56.29	
68.62	57.14	73.59	6.32	18.03	47.43	52.35	12.81	56.44	11.18	22.47	21.1	5.0	49.09	5.66	40.0	18.68	49.16	49.82	39.62	55.01	27.02	36.35	31.0	49.82	33.29	44.38	66.71	37.12	31.05	47.43	28.86	61.22	37.11	41.68	48.38	20.22	62.17	41.44	40.36	6.4	42.43	21.38	6.4	1.0	15.81	43.0	0.0	35.34	3.16	43.01	23.09	43.0	27.51	24.6	11.31	31.62	56.92	19.1	43.08	28.79	15.65	18.38	24.04	32.2	15.52	41.23	40.22	26.25	17.26	56.08	14.14	12.21	26.0	28.46	49.25	37.12	35.51	15.81	37.44	60.21	37.7	28.44	49.04	32.28	33.73	36.8	46.82	39.32	32.02	5.1	17.2	52.09	31.76	37.2	45.01	45.79	48.75	47.01	64.82	8.6	50.33	15.81	53.71	20.62	40.72	11.05	58.52	57.38	33.38	57.98	58.52	17.89	8.0	12.04	26.63	41.59	31.38	34.89	42.11	14.14	22.8	46.32	46.57	67.21	16.64	47.76	43.1	38.0	30.27	65.19	32.76	22.47	63.64	57.98	21.26	22.85	50.7	27.66	16.97	
36.72	22.63	42.95	40.16	53.31	24.52	53.04	24.52	34.23	43.17	25.5	20.25	33.53	44.69	33.84	17.0	24.41	49.52	41.05	12.37	19.72	16.76	20.4	35.78	18.03	19.1	51.31	37.64	23.43	28.3	13.0	22.36	28.02	7.21	7.21	14.0	16.97	41.3	51.88	15.81	29.73	46.62	36.5	41.18	34.44	48.05	42.52	35.34	0.0	37.7	41.77	31.05	18.6	25.5	27.86	46.14	17.8	41.44	21.4	8.06	7.07	39.01	17.0	39.81	3.16	50.7	28.02	8.06	12.17	29.07	28.28	30.02	47.41	26.25	7.81	19.72	13.0	42.94	26.25	6.08	31.05	50.16	10.77	17.09	44.01	22.02	11.18	56.08	44.1	43.08	40.31	52.35	50.93	21.4	18.03	43.14	25.3	31.02	12.04	36.88	28.16	34.93	49.65	35.44	14.76	5.39	45.22	34.0	28.64	32.45	34.01	63.89	53.23	39.41	41.11	10.0	23.77	20.0	22.63	44.2	47.8	14.04	29.07	36.06	36.77	23.02	13.04	44.82	16.16	39.0	32.76	4.47	13.04	32.7	23.35	16.03	23.77	32.76	21.59	33.6	
