190
0.0	21.59	18.25	71.2	67.36	42.94	53.74	59.44	67.12	70.72	9.06	13.15	57.31	67.94	59.94	54.71	66.03	39.01	33.62	57.14	26.25	8.0	64.26	30.46	80.61	15.03	20.4	53.85	55.23	71.59	57.14	24.7	52.0	45.61	54.82	57.14	56.22	39.85	46.69	84.5	65.62	60.67	35.51	30.02	31.4	56.22	63.89	54.38	87.21	15.81	65.19	33.42	5.66	71.51	20.62	54.57	40.85	63.25	14.32	19.1	29.41	63.2	41.79	51.42	52.77	50.45	67.12	58.55	16.12	22.36	74.24	7.07	20.12	76.66	45.61	15.52	72.8	49.34	21.1	68.66	50.33	84.69	80.13	58.82	45.62	77.99	80.78	60.21	77.1	55.32	15.03	13.42	15.13	65.07	78.59	63.16	39.6	56.3	64.08	67.42	53.15	18.11	73.01	47.8	85.63	40.25	53.08	76.42	80.43	28.65	64.85	47.8	55.0	10.3	72.4	27.59	64.5	85.04	61.77	12.17	21.21	58.8	91.84	78.01	27.59	75.69	73.0	54.34	67.42	63.51	33.84	8.94	10.2	82.2	51.04	60.54	81.84	37.8	76.42	53.85	59.91	83.41	60.83	53.49	84.08	6.4	38.05	66.03	65.03	56.04	52.24	54.41	59.44	83.82	36.4	2.83	50.22	12.17	68.24	21.21	61.98	48.55	67.54	14.42	78.1	24.52	71.56	96.83	48.1	50.16	16.49	37.54	70.71	42.43	43.66	50.22	76.16	77.9	77.67	15.13	53.85	61.03	73.41	83.65	5.1	77.1	87.2	35.47	27.86	12.0	
21.59	0.0	22.2	65.49	79.63	52.63	67.6	53.6	88.46	80.72	22.36	10.63	70.49	81.99	68.59	71.78	81.94	40.5	44.94	78.01	40.85	29.43	82.98	24.7	93.74	29.73	41.01	72.57	52.5	74.3	73.74	4.47	43.01	61.47	59.41	54.71	53.45	59.41	50.22	98.98	87.13	56.29	33.54	33.3	36.77	77.65	78.71	71.17	94.49	6.0	83.95	21.0	17.03	85.59	39.96	58.82	59.84	79.31	23.43	12.04	50.96	60.17	49.52	73.01	48.51	55.0	66.85	54.57	15.81	43.93	70.61	18.87	32.7	85.56	67.19	32.02	63.2	70.88	3.0	88.57	69.23	90.8	88.46	78.09	54.56	90.0	73.0	57.28	90.74	75.33	24.17	22.67	25.08	62.64	81.99	70.18	54.13	75.31	70.94	78.1	50.92	26.42	91.21	69.38	98.01	58.46	67.54	76.69	91.68	46.87	82.57	59.91	66.61	31.62	88.77	14.04	73.55	99.13	79.06	25.5	11.66	71.56	101.86	88.62	15.13	88.48	85.21	48.84	58.08	64.85	23.09	29.02	11.4	97.49	49.77	77.49	92.02	25.08	90.21	58.6	79.63	94.37	69.3	45.04	91.55	25.0	59.41	87.28	64.26	75.66	49.65	65.8	81.02	94.18	49.24	24.04	66.48	33.73	78.75	41.18	54.04	36.35	85.07	29.83	77.16	10.44	87.85	107.71	61.77	68.66	27.02	51.43	84.06	39.92	62.8	61.61	75.61	90.21	93.52	36.67	73.55	77.08	91.48	91.44	22.0	89.87	97.74	56.92	23.71	22.14	
18.25	22.2	0.0	52.95	57.43	30.48	45.62	41.23	73.38	58.69	9.85	22.36	48.37	59.94	46.75	50.99	60.41	21.38	22.83	61.61	20.1	21.1	63.2	13.45	71.56	33.24	26.93	53.04	37.05	55.03	52.63	21.93	34.48	40.26	38.91	39.01	38.05	41.44	30.08	76.94	73.16	42.43	17.26	12.65	15.26	63.32	56.86	50.22	73.24	17.69	64.2	19.7	14.04	63.53	37.58	38.48	41.11	57.87	31.14	10.77	41.11	45.04	27.66	60.9	34.53	34.44	49.5	40.31	6.4	33.3	56.08	23.09	12.0	63.78	55.76	33.73	55.04	59.91	24.08	70.06	50.0	69.97	66.84	59.0	32.53	67.8	62.64	42.05	68.6	57.31	5.0	30.15	5.83	47.0	62.39	48.83	32.57	56.01	49.65	55.97	35.01	5.0	70.86	57.98	75.8	39.0	45.69	59.03	69.53	28.28	61.98	37.74	44.41	25.94	67.36	17.03	51.66	77.03	58.25	30.02	12.37	49.4	79.91	66.53	16.12	66.29	63.01	36.14	49.66	46.32	18.87	17.8	17.46	75.64	33.02	56.52	70.01	23.32	68.1	38.01	61.07	72.25	47.51	35.78	70.21	14.76	45.62	71.84	47.27	57.08	34.06	43.6	68.43	72.14	27.31	20.62	45.35	25.0	56.64	37.59	44.01	32.53	64.33	12.53	60.41	31.14	66.41	85.63	39.81	49.04	34.01	29.73	61.91	24.19	44.1	39.41	58.55	68.01	71.87	26.91	55.15	55.66	71.02	70.0	13.6	67.68	75.69	47.51	10.63	6.71	
71.2	65.49	52.95	0.0	60.08	45.97	60.21	12.0	108.98	53.15	62.59	72.0	59.06	67.42	44.38	73.24	74.25	34.01	50.8	96.21	58.31	73.08	86.82	42.01	71.2	86.15	73.79	80.43	17.0	28.0	72.4	61.81	23.09	64.54	31.91	15.81	16.12	77.23	31.89	79.62	111.02	10.77	35.69	42.38	42.95	101.91	68.45	71.85	52.61	65.03	87.66	44.72	66.61	69.57	89.84	31.06	75.01	73.36	83.29	56.0	89.01	10.63	41.77	103.41	18.44	32.65	17.26	13.0	56.22	81.86	8.06	75.43	56.46	52.15	99.86	86.68	13.15	104.04	68.47	97.08	79.4	46.69	52.0	86.4	43.93	64.94	11.31	12.81	71.06	88.62	56.75	82.3	57.01	11.18	33.54	39.85	58.69	83.41	39.56	54.12	19.24	54.12	89.89	101.83	71.34	71.45	62.13	21.84	63.39	67.68	81.99	52.8	52.84	78.16	80.23	51.48	47.13	78.26	78.03	82.73	55.04	58.14	66.19	59.41	50.36	66.71	62.82	17.03	13.04	22.14	42.43	69.26	68.07	81.74	21.95	75.8	60.07	41.23	71.31	32.45	89.81	64.12	44.01	20.88	51.24	67.19	88.23	106.89	15.81	86.68	19.7	51.97	109.22	62.03	53.91	73.55	67.8	76.22	53.85	89.49	12.53	31.78	82.76	61.68	18.79	75.8	79.31	73.25	57.8	77.34	86.47	56.64	66.1	28.86	77.08	51.04	18.97	66.1	81.27	77.25	85.8	72.07	89.44	52.15	66.49	67.47	65.0	94.89	44.1	59.44	
67.36	79.63	57.43	60.08	0.0	27.29	14.32	57.43	59.62	9.43	60.11	77.83	10.3	7.81	16.12	23.19	16.4	44.64	34.83	48.76	41.11	62.43	32.25	60.54	14.32	78.77	52.77	31.58	49.16	34.67	20.4	79.08	64.07	24.35	30.07	48.37	49.25	39.46	36.35	21.21	63.57	53.76	52.5	47.85	43.83	57.27	11.18	22.09	27.46	74.81	32.76	69.64	67.18	9.49	73.82	31.06	36.5	17.0	81.22	67.96	62.1	50.45	31.38	63.29	53.01	32.06	43.08	52.47	63.82	59.24	55.04	74.41	48.1	15.81	63.0	77.18	72.03	66.07	81.4	42.72	33.14	29.15	19.65	35.11	26.0	10.63	70.38	49.82	12.17	40.26	56.08	80.43	55.32	49.04	34.66	20.25	28.02	33.24	20.62	6.4	48.04	53.41	31.83	64.03	18.44	33.96	15.81	43.83	13.42	41.59	26.08	19.85	13.04	66.04	20.81	71.55	13.0	20.62	23.26	78.01	69.12	8.6	25.63	12.17	70.21	8.94	5.66	56.04	69.05	37.95	67.07	59.2	72.92	22.09	46.0	21.54	16.28	70.21	12.04	30.02	38.63	16.55	16.28	63.01	24.74	60.96	53.34	57.38	44.27	37.36	49.01	13.89	65.51	17.72	31.11	67.62	22.2	61.91	7.07	72.09	63.51	70.71	25.61	53.08	48.26	88.09	20.0	29.68	19.42	31.06	82.42	29.83	6.08	50.8	36.12	18.03	46.32	10.63	21.19	60.42	37.85	17.09	31.14	23.54	62.97	10.3	20.62	64.94	59.51	58.8	
42.94	52.63	30.48	45.97	27.29	0.0	18.0	38.59	63.03	28.32	34.67	51.86	19.42	31.05	17.0	28.79	34.0	19.03	9.49	50.25	18.25	39.85	42.72	33.53	41.59	56.3	34.0	34.99	30.23	32.39	28.86	51.87	41.23	18.87	16.16	30.61	30.81	31.62	14.42	47.76	65.07	36.4	26.17	20.62	16.55	56.08	29.15	27.51	44.28	48.1	43.66	42.72	41.62	34.48	54.45	16.55	29.21	32.06	57.25	40.8	47.68	35.36	5.1	58.31	32.2	13.6	33.12	34.41	36.88	42.05	44.41	49.74	22.83	33.84	55.46	55.36	54.92	59.48	54.56	52.33	33.6	42.06	37.22	41.18	3.0	37.44	57.28	33.3	39.0	42.8	29.83	56.36	29.21	35.47	38.0	20.62	12.81	38.08	21.59	25.5	28.3	26.91	47.85	57.25	45.49	25.61	19.1	39.85	39.05	24.52	39.05	9.0	14.32	44.38	41.01	44.28	21.63	47.54	34.93	54.63	41.88	19.92	49.58	36.07	42.95	36.24	32.76	35.34	50.61	27.73	40.26	36.06	46.86	47.3	25.55	32.76	39.62	43.74	38.63	15.23	44.42	41.77	17.89	40.8	41.15	36.67	43.86	60.96	32.45	41.05	28.65	13.42	63.6	41.73	9.22	43.86	22.85	40.79	26.17	53.24	44.29	46.1	40.61	28.64	43.08	61.52	40.01	55.17	13.34	31.62	59.09	11.18	32.31	26.31	31.14	9.49	40.85	37.74	44.41	40.31	40.0	30.15	47.68	40.71	38.08	37.59	45.25	52.63	32.31	32.8	
53.74	67.6	45.62	60.21	14.32	18.0	0.0	54.78	51.04	21.02	47.01	64.82	4.12	14.42	18.03	13.45	16.0	37.01	22.85	38.95	27.66	48.41	26.63	50.99	26.87	64.64	38.47	21.63	46.24	39.41	12.21	67.54	58.86	10.2	28.3	46.1	46.62	26.0	31.05	31.38	54.2	51.89	44.1	37.85	33.73	46.62	11.4	12.04	40.01	62.43	27.46	60.21	54.04	18.03	59.51	29.15	23.0	14.14	67.36	56.36	48.05	49.74	23.02	51.42	49.04	28.23	44.69	50.16	51.88	44.94	56.85	60.81	35.23	28.02	50.36	62.97	70.68	53.76	69.12	37.01	21.93	40.31	32.02	26.91	18.25	24.7	71.28	48.3	23.43	30.53	43.57	66.6	42.72	49.09	42.05	23.85	14.14	24.21	24.7	17.03	44.6	41.18	30.36	51.62	32.02	20.1	2.24	48.41	27.73	27.29	21.93	9.0	7.81	51.87	23.02	61.03	18.97	31.62	17.89	64.03	57.78	6.08	39.92	26.25	59.77	22.02	19.72	52.2	66.85	39.05	57.87	45.34	60.0	30.08	42.06	15.65	30.36	61.52	22.8	27.78	30.48	30.87	18.87	58.25	37.0	47.38	40.0	48.83	45.0	28.02	45.22	8.49	54.78	31.95	18.36	53.81	9.49	47.71	18.03	57.78	60.75	64.07	23.09	39.7	52.5	75.45	22.02	43.91	5.83	19.7	68.41	16.4	16.97	44.18	23.19	9.49	50.33	24.41	26.68	46.14	27.78	12.37	30.08	36.01	49.58	23.43	34.93	51.24	49.48	46.04	
59.44	53.6	41.23	12.0	57.43	38.59	54.78	0.0	101.21	52.01	50.96	60.0	54.41	64.13	41.3	67.08	69.92	23.6	41.73	88.41	48.41	61.68	80.96	30.02	70.01	74.33	63.29	73.57	8.54	30.46	66.71	50.01	12.21	57.45	27.46	9.06	8.25	68.68	24.19	78.1	102.83	4.47	24.04	31.3	32.45	93.43	64.29	65.74	55.71	53.04	81.86	32.98	54.74	66.75	78.43	26.48	66.71	68.62	71.34	44.0	78.55	9.43	33.84	94.18	7.21	26.57	19.24	5.0	44.28	71.2	17.46	63.51	45.65	52.61	90.27	74.95	16.4	94.49	56.57	90.82	72.11	50.16	53.37	79.76	37.12	64.01	21.54	8.25	69.18	81.27	45.22	70.35	45.54	12.21	37.59	38.0	50.8	76.66	38.01	52.09	10.3	42.72	85.09	92.31	71.18	63.25	56.46	27.66	63.2	58.14	76.69	46.52	48.08	66.73	76.4	39.62	45.04	77.03	72.62	70.86	43.05	53.85	68.15	59.21	38.47	65.07	61.07	5.1	12.08	21.59	30.59	57.94	56.08	79.51	13.04	70.38	60.67	29.73	69.26	27.66	83.01	64.5	41.19	10.0	53.76	55.66	78.75	99.2	16.55	79.61	10.0	47.13	100.41	62.8	45.45	61.85	61.29	65.0	52.04	78.19	6.08	21.4	77.83	50.57	26.25	63.95	75.43	75.19	51.43	70.18	74.55	48.41	63.51	17.46	69.03	45.31	25.46	65.0	78.26	66.21	78.49	67.07	84.76	54.41	54.82	66.03	66.1	84.6	32.14	47.8	
67.12	88.46	73.38	108.98	59.62	63.03	51.04	101.21	0.0	68.94	67.27	80.02	53.85	52.81	69.07	37.74	43.97	78.77	59.91	12.81	55.46	59.14	27.89	85.23	61.81	66.91	47.68	29.41	93.09	90.44	39.82	90.93	101.36	44.55	77.83	93.61	93.72	33.12	77.34	58.03	5.39	99.36	82.76	74.24	71.2	11.05	48.47	39.12	86.65	82.49	27.66	92.97	71.45	53.85	55.32	78.52	34.67	42.72	73.55	82.0	39.32	98.35	67.48	18.79	94.4	76.38	94.92	97.31	77.13	45.0	106.83	72.01	62.03	75.39	24.35	63.95	117.61	22.83	88.2	19.0	29.73	88.77	79.12	24.6	65.07	65.0	120.28	96.33	58.05	20.62	68.68	73.44	67.72	98.29	92.78	74.89	50.45	26.93	75.72	65.31	91.05	68.62	33.0	22.85	67.6	38.01	48.83	99.4	69.12	45.69	34.21	56.64	58.82	58.01	43.42	89.99	69.46	60.07	36.4	69.46	84.17	55.57	80.23	70.21	89.29	60.88	61.98	97.42	113.0	89.27	91.76	59.54	77.23	53.01	88.24	38.08	73.76	96.21	57.07	77.1	21.02	71.81	69.89	101.55	84.15	63.64	29.07	2.24	94.79	23.02	91.21	59.41	12.73	74.22	55.8	65.03	42.01	55.04	66.21	53.15	106.61	103.32	35.69	61.13	103.41	91.01	43.57	80.31	51.74	31.89	72.01	52.8	56.61	86.28	32.2	58.9	101.21	63.79	48.09	52.04	23.43	42.54	34.0	82.87	66.61	61.61	75.5	35.17	82.64	68.88	
70.72	80.72	58.69	53.15	9.43	28.32	21.02	52.01	68.94	0.0	62.8	80.16	17.0	17.03	12.53	32.02	25.81	42.94	37.2	57.87	44.78	66.65	41.68	59.68	18.11	83.19	58.19	40.52	44.18	26.4	29.41	79.65	60.02	31.14	25.71	43.05	44.1	47.01	33.62	26.48	72.8	48.01	51.0	47.8	44.05	66.22	20.59	30.81	19.0	76.37	42.19	68.48	69.81	17.8	79.38	26.68	44.01	26.42	84.91	68.77	68.88	44.18	31.24	71.85	48.51	28.79	35.9	47.01	65.07	65.25	47.43	77.67	50.8	7.0	71.18	81.86	65.62	74.43	82.76	52.15	41.77	19.92	11.0	44.38	26.17	12.0	62.94	44.01	18.03	49.34	58.14	84.06	57.49	42.43	25.5	14.04	32.89	42.38	14.0	4.0	43.42	55.23	41.04	72.34	19.42	41.11	23.0	35.36	11.7	47.13	35.51	23.26	16.16	70.68	29.73	71.28	7.62	25.18	32.65	81.99	69.66	15.0	21.26	8.06	69.89	13.6	9.85	51.35	63.13	31.26	65.76	63.13	75.17	28.79	41.77	30.87	11.31	68.45	18.38	25.96	47.93	13.89	12.08	58.69	16.03	64.35	61.01	66.71	37.48	46.49	44.55	16.55	74.46	13.45	34.48	71.34	30.07	66.71	3.0	77.79	58.0	67.45	35.0	56.3	39.82	89.81	29.0	27.02	24.74	39.62	86.45	34.01	14.21	48.1	44.05	20.59	38.01	13.04	29.15	65.55	46.84	26.4	40.31	15.0	66.03	14.32	17.03	72.25	59.08	61.07	
9.06	22.36	9.85	62.59	60.11	34.67	47.01	50.96	67.27	62.8	0.0	17.8	50.33	61.4	51.62	49.77	60.42	30.0	25.61	56.22	19.42	11.4	60.64	23.02	73.76	24.0	19.65	50.22	46.39	62.59	51.89	24.0	44.29	39.82	45.88	48.26	47.38	37.12	37.66	78.24	66.48	51.97	26.93	21.0	22.36	56.75	57.69	49.24	78.77	16.49	61.61	27.8	7.07	65.0	27.73	45.61	37.48	57.71	23.09	14.87	32.45	54.33	33.11	53.31	44.15	41.48	58.08	49.82	10.3	24.7	65.38	15.23	12.04	68.51	47.85	24.19	64.88	51.88	23.09	66.27	46.87	76.06	71.87	55.73	37.22	70.71	72.42	51.35	70.43	53.08	6.0	22.14	6.08	56.14	69.64	54.56	33.02	52.95	55.46	59.67	44.28	9.06	68.96	50.09	78.52	36.14	46.62	67.36	72.92	24.52	60.41	40.31	47.42	16.12	67.08	23.26	56.3	78.6	57.01	21.21	17.09	51.66	84.02	70.29	22.83	68.68	65.76	45.88	59.51	54.45	27.59	8.6	13.04	76.32	42.11	55.54	74.03	31.89	69.81	44.92	57.31	75.82	52.48	45.62	75.66	5.0	38.6	65.92	56.01	53.34	43.42	46.75	61.1	76.06	29.0	11.05	44.72	15.56	60.44	27.78	53.85	41.87	62.97	7.62	69.07	28.65	66.19	89.27	41.23	46.32	25.5	30.61	63.89	33.73	40.45	42.52	67.12	70.72	72.07	17.8	51.24	55.47	69.26	75.29	4.0	70.09	79.51	38.83	20.25	3.16	
13.15	10.63	22.36	72.0	77.83	51.86	64.82	60.0	80.02	80.16	17.8	0.0	68.12	79.2	68.6	67.08	78.03	43.32	43.14	70.26	37.2	21.1	77.16	30.02	91.55	19.1	33.54	66.73	57.56	77.25	69.35	14.87	50.49	57.45	61.27	59.68	58.55	52.89	52.39	96.02	78.31	62.13	37.66	34.93	37.59	69.07	75.45	66.65	95.41	7.28	78.11	29.12	10.82	82.8	29.53	60.84	53.76	75.29	13.04	16.0	41.59	65.49	49.65	63.79	54.15	56.8	71.06	60.21	16.76	35.06	76.32	8.54	29.73	85.6	57.87	21.4	71.2	61.39	8.94	81.79	63.25	92.28	88.81	71.84	54.2	88.41	80.4	62.51	88.24	68.45	22.02	12.21	22.67	67.74	84.69	71.02	50.8	69.26	71.87	77.16	55.73	25.0	85.8	60.02	96.26	52.92	64.4	80.78	90.52	41.23	77.47	58.0	65.05	22.2	84.6	22.14	73.41	96.4	74.25	14.87	17.12	69.43	101.41	87.78	22.8	86.45	83.49	55.01	65.92	68.31	30.59	21.84	5.0	94.03	54.13	72.9	91.44	33.53	87.62	60.37	73.01	93.38	69.4	52.35	92.36	18.38	51.0	79.0	68.66	69.12	54.59	64.35	71.85	93.51	46.75	15.0	62.27	25.0	77.9	30.87	61.29	44.92	80.11	25.24	81.79	11.4	83.73	106.83	59.03	62.97	16.64	48.41	81.69	44.55	56.61	60.11	80.05	88.46	89.69	28.0	66.94	73.06	86.16	92.09	15.65	87.86	97.0	47.3	28.16	19.1	
57.31	70.49	48.37	59.06	10.3	19.42	4.12	54.41	53.85	17.0	50.33	68.12	0.0	11.7	15.56	16.12	15.52	38.12	25.55	42.05	31.11	52.2	28.32	52.89	23.43	68.51	42.49	24.6	45.88	36.88	14.21	70.24	59.3	14.32	27.31	45.54	46.17	30.02	31.26	28.64	57.25	51.26	45.54	39.85	35.74	49.98	10.05	14.76	36.0	65.46	29.07	62.1	57.38	15.23	63.56	28.23	27.02	14.32	71.06	59.06	52.17	48.75	24.19	55.11	49.03	27.89	43.01	49.65	54.71	49.04	55.22	64.38	38.42	24.0	54.23	66.89	70.01	57.56	72.11	38.9	25.3	36.5	28.0	29.41	19.03	20.81	69.97	47.54	20.25	33.54	46.62	70.29	45.8	47.89	38.95	21.26	17.8	26.93	22.02	13.0	44.38	44.1	30.87	55.44	28.32	24.19	6.0	46.01	23.71	31.3	23.02	10.77	6.32	55.76	22.2	63.32	15.65	28.65	19.21	67.8	60.37	2.0	35.85	22.14	62.03	18.38	15.81	52.17	66.41	37.44	59.67	49.04	63.25	27.89	41.98	17.03	26.25	63.15	19.72	26.93	33.02	26.83	16.28	58.55	33.02	50.93	44.01	51.62	43.57	30.89	45.12	7.28	58.19	27.86	21.4	57.49	13.15	51.62	14.0	61.85	60.44	65.01	23.71	43.14	50.21	78.6	21.21	39.96	9.22	23.09	72.2	19.8	13.6	45.0	27.07	10.05	48.08	20.62	25.08	50.12	30.87	13.04	30.46	32.0	53.04	19.8	30.87	55.33	51.55	49.2	
67.94	81.99	59.94	67.42	7.81	31.05	14.42	64.13	52.81	17.03	61.4	79.2	11.7	0.0	23.09	18.25	8.94	49.5	37.12	42.58	42.01	62.29	25.08	64.56	13.04	78.24	51.61	26.0	55.73	42.44	15.13	81.84	70.03	22.8	36.67	55.11	55.9	36.06	42.0	17.0	57.01	60.64	57.07	51.55	47.43	51.35	5.1	17.46	33.84	76.85	25.5	73.76	68.41	3.61	72.2	37.66	33.24	10.2	81.34	70.66	59.24	57.57	35.69	58.0	59.3	38.12	50.57	59.23	66.24	57.31	62.61	75.01	49.65	22.83	58.31	76.4	79.12	61.07	83.53	35.36	28.16	36.24	26.4	28.64	30.41	13.04	77.88	56.75	9.22	34.23	57.98	80.62	57.14	56.3	42.43	27.73	28.43	27.17	28.18	14.21	54.45	55.57	24.04	59.14	18.79	31.3	14.87	51.61	17.0	40.61	18.79	22.47	17.12	65.44	13.04	75.03	20.59	17.2	16.49	77.9	72.01	11.18	29.15	17.46	73.74	9.22	9.22	62.39	75.93	45.31	71.31	59.4	74.4	16.28	52.24	15.13	21.21	74.73	8.49	36.5	32.02	20.02	23.41	69.12	31.38	61.62	49.48	50.6	51.62	31.26	55.33	18.11	59.54	22.02	32.76	67.88	19.24	61.22	14.87	70.33	70.21	76.16	18.03	54.04	56.04	89.87	12.21	31.62	20.25	26.31	82.22	30.81	4.0	56.14	32.28	21.59	54.08	12.17	14.14	59.41	32.06	11.0	23.35	30.08	63.89	10.44	24.08	61.4	63.25	60.46	
59.94	68.59	46.75	44.38	16.12	17.0	18.03	41.3	69.07	12.53	51.62	68.6	15.56	23.09	0.0	31.4	30.02	30.41	26.4	56.94	34.79	56.65	43.86	47.17	29.27	73.16	49.65	39.66	33.06	21.4	29.73	67.36	48.26	26.25	14.0	32.25	33.14	42.2	21.19	37.01	72.2	37.66	38.47	35.47	31.83	64.4	24.19	30.0	27.31	64.44	44.6	55.95	58.52	25.5	70.61	15.0	39.29	29.41	74.24	56.59	62.0	34.48	19.1	68.62	37.01	16.49	27.78	36.35	53.08	57.31	39.96	66.73	39.82	17.03	66.94	72.11	56.04	70.6	70.72	54.45	39.82	25.5	20.25	44.82	14.42	23.77	55.01	33.73	28.0	48.55	46.62	73.36	46.04	33.24	24.35	5.83	25.0	42.2	6.71	11.18	32.0	43.6	45.79	68.41	31.62	35.9	20.25	30.48	24.17	39.12	38.42	15.03	10.3	61.03	35.85	58.82	5.0	36.12	34.71	71.59	57.38	14.21	33.3	20.59	57.43	24.08	20.1	40.0	52.95	22.36	53.24	52.92	63.6	38.21	30.07	32.56	23.6	55.95	28.02	14.04	48.41	26.42	1.0	47.1	24.17	53.67	55.9	66.85	28.64	46.04	33.02	9.85	72.5	25.81	24.74	60.84	27.29	57.28	11.4	69.23	47.38	55.32	38.83	45.62	34.66	77.9	34.93	39.41	18.68	37.59	76.06	25.18	22.2	35.74	40.16	12.04	32.53	24.52	37.11	56.52	45.79	28.43	45.28	23.71	55.07	25.18	29.41	66.19	46.62	49.65	
54.71	71.78	50.99	73.24	23.19	28.79	13.45	67.08	37.74	32.02	49.77	67.08	16.12	18.25	31.4	0.0	12.21	47.3	30.02	26.0	31.05	48.01	13.93	59.0	30.68	62.97	36.12	8.54	58.59	52.8	3.16	72.53	69.92	11.0	41.4	58.67	59.06	18.36	42.95	31.62	41.15	64.5	53.46	46.04	42.11	34.21	13.15	1.41	50.64	66.13	14.87	68.03	56.36	20.88	55.61	42.2	15.81	9.43	67.01	61.61	41.59	62.68	33.84	40.11	60.93	40.82	58.05	62.65	56.75	40.61	70.18	61.59	39.29	38.83	40.11	60.81	83.24	43.0	72.8	23.85	10.0	51.92	42.76	13.45	29.97	31.26	84.4	61.06	26.57	17.46	47.8	66.4	46.84	62.2	55.07	37.2	19.0	10.82	38.01	28.16	56.8	46.1	20.02	41.01	36.69	14.87	11.31	61.85	35.13	26.08	11.05	20.59	21.26	50.33	17.8	67.6	31.76	32.76	7.28	63.25	63.35	17.89	47.38	35.01	66.48	27.46	27.02	64.08	79.16	52.4	66.0	45.79	62.65	28.32	54.13	5.83	39.0	70.03	25.63	40.8	17.03	38.21	32.2	69.57	47.85	48.76	31.32	35.51	58.26	14.76	57.27	21.93	42.45	40.05	25.02	54.08	6.08	46.1	29.12	53.6	72.92	74.15	13.34	42.15	65.95	78.29	17.03	49.73	15.65	8.06	67.36	22.0	22.2	54.82	14.32	22.2	63.78	30.41	23.35	43.86	14.87	7.62	20.1	46.69	51.43	28.64	42.3	43.32	57.04	49.65	
66.03	81.94	60.41	74.25	16.4	34.0	16.0	69.92	43.97	25.81	60.42	78.03	15.52	8.94	30.02	12.21	0.0	53.01	38.08	34.13	41.15	59.67	16.16	66.75	19.24	74.95	48.08	18.44	61.4	50.45	9.22	82.28	74.67	20.59	42.72	61.03	61.68	30.53	46.69	19.42	48.27	66.73	60.07	53.6	49.5	43.05	5.83	12.04	42.72	76.49	16.55	75.95	67.23	10.05	67.8	43.66	28.02	2.83	78.75	71.17	53.71	64.08	39.01	50.16	64.54	43.42	57.8	65.15	66.48	52.8	69.97	73.01	49.24	31.76	50.99	72.86	85.44	53.46	83.19	26.42	21.19	45.18	35.34	20.1	34.13	21.21	85.0	62.97	15.13	26.0	57.78	78.1	56.86	63.07	50.99	35.23	27.86	19.03	35.81	22.67	59.91	55.71	15.81	51.62	25.32	26.91	15.13	59.67	25.32	37.64	9.85	25.0	21.84	62.24	7.07	76.4	28.43	20.59	8.0	75.07	72.73	16.16	37.01	26.25	75.19	17.12	18.03	67.68	81.91	52.35	73.68	57.2	73.43	16.28	57.49	7.28	29.83	77.41	14.14	42.38	23.35	28.16	30.53	73.98	40.31	59.91	43.08	41.76	58.59	23.0	60.64	22.8	51.16	30.41	33.24	65.6	15.81	58.0	23.43	65.8	75.96	80.06	9.22	52.84	64.03	89.07	6.08	38.47	21.21	19.7	79.25	30.68	12.65	60.13	26.42	25.18	62.01	20.1	11.66	55.87	24.08	5.0	15.26	39.0	62.43	18.03	32.06	55.15	65.12	59.93	
39.01	40.5	21.38	34.01	44.64	19.03	37.01	23.6	78.77	42.94	30.0	43.32	38.12	49.5	30.41	47.3	53.01	0.0	18.87	66.04	24.84	39.62	61.13	17.03	58.82	54.0	39.82	52.55	17.09	34.01	47.68	38.42	22.85	36.69	19.1	18.68	18.03	45.8	9.9	65.73	80.0	23.26	8.06	9.0	8.94	70.43	48.04	46.1	54.45	37.58	62.1	25.55	35.36	52.77	56.29	18.44	44.1	51.09	52.47	28.65	55.07	24.74	14.0	70.72	16.4	14.87	28.16	21.02	26.57	47.85	35.69	44.41	22.47	46.62	66.71	54.08	39.62	70.94	43.05	70.23	50.57	50.45	49.04	58.87	19.1	53.85	44.78	21.84	56.75	59.48	24.0	51.48	24.02	26.31	41.59	30.61	29.15	55.71	31.24	41.23	14.87	21.02	66.75	68.77	61.85	40.82	38.12	37.66	54.56	34.66	57.87	28.02	32.39	44.72	60.0	29.0	35.36	65.25	53.76	51.09	28.84	38.33	63.25	51.0	27.59	53.45	49.65	19.1	34.66	25.0	22.83	35.69	38.6	65.76	12.37	51.62	53.85	25.63	56.52	18.38	61.85	56.82	30.89	22.83	51.62	34.13	55.23	76.85	26.02	58.18	14.32	31.4	77.16	56.08	23.26	41.01	41.23	42.45	41.63	55.79	28.28	27.07	59.54	27.89	39.12	50.61	59.0	69.64	32.25	48.85	55.23	26.4	50.22	7.62	46.65	28.07	37.22	54.42	63.2	43.32	56.8	49.16	66.61	51.66	34.0	54.71	59.68	61.06	17.03	27.02	
33.62	44.94	22.83	50.8	34.83	9.49	22.85	41.73	59.91	37.2	25.61	43.14	25.55	37.12	26.4	30.02	38.08	18.87	0.0	47.17	9.0	30.36	43.42	29.02	48.83	46.82	25.18	34.21	34.06	41.05	31.06	44.72	41.59	19.03	24.19	35.0	34.83	27.02	19.24	54.12	61.22	40.46	23.77	16.03	12.17	51.74	34.18	29.0	53.71	40.0	44.41	38.12	32.65	40.71	45.18	24.33	25.24	35.69	47.89	33.54	39.56	40.5	10.2	52.63	34.71	20.62	40.16	38.29	29.15	33.38	50.54	40.5	13.6	43.05	49.09	45.88	58.05	53.25	46.62	51.92	31.95	51.55	46.53	40.52	12.37	45.34	62.01	38.01	45.79	40.72	21.26	47.01	20.52	41.18	47.1	30.08	11.05	37.36	31.05	34.06	31.89	18.6	50.0	51.04	53.26	21.95	23.09	47.85	47.38	17.0	41.0	15.0	21.93	34.93	45.12	38.33	30.89	54.2	37.01	45.19	34.93	26.63	58.41	44.69	37.11	43.6	40.46	37.64	53.26	35.17	36.01	26.57	38.18	52.92	29.07	35.06	48.41	40.01	45.28	23.19	43.32	50.25	27.31	41.68	50.57	27.29	37.44	57.98	39.0	39.56	31.83	21.21	58.69	50.45	5.0	34.44	24.0	31.4	34.83	44.05	46.86	44.64	43.05	19.24	50.7	53.26	44.15	63.7	17.09	30.36	49.66	8.06	39.12	26.42	27.78	16.97	48.51	45.45	49.34	31.06	38.08	33.54	50.01	50.09	28.84	45.0	53.91	44.94	27.17	24.04	
57.14	78.01	61.61	96.21	48.76	50.25	38.95	88.41	12.81	57.87	56.22	70.26	42.05	42.58	56.94	26.0	34.13	66.04	47.17	0.0	43.08	49.16	19.24	73.05	53.0	59.14	37.0	17.46	80.28	78.23	28.46	80.16	88.68	31.89	65.19	80.81	80.92	20.62	64.54	50.64	15.26	86.56	70.21	61.74	58.59	9.06	37.85	27.31	76.16	72.01	19.42	81.04	61.0	44.18	48.33	65.86	21.95	32.39	65.25	70.71	31.78	85.59	54.67	17.46	81.61	63.64	82.33	84.5	65.76	35.9	94.18	62.65	50.0	64.56	20.62	56.3	104.81	21.47	78.03	14.87	17.2	77.79	68.41	14.04	52.33	55.33	107.52	83.55	49.01	8.54	57.07	65.0	56.09	85.56	80.95	62.77	37.64	15.52	63.63	54.08	78.24	56.75	26.93	20.25	59.01	25.24	36.72	87.09	59.41	33.53	25.02	44.05	46.65	48.84	35.23	78.45	57.7	52.47	26.17	61.13	72.84	43.86	71.11	60.02	77.67	51.24	51.79	84.63	100.21	76.69	79.7	49.0	67.03	45.89	75.43	27.46	63.79	84.12	48.01	64.44	11.05	62.29	57.8	88.84	73.5	53.01	19.92	10.82	82.13	11.4	78.41	47.17	17.03	64.5	43.01	55.33	29.68	45.4	55.03	46.1	93.81	90.87	27.17	49.65	91.02	81.5	35.13	72.06	39.2	19.42	64.2	40.0	46.53	73.57	19.42	46.4	88.81	54.23	40.61	42.43	11.18	31.78	27.86	72.28	56.01	52.15	66.19	29.41	70.52	57.56	
26.25	40.85	20.1	58.31	41.11	18.25	27.66	48.41	55.46	44.78	19.42	37.2	31.11	42.01	34.79	31.05	41.15	24.84	9.0	43.08	0.0	21.93	43.1	30.08	54.49	38.48	16.28	33.0	41.34	50.04	32.89	41.48	46.4	20.62	33.14	42.54	42.19	22.47	27.51	58.82	56.08	47.71	27.46	18.87	16.28	46.32	38.28	30.36	62.03	35.34	44.1	38.47	26.4	45.61	36.22	33.24	21.59	38.48	40.22	30.59	31.02	48.3	19.1	45.97	41.23	29.43	48.76	45.49	25.71	24.52	58.69	33.3	8.25	50.99	41.87	37.34	64.44	46.1	42.05	50.25	30.07	60.17	54.63	39.05	21.21	51.74	69.34	45.65	51.09	37.85	16.76	39.41	15.81	49.24	56.08	38.83	13.6	36.01	39.81	41.34	39.12	15.13	50.8	43.93	59.41	19.1	27.2	56.72	54.2	10.0	41.98	21.63	28.84	26.25	47.93	37.01	39.0	59.2	38.33	37.22	32.39	32.56	65.73	51.87	36.0	49.5	46.75	43.93	59.41	43.93	36.88	18.36	32.45	56.94	36.36	36.69	55.76	41.23	50.45	32.14	41.3	57.2	35.74	46.86	58.87	19.85	30.41	53.71	47.43	37.34	38.83	28.3	52.63	57.69	10.3	26.63	25.63	22.56	42.19	35.06	53.08	47.85	44.38	12.04	59.44	48.02	47.01	70.6	21.93	29.0	41.68	11.31	44.6	31.83	24.52	24.19	57.27	51.66	52.77	22.09	35.51	36.25	50.99	58.31	21.93	50.91	61.03	36.67	27.66	18.79	
8.0	29.43	21.1	73.08	62.43	39.85	48.41	61.68	59.14	66.65	11.4	21.1	52.2	62.29	56.65	48.01	59.67	39.62	30.36	49.16	21.93	0.0	56.86	34.41	75.17	16.55	12.65	46.52	56.52	70.35	50.61	32.28	55.57	39.6	53.34	58.25	57.49	32.31	46.0	78.52	57.71	62.36	37.7	30.81	31.14	48.26	57.98	47.8	83.93	23.54	57.78	38.95	12.65	65.8	16.76	53.24	33.54	56.85	19.1	25.24	21.93	64.33	39.62	43.68	54.71	49.16	67.12	60.17	21.26	14.56	75.31	13.93	18.03	72.92	37.95	15.52	76.03	41.79	29.07	60.88	42.95	81.91	76.56	51.26	42.72	73.01	83.22	61.39	71.51	47.54	16.55	18.44	16.16	65.92	76.94	60.44	34.41	48.85	61.4	63.13	54.34	18.97	65.74	40.16	80.43	33.29	47.51	76.0	75.72	22.02	57.8	43.42	50.61	5.1	65.8	33.84	60.93	79.2	54.92	15.62	27.46	53.82	87.46	73.57	33.6	70.43	68.01	56.65	70.66	63.0	38.9	4.0	18.11	75.93	51.97	53.82	77.52	43.14	70.77	52.35	52.2	78.77	57.58	56.82	80.78	6.4	30.07	58.03	65.28	48.38	53.6	50.12	51.66	79.4	32.2	6.32	43.93	4.47	64.01	16.55	64.88	53.26	60.54	12.0	78.1	32.39	65.0	92.09	43.01	42.94	20.0	32.76	65.3	44.27	36.25	46.07	76.06	72.8	71.22	7.28	46.17	54.67	66.19	80.23	8.6	71.84	82.68	28.18	31.62	14.42	
64.26	82.98	63.2	86.82	32.25	42.72	26.63	80.96	27.89	41.68	60.64	77.16	28.32	25.08	43.86	13.93	16.16	61.13	43.42	19.24	43.1	56.86	0.0	72.17	34.13	70.18	44.28	10.44	72.45	65.07	14.42	84.17	83.82	24.52	54.92	72.47	72.9	24.6	56.86	31.4	32.39	78.29	67.08	59.41	55.58	28.28	21.1	15.23	58.87	77.13	1.0	81.06	66.76	25.96	61.07	55.76	23.41	15.26	75.18	73.55	45.25	76.32	47.76	36.4	74.85	54.59	71.22	76.48	68.59	46.62	83.41	70.77	51.24	47.85	38.48	67.68	97.06	40.16	83.68	10.63	13.93	61.27	51.48	6.4	43.86	37.11	97.91	74.79	30.27	12.53	59.54	74.71	58.55	75.72	66.4	49.5	32.39	8.06	50.21	38.28	70.68	58.22	9.22	38.63	40.05	24.52	24.7	74.25	41.23	36.14	6.32	34.44	34.21	58.18	16.03	80.1	43.28	33.24	9.22	71.2	75.43	29.7	52.47	42.38	79.06	32.98	34.18	78.0	93.04	65.6	79.16	55.36	73.08	26.68	68.03	11.31	45.88	83.29	29.27	54.38	8.25	43.93	44.55	83.49	56.46	58.82	33.3	25.71	71.61	10.0	71.18	35.0	36.06	46.32	38.47	63.16	19.92	54.12	39.12	58.9	86.82	87.86	8.0	53.15	78.49	88.54	16.0	53.0	29.55	14.32	74.95	35.36	28.79	68.68	20.62	35.85	76.38	35.9	21.38	51.48	12.04	15.62	9.9	55.15	61.68	33.73	47.68	45.0	70.06	61.0	
30.46	24.7	13.45	42.01	60.54	33.53	50.99	30.02	85.23	59.68	23.02	30.02	52.89	64.56	47.17	59.0	66.75	17.03	29.02	73.05	30.08	34.41	72.17	0.0	74.85	44.92	40.0	62.51	27.89	49.93	60.07	21.95	21.54	48.0	36.07	30.08	28.86	52.5	26.91	81.27	85.43	32.14	9.22	13.15	17.26	75.58	62.37	58.01	71.42	23.19	73.17	9.22	25.3	68.01	50.61	35.36	51.66	64.5	41.44	14.04	54.49	35.69	29.15	73.78	24.19	31.89	42.15	30.27	14.56	46.69	46.39	33.73	23.26	63.6	68.82	45.88	42.38	73.01	27.51	80.06	59.84	67.27	66.07	68.73	34.54	70.21	50.8	32.76	72.45	67.91	18.38	40.45	19.1	38.08	57.69	47.63	40.0	65.62	48.27	57.71	26.25	17.2	79.01	71.03	78.26	49.03	51.62	52.0	71.2	39.56	70.01	42.2	47.76	39.12	73.82	12.04	52.15	80.99	66.03	41.23	13.34	53.45	80.21	67.74	10.63	69.46	65.8	25.0	37.0	40.31	7.0	31.24	26.08	80.78	25.08	64.07	70.72	11.18	72.11	35.38	71.2	73.57	47.71	23.09	68.62	28.02	58.31	83.57	39.56	67.27	25.0	46.82	81.12	72.95	34.01	33.11	53.01	38.42	58.18	50.77	31.78	19.1	72.06	25.61	52.5	35.11	72.84	86.53	45.54	58.55	44.72	37.0	65.79	15.23	54.57	43.01	50.92	70.68	77.67	40.36	65.51	62.39	79.03	68.68	26.42	70.77	76.55	60.88	2.83	20.0	
80.61	93.74	71.56	71.2	14.32	41.59	26.87	70.01	61.81	18.11	73.76	91.55	23.43	13.04	29.27	30.68	19.24	58.82	48.83	53.0	54.49	75.17	34.13	74.85	0.0	91.21	64.64	37.66	62.03	43.97	27.51	93.3	77.52	35.81	43.19	61.0	62.01	48.85	50.22	8.54	66.48	66.07	66.73	62.17	58.14	62.01	17.89	30.08	27.66	88.81	34.23	83.93	80.81	9.85	85.23	44.18	46.1	21.59	94.18	82.15	72.09	62.29	45.69	69.35	66.19	45.71	53.94	65.01	77.94	70.33	65.25	87.68	61.85	20.12	70.21	89.4	83.73	72.69	95.44	43.17	40.26	31.89	22.2	39.01	40.31	6.32	80.78	62.07	4.12	45.1	70.0	93.43	69.2	60.53	41.59	32.02	41.01	38.21	32.06	18.11	61.13	67.42	29.73	70.86	6.08	44.29	27.66	52.55	9.22	53.6	28.02	33.84	27.29	78.41	18.44	85.87	25.02	7.07	27.17	90.79	83.35	22.2	18.44	12.53	84.53	5.39	9.22	69.12	81.22	49.37	81.34	72.18	86.68	12.04	59.3	26.48	14.14	84.43	5.1	43.29	42.01	10.82	29.15	76.32	26.17	74.25	61.98	59.68	55.58	42.11	62.2	28.18	70.01	13.6	44.82	80.66	32.25	74.2	18.03	83.35	76.03	84.53	26.17	66.53	57.01	102.0	18.25	19.24	32.56	38.6	95.13	43.19	9.9	64.76	44.94	32.25	55.36	5.1	14.76	72.42	43.29	23.09	28.79	24.76	76.42	4.12	13.93	74.0	73.82	72.62	
15.03	29.73	33.24	86.15	78.77	56.3	64.64	74.33	66.91	83.19	24.0	19.1	68.51	78.24	73.16	62.97	74.95	54.0	46.82	59.14	38.48	16.55	70.18	44.92	91.21	0.0	26.87	60.22	70.26	86.15	65.76	33.94	66.41	55.44	69.23	72.17	71.25	45.8	61.4	94.11	64.28	75.66	50.49	45.0	46.17	55.9	73.76	62.94	100.46	25.61	71.02	46.53	19.65	81.69	12.04	69.05	47.63	72.12	7.28	32.2	27.66	78.23	55.79	49.09	67.74	64.94	82.05	73.55	30.36	23.71	89.27	11.66	33.96	89.47	43.1	3.0	87.28	46.0	27.8	72.5	56.61	98.35	93.11	64.14	59.14	89.31	95.57	75.24	87.46	59.48	30.0	7.62	30.02	80.1	92.96	76.84	50.77	62.13	77.79	79.65	68.18	33.02	79.32	45.04	96.61	48.1	63.6	91.27	92.11	37.64	72.01	59.94	67.12	12.81	80.72	39.96	77.47	94.92	69.53	4.24	34.0	70.18	103.94	90.05	40.31	86.61	84.31	69.23	81.91	78.31	47.42	20.25	20.25	91.22	66.07	68.68	94.02	51.0	86.68	68.25	64.41	95.19	74.09	68.01	97.31	20.22	39.22	66.29	80.01	60.9	67.27	66.65	57.04	95.88	48.75	13.04	59.46	17.03	80.53	14.0	76.66	62.17	74.81	27.89	93.05	26.93	79.98	108.45	59.36	57.01	5.1	49.24	81.4	57.43	50.0	62.61	91.09	89.05	86.31	19.1	58.67	70.01	79.88	96.77	20.0	88.01	99.13	32.06	42.45	27.02	
20.4	41.01	26.93	73.79	52.77	34.0	38.47	63.29	47.68	58.19	19.65	33.54	42.49	51.61	49.65	36.12	48.08	39.82	25.18	37.0	16.28	12.65	44.28	40.0	64.64	26.87	0.0	34.0	56.8	66.19	38.9	43.29	59.46	28.84	49.37	58.18	57.7	19.7	43.68	67.27	46.84	63.06	40.46	32.2	30.89	37.11	47.01	36.07	76.4	35.01	45.19	46.53	24.0	55.0	21.19	49.5	21.1	45.25	31.06	34.48	15.26	64.08	35.36	34.0	56.08	45.71	65.0	60.83	29.73	8.25	74.67	26.57	17.8	64.85	28.84	24.84	78.82	33.02	41.05	48.27	30.41	75.13	68.68	38.63	37.0	63.13	84.6	61.33	60.8	34.93	21.95	30.53	21.1	65.19	72.0	54.23	25.3	36.25	55.23	54.42	54.56	22.8	53.24	31.06	70.18	21.26	37.22	72.99	66.19	11.18	45.49	35.17	42.06	14.21	53.91	42.72	53.37	68.12	42.8	27.2	36.69	44.28	78.29	64.47	42.15	60.21	58.18	58.52	73.6	60.21	45.79	12.0	30.07	64.35	51.89	41.87	68.54	50.25	60.0	48.37	39.56	69.32	50.64	60.31	73.25	16.03	18.97	46.39	63.6	35.74	54.12	41.76	41.63	70.26	25.08	18.97	32.65	10.0	55.36	19.65	67.42	59.03	48.26	14.42	75.71	44.91	53.15	82.37	33.62	30.53	31.24	24.52	54.92	46.04	23.71	38.08	73.55	62.77	59.46	7.81	33.53	43.14	53.71	72.53	19.03	61.59	73.35	21.4	37.2	21.54	
53.85	72.57	53.04	80.43	31.58	34.99	21.63	73.57	29.41	40.52	50.22	66.73	24.6	26.0	39.66	8.54	18.44	52.55	34.21	17.46	33.0	46.52	10.44	62.51	37.66	60.22	34.0	0.0	65.19	61.03	11.18	73.82	75.39	16.12	48.84	65.46	65.73	14.42	49.4	37.16	32.65	71.28	57.97	50.01	46.32	25.71	21.02	9.85	59.03	66.71	11.4	71.25	56.32	28.16	51.62	49.58	13.0	16.12	65.0	63.29	36.4	69.81	39.82	32.0	67.12	47.8	65.76	69.34	58.31	36.88	77.79	60.42	41.05	47.3	32.56	57.8	89.89	35.13	73.25	17.72	3.61	60.44	51.2	6.32	36.62	39.01	91.68	68.01	33.54	8.94	49.25	64.5	48.26	69.53	63.53	45.49	23.41	3.16	46.32	36.69	63.29	48.04	19.24	33.24	43.74	14.14	19.42	70.0	43.0	25.71	12.04	27.66	29.41	48.02	21.95	70.01	40.25	38.63	10.77	61.06	65.19	26.4	55.08	43.19	69.0	35.06	35.06	70.24	85.59	60.11	69.46	44.94	62.64	33.12	60.54	11.18	47.1	73.68	32.56	48.17	9.43	46.01	40.5	75.24	56.29	48.38	25.06	27.2	65.8	6.4	63.63	30.0	33.96	48.01	29.41	52.8	12.73	43.91	37.64	49.5	79.26	78.85	14.87	42.76	74.03	78.11	21.47	56.89	22.67	4.0	64.9	26.25	30.0	60.17	10.3	29.7	71.84	38.05	27.78	41.34	6.32	15.0	19.72	55.11	51.24	36.12	50.04	37.12	60.3	50.64	
55.23	52.5	37.05	17.0	49.16	30.23	46.24	8.54	93.09	44.18	46.39	57.56	45.88	55.73	33.06	58.59	61.4	17.09	34.06	80.28	41.34	56.52	72.45	27.89	62.03	70.26	56.8	65.19	0.0	25.0	58.18	49.4	16.55	49.09	19.1	2.24	1.0	60.81	15.81	70.01	94.85	6.4	20.02	25.71	26.0	85.56	55.79	57.25	49.65	50.99	73.35	33.12	51.01	58.42	73.25	18.11	58.73	60.08	68.01	41.77	72.01	8.0	25.61	86.68	5.0	18.03	15.0	4.24	41.11	64.88	19.03	60.0	39.56	45.35	83.01	70.58	24.7	87.2	55.36	82.37	63.82	44.42	46.49	71.34	28.65	56.14	28.02	5.0	61.03	73.01	40.45	67.01	40.61	10.2	32.65	30.15	42.64	68.26	30.27	44.0	2.24	37.66	76.55	85.0	63.51	55.23	47.93	24.7	55.58	50.8	68.15	38.01	39.56	61.61	67.91	39.0	37.01	69.01	64.08	67.07	41.23	45.35	61.35	51.62	37.7	57.0	53.0	7.28	20.62	15.26	30.41	52.63	53.24	71.25	5.0	61.85	53.37	30.81	61.07	19.24	74.63	57.07	33.02	14.87	47.42	50.8	71.4	91.05	12.21	71.28	3.0	38.6	92.7	55.54	37.48	57.43	52.84	59.48	44.01	72.8	14.56	25.24	69.29	44.92	24.7	62.94	66.94	68.31	42.94	61.85	71.01	40.36	55.23	13.04	60.96	36.77	23.26	57.08	69.87	60.41	70.21	58.52	76.22	47.93	50.36	58.01	58.94	77.9	29.43	43.29	
71.59	74.3	55.03	28.0	34.67	32.39	39.41	30.46	90.44	26.4	62.59	77.25	36.88	42.44	21.4	52.8	50.45	34.01	41.05	78.23	50.04	70.35	65.07	49.93	43.97	86.15	66.19	61.03	25.0	0.0	51.09	71.87	41.34	46.96	17.03	23.02	24.41	62.39	25.0	52.5	93.49	26.0	40.82	42.38	40.26	85.48	44.69	51.4	25.3	71.59	65.76	56.85	68.68	43.91	86.02	17.12	59.62	50.25	85.62	62.61	80.06	21.19	31.0	89.16	30.0	21.21	11.4	25.94	60.54	74.33	21.38	77.62	52.35	24.33	86.98	85.71	41.05	90.82	76.94	75.69	61.06	19.7	24.0	66.22	29.43	37.64	36.88	22.36	44.38	69.89	56.75	84.65	56.52	18.68	7.81	15.62	43.97	63.6	14.87	28.3	25.5	53.6	66.22	88.6	43.57	56.08	41.62	9.22	35.69	56.89	59.41	34.93	31.62	75.24	55.47	61.85	22.02	50.96	55.87	83.74	62.65	35.38	38.33	31.78	60.46	39.92	36.25	31.91	39.62	9.9	54.04	66.37	72.45	55.15	25.5	53.76	32.14	55.17	44.78	18.03	69.81	36.22	20.62	39.45	23.54	65.92	75.58	88.23	13.93	67.42	26.91	31.06	93.48	34.06	41.59	73.16	48.55	72.06	27.78	85.0	35.74	50.22	59.55	58.42	13.6	84.53	54.64	45.4	39.36	58.83	88.07	43.17	40.31	35.0	60.84	32.2	11.66	38.9	55.47	72.0	67.12	49.5	65.6	24.33	66.49	40.5	37.0	84.93	50.61	59.91	
57.14	73.74	52.63	72.4	20.4	28.86	12.21	66.71	39.82	29.41	51.89	69.35	14.21	15.13	29.73	3.16	9.22	47.68	31.06	28.46	32.89	50.61	14.42	60.07	27.51	65.76	38.9	11.18	58.18	51.09	0.0	74.33	70.09	12.37	40.5	58.14	58.6	21.47	42.72	28.6	43.46	63.95	54.15	47.01	43.0	36.88	10.05	2.83	47.85	68.15	15.26	69.18	58.59	17.72	58.6	41.34	18.87	6.4	69.66	63.32	44.72	61.91	33.96	43.05	60.75	40.25	56.85	62.17	58.52	43.6	69.03	64.07	41.11	36.14	43.19	63.66	82.73	46.01	74.85	24.84	13.04	49.34	40.02	15.26	29.73	28.16	83.49	60.42	23.41	19.92	49.65	69.03	48.7	61.29	53.0	35.47	20.22	13.0	36.24	25.63	56.46	47.8	19.1	44.05	33.53	17.69	10.3	60.21	32.06	28.6	10.2	20.25	19.85	53.08	15.26	69.05	29.68	29.68	6.08	65.95	65.0	15.81	44.28	32.06	67.9	24.33	24.0	63.91	78.79	51.22	67.07	48.26	64.85	25.46	53.85	4.0	36.01	71.01	22.47	39.96	18.87	35.13	30.48	69.64	45.12	51.11	34.48	37.59	57.2	17.09	57.01	20.62	45.12	37.01	26.08	56.61	7.28	48.84	26.57	56.61	72.62	74.67	12.0	44.28	64.38	80.5	14.42	46.57	15.52	11.18	70.09	23.19	19.1	55.11	17.46	21.47	62.24	27.29	20.62	46.67	17.46	4.47	19.03	43.93	53.71	25.5	39.2	46.49	58.22	51.62	
24.7	4.47	21.93	61.81	79.08	51.87	67.54	50.01	90.93	79.65	24.0	14.87	70.24	81.84	67.36	72.53	82.28	38.42	44.72	80.16	41.48	32.28	84.17	21.95	93.3	33.94	43.29	73.82	49.4	71.87	74.33	0.0	39.12	61.98	57.49	51.62	50.33	61.07	48.27	98.84	89.82	52.89	31.06	31.89	35.61	80.23	78.79	71.84	92.76	8.94	85.16	17.12	19.65	85.42	43.83	56.85	61.29	79.71	27.8	11.18	54.08	56.92	48.41	75.96	45.22	53.15	63.98	51.24	15.81	46.84	67.19	22.8	33.24	84.22	70.21	36.12	59.08	74.0	7.28	90.2	70.58	88.87	86.98	79.51	53.6	89.31	69.03	54.08	90.43	77.06	24.74	27.02	25.71	59.46	79.61	68.59	54.42	76.66	69.31	77.2	47.93	26.57	92.2	72.42	97.35	59.68	67.62	73.82	90.8	48.26	83.43	59.54	66.04	34.93	89.2	10.44	72.35	98.88	79.81	29.7	10.0	71.2	100.66	87.62	11.7	87.98	84.6	45.35	54.01	62.27	19.42	31.4	14.76	97.58	46.96	78.16	90.91	21.0	89.94	56.73	81.22	93.41	68.01	41.19	89.87	27.29	61.98	89.68	61.33	77.23	46.62	65.19	83.93	93.09	49.24	27.31	67.05	36.69	77.8	44.94	50.16	32.14	85.87	31.14	74.09	14.04	88.26	106.67	61.74	69.87	31.4	51.62	83.73	37.12	64.28	61.06	72.62	89.59	93.78	39.56	75.17	77.49	92.42	89.83	24.33	89.36	96.67	60.17	21.4	23.19	
52.0	43.01	34.48	23.09	64.07	41.23	58.86	12.21	101.36	60.02	44.29	50.49	59.3	70.03	48.26	69.92	74.67	22.85	41.59	88.68	46.4	55.57	83.82	21.54	77.52	66.41	59.46	75.39	16.55	41.34	70.09	39.12	0.0	59.46	34.37	18.36	17.0	68.26	28.07	85.21	102.34	16.28	19.1	27.66	30.23	92.66	69.35	68.68	66.19	43.29	84.77	22.02	46.82	73.0	72.01	33.38	66.73	72.99	62.59	34.71	74.52	21.21	36.14	92.2	11.7	32.02	30.61	15.62	36.06	66.84	29.53	55.08	41.73	61.68	87.73	67.42	20.88	91.97	46.01	93.05	73.41	60.9	62.97	81.71	40.61	71.85	30.02	19.21	76.16	82.29	39.12	61.61	39.66	24.04	48.83	46.1	52.0	78.55	46.32	59.41	16.76	37.2	89.05	89.87	79.43	63.53	60.21	39.6	71.59	56.4	80.28	50.01	53.15	60.42	81.5	29.0	52.61	84.38	76.16	62.64	33.38	59.14	77.83	67.68	28.02	72.34	68.36	9.43	15.52	31.76	20.02	52.15	47.07	86.01	18.25	73.98	69.64	18.25	76.11	34.23	84.69	73.25	48.37	2.24	63.98	49.24	76.58	99.48	27.8	81.02	15.52	52.15	99.02	71.84	46.1	54.63	63.89	59.36	59.54	72.07	11.05	9.22	81.79	45.61	38.42	53.15	80.5	84.76	54.57	71.69	65.97	49.24	70.03	15.23	69.35	49.5	37.54	72.69	84.1	61.03	79.62	71.2	88.84	64.47	47.85	73.44	75.29	80.81	24.17	41.18	
45.61	61.47	40.26	64.54	24.35	18.87	10.2	57.45	44.55	31.14	39.82	57.45	14.32	22.8	26.25	11.0	20.59	36.69	19.03	31.89	20.62	39.6	24.52	48.0	35.81	55.44	28.84	16.12	49.09	46.96	12.37	61.98	59.46	0.0	33.3	49.41	49.65	16.12	33.29	38.95	47.01	55.22	42.58	35.06	31.14	38.59	18.38	10.05	50.09	55.95	25.5	57.04	46.65	26.25	49.65	33.97	13.15	17.89	58.69	50.96	37.85	53.91	23.71	42.38	51.0	31.89	50.45	53.25	46.17	34.93	62.29	52.63	28.79	38.12	40.79	53.6	73.78	44.38	62.65	33.62	14.87	50.09	42.11	22.36	20.62	34.44	75.82	52.01	32.02	24.08	37.34	58.0	36.4	53.76	50.6	31.95	8.0	19.24	32.89	27.17	47.17	35.44	31.02	42.2	41.34	10.0	8.54	55.57	37.7	17.8	22.02	12.21	16.28	42.64	27.31	56.72	28.28	39.6	18.11	55.17	52.63	16.28	49.98	36.4	55.58	31.38	29.55	54.12	69.46	44.82	55.0	36.88	52.84	36.62	44.42	16.28	40.52	59.03	31.24	32.56	25.55	40.85	27.2	59.24	47.04	39.41	30.07	42.43	50.25	22.2	47.51	16.49	46.53	42.06	14.04	45.34	5.1	38.42	28.16	47.85	63.13	63.35	24.19	32.25	59.36	68.48	26.4	53.67	7.62	12.81	59.46	11.0	26.08	44.27	13.93	14.76	57.14	34.0	32.25	36.62	21.26	15.65	31.06	46.1	41.88	32.76	44.94	41.11	46.04	39.4	
54.82	59.41	38.91	31.91	30.07	16.16	28.3	27.46	77.83	25.71	45.88	61.27	27.31	36.67	14.0	41.4	42.72	19.1	24.19	65.19	33.14	53.34	54.92	36.07	43.19	69.23	49.37	48.84	19.1	17.03	40.5	57.49	34.37	33.3	0.0	18.44	19.24	47.51	9.22	51.01	80.28	24.04	26.91	26.42	23.77	71.61	37.0	40.0	35.36	56.08	55.76	44.2	52.2	39.32	69.01	1.0	44.94	41.63	68.96	47.43	63.56	21.47	14.04	74.3	23.02	4.47	17.2	22.56	44.78	57.56	29.0	61.03	35.36	28.18	71.59	68.73	42.72	75.58	61.85	65.22	48.1	31.4	30.23	54.67	13.42	37.48	43.01	20.25	42.0	57.28	40.16	68.01	39.85	20.81	23.77	12.08	28.65	51.74	12.53	25.08	18.0	37.0	58.18	73.35	45.12	41.34	30.23	23.77	37.36	40.52	50.12	21.21	21.02	58.22	49.04	48.08	18.25	50.09	46.14	66.94	47.8	26.57	44.78	33.53	46.67	38.05	34.06	26.0	39.29	11.66	41.4	49.37	56.36	52.15	16.12	43.91	35.85	43.57	42.01	1.0	58.14	39.22	14.04	33.14	32.56	49.03	60.01	75.69	16.97	55.17	19.03	20.12	79.32	38.08	25.3	56.29	36.12	55.04	25.18	68.01	33.54	41.76	50.99	41.44	26.93	69.34	48.08	51.43	26.17	45.97	71.31	27.31	36.12	22.83	46.62	19.21	24.7	38.33	50.8	55.01	54.45	40.25	57.78	32.65	49.73	39.12	41.63	68.68	36.12	43.32	
57.14	54.71	39.01	15.81	48.37	30.61	46.1	9.06	93.61	43.05	48.26	59.68	45.54	55.11	32.25	58.67	61.03	18.68	35.0	80.81	42.54	58.25	72.47	30.08	61.0	72.17	58.18	65.46	2.24	23.02	58.14	51.62	18.36	49.41	18.44	0.0	1.41	61.55	16.28	69.07	95.48	5.83	22.09	27.46	27.51	86.28	55.36	57.31	47.85	53.15	73.36	35.36	53.0	57.71	74.95	17.46	59.4	59.81	70.03	43.93	73.35	6.08	26.17	87.62	7.07	17.89	12.81	4.12	43.19	66.31	17.12	62.01	41.11	43.93	84.05	72.44	24.6	88.23	57.57	82.49	64.2	42.54	44.92	71.56	28.84	55.04	27.02	3.16	60.13	73.41	42.3	69.03	42.43	8.06	30.61	29.02	43.19	68.51	29.07	43.05	4.0	39.46	76.32	86.02	62.29	55.87	47.85	22.47	54.33	51.87	68.03	38.08	39.22	63.35	67.45	41.23	36.01	68.01	63.98	69.03	43.42	44.92	59.77	50.36	39.92	56.04	52.04	8.94	20.88	13.42	32.65	54.34	55.33	70.46	6.32	61.74	51.97	33.02	60.21	18.68	74.89	55.73	32.14	16.55	45.69	52.61	72.42	91.55	10.0	71.61	5.1	38.28	93.51	54.13	38.21	59.3	53.0	61.13	43.01	74.46	15.13	27.2	69.08	46.57	22.47	65.15	66.48	66.76	43.05	62.2	73.0	41.01	54.45	15.13	61.55	36.67	21.02	56.01	69.23	61.98	70.6	58.31	75.96	46.24	52.24	57.01	57.49	79.18	31.58	45.18	
