160
0.0	34.23	67.68	18.44	29.02	34.48	20.52	26.42	20.25	38.59	68.48	57.01	73.82	20.25	33.6	60.42	72.47	62.82	11.7	60.73	63.91	60.0	20.12	26.08	39.56	31.02	76.48	34.93	50.92	61.72	68.03	27.2	47.01	61.0	22.0	42.06	69.86	28.02	65.39	44.05	10.44	17.72	18.36	67.36	33.02	40.36	8.6	27.46	37.12	64.2	26.02	68.66	42.45	9.85	22.56	59.09	41.23	59.84	73.57	28.43	67.96	69.18	42.01	19.7	73.41	33.38	10.05	62.97	59.21	61.4	37.22	63.56	71.85	13.45	31.0	58.42	72.72	37.66	41.88	52.7	11.4	34.41	71.11	40.31	69.35	27.31	35.61	18.03	49.98	71.31	28.28	72.11	38.01	73.93	45.71	68.47	38.33	42.64	33.06	57.71	32.2	39.0	75.64	76.92	64.85	22.8	30.81	47.38	65.25	10.2	32.2	28.44	54.08	66.48	34.21	38.47	58.14	48.51	22.47	47.89	23.77	37.54	33.24	72.24	68.96	26.48	55.95	47.85	58.69	69.38	10.3	58.08	66.64	18.38	47.54	33.96	66.76	67.23	59.48	25.02	66.85	72.5	42.8	44.01	28.64	64.29	26.63	64.01	62.77	27.59	23.35	30.02	21.02	69.64	64.12	30.41	69.58	44.2	18.97	48.26	
34.23	0.0	88.09	43.91	46.67	57.49	52.2	34.21	47.01	39.56	64.01	49.01	96.26	31.14	62.27	66.41	96.17	67.72	23.0	80.92	65.12	72.47	33.3	54.59	18.25	55.8	72.01	68.12	54.71	59.3	90.55	61.19	27.89	73.36	12.65	74.95	92.02	32.45	87.73	72.72	44.01	17.03	32.02	81.99	67.07	71.11	41.01	11.4	71.01	78.39	60.07	73.5	35.36	32.7	12.04	58.86	62.23	76.84	67.12	60.17	93.61	82.76	37.85	52.15	71.11	9.06	35.85	64.13	74.09	76.85	71.45	81.61	63.39	44.28	48.8	67.62	66.12	71.06	40.52	79.2	29.97	66.48	94.07	10.82	83.73	53.54	67.23	50.96	72.12	74.73	62.51	64.28	21.0	68.07	55.47	76.55	14.32	37.66	2.24	55.44	65.52	19.1	97.74	99.76	66.1	24.08	59.54	58.18	69.12	44.05	24.35	62.01	65.76	85.6	5.1	4.47	68.88	66.22	55.36	28.16	17.69	68.45	66.94	71.34	88.41	60.01	56.09	56.8	45.71	72.78	41.11	69.32	64.2	51.09	50.6	68.07	86.21	92.02	79.51	43.93	59.14	94.85	71.02	48.47	6.32	68.15	22.47	75.58	62.8	26.93	54.78	62.94	48.76	94.92	77.9	9.85	84.72	39.62	35.61	44.55	
67.68	88.09	0.0	49.4	41.88	33.24	50.49	53.91	47.43	52.2	55.15	60.08	9.49	57.43	37.05	35.36	12.0	37.12	75.58	7.21	44.18	22.36	55.47	42.76	77.34	36.69	57.14	72.99	42.15	50.8	6.32	56.14	75.17	22.2	77.67	46.49	6.0	55.9	5.66	30.59	68.07	79.26	57.14	15.3	65.92	37.85	70.61	76.69	68.66	17.0	65.12	37.12	60.75	60.84	81.84	47.07	26.83	13.0	60.01	46.0	16.55	17.72	57.14	72.11	52.09	80.66	58.69	44.28	17.72	15.3	61.85	8.25	63.2	73.98	39.66	29.61	60.03	72.57	53.54	21.19	62.18	44.41	9.0	85.59	15.81	40.52	42.43	54.45	17.72	40.31	60.3	62.13	73.11	59.0	35.51	30.27	79.98	57.98	85.91	50.7	50.49	75.93	10.3	13.0	44.1	64.03	39.2	32.76	39.01	67.08	65.8	69.26	26.93	4.0	91.4	92.2	26.68	21.93	52.09	76.01	70.43	39.46	52.77	49.09	2.83	69.12	46.84	35.36	68.01	40.11	57.57	25.71	51.16	71.18	44.72	57.07	3.0	13.42	8.6	45.28	60.67	8.25	30.27	44.42	86.02	39.05	65.86	23.0	46.39	61.55	48.26	49.16	46.84	15.81	18.0	78.64	13.93	56.94	53.85	54.56	
18.44	43.91	49.4	0.0	12.08	16.16	11.7	17.72	3.16	28.3	55.97	47.43	55.95	15.03	18.36	44.38	54.92	47.01	26.63	42.38	49.4	42.19	13.0	10.77	41.19	13.04	63.41	39.7	36.62	48.92	50.12	24.17	45.28	43.19	31.62	33.06	51.88	20.62	47.41	28.84	21.84	31.14	13.15	49.09	34.67	27.51	23.19	33.62	39.12	46.01	29.07	52.55	35.47	12.04	34.71	45.61	22.8	41.44	61.55	18.0	51.09	51.01	33.54	29.53	59.64	39.22	9.43	48.55	41.01	43.1	35.85	45.12	60.88	27.66	13.6	41.48	60.83	41.4	31.91	36.07	14.21	24.08	53.34	45.88	51.09	9.9	24.33	13.6	31.78	55.54	27.78	60.83	38.01	61.62	29.55	51.42	41.77	34.44	42.06	45.28	25.32	40.11	57.71	59.17	50.25	22.36	15.65	30.68	49.66	20.88	30.02	33.24	36.67	48.08	45.8	48.37	40.79	30.15	16.16	46.27	27.51	25.0	27.66	57.98	50.6	31.83	42.64	31.78	51.43	53.71	9.06	40.61	53.41	28.18	34.06	30.68	48.38	50.0	41.11	8.6	55.97	54.59	27.2	30.48	40.0	48.75	26.17	46.27	48.83	24.02	13.15	22.2	5.1	52.63	46.0	36.4	51.24	35.36	10.0	38.01	
29.02	46.67	41.88	12.08	0.0	11.7	21.93	13.42	12.81	19.42	44.55	37.58	49.68	15.62	21.1	32.31	49.5	34.93	34.48	34.67	37.44	31.02	13.6	16.55	39.0	12.0	51.74	50.93	24.84	37.48	43.93	34.21	40.45	32.02	35.81	39.05	45.45	16.16	41.11	29.43	33.84	37.58	15.26	38.83	45.34	31.06	34.93	35.38	49.68	35.51	40.36	40.5	28.07	20.22	39.96	33.97	15.56	31.95	50.25	25.5	47.2	40.45	25.32	41.59	47.8	40.0	19.0	36.62	30.59	32.98	45.49	36.25	50.0	39.56	2.24	29.61	49.58	52.35	22.8	33.54	20.88	30.36	47.42	45.79	40.79	12.65	29.83	24.84	25.46	43.46	38.29	49.82	35.11	50.21	17.46	39.62	40.71	26.31	44.55	34.06	33.54	37.7	51.22	53.15	38.28	22.67	19.42	18.68	37.58	32.89	26.93	44.69	25.08	39.82	49.68	50.93	29.15	20.62	26.25	41.44	29.0	29.27	36.24	46.04	42.54	43.42	31.11	19.7	42.72	41.63	20.88	29.07	41.77	40.25	22.67	39.96	40.31	45.45	33.29	4.0	45.22	48.27	27.46	19.21	44.2	36.67	25.24	35.0	37.01	21.47	22.2	30.41	14.14	48.41	35.36	37.64	41.23	26.68	12.08	28.23	
34.48	57.49	33.24	16.16	11.7	0.0	19.65	25.08	14.32	30.0	50.77	46.57	39.96	26.4	11.66	34.71	39.2	37.54	42.54	26.25	41.87	28.79	24.21	11.7	50.7	4.12	57.01	47.51	30.89	43.91	34.13	29.68	51.97	29.73	45.97	29.97	35.85	27.86	31.38	18.03	36.0	46.62	25.5	34.13	41.05	20.88	38.12	46.4	45.0	31.4	37.58	42.2	39.05	27.78	49.68	39.96	7.0	26.0	56.6	19.21	36.12	36.35	36.0	41.77	52.5	51.31	25.5	41.23	26.48	28.16	39.62	29.27	57.25	42.0	10.2	30.23	56.08	48.26	33.06	21.95	29.41	22.2	37.44	57.31	36.12	8.06	21.1	23.54	15.65	45.61	34.13	56.82	46.82	56.3	21.63	39.36	52.33	37.0	55.44	41.15	26.87	49.4	41.68	43.27	42.52	33.84	11.31	21.26	40.36	35.0	38.63	42.05	24.7	32.02	60.11	61.85	28.65	15.3	22.85	52.95	40.0	19.7	29.7	50.25	34.48	41.23	37.59	23.6	52.61	44.05	24.52	28.18	47.43	40.61	30.08	33.97	32.28	34.66	25.0	13.6	52.8	38.59	16.03	27.2	54.45	39.62	36.72	32.89	42.2	33.11	18.38	24.08	14.04	37.48	31.58	48.83	36.01	37.05	21.93	37.66	
20.52	52.2	50.49	11.7	21.93	19.65	0.0	29.41	9.43	39.82	66.48	58.83	55.36	26.17	13.93	53.0	53.49	55.76	31.62	44.1	59.03	48.38	24.33	8.06	52.0	15.52	73.59	29.07	46.69	59.41	49.73	12.53	56.72	49.34	39.56	22.8	51.66	32.28	47.3	23.85	17.72	37.22	24.08	53.6	23.43	19.85	20.62	42.95	27.8	50.99	18.6	60.9	47.17	19.65	41.59	55.87	26.48	45.28	72.18	8.06	48.3	55.9	45.19	22.2	69.53	48.84	16.49	58.26	46.1	47.68	24.17	48.01	71.84	23.54	22.67	49.19	71.51	30.41	43.42	33.11	22.56	14.32	52.5	55.73	55.58	11.7	15.26	4.0	33.06	64.14	16.4	71.7	49.09	72.14	38.6	58.69	52.15	46.1	50.6	55.97	14.0	51.01	57.28	58.19	59.82	33.0	11.4	39.12	58.52	16.76	41.3	23.02	43.86	50.09	53.23	56.65	47.93	34.93	4.47	57.71	37.34	17.03	16.12	67.62	52.24	21.95	53.04	40.8	63.07	62.43	11.18	47.54	63.66	21.1	44.6	18.97	50.16	47.93	43.05	19.42	67.01	54.12	22.83	41.11	47.42	57.69	37.01	52.5	58.8	35.36	2.83	11.05	7.81	50.09	51.2	45.89	55.33	46.96	21.38	49.4	
26.42	34.21	53.91	17.72	13.42	25.08	29.41	0.0	20.4	12.21	42.06	31.11	62.23	6.32	33.24	36.0	62.37	38.05	27.07	46.75	38.08	39.22	6.4	27.02	25.63	24.74	50.09	56.3	25.32	35.34	56.59	41.79	28.0	40.16	24.7	50.09	57.98	3.0	53.76	42.45	34.71	28.28	8.06	48.33	51.88	43.19	34.41	22.8	56.36	44.78	45.79	44.05	17.89	16.64	29.41	32.89	28.6	42.72	47.17	35.36	60.46	49.4	16.4	43.84	47.17	26.91	17.69	37.11	40.25	42.94	53.49	47.43	45.61	39.41	15.26	35.51	46.32	58.31	15.62	46.96	15.23	41.11	60.14	32.45	50.16	24.08	41.01	30.87	38.42	46.27	45.19	45.8	21.84	47.51	22.56	45.28	27.29	17.2	32.02	31.3	42.95	24.35	63.66	65.76	39.05	10.3	31.06	25.0	40.2	33.97	13.6	49.65	32.57	51.4	37.74	38.29	36.14	32.02	33.84	29.0	16.64	41.05	45.35	46.17	54.2	48.01	29.73	24.33	34.13	44.28	22.8	36.4	40.31	42.43	21.59	48.38	52.01	58.6	45.34	12.17	40.61	60.81	40.52	18.25	32.65	39.2	12.04	42.72	36.69	8.06	30.81	39.81	22.36	61.61	44.38	24.76	50.99	18.44	8.6	22.02	
20.25	47.01	47.43	3.16	12.81	14.32	9.43	20.4	0.0	30.41	57.28	49.4	53.67	18.11	15.26	44.72	52.48	47.41	29.21	40.52	50.22	41.59	16.03	7.62	44.28	10.77	64.54	38.18	37.64	50.21	47.85	21.95	48.17	42.58	34.67	30.02	49.66	23.35	45.19	25.81	22.2	33.94	16.28	48.0	32.8	24.35	24.0	36.77	37.2	45.04	27.59	52.8	37.95	14.87	37.64	46.75	21.21	40.11	62.94	15.03	48.41	50.04	35.85	29.15	60.61	42.38	12.04	49.41	40.05	42.0	33.54	43.57	62.48	28.16	13.89	41.44	62.24	39.7	34.0	33.3	17.2	21.02	51.0	49.04	50.0	7.21	21.21	12.04	29.73	55.9	25.81	62.37	41.05	62.94	30.02	51.24	44.91	36.77	45.18	46.69	22.56	43.19	55.46	56.82	51.04	25.5	12.53	30.87	50.12	21.21	33.0	31.89	36.4	46.32	48.83	51.48	40.52	29.0	13.89	49.16	30.68	21.84	25.0	58.82	48.76	30.61	43.86	32.25	53.71	54.12	10.2	40.26	54.56	27.86	35.36	28.23	46.57	47.43	39.29	10.0	57.63	52.33	24.21	31.83	43.01	49.24	29.27	45.71	49.82	27.0	10.44	19.42	2.0	50.0	45.1	39.56	50.04	37.58	13.04	39.96	
38.59	39.56	52.2	28.3	19.42	30.0	39.82	12.21	30.41	0.0	29.97	19.21	61.29	18.36	40.45	26.93	62.27	28.44	38.08	45.49	27.07	33.6	18.6	35.74	25.5	31.26	38.08	67.8	15.3	23.41	56.08	52.35	23.26	34.41	33.06	58.46	57.14	10.77	53.34	48.01	46.86	38.12	20.25	43.42	62.97	50.36	46.62	28.86	67.42	39.82	57.2	34.37	9.22	28.84	38.05	21.38	30.81	39.7	34.99	44.6	61.85	43.83	6.0	55.9	35.44	30.87	29.83	26.08	36.07	38.9	63.95	44.69	33.42	51.61	20.1	28.18	34.13	69.63	3.61	50.22	27.29	49.73	59.68	34.41	45.0	32.02	49.24	41.88	39.56	36.06	56.08	33.6	21.26	35.36	16.97	37.0	28.6	7.0	37.34	19.31	52.55	24.08	62.43	64.9	28.07	19.1	38.83	19.8	30.15	46.1	15.23	61.22	27.02	49.04	43.97	42.95	29.68	30.89	44.29	24.17	24.08	48.66	55.15	34.71	51.86	59.67	18.25	17.8	23.41	34.06	34.66	30.23	28.46	54.49	11.18	58.6	49.82	59.51	44.1	20.62	28.43	59.91	46.01	8.94	39.81	29.15	18.11	36.36	25.32	14.0	40.72	49.4	32.2	62.65	39.2	29.73	46.23	7.28	20.52	9.9	
68.48	64.01	55.15	55.97	44.55	50.77	66.48	42.06	57.28	29.97	0.0	15.13	64.38	48.3	62.43	20.02	67.12	18.03	67.68	51.04	11.0	33.0	48.37	60.44	46.17	53.82	8.25	95.46	20.0	7.07	61.03	78.64	37.85	33.02	61.0	80.62	61.13	40.72	59.0	66.31	76.28	66.94	50.12	40.61	89.87	71.12	76.32	55.33	94.18	38.21	84.86	19.31	29.27	58.67	65.92	10.82	47.42	43.01	5.83	69.2	70.06	39.05	27.89	85.0	7.62	55.0	59.36	11.05	38.01	40.01	89.64	47.04	8.06	81.3	43.93	26.08	5.39	96.9	26.93	64.03	57.25	72.95	64.12	55.44	41.0	56.22	71.87	69.31	51.66	17.49	82.81	7.0	43.01	5.66	29.15	26.25	50.16	27.66	62.0	10.82	77.2	45.1	64.63	67.6	11.05	48.38	61.85	29.97	16.28	75.45	41.59	89.14	30.59	51.16	69.0	66.19	29.07	41.76	70.77	38.08	52.17	70.33	80.0	9.22	53.34	87.78	13.45	27.29	21.02	16.55	63.6	30.07	4.0	83.6	21.93	84.02	52.15	67.03	50.09	47.42	7.07	63.29	64.47	25.5	66.19	16.12	46.32	32.25	9.22	43.01	66.6	74.2	58.69	70.01	37.22	55.08	42.95	25.71	49.93	20.88	
57.01	49.01	60.08	47.43	37.58	46.57	58.83	31.11	49.4	19.21	15.13	0.0	69.57	36.88	57.87	26.08	71.57	25.61	54.56	54.57	19.85	38.08	37.48	54.13	31.06	48.7	23.0	87.01	18.25	12.21	65.25	71.34	22.8	38.48	46.84	76.22	65.8	29.07	62.82	63.95	65.8	53.14	38.95	47.41	82.1	67.45	65.3	40.79	86.53	44.28	76.4	29.73	15.23	47.51	51.66	14.21	45.28	47.13	18.25	63.07	72.99	46.65	15.0	74.95	22.56	40.05	48.8	19.1	42.38	44.94	82.86	51.87	15.23	70.29	37.7	30.87	17.26	88.81	15.62	64.01	45.61	67.78	68.68	40.31	48.37	50.16	67.07	61.03	52.04	29.41	75.17	15.81	28.02	19.1	27.0	35.47	35.06	14.42	47.04	10.0	71.11	30.02	70.23	73.05	20.62	35.36	56.65	29.07	25.46	65.07	27.51	80.43	33.24	56.3	54.04	51.09	33.62	42.11	63.29	23.09	38.28	66.1	73.79	23.41	58.87	78.87	13.42	26.08	8.06	27.8	53.81	34.54	16.16	73.54	17.03	77.41	57.25	70.21	53.37	39.45	10.44	68.31	61.98	19.42	51.48	24.76	32.7	38.95	17.03	30.02	59.54	67.98	51.11	73.35	43.38	40.31	50.12	12.81	39.62	9.43	
73.82	96.26	9.49	55.95	49.68	39.96	55.36	62.23	53.67	61.29	64.38	69.57	0.0	65.3	41.48	44.72	4.24	46.39	82.49	15.81	53.46	31.78	63.25	48.1	86.21	42.94	66.01	75.06	51.62	60.21	5.83	59.21	84.38	31.58	85.43	47.38	4.24	64.38	8.6	33.14	73.08	86.53	64.82	24.0	68.03	40.01	75.89	84.9	70.26	26.17	68.18	46.0	69.97	67.74	89.4	56.52	34.21	22.47	69.12	49.82	11.66	26.08	66.37	76.12	61.0	89.11	65.37	53.6	27.2	24.74	63.29	17.72	72.44	78.85	47.51	39.05	69.18	74.24	62.77	23.09	69.34	47.1	3.0	94.26	24.08	46.52	45.1	59.2	24.41	49.04	63.07	71.34	82.01	68.07	44.78	39.01	88.73	67.23	94.11	60.17	53.04	84.81	2.0	3.61	53.34	72.18	43.97	42.06	48.17	72.12	74.52	72.06	36.4	13.34	99.36	100.45	36.14	30.61	56.29	85.23	78.57	42.11	55.0	58.0	11.05	72.17	56.32	44.72	77.49	49.0	63.56	35.17	60.41	75.31	54.13	59.03	12.37	9.49	17.2	52.8	70.04	1.41	33.38	53.71	93.86	48.26	74.25	32.14	55.73	70.04	52.89	52.24	52.8	10.0	27.17	86.98	22.09	66.24	61.4	63.98	
20.25	31.14	57.43	15.03	15.62	26.4	26.17	6.32	18.11	18.36	48.3	36.88	65.3	0.0	32.57	42.05	65.07	44.18	21.0	50.22	44.38	44.38	2.24	25.5	26.17	25.06	56.36	51.48	31.58	41.63	59.55	38.08	30.59	45.35	20.25	48.09	61.07	7.81	56.73	42.54	29.0	22.8	2.24	53.14	47.54	42.2	28.43	20.0	52.0	49.65	41.15	50.16	22.8	10.63	24.6	39.22	31.14	46.96	53.34	33.02	62.48	54.41	21.93	38.29	53.49	25.06	12.21	43.42	44.94	47.54	49.73	51.48	51.61	33.42	17.8	41.19	52.48	53.67	21.63	48.26	8.94	39.12	63.03	31.38	55.03	23.41	39.32	26.93	41.04	52.47	41.11	51.87	23.0	53.71	28.16	51.09	26.93	22.63	29.07	37.58	40.11	25.08	66.84	68.77	45.35	7.62	30.08	30.41	46.39	28.32	15.13	44.78	37.85	55.23	34.06	35.47	41.59	35.85	30.41	31.58	13.6	39.81	42.3	52.5	57.98	43.05	36.06	30.07	39.2	50.49	17.89	41.77	46.62	36.88	27.89	44.91	55.76	60.88	48.83	12.81	46.62	63.89	40.72	24.52	28.6	45.4	11.18	48.05	43.01	9.22	28.02	37.05	20.1	63.78	49.34	22.47	55.71	24.08	5.1	28.02	
33.6	62.27	37.05	18.36	21.1	11.66	13.93	33.24	15.26	40.45	62.43	57.87	41.48	32.57	0.0	45.97	39.56	48.8	43.84	31.06	53.41	38.59	30.36	7.81	58.46	9.22	68.6	37.7	42.54	55.57	35.9	19.92	61.13	39.45	49.93	18.38	37.85	36.22	33.54	10.63	31.62	48.92	31.02	42.06	30.87	10.0	34.54	51.89	34.48	39.92	28.64	53.15	49.16	30.0	52.8	51.62	16.4	33.53	68.26	9.22	34.48	44.6	46.39	35.06	64.03	57.38	27.02	52.8	35.34	36.4	28.6	35.51	68.88	37.36	20.4	41.11	67.74	38.01	43.74	19.24	32.45	10.63	38.6	63.91	43.97	9.22	9.43	17.72	20.22	56.64	24.35	68.48	54.92	67.96	33.29	49.65	59.48	47.38	60.42	52.77	15.81	57.27	43.42	44.27	54.04	40.16	2.83	32.8	51.62	30.68	46.69	32.98	35.47	37.05	64.07	66.73	39.2	24.7	15.03	62.13	45.69	8.25	18.6	61.72	39.0	32.56	49.24	35.23	63.56	55.17	23.43	38.6	59.08	34.13	41.63	23.02	37.01	34.01	30.15	21.1	64.4	40.26	9.22	38.63	58.25	50.93	43.68	42.54	53.82	40.79	11.4	13.42	13.6	36.24	40.31	54.63	43.42	47.68	27.51	48.76	
60.42	66.41	35.36	44.38	32.31	34.71	53.0	36.0	44.72	26.93	20.02	26.08	44.72	42.05	45.97	0.0	47.27	2.83	63.03	31.02	9.06	13.04	41.19	45.8	51.0	38.42	23.77	81.84	11.7	15.52	41.11	64.2	45.61	13.15	59.68	63.41	41.3	36.12	39.01	48.02	66.13	64.12	43.19	21.54	75.6	53.6	67.05	55.79	79.65	18.68	71.56	8.25	32.25	50.8	64.63	12.08	29.83	23.0	25.32	53.91	50.04	20.59	29.07	73.82	18.79	57.58	50.45	9.0	18.0	20.1	74.33	27.17	28.0	71.78	30.87	6.08	25.18	82.8	26.0	44.6	50.36	56.59	44.28	60.37	22.36	41.62	55.23	56.44	32.31	11.18	68.6	27.02	46.96	24.52	14.87	10.3	54.56	29.53	64.2	16.12	61.55	49.65	45.12	48.05	9.22	45.28	46.01	13.89	5.66	65.19	42.06	76.01	11.18	31.4	70.88	69.64	9.06	22.83	56.86	46.23	50.8	53.26	64.38	16.12	33.73	74.95	12.81	12.65	34.13	9.43	53.14	10.05	16.03	72.5	15.81	68.68	32.39	47.01	30.07	36.06	25.32	43.57	46.32	18.25	66.71	5.0	44.91	13.0	11.05	40.61	52.43	58.8	45.65	50.0	17.72	56.61	24.17	27.78	41.59	23.6	
72.47	96.17	12.0	54.92	49.5	39.2	53.49	62.37	52.48	62.27	67.12	71.57	4.24	65.07	39.56	47.27	0.0	49.09	81.54	17.09	56.14	34.23	62.97	46.52	86.84	41.88	69.12	72.0	53.45	62.65	6.32	56.57	85.48	34.13	85.04	44.1	6.0	64.66	8.94	30.59	71.17	85.8	64.44	27.17	65.01	37.22	74.09	84.86	67.07	29.0	65.49	49.09	71.12	66.85	88.87	58.86	33.94	24.52	72.01	47.54	7.62	29.43	67.54	73.76	64.07	89.27	64.35	56.22	29.43	27.17	60.07	20.1	75.17	76.84	47.38	41.44	72.03	71.06	63.95	20.62	68.6	44.41	3.0	94.64	27.46	45.28	42.43	57.25	24.04	52.24	60.3	74.11	82.66	71.0	46.1	42.19	89.2	68.43	94.05	62.37	50.25	85.45	5.83	5.0	56.08	72.14	42.15	43.46	51.01	70.23	75.0	69.26	38.33	16.0	99.09	100.42	38.47	31.38	54.12	86.35	78.49	39.46	52.09	61.07	14.14	69.46	58.46	46.24	79.4	52.09	62.18	37.48	63.13	73.01	55.71	56.01	15.0	6.0	18.38	52.4	72.56	4.47	31.05	55.04	93.51	51.04	74.41	35.0	58.31	70.29	50.92	49.65	51.48	5.83	30.0	87.05	25.5	67.54	60.96	65.55	
62.82	67.72	37.12	47.01	34.93	37.54	55.76	38.05	47.41	28.44	18.03	25.61	46.39	44.18	48.8	2.83	49.09	0.0	65.12	33.14	7.07	15.03	43.42	48.6	51.89	41.23	21.19	84.63	13.15	14.32	43.01	67.01	46.04	15.0	61.4	66.22	43.1	38.01	41.01	50.77	68.71	66.03	45.4	22.8	78.41	56.4	69.57	57.27	82.46	20.22	74.33	6.0	33.11	53.15	66.37	11.4	32.65	25.08	23.09	56.73	52.15	21.54	30.08	76.49	16.16	58.82	52.89	7.28	20.1	22.0	77.16	29.02	26.08	74.33	33.54	8.54	23.02	85.6	27.2	47.17	52.61	59.41	46.1	61.33	23.41	44.41	58.05	59.17	34.93	8.54	71.4	25.02	47.93	22.2	17.46	9.9	55.54	30.46	65.52	15.62	64.38	50.57	46.69	49.65	7.0	47.1	48.84	16.64	2.83	67.78	43.42	78.77	13.89	33.14	72.28	70.84	11.4	25.55	59.64	46.62	52.47	56.08	67.21	13.42	35.36	77.7	12.81	15.23	33.6	6.71	55.71	12.37	14.04	75.15	17.26	71.51	34.13	49.09	32.25	38.63	23.77	45.28	49.09	20.02	68.25	2.24	46.53	14.32	9.49	42.3	55.22	61.62	48.37	52.04	19.24	57.97	25.3	28.64	43.93	24.19	
11.7	23.0	75.58	26.63	34.48	42.54	31.62	27.07	29.21	38.08	67.68	54.56	82.49	21.0	43.84	63.03	81.54	65.12	0.0	68.45	64.94	64.94	22.09	36.07	31.62	39.66	75.89	45.18	52.35	61.4	76.66	38.9	40.36	65.92	11.7	53.67	78.39	27.46	73.93	54.45	21.02	6.08	20.1	73.25	44.1	51.4	18.03	18.36	48.01	69.86	37.12	71.11	39.36	14.76	11.05	59.44	48.75	66.41	72.24	39.66	77.62	74.73	39.92	29.27	73.5	23.77	17.2	63.95	65.0	67.45	48.66	70.58	69.78	21.59	36.69	62.13	71.31	48.09	40.8	62.48	13.6	45.79	79.92	30.36	75.19	36.4	46.87	29.53	58.18	73.33	39.81	70.26	31.14	72.8	49.09	72.06	29.53	40.31	22.09	57.28	43.86	31.4	84.22	85.76	65.92	19.31	41.01	51.24	67.27	21.1	27.46	39.01	58.55	73.93	22.56	27.07	62.39	55.03	34.0	41.11	17.03	48.6	44.94	72.78	76.56	37.01	56.29	51.04	54.64	71.34	20.62	62.51	66.48	28.16	48.51	45.61	74.32	76.61	67.12	30.68	64.88	81.12	53.04	45.28	17.12	66.27	21.95	68.73	63.35	24.7	34.41	41.59	30.48	79.2	69.63	21.02	75.69	42.15	22.56	46.82	
60.73	80.92	7.21	42.38	34.67	26.25	44.1	46.75	40.52	45.49	51.04	54.57	15.81	50.22	31.06	31.02	17.09	33.14	68.45	0.0	40.05	18.11	48.26	36.22	70.43	29.83	53.94	67.91	36.4	46.1	10.77	50.64	68.6	18.25	70.46	42.49	11.66	48.8	8.25	26.0	61.52	72.07	49.93	14.21	60.88	33.24	63.95	69.53	63.89	14.32	59.54	34.21	54.2	53.71	74.63	42.19	19.7	8.06	56.22	40.2	19.03	17.03	50.61	66.0	48.84	73.55	51.62	40.01	13.04	11.4	57.25	5.66	59.01	67.48	32.45	25.0	56.14	67.72	47.01	17.8	55.01	39.29	14.32	78.57	15.56	33.73	37.36	48.09	11.05	37.64	54.92	58.03	66.22	55.33	29.07	27.86	73.0	51.48	78.75	45.54	45.35	69.03	17.03	19.42	40.11	56.85	33.0	26.4	35.36	60.53	58.8	63.79	21.38	6.0	84.2	85.04	22.0	14.87	46.01	69.46	63.25	34.48	47.8	45.89	8.25	63.51	41.59	29.15	62.36	37.11	50.7	21.0	47.04	65.01	38.63	52.2	6.08	16.0	1.41	38.08	56.08	14.42	25.3	38.01	78.82	35.23	58.73	19.92	42.0	54.45	42.01	43.74	40.02	19.03	15.23	71.51	14.21	50.54	46.65	48.47	
63.91	65.12	44.18	49.4	37.44	41.87	59.03	38.08	50.22	27.07	11.0	19.85	53.46	44.38	53.41	9.06	56.14	7.07	64.94	40.05	0.0	22.0	43.97	52.35	48.38	45.28	15.26	88.09	13.0	7.81	50.04	70.77	41.59	22.02	60.0	71.28	50.16	37.48	48.0	56.36	70.66	65.19	45.88	29.83	82.13	61.59	71.18	55.23	86.31	27.29	77.62	9.9	29.83	54.08	65.0	6.32	37.74	32.02	16.28	60.83	59.08	28.46	27.29	78.89	10.63	56.09	54.23	1.0	27.02	29.02	81.34	36.06	19.03	76.06	36.4	15.13	16.12	89.27	25.02	53.45	53.16	64.03	53.15	57.87	30.36	48.1	62.8	62.2	41.11	9.85	75.07	18.0	44.64	15.52	20.52	16.12	52.2	27.46	62.97	10.3	68.68	47.13	53.76	56.72	1.0	46.17	53.15	20.62	5.83	69.77	41.19	82.01	19.92	40.2	69.87	67.91	18.11	31.38	63.13	42.06	51.0	61.03	71.51	8.6	42.43	80.8	9.06	18.38	27.59	8.06	57.71	19.1	7.0	77.52	16.49	75.69	41.19	56.04	39.12	40.82	16.76	52.35	54.59	19.92	66.27	5.39	45.0	21.38	2.83	41.05	58.8	65.8	51.4	59.01	26.31	55.58	32.28	25.5	44.94	20.62	
60.0	72.47	22.36	42.19	31.02	28.79	48.38	39.22	41.59	33.6	33.0	38.08	31.78	44.38	38.59	13.04	34.23	15.03	64.94	18.11	22.0	0.0	42.95	40.5	59.03	32.89	35.9	76.03	20.81	28.44	28.07	58.14	55.23	1.0	63.91	54.49	28.28	40.31	26.0	38.21	63.79	67.19	44.91	9.9	69.35	44.6	65.38	61.27	73.06	6.4	66.31	16.55	41.01	51.16	68.62	24.74	22.36	10.05	38.12	47.41	37.12	10.3	37.48	70.34	30.81	64.14	50.01	22.02	5.1	7.07	67.12	14.14	41.01	69.72	29.0	7.28	38.05	76.54	33.97	33.12	51.48	48.83	31.26	68.01	11.4	36.69	47.2	52.2	21.4	20.12	62.61	40.0	54.82	37.22	17.0	11.31	62.2	38.18	70.24	28.46	54.38	57.63	32.28	35.17	22.02	49.4	39.36	14.32	17.26	62.8	48.55	70.77	6.71	18.44	76.49	76.16	4.47	13.89	51.62	55.97	55.54	44.82	57.14	27.89	20.88	70.01	24.7	15.81	46.1	19.31	51.24	3.61	29.0	69.12	24.08	61.59	19.42	34.06	17.26	35.01	38.33	30.59	36.77	24.84	71.69	17.12	50.09	4.12	24.08	45.62	47.17	51.97	41.98	37.01	5.66	62.65	12.73	36.8	42.43	33.6	
20.12	33.3	55.47	13.0	13.6	24.21	24.33	6.4	16.03	18.6	48.37	37.48	63.25	2.24	30.36	41.19	62.97	43.42	22.09	48.26	43.97	42.95	0.0	23.35	28.28	22.83	56.36	50.25	31.05	41.59	57.49	36.4	32.39	43.93	22.2	46.04	59.03	8.6	54.67	40.31	28.32	24.35	2.0	51.55	46.1	40.02	28.02	22.2	50.57	48.08	39.82	49.37	23.85	10.3	26.42	39.0	29.07	45.19	53.54	31.0	60.31	52.89	22.67	37.48	53.31	27.29	11.31	43.01	43.32	45.88	48.08	49.65	52.01	33.02	15.81	40.05	52.7	52.35	22.02	46.04	9.22	37.05	60.96	33.62	53.45	21.19	37.22	25.3	38.95	51.79	39.56	52.2	25.02	53.85	27.02	50.01	29.12	23.43	31.24	37.59	38.21	27.17	64.82	66.71	44.92	9.85	27.89	29.15	45.71	27.59	17.03	43.57	36.5	53.34	36.12	37.64	40.31	34.0	28.64	33.38	15.81	37.66	40.45	52.2	56.08	41.88	35.85	29.0	40.22	49.82	16.64	40.45	46.52	36.07	27.51	43.17	53.85	58.73	46.87	10.63	47.01	61.85	38.48	24.04	30.61	44.72	13.34	46.69	42.72	11.05	26.08	35.13	18.03	61.62	47.8	24.7	54.08	24.76	3.0	28.43	
26.08	54.59	42.76	10.77	16.55	11.7	8.06	27.02	7.62	35.74	60.44	54.13	48.1	25.5	7.81	45.8	46.52	48.6	36.07	36.22	52.35	40.5	23.35	0.0	51.62	7.62	67.21	36.06	40.46	53.41	42.38	18.44	55.01	41.44	42.19	23.09	44.27	30.02	39.85	18.44	25.32	41.11	23.77	45.54	29.83	16.76	27.89	44.38	33.97	42.95	25.94	53.54	43.93	22.2	45.0	49.68	18.44	37.22	66.22	8.94	41.88	47.85	41.48	30.27	62.94	49.98	19.21	51.62	38.08	39.62	29.21	40.0	66.29	31.26	16.64	41.68	65.6	37.01	39.22	26.63	24.7	14.14	45.31	56.61	47.52	4.24	14.0	12.04	25.18	56.86	22.8	66.03	48.26	66.07	31.83	50.99	52.39	42.45	52.77	50.22	17.0	50.49	49.98	51.08	53.08	32.98	5.0	32.02	51.4	24.33	40.11	30.41	36.24	42.19	56.3	59.06	40.25	26.93	11.18	56.01	38.28	14.32	19.72	60.88	44.41	29.55	47.01	33.97	59.14	55.22	15.81	39.81	57.38	29.15	38.83	23.6	42.3	41.18	35.13	15.3	61.59	46.82	16.97	35.51	50.48	50.61	36.67	44.6	52.35	34.13	6.71	13.89	5.83	43.57	43.17	47.17	47.27	43.01	20.4	44.78	
39.56	18.25	77.34	41.19	39.0	50.7	52.0	25.63	44.28	25.5	46.17	31.06	86.21	26.17	58.46	51.0	86.84	51.89	31.62	70.43	48.38	59.03	28.28	51.62	0.0	50.29	54.04	74.33	39.45	41.98	80.8	63.29	9.85	59.82	20.52	74.24	82.01	22.85	78.01	68.01	49.98	27.59	28.07	68.88	71.59	68.25	47.93	13.45	75.93	65.3	64.76	57.38	18.79	33.38	24.21	42.06	53.71	65.07	49.01	59.14	85.59	69.2	21.95	59.24	53.46	9.85	36.22	47.43	61.55	64.38	74.67	70.04	45.18	52.33	40.72	53.25	48.01	76.92	25.24	72.5	30.41	65.28	84.4	9.49	70.43	49.24	65.49	52.15	63.29	58.19	65.76	46.1	4.24	50.0	42.45	61.29	4.0	21.47	16.49	38.33	66.0	1.41	87.46	89.81	49.34	19.0	56.09	45.28	52.92	49.65	12.08	67.72	52.5	74.33	23.35	20.02	55.0	55.61	56.04	10.3	15.81	65.92	68.03	53.94	77.16	65.8	39.56	43.28	27.46	56.3	42.3	55.61	46.69	57.94	35.51	70.26	75.07	83.53	69.03	37.64	41.01	84.81	66.1	34.21	21.93	52.0	15.03	61.61	45.88	17.72	54.04	63.01	46.27	86.61	64.66	11.4	71.7	23.26	31.26	27.86	
31.02	55.8	36.69	13.04	12.0	4.12	15.52	24.74	10.77	31.26	53.82	48.7	42.94	25.06	9.22	38.42	41.88	41.23	39.66	29.83	45.28	32.89	22.83	7.62	50.29	0.0	60.31	43.57	33.84	46.87	37.12	25.81	52.35	33.84	43.93	27.51	38.91	27.66	34.44	17.72	32.02	44.05	23.85	38.21	37.2	19.1	34.23	44.94	41.23	35.51	33.54	46.04	40.05	25.0	47.38	43.01	11.05	30.02	59.64	15.56	38.21	40.45	37.22	37.66	55.9	50.12	22.47	44.6	30.59	32.25	36.07	33.14	60.03	38.01	11.18	34.13	59.08	44.41	34.53	23.43	26.91	19.24	40.31	56.36	40.2	4.0	18.38	19.42	18.97	49.41	30.23	59.68	46.57	59.41	24.84	43.38	51.62	38.21	53.82	43.91	23.43	49.04	44.72	46.14	45.97	32.65	8.06	24.76	44.05	31.02	38.33	38.01	28.65	35.69	58.14	60.22	32.65	19.42	18.79	53.34	38.59	17.46	26.25	53.74	38.08	37.16	40.5	26.91	54.34	47.8	20.88	32.2	50.61	36.5	32.65	30.41	35.9	37.01	28.64	12.65	55.47	41.59	15.81	29.55	52.4	43.28	35.85	37.0	45.45	32.57	14.32	20.52	10.2	39.7	35.69	47.51	40.05	38.47	20.25	39.56	
76.48	72.01	57.14	63.41	51.74	57.01	73.59	50.09	64.54	38.08	8.25	23.0	66.01	56.36	68.6	23.77	69.12	21.19	75.89	53.94	15.26	35.9	56.36	67.21	54.04	60.31	0.0	102.65	26.91	14.76	63.29	85.56	45.4	35.69	69.23	86.53	63.13	48.85	61.52	71.59	84.06	75.19	58.14	42.01	96.88	76.85	84.22	63.51	101.12	40.2	92.1	20.02	37.48	66.65	74.15	17.8	53.0	45.89	5.83	75.82	72.84	40.01	36.14	92.66	5.1	63.03	67.23	15.81	41.0	42.58	96.33	49.37	10.82	89.19	50.93	29.73	6.71	103.97	35.11	68.35	65.31	79.2	66.12	63.2	42.01	62.97	78.01	76.58	56.08	17.03	89.81	9.43	51.01	4.47	35.47	27.0	58.03	35.9	70.03	18.79	83.74	53.01	66.01	69.01	14.76	56.61	68.25	35.81	18.68	83.22	49.82	96.43	34.93	53.15	77.03	74.06	32.57	46.52	77.79	45.54	60.42	76.28	86.56	8.06	55.04	95.13	20.81	33.42	27.89	17.03	71.28	33.53	10.0	91.26	29.41	90.69	54.15	69.72	53.15	54.82	13.34	65.03	69.84	33.02	74.33	18.97	54.57	34.23	14.87	51.24	73.54	80.81	65.86	72.56	39.2	63.2	44.01	33.96	57.8	29.12	
34.93	68.12	72.99	39.7	50.93	47.51	29.07	56.3	38.18	67.8	95.46	87.01	75.06	51.48	37.7	81.84	72.0	84.63	45.18	67.91	88.09	76.03	50.25	36.06	74.33	43.57	102.65	0.0	75.74	88.39	70.26	17.89	81.15	76.92	56.57	28.16	72.25	58.83	68.47	42.43	24.52	51.09	49.24	79.71	7.07	35.23	27.17	62.37	5.83	77.62	10.63	89.59	74.09	41.63	56.08	84.9	53.67	71.17	101.12	28.64	65.07	82.28	72.67	16.0	98.6	68.25	39.36	87.32	73.01	74.09	12.37	72.8	100.57	24.02	51.74	77.7	100.42	3.16	71.4	52.24	44.38	28.64	72.06	75.13	81.6	40.22	30.59	26.17	57.57	92.91	13.42	100.5	72.45	101.12	67.62	86.83	73.25	73.5	67.27	84.86	22.56	73.68	77.06	77.0	88.87	56.46	36.67	68.01	87.42	24.74	65.8	6.71	72.2	73.76	67.01	72.03	76.16	62.17	25.0	82.08	58.52	33.54	20.22	96.67	75.31	8.54	82.04	69.81	90.43	91.26	33.62	75.66	92.7	17.03	73.54	16.03	73.55	66.0	67.19	48.1	95.67	74.11	42.76	70.01	62.03	86.61	60.54	80.06	87.86	60.37	29.41	24.35	36.8	67.07	78.0	65.31	80.96	74.63	47.71	77.62	
50.92	54.71	42.15	36.62	24.84	30.89	46.69	25.32	37.64	15.3	20.0	18.25	51.62	31.58	42.54	11.7	53.45	13.15	52.35	36.4	13.0	20.81	31.05	40.46	39.45	33.84	26.91	75.74	0.0	13.04	47.13	58.73	34.66	21.4	48.26	60.83	47.76	25.02	44.64	47.13	57.71	53.0	32.98	30.61	70.01	51.48	58.18	44.15	74.28	27.2	65.19	19.1	20.81	41.11	53.24	9.22	28.16	29.15	25.81	49.2	54.74	30.41	17.49	66.04	23.02	45.88	41.23	12.08	24.6	27.29	69.66	34.01	26.4	63.07	24.04	14.14	25.24	77.08	14.32	46.17	40.26	53.0	50.6	48.76	31.89	36.24	51.97	49.68	34.01	21.02	62.94	25.94	35.36	25.61	9.49	21.93	42.94	18.03	52.5	10.44	57.2	38.08	52.39	55.15	13.93	34.01	41.88	11.05	15.0	56.82	30.36	69.53	15.23	38.48	59.2	57.94	16.4	24.0	50.91	35.36	39.32	50.54	60.0	21.47	41.15	68.25	6.71	8.06	25.96	19.03	44.78	17.2	16.97	64.66	4.12	64.03	39.4	51.97	35.17	28.02	22.14	50.33	45.22	7.07	55.11	14.0	33.38	22.63	12.21	29.15	46.69	54.2	38.95	55.11	26.4	44.92	33.42	16.4	31.95	12.81	
61.72	59.3	50.8	48.92	37.48	43.91	59.41	35.34	50.21	23.41	7.07	12.21	60.21	41.63	55.57	15.52	62.65	14.32	61.4	46.1	7.81	28.44	41.59	53.41	41.98	46.87	14.76	88.39	13.04	0.0	56.44	71.59	34.54	28.64	55.33	73.82	56.72	34.18	54.23	59.81	69.34	61.0	43.38	37.0	82.81	64.4	69.46	50.01	87.11	34.21	77.79	17.69	24.02	51.88	60.3	4.12	40.85	38.21	12.81	62.2	65.03	35.85	22.09	78.01	12.17	50.25	52.48	7.21	33.24	35.51	82.62	42.58	13.6	74.43	36.88	21.21	12.21	89.83	20.62	58.05	50.57	66.04	59.68	51.42	37.7	49.2	65.0	62.24	45.71	17.2	75.74	13.0	38.47	12.73	22.36	23.85	45.89	22.02	57.22	4.12	70.21	40.79	60.64	63.56	8.49	42.2	54.92	23.41	13.6	68.51	36.06	82.07	25.02	46.87	64.2	61.81	24.19	35.69	63.7	34.93	46.39	63.53	73.01	12.04	49.24	80.72	6.4	20.62	19.8	15.62	56.61	25.18	5.1	76.61	14.87	77.01	47.85	62.07	45.04	40.36	10.0	59.03	57.94	18.44	61.0	13.04	40.45	28.46	5.0	36.88	59.55	67.2	51.62	65.12	33.24	50.04	39.56	20.02	43.05	15.03	
68.03	90.55	6.32	50.12	43.93	34.13	49.73	56.59	47.85	56.08	61.03	65.25	5.83	59.55	35.9	41.11	6.32	43.01	76.66	10.77	50.04	28.07	57.49	42.38	80.8	37.12	63.29	70.26	47.13	56.44	0.0	54.04	79.26	28.02	79.65	42.95	2.0	58.8	2.83	28.0	67.45	80.71	59.03	21.59	63.2	35.06	70.21	79.21	65.62	23.09	63.03	43.29	64.88	61.91	83.6	52.61	28.43	18.25	66.01	44.41	10.3	24.04	61.29	70.71	58.22	83.49	59.54	50.09	23.19	21.02	58.69	14.0	69.07	73.25	41.77	35.23	66.0	69.58	57.71	18.03	63.51	42.0	3.61	88.73	22.14	40.72	40.0	53.6	18.6	46.53	58.0	68.03	76.61	65.03	39.81	36.5	83.24	62.18	88.41	56.09	48.01	79.4	7.62	9.22	50.01	66.48	38.33	37.16	45.01	66.48	69.03	67.0	32.02	10.2	93.61	94.76	32.25	25.24	50.8	80.13	72.86	37.0	50.09	55.23	8.94	67.03	52.17	39.92	73.08	46.27	57.78	31.26	57.04	69.87	49.4	54.23	9.22	7.21	12.08	47.01	66.37	4.47	28.07	48.75	88.09	45.0	68.62	29.07	52.15	64.44	47.3	47.04	47.01	9.49	24.08	81.32	20.25	61.27	55.61	59.24	
27.2	61.19	56.14	24.17	34.21	29.68	12.53	41.79	21.95	52.35	78.64	71.34	59.21	38.08	19.92	64.2	56.57	67.01	38.9	50.64	70.77	58.14	36.4	18.44	63.29	25.81	85.56	17.89	58.73	71.59	54.04	0.0	68.66	59.03	48.66	16.28	56.04	44.6	52.0	26.08	19.42	44.92	35.9	61.98	11.4	19.42	23.02	53.08	15.56	59.81	9.0	71.85	59.62	30.02	49.73	67.94	35.78	53.45	84.39	10.77	50.22	64.51	57.7	17.89	81.34	59.08	27.07	70.04	55.15	56.3	11.7	55.32	84.2	23.35	34.71	59.91	83.74	18.6	55.95	36.12	33.02	12.17	56.22	66.07	63.89	22.67	14.14	11.18	40.02	75.21	4.47	84.02	60.67	84.29	50.25	68.96	63.03	58.6	59.84	68.25	6.71	62.39	61.2	61.52	71.51	44.41	18.79	50.45	69.81	18.87	53.15	13.15	54.38	56.57	61.4	65.51	58.31	44.28	8.06	69.63	48.01	17.12	6.4	79.31	58.31	13.0	65.19	52.4	75.58	73.6	21.02	57.8	75.69	17.49	56.85	7.0	56.44	50.64	49.82	31.91	79.4	58.14	26.0	53.41	55.79	69.03	48.51	62.17	70.71	47.3	12.04	7.0	20.25	52.17	60.17	56.08	63.32	59.48	33.53	61.91	
47.01	27.89	75.17	45.28	40.45	51.97	56.72	28.0	48.17	23.26	37.85	22.8	84.38	30.59	61.13	45.61	85.48	46.04	40.36	68.6	41.59	55.23	32.39	55.01	9.85	52.35	45.4	81.15	34.66	34.54	79.26	68.66	0.0	55.9	29.83	78.06	80.26	25.0	76.54	69.87	57.25	36.88	32.76	65.12	77.79	71.11	55.57	22.8	82.22	61.62	71.17	51.11	14.42	39.56	33.84	35.36	53.76	62.43	40.11	63.2	85.09	65.05	18.03	66.65	45.35	19.7	42.06	40.71	58.41	61.22	80.28	67.42	36.0	60.21	41.77	48.8	39.12	83.57	21.63	73.08	36.77	69.07	82.86	18.03	66.48	52.04	69.01	57.49	62.77	51.43	71.57	37.01	9.22	41.19	39.66	55.8	13.6	17.2	26.25	31.3	70.58	9.43	85.44	87.98	42.49	24.7	59.03	42.44	46.65	56.8	15.52	74.46	49.04	71.85	32.98	29.15	50.93	54.12	61.0	1.0	23.6	69.03	72.84	46.17	74.63	72.62	33.29	40.0	18.03	49.65	48.08	51.66	38.9	65.3	31.14	75.5	72.67	82.76	67.23	40.05	32.14	83.01	67.9	30.81	31.78	45.79	20.62	57.28	38.91	21.38	58.42	67.48	50.16	85.91	60.88	21.1	67.94	18.44	35.36	22.02	
61.0	73.36	22.2	43.19	32.02	29.73	49.34	40.16	42.58	34.41	33.02	38.48	31.58	45.35	39.45	13.15	34.13	15.0	65.92	18.25	22.02	1.0	43.93	41.44	59.82	33.84	35.69	76.92	21.4	28.64	28.02	59.03	55.9	0.0	64.85	55.23	28.16	41.23	26.02	38.9	64.78	68.15	45.89	9.22	70.24	45.34	66.37	62.17	73.93	5.83	67.23	16.16	41.73	52.15	69.57	25.0	23.26	10.2	38.05	48.3	37.22	9.43	38.21	71.31	30.59	65.0	51.01	22.09	5.39	7.0	67.96	14.04	41.05	70.71	30.0	7.62	38.01	77.41	34.71	33.62	52.47	49.65	31.14	68.82	10.63	37.64	48.01	53.16	22.02	19.7	63.51	40.01	55.61	37.12	17.89	10.63	63.01	38.9	71.12	28.79	55.23	58.41	32.02	34.93	22.0	50.33	40.25	15.23	17.12	63.79	49.4	71.69	7.62	18.25	77.39	77.03	5.0	14.76	52.55	56.64	56.46	45.61	57.98	27.66	20.62	70.94	25.08	16.64	46.52	18.97	52.24	4.24	29.02	70.09	24.76	62.43	19.24	34.13	17.46	36.01	38.47	30.41	37.48	25.61	72.62	17.03	50.99	3.16	24.19	46.52	48.1	52.84	42.95	37.05	5.0	63.53	12.04	37.48	43.42	34.21	
22.0	12.65	77.67	31.62	35.81	45.97	39.56	24.7	34.67	33.06	61.0	46.84	85.43	20.25	49.93	59.68	85.04	61.4	11.7	70.46	60.0	63.91	22.2	42.19	20.52	43.93	69.23	56.57	48.26	55.33	79.65	48.66	29.83	64.85	0.0	62.3	81.22	23.77	76.84	60.46	32.14	7.07	20.62	73.01	55.01	58.59	29.43	7.07	59.08	69.46	48.01	67.36	31.78	20.12	5.0	54.04	51.22	67.12	65.0	47.54	82.04	74.09	33.24	40.79	67.48	12.08	23.26	59.0	64.88	67.54	59.14	71.69	61.98	33.24	38.01	59.91	64.03	59.41	35.01	67.36	17.49	53.85	83.1	18.68	74.85	41.4	54.63	38.33	61.07	69.12	50.16	62.64	20.81	65.73	47.13	69.43	18.03	33.38	11.18	51.24	52.89	20.52	87.01	88.87	61.0	14.56	47.17	49.65	63.2	32.06	19.42	50.25	57.25	75.47	14.21	17.09	60.73	56.08	42.72	30.48	9.0	55.9	54.34	67.19	78.23	48.26	51.01	48.76	45.62	67.12	28.46	61.03	60.41	39.62	44.18	55.58	76.01	80.62	69.07	32.65	57.28	84.02	58.82	41.44	8.49	62.2	15.0	67.36	58.03	19.1	42.15	50.29	36.36	83.44	69.08	9.43	75.64	35.36	24.08	40.31	
42.06	74.95	46.49	33.06	39.05	29.97	22.8	50.09	30.02	58.46	80.62	76.22	47.38	48.09	18.38	63.41	44.1	66.22	53.67	42.49	71.28	54.49	46.04	23.09	74.24	27.51	86.53	28.16	60.83	73.82	42.95	16.28	78.06	55.23	62.3	0.0	44.91	53.08	41.48	16.64	35.47	59.51	46.17	55.76	21.38	9.9	39.05	65.73	23.0	54.41	23.71	70.09	66.91	42.45	64.08	69.84	33.6	47.43	86.45	15.13	37.0	58.52	64.33	33.84	81.84	71.59	39.29	70.72	50.45	50.8	16.0	47.89	87.21	39.62	38.6	58.14	85.96	27.0	61.85	25.3	45.35	9.0	44.41	78.45	57.45	26.48	9.22	24.17	33.6	73.66	18.36	86.77	71.06	86.09	51.48	65.8	74.67	65.31	73.38	71.11	10.0	73.17	49.37	49.09	71.85	55.33	19.65	50.77	69.03	34.83	63.01	26.57	52.5	47.93	75.77	79.38	55.9	41.04	19.7	79.06	60.02	10.3	10.0	79.4	49.04	27.31	67.54	53.34	81.74	72.35	33.84	55.17	77.18	33.6	60.01	12.65	47.54	38.12	42.06	38.33	82.76	46.53	17.8	57.01	70.01	68.41	59.21	58.14	71.87	57.01	20.4	12.08	28.02	39.0	55.0	68.66	56.44	65.73	43.05	67.05	
69.86	92.02	6.0	51.88	45.45	35.85	51.66	57.98	49.66	57.14	61.13	65.8	4.24	61.07	37.85	41.3	6.0	43.1	78.39	11.66	50.16	28.28	59.03	44.27	82.01	38.91	63.13	72.25	47.76	56.72	2.0	56.04	80.26	28.16	81.22	44.91	0.0	60.14	4.47	30.0	69.38	82.38	60.61	21.21	65.19	37.05	72.12	80.66	67.6	23.0	65.03	43.1	65.86	63.63	85.21	52.95	30.0	18.68	66.01	46.39	11.4	23.54	62.27	72.69	58.08	84.86	61.29	50.25	23.54	21.21	60.67	14.14	69.18	75.19	43.28	35.51	66.03	71.57	58.67	20.02	65.19	44.0	3.0	90.03	21.59	42.54	42.0	55.54	20.25	46.27	60.0	68.12	77.8	65.0	40.71	36.22	84.5	63.13	89.87	56.52	50.01	80.6	5.83	7.81	50.09	67.94	40.26	38.01	45.01	68.41	70.29	69.0	32.57	10.0	95.13	96.21	32.56	26.4	52.77	81.12	74.33	39.0	52.09	55.08	8.25	69.03	52.63	40.72	73.68	46.1	59.62	31.58	57.14	71.85	50.16	56.22	9.0	8.49	13.04	48.6	66.61	2.83	30.07	49.65	89.64	45.04	70.01	29.0	52.35	65.8	49.24	49.04	48.85	10.3	24.0	82.73	19.65	62.18	57.2	60.01	
28.02	32.45	55.9	20.62	16.16	27.86	32.28	3.0	23.35	10.77	40.72	29.07	64.38	7.81	36.22	36.12	64.66	38.01	27.46	48.8	37.48	40.31	8.6	30.02	22.85	27.66	48.85	58.83	25.02	34.18	58.8	44.6	25.0	41.23	23.77	53.08	60.14	0.0	55.97	45.35	36.77	28.02	9.9	49.65	54.56	46.17	36.24	21.1	59.03	46.07	48.37	44.01	15.26	18.44	28.64	32.02	31.06	44.41	45.65	38.33	62.97	50.57	14.14	46.01	46.17	24.76	19.85	36.5	41.68	44.42	56.3	49.2	43.83	41.23	17.89	36.14	44.78	60.9	13.89	49.66	16.64	44.1	62.37	30.0	51.43	27.07	44.01	33.62	40.8	46.04	47.93	44.1	18.97	46.07	23.41	45.71	24.7	14.87	30.23	30.08	45.89	21.54	65.76	67.94	38.47	9.22	34.06	26.0	40.01	36.07	10.77	52.15	33.62	53.26	36.24	36.4	37.0	33.97	36.69	26.0	15.23	44.05	48.27	45.35	56.08	50.48	28.86	25.0	31.62	44.05	25.24	37.34	39.22	44.6	21.1	51.24	53.91	61.03	47.38	15.13	38.83	62.97	43.42	18.0	31.38	39.01	10.0	43.66	35.9	5.66	33.73	42.76	25.32	64.07	45.62	22.8	52.35	16.28	11.18	20.25	
65.39	87.73	5.66	47.41	41.11	31.38	47.3	53.76	45.19	53.34	59.0	62.82	8.6	56.73	33.54	39.01	8.94	41.01	73.93	8.25	48.0	26.0	54.67	39.85	78.01	34.44	61.52	68.47	44.64	54.23	2.83	52.0	76.54	26.02	76.84	41.48	4.47	55.97	0.0	26.08	65.0	77.94	56.22	20.25	61.4	33.24	67.72	76.38	63.95	21.38	61.0	41.59	62.18	59.17	80.8	50.36	25.61	16.03	64.07	42.19	11.4	22.85	58.59	68.47	56.44	80.66	56.82	48.01	21.02	19.03	57.07	12.17	67.01	70.83	38.95	33.06	64.03	67.9	55.01	16.28	60.75	40.05	6.4	85.91	21.02	38.08	38.05	51.2	15.81	44.91	56.04	66.0	73.82	63.13	37.16	34.93	80.43	59.48	85.59	53.76	46.1	76.61	10.3	12.04	48.01	63.66	35.9	34.54	43.1	64.03	66.22	65.03	29.61	8.94	90.79	91.93	30.07	22.47	48.51	77.41	70.04	35.06	48.26	53.46	8.49	65.0	49.82	37.34	70.6	44.55	55.15	29.07	55.0	67.6	46.82	52.47	8.06	8.25	9.49	44.2	64.2	7.21	26.0	46.1	85.28	43.05	65.8	27.29	50.04	61.62	44.91	45.0	44.38	11.05	22.36	78.49	19.24	58.6	52.8	56.65	
44.05	72.72	30.59	28.84	29.43	18.03	23.85	42.45	25.81	48.01	66.31	63.95	33.14	42.54	10.63	48.02	30.59	50.77	54.45	26.0	56.36	38.21	40.31	18.44	68.01	17.72	71.59	42.43	47.13	59.81	28.0	26.08	69.87	38.9	60.46	16.64	30.0	45.35	26.08	0.0	41.15	59.55	41.15	39.12	35.36	7.28	44.29	62.18	38.08	37.8	35.06	54.2	57.08	40.61	63.41	55.71	18.97	30.81	72.09	17.09	24.7	41.88	54.01	43.17	66.73	67.54	37.64	55.9	33.97	34.21	31.32	31.3	73.39	46.62	28.16	42.44	71.69	41.98	51.01	10.05	43.01	14.0	30.15	73.93	40.82	19.24	12.0	27.29	17.03	57.8	30.0	72.8	64.29	71.59	37.64	49.52	69.29	55.01	70.83	57.57	20.02	66.76	35.13	35.51	56.82	50.16	13.45	36.4	53.54	40.25	56.04	39.0	36.89	31.62	74.63	77.18	40.0	25.24	23.77	70.86	55.9	9.0	22.2	64.14	32.98	39.05	53.76	39.22	70.35	56.61	33.97	39.2	62.65	42.45	47.07	26.48	31.32	24.74	25.5	30.36	69.26	32.06	2.0	44.55	68.82	53.0	53.49	41.73	57.27	50.29	21.1	19.1	24.21	26.57	38.42	64.85	39.82	55.01	37.58	55.33	
10.44	44.01	68.07	21.84	33.84	36.0	17.72	34.71	22.2	46.86	76.28	65.8	73.08	29.0	31.62	66.13	71.17	68.71	21.02	61.52	70.66	63.79	28.32	25.32	49.98	32.02	84.06	24.52	57.71	69.34	67.45	19.42	57.25	64.78	32.14	35.47	69.38	36.77	65.0	41.15	0.0	27.07	26.87	70.06	23.09	36.06	3.61	37.85	27.0	67.19	16.12	74.33	51.74	18.44	32.06	66.37	43.0	62.0	81.61	24.19	65.8	72.17	50.91	9.43	80.62	43.74	17.03	69.77	62.2	64.07	27.89	65.12	80.28	6.0	35.44	63.32	80.8	27.29	50.33	50.7	20.81	29.21	70.21	50.64	72.06	28.02	30.81	13.93	50.49	77.25	19.31	80.43	48.33	81.84	51.26	73.25	48.76	51.62	43.01	65.46	25.5	49.4	75.0	75.89	71.55	32.76	29.12	52.5	71.31	1.0	42.19	18.11	58.46	67.48	43.42	48.09	62.59	51.09	17.49	58.14	34.18	33.29	25.81	79.18	69.72	16.12	63.29	53.49	68.12	75.39	13.0	62.37	74.09	8.06	54.71	25.5	67.6	65.55	60.41	30.08	75.29	71.84	40.31	51.11	38.12	70.38	36.72	67.9	69.84	37.2	20.25	24.08	22.02	67.62	67.27	40.79	72.01	53.04	26.4	56.73	
17.72	17.03	79.26	31.14	37.58	46.62	37.22	28.28	33.94	38.12	66.94	53.14	86.53	22.8	48.92	64.12	85.8	66.03	6.08	72.07	65.19	67.19	24.35	41.11	27.59	44.05	75.19	51.09	53.0	61.0	80.71	44.92	36.88	68.15	7.07	59.51	82.38	28.02	77.94	59.55	27.07	0.0	22.47	75.89	50.16	56.86	24.0	14.14	54.04	72.42	43.19	72.03	37.95	19.1	5.0	59.41	52.48	69.46	71.17	45.28	82.22	77.2	39.05	35.13	73.16	18.87	21.93	64.2	67.68	70.23	54.74	73.82	68.35	27.29	39.81	63.79	70.21	54.04	40.45	67.21	17.2	51.48	84.05	25.08	77.79	41.04	52.48	35.34	62.13	74.01	45.89	68.95	27.8	71.84	50.8	73.55	25.0	39.29	16.28	56.89	49.77	27.59	88.2	89.87	66.19	19.03	46.1	53.15	68.0	27.17	25.63	45.0	60.64	77.37	16.49	21.02	64.33	58.18	39.81	37.54	14.87	54.08	50.92	72.69	80.06	43.0	56.32	52.61	52.35	72.01	26.08	64.54	66.1	34.06	49.01	51.66	77.83	81.06	70.71	34.0	63.57	85.15	58.05	46.01	11.05	67.0	20.62	70.83	63.39	24.19	39.96	47.42	35.38	83.74	72.12	16.4	78.43	41.23	25.5	46.1	
18.36	32.02	57.14	13.15	15.26	25.5	24.08	8.06	16.28	20.25	50.12	38.95	64.82	2.24	31.02	43.19	64.44	45.4	20.1	49.93	45.88	44.91	2.0	23.77	28.07	23.85	58.14	49.24	32.98	43.38	59.03	35.9	32.76	45.89	20.62	46.17	60.61	9.9	56.22	41.15	26.87	22.47	0.0	53.45	45.31	40.52	26.4	21.1	49.77	50.0	38.91	51.35	25.0	8.6	24.7	40.85	30.61	47.01	55.23	31.06	61.62	54.82	24.04	36.12	55.15	26.4	10.0	44.92	45.22	47.76	47.54	51.43	53.6	31.4	17.49	42.05	54.38	51.43	23.6	47.2	7.28	37.22	62.48	32.89	55.36	21.93	37.48	24.74	40.46	53.76	38.9	53.82	25.02	55.57	29.02	52.01	28.64	24.76	30.0	39.36	38.05	27.02	66.4	68.25	46.84	9.22	28.46	31.14	47.68	26.17	17.26	42.54	38.47	55.07	34.66	36.4	42.3	35.78	28.28	33.73	14.76	38.08	40.2	54.08	57.8	40.82	37.7	31.0	41.4	51.79	15.65	42.43	48.33	34.71	29.41	42.76	55.57	60.11	48.55	12.04	48.6	63.41	39.36	25.96	29.07	46.69	13.04	48.66	44.6	11.4	26.0	35.01	18.25	62.97	49.73	23.71	55.97	26.17	3.61	30.0	
