160
0.0	53.91	74.01	71.02	65.86	81.6	34.71	43.14	82.01	63.03	67.07	58.86	16.03	46.49	25.71	79.48	54.78	74.33	95.8	92.85	65.62	44.28	36.4	83.26	54.45	49.0	66.37	75.17	21.02	48.83	72.45	67.48	77.37	65.03	78.34	69.03	34.0	89.36	61.72	72.07	60.75	35.36	10.05	12.81	19.42	86.45	63.25	65.37	59.41	35.0	72.01	93.41	47.27	34.89	101.86	28.65	41.44	56.01	32.7	72.8	47.51	39.56	54.13	77.94	49.66	6.32	77.28	38.01	75.59	67.01	61.07	24.84	67.47	41.0	88.51	74.03	50.61	7.07	78.64	55.08	35.13	81.01	47.13	14.14	10.44	66.49	41.73	78.72	67.74	72.01	81.32	73.82	53.41	28.0	89.94	35.23	37.36	44.0	44.82	75.74	27.02	73.01	67.19	40.5	59.91	94.92	51.61	44.55	59.2	64.01	31.02	80.96	73.0	96.67	68.51	78.55	61.29	69.12	70.18	46.1	104.65	73.82	83.01	10.3	48.04	46.52	54.56	59.51	73.55	93.23	51.24	66.29	68.6	67.27	43.1	79.93	46.04	5.1	86.45	70.21	62.01	70.0	50.09	47.85	79.61	15.65	62.48	43.42	50.7	36.35	72.37	70.03	59.91	52.0	23.09	45.88	102.55	67.01	91.53	73.35	
53.91	0.0	48.84	25.18	23.41	36.88	20.12	11.7	28.3	48.01	41.23	30.23	46.1	27.51	33.12	33.54	18.03	38.48	44.94	40.31	43.86	16.03	31.0	41.59	3.61	43.32	23.09	28.0	42.38	7.07	31.32	37.48	45.65	49.2	46.53	54.82	35.69	41.44	15.65	28.64	10.2	30.59	47.17	41.11	34.66	32.56	11.05	16.28	14.32	35.51	24.33	39.66	37.95	25.32	48.6	26.4	29.0	39.0	24.6	32.65	6.4	24.19	22.8	30.07	14.56	48.6	40.82	34.13	26.0	42.8	46.04	29.68	41.11	35.0	40.45	46.67	4.12	46.86	40.71	42.94	32.56	36.06	28.79	39.82	45.49	40.36	12.53	36.67	36.07	18.36	28.02	26.31	2.24	41.59	36.07	21.84	31.02	41.98	9.22	23.26	42.76	48.17	39.7	27.17	17.0	41.04	13.04	10.44	33.3	15.52	42.19	38.47	19.1	42.8	22.2	32.56	35.23	18.03	41.73	25.32	51.09	30.59	43.17	43.86	41.11	22.14	1.0	24.84	49.68	39.82	31.62	32.56	18.0	38.95	38.83	26.25	9.49	51.61	34.93	44.05	14.32	21.02	21.47	34.18	30.02	38.9	13.04	29.07	31.3	30.41	45.0	43.93	34.71	36.69	33.84	29.41	48.84	44.41	42.2	32.28	
74.01	48.84	0.0	70.83	71.03	28.16	57.71	54.41	51.79	96.33	8.06	19.42	76.9	74.2	49.5	30.0	31.14	86.27	79.83	72.18	92.63	39.45	73.43	86.77	52.4	89.31	70.46	72.01	76.24	44.69	78.23	11.4	93.81	97.67	94.63	103.32	40.01	81.6	34.67	74.95	41.05	39.46	73.82	64.63	59.23	58.69	43.05	37.12	62.63	39.01	33.24	58.0	84.05	66.24	75.11	51.24	33.73	18.0	46.17	21.38	49.68	37.95	71.42	72.92	36.4	72.34	15.13	36.06	36.67	7.28	94.26	61.35	89.94	33.02	80.65	3.0	46.69	69.26	17.26	90.43	39.2	80.06	75.6	64.94	71.85	89.2	53.25	82.37	13.04	48.1	61.4	32.76	46.69	79.48	61.4	61.77	73.93	86.61	48.6	61.47	80.06	1.0	9.22	71.56	65.44	64.07	61.52	54.2	82.02	36.72	81.54	83.65	52.55	62.01	68.26	30.02	14.76	39.92	7.21	31.02	75.0	76.66	89.07	65.28	87.09	69.03	49.58	73.66	98.49	55.04	23.77	16.64	39.0	9.9	83.53	58.24	45.0	75.24	44.01	92.85	61.61	65.37	69.43	80.8	37.12	60.53	59.64	31.78	78.87	38.47	93.72	5.0	83.44	22.02	52.61	75.8	72.0	7.0	80.36	79.08	
71.02	25.18	70.83	0.0	5.83	51.09	37.16	30.08	28.79	36.12	63.95	53.85	58.8	28.02	55.54	47.51	42.06	16.4	25.5	25.08	29.43	41.05	37.54	16.49	22.02	39.56	5.0	4.24	53.76	32.06	7.81	59.54	24.21	36.35	24.84	41.0	60.13	18.36	36.24	4.24	29.97	55.08	62.2	59.06	53.71	27.17	27.78	33.84	12.37	60.07	39.62	36.12	35.47	36.4	34.93	47.8	54.08	63.6	47.68	51.22	29.07	49.0	18.6	7.07	39.62	64.9	59.67	59.0	38.29	65.74	35.01	46.53	24.74	60.07	17.49	68.26	29.07	64.14	58.8	35.36	57.08	11.05	28.3	57.31	61.03	24.52	32.02	11.7	57.8	24.84	19.1	41.01	27.29	49.68	29.0	35.85	36.88	41.23	32.14	13.6	51.09	70.33	62.18	32.56	11.18	33.14	19.7	28.86	22.2	34.13	48.6	13.34	20.81	37.01	3.0	46.75	58.69	31.89	63.63	50.49	38.63	5.83	18.38	62.18	37.95	25.46	24.19	14.32	31.78	38.47	56.52	54.2	32.65	61.29	38.91	20.62	34.0	67.42	40.72	26.57	11.0	5.66	21.93	31.78	40.8	58.18	12.17	54.23	27.31	55.04	26.4	66.24	23.09	61.61	55.36	29.68	37.64	67.54	20.62	8.49	
65.86	23.41	71.03	5.83	0.0	53.25	32.57	26.17	32.76	31.58	63.81	53.24	53.26	22.2	51.62	49.65	41.15	15.26	31.24	30.87	25.3	38.64	31.83	19.03	19.92	33.96	1.0	10.0	48.17	29.83	8.06	59.64	22.8	32.02	23.6	37.0	57.01	23.6	36.4	6.32	30.0	52.04	56.86	54.13	49.04	32.0	28.32	34.66	9.22	57.04	41.23	41.0	29.73	31.06	40.72	43.74	51.62	62.39	44.1	52.33	26.17	46.27	12.81	12.81	37.95	59.68	60.81	56.22	40.5	65.51	30.27	41.63	21.02	57.56	22.8	68.6	26.93	59.06	60.14	30.07	54.04	15.23	22.47	52.33	55.76	20.62	28.16	14.04	58.01	27.29	24.02	42.8	25.63	43.93	34.13	30.87	31.14	35.47	29.07	18.03	45.34	70.46	62.13	26.87	7.0	38.47	15.3	25.08	17.0	34.71	42.8	16.12	23.77	42.19	5.0	48.83	58.18	33.42	63.82	48.51	44.38	8.25	20.1	57.27	32.28	19.85	22.47	8.54	28.84	43.1	55.03	54.41	34.06	61.29	33.11	25.08	31.4	62.13	44.27	23.32	9.43	9.06	16.28	26.0	43.42	53.49	11.4	51.97	21.54	52.09	23.6	66.29	18.03	60.08	51.2	23.85	43.32	67.23	26.17	9.06	
81.6	36.88	28.16	51.09	53.25	0.0	54.01	47.17	25.94	83.19	26.0	25.5	78.77	64.29	56.08	3.61	26.93	67.48	53.85	45.88	77.9	37.85	67.48	65.19	39.56	80.08	52.43	50.91	76.24	37.01	58.9	21.47	75.29	84.08	75.93	89.47	50.77	57.45	22.02	55.32	26.68	47.41	77.88	69.64	63.06	32.31	26.57	20.62	46.96	49.93	12.65	30.15	74.73	61.13	47.52	53.6	41.68	35.0	49.04	9.9	41.19	42.15	58.31	50.99	32.56	77.88	13.04	46.87	12.81	27.86	81.44	61.52	74.09	45.0	56.6	25.18	37.22	75.29	11.0	79.12	48.37	58.14	65.52	69.12	75.93	73.57	47.04	61.52	19.72	26.25	36.89	10.77	35.51	77.01	34.48	57.04	67.6	78.85	42.01	38.95	78.0	28.28	24.17	63.95	49.65	36.5	49.34	46.27	67.98	21.38	78.1	62.29	30.41	34.06	49.2	4.47	26.4	20.12	23.09	36.24	47.1	56.64	67.94	71.47	77.88	58.94	37.11	58.59	82.1	27.02	34.06	18.44	19.7	23.26	75.71	33.84	39.01	81.04	16.12	76.55	44.78	45.45	57.87	70.88	10.82	66.1	42.54	39.96	67.68	46.53	76.84	25.96	69.32	36.8	58.52	66.22	44.1	29.73	55.47	59.55	
34.71	20.12	57.71	37.16	32.57	54.01	0.0	8.6	48.37	42.54	49.65	38.48	26.0	19.7	20.1	51.09	28.64	44.05	61.29	58.14	41.44	18.38	15.81	51.2	20.0	32.53	32.89	41.15	22.56	17.12	40.02	47.54	49.16	44.29	50.16	49.74	28.23	55.46	32.06	38.9	28.86	24.19	27.2	22.2	16.55	52.2	30.68	34.53	25.06	28.64	42.3	59.68	27.66	8.6	67.18	12.17	26.91	42.64	14.76	47.38	13.93	21.21	23.0	43.83	22.56	29.0	54.34	29.15	44.91	50.61	40.31	9.9	41.0	31.62	54.56	56.36	17.72	27.66	54.92	35.23	25.94	47.76	21.02	20.62	25.61	40.02	7.62	46.32	46.82	38.47	46.69	44.28	20.25	23.09	55.61	4.24	16.4	29.21	12.17	41.04	24.02	56.82	48.75	15.0	26.0	60.61	17.46	10.0	31.78	33.38	24.52	48.51	38.83	62.68	34.44	50.09	42.94	37.36	51.48	27.2	70.04	40.8	51.62	25.24	30.41	16.28	20.59	28.07	49.04	59.94	35.0	43.97	37.11	48.33	26.25	45.45	15.0	31.89	54.71	44.15	27.46	35.51	19.03	25.24	49.03	21.02	27.8	28.28	25.08	24.7	45.89	52.77	32.98	38.95	19.03	20.59	68.01	51.62	57.31	41.0	
43.14	11.7	54.41	30.08	26.17	47.17	8.6	0.0	39.82	42.52	46.4	35.0	34.44	19.85	25.5	44.05	23.71	39.32	53.34	49.82	39.96	15.62	20.4	45.18	11.4	34.99	26.31	33.84	30.68	10.44	34.06	43.57	45.35	44.05	46.32	49.68	31.26	48.1	25.18	32.39	21.1	26.48	35.81	30.48	24.41	43.6	22.56	27.02	17.72	31.4	35.0	51.11	29.68	14.0	58.73	17.72	27.31	41.23	18.0	41.48	6.0	21.54	19.31	36.4	18.03	37.54	49.04	31.05	37.22	47.63	40.36	18.44	38.48	32.89	47.17	52.7	10.0	36.07	49.34	36.12	28.44	41.0	21.26	29.0	34.21	37.58	2.0	40.2	42.54	29.97	38.18	37.0	12.17	30.15	47.01	10.2	20.62	32.7	5.83	32.65	31.26	53.6	45.22	17.46	19.24	52.01	11.0	1.41	29.53	26.0	31.0	42.3	30.23	54.08	27.2	43.05	39.82	29.43	47.71	25.81	61.52	34.37	46.01	33.42	32.76	14.87	12.08	23.54	46.96	51.43	33.42	39.36	29.27	44.65	29.55	36.88	9.43	40.46	46.57	41.63	19.7	27.73	16.12	26.4	41.3	28.84	19.72	28.18	24.76	26.68	43.08	49.41	30.89	38.01	25.3	21.4	59.46	48.92	49.66	35.06	
82.01	28.3	51.79	28.79	32.76	25.94	48.37	39.82	0.0	64.33	47.04	40.61	74.24	50.36	59.46	22.85	33.11	44.72	28.16	20.4	57.97	39.82	57.01	40.46	28.64	65.01	31.78	27.29	70.26	33.3	36.25	42.05	52.35	64.76	52.84	69.64	58.83	31.62	24.17	32.7	22.02	54.08	75.47	69.2	62.63	7.0	19.1	19.7	30.07	58.31	19.0	11.4	60.07	52.55	24.52	53.81	50.12	51.79	50.93	30.41	34.67	47.43	42.01	26.63	35.23	76.84	37.64	55.95	15.13	49.04	62.97	57.98	53.45	55.46	30.81	48.84	31.4	75.0	36.06	62.2	55.76	33.42	51.24	68.01	73.78	53.16	40.82	37.44	40.05	10.0	11.31	19.1	28.6	68.62	10.2	49.66	56.75	65.28	37.2	15.23	69.89	51.62	45.04	52.39	32.0	14.32	35.9	38.47	49.5	21.02	68.68	37.8	10.2	14.87	27.89	22.47	44.18	15.23	45.28	44.72	25.63	33.54	43.42	71.84	63.03	45.71	27.78	40.2	60.54	11.7	47.13	37.0	16.16	44.05	62.39	8.6	36.12	79.88	12.21	55.36	27.02	23.77	43.29	56.08	15.23	66.71	25.08	49.19	52.01	53.54	55.15	48.26	50.64	51.66	60.81	52.35	22.85	51.04	29.53	36.67	
63.03	48.01	96.33	36.12	31.58	83.19	42.54	42.52	64.33	0.0	88.46	77.1	47.1	23.02	61.47	79.62	65.19	24.04	56.75	59.41	7.28	58.14	29.12	34.54	44.65	14.14	32.56	39.0	42.01	51.66	30.07	85.15	20.81	2.0	21.4	7.21	70.66	46.84	63.51	33.0	57.45	66.73	53.01	55.58	53.85	63.29	56.82	63.13	36.25	71.12	70.66	72.25	16.28	34.93	68.88	54.13	69.07	83.74	57.31	80.45	46.69	63.25	25.24	41.05	60.11	57.0	88.75	71.69	70.77	89.83	2.24	46.17	12.37	74.09	46.57	94.37	49.68	58.08	88.51	8.06	68.48	37.85	21.63	53.6	53.01	12.17	44.05	32.98	83.87	58.19	55.23	72.45	50.0	35.06	65.07	38.47	28.16	19.1	48.1	49.5	36.12	95.59	87.11	27.73	33.62	69.0	35.0	42.45	15.23	62.77	32.14	34.48	55.08	73.03	36.5	78.72	82.04	63.07	89.38	68.25	72.84	33.06	32.2	58.42	15.0	27.66	47.43	24.7	12.21	74.55	75.93	80.43	63.51	86.45	20.02	56.57	51.62	58.08	75.69	12.53	38.63	40.61	26.91	17.46	74.09	57.27	40.85	70.21	17.8	67.23	14.42	91.35	13.93	80.43	59.46	21.95	72.44	91.22	50.7	30.15	
67.07	41.23	8.06	63.95	63.81	26.0	49.65	46.4	47.04	88.46	0.0	11.4	69.23	66.22	42.11	26.93	23.35	79.08	74.67	67.27	84.9	31.38	65.37	80.11	44.82	81.27	63.29	65.39	68.41	36.8	71.2	5.0	86.53	89.83	87.37	95.48	33.14	75.69	27.73	68.0	34.0	32.06	66.37	57.22	51.62	54.04	36.25	30.68	55.22	32.14	28.07	54.45	76.03	58.18	71.06	43.42	26.17	11.7	38.33	17.26	41.77	30.08	63.66	66.48	28.43	65.07	14.21	29.07	32.0	2.0	86.37	53.45	82.33	26.17	74.73	7.07	38.9	62.03	16.4	82.46	32.0	73.54	67.62	57.43	64.38	81.57	45.22	75.58	7.0	42.2	55.9	28.0	39.05	71.51	57.0	53.71	65.86	78.55	40.61	55.36	72.11	7.21	2.0	63.51	58.01	60.13	53.76	46.23	74.28	30.08	73.54	76.97	46.57	58.55	61.29	26.68	6.71	33.96	3.61	23.09	71.34	69.77	82.29	58.03	79.06	61.07	42.01	66.07	90.91	51.79	16.12	10.2	32.98	3.0	75.47	52.77	37.01	68.03	40.79	85.28	54.38	58.6	61.55	72.8	33.24	53.15	52.48	24.19	70.94	31.06	86.21	3.16	75.69	15.3	45.18	67.8	68.36	4.0	74.73	72.07	
58.86	30.23	19.42	53.85	53.24	25.5	38.48	35.0	40.61	77.1	11.4	0.0	59.3	54.82	33.24	24.84	12.21	68.48	67.01	60.07	73.66	20.12	54.12	70.23	33.84	69.89	52.77	55.66	58.05	25.46	60.84	9.22	75.8	78.49	76.66	84.15	26.0	66.91	18.25	57.78	24.04	23.54	57.0	48.04	42.01	47.52	26.68	22.02	44.42	25.08	22.14	49.65	64.64	46.96	65.12	33.24	17.46	11.18	28.16	15.62	30.41	20.02	52.4	57.01	17.03	56.14	18.44	21.93	26.57	12.73	75.01	42.95	71.22	19.72	65.92	17.89	27.66	53.24	19.92	71.06	24.04	63.89	56.22	48.0	55.0	70.43	33.84	65.55	9.0	34.01	48.01	22.85	28.02	60.73	50.8	42.49	54.59	67.23	29.21	46.53	61.4	18.6	10.3	52.15	47.17	54.57	42.52	34.83	63.03	21.1	62.63	67.07	38.12	53.76	51.08	24.21	5.0	26.02	13.0	13.0	65.97	59.62	72.24	49.25	67.68	49.68	31.06	55.0	79.81	47.54	8.6	7.62	25.02	9.85	64.14	45.0	25.61	59.21	37.12	74.2	43.83	48.7	50.21	61.4	29.07	44.1	42.05	15.52	59.55	22.56	75.21	14.42	64.44	11.66	36.12	56.4	63.06	14.21	66.37	61.74	
16.03	46.1	76.9	58.8	53.26	78.77	26.0	34.44	74.24	47.1	69.23	59.3	0.0	32.25	27.86	76.12	52.15	59.93	84.17	82.22	50.01	41.11	21.95	69.46	45.65	33.02	53.91	63.03	5.39	42.72	59.08	68.47	62.3	49.09	63.25	53.01	38.48	76.84	57.27	59.2	54.71	37.64	6.32	13.6	17.72	77.7	56.65	60.17	48.17	39.4	67.68	85.48	31.58	22.67	91.68	26.08	43.17	59.48	31.14	71.11	39.92	39.32	40.8	65.86	46.27	10.44	77.03	41.79	70.6	69.63	45.18	17.26	52.2	44.94	76.06	76.3	43.66	12.53	78.0	39.2	38.28	68.01	32.65	12.53	7.21	51.24	33.62	65.19	68.26	64.4	71.61	69.63	46.24	12.04	80.99	24.7	22.83	28.02	37.95	65.6	11.0	75.93	68.88	26.63	48.08	85.98	40.46	35.78	44.38	58.94	15.0	67.42	64.5	88.32	56.59	75.13	62.8	63.25	71.85	46.39	94.81	60.8	68.88	14.87	32.14	33.42	46.52	46.04	57.87	85.87	53.15	66.07	62.94	68.73	27.29	70.72	40.26	11.0	80.65	54.82	51.09	58.73	37.01	32.57	74.73	17.49	52.01	45.12	35.85	38.6	57.01	72.37	44.94	55.36	24.7	31.3	93.01	70.09	79.4	59.91	
46.49	27.51	74.2	28.02	22.2	64.29	19.7	19.85	50.36	23.02	66.22	54.82	32.25	0.0	39.29	60.88	43.27	27.86	53.41	52.84	21.84	35.36	10.3	37.22	24.74	15.81	23.02	32.2	26.93	29.68	27.02	63.25	31.26	24.7	32.25	30.23	47.93	45.25	43.08	27.59	37.64	43.83	36.77	36.35	33.02	51.66	37.85	43.68	20.4	48.33	51.66	60.42	10.44	13.04	62.65	31.62	46.04	60.88	34.44	60.01	24.7	40.22	9.43	35.0	37.8	40.16	67.98	48.76	52.77	67.48	20.81	25.02	22.02	51.11	44.55	72.42	28.18	40.26	68.03	16.28	45.62	36.12	1.41	34.37	36.06	21.02	21.21	33.02	62.13	42.0	44.27	53.6	29.15	21.93	54.41	15.81	9.43	15.0	25.61	37.95	23.35	73.41	65.0	6.08	18.97	59.14	15.13	20.0	13.04	43.01	20.62	35.23	40.2	62.36	26.42	59.91	59.67	44.72	67.42	45.34	66.19	29.0	36.67	39.46	13.6	5.39	27.2	14.14	29.61	61.81	53.08	58.83	44.91	64.4	12.04	44.38	29.21	42.15	60.01	25.08	23.54	29.55	7.07	6.71	56.57	37.01	25.32	47.2	5.39	44.29	27.02	69.2	14.0	57.49	37.66	2.0	64.88	68.77	48.17	27.8	
25.71	33.12	49.5	55.54	51.62	56.08	20.1	25.5	59.46	61.47	42.11	33.24	27.86	39.29	0.0	54.13	29.53	64.0	77.88	73.43	61.13	19.85	32.65	70.58	34.93	49.74	51.79	59.2	28.3	26.63	59.41	42.05	69.26	63.32	70.26	68.54	10.82	73.38	37.2	57.87	37.48	10.05	24.33	15.13	10.3	64.82	40.36	41.23	43.17	11.66	47.17	70.72	45.62	26.57	81.54	8.0	16.0	31.78	8.6	47.13	27.31	13.93	43.05	61.68	25.0	23.0	51.62	13.93	51.04	42.3	59.24	15.81	61.0	17.09	72.42	49.16	29.15	20.02	52.95	53.71	10.44	66.49	40.52	15.52	22.36	60.02	23.54	65.62	42.19	49.68	61.06	48.88	31.91	33.3	68.41	23.54	33.54	45.49	24.17	56.36	33.42	48.51	42.01	33.84	44.72	73.25	36.35	26.68	51.79	39.82	36.07	67.74	51.61	74.33	52.63	53.23	36.0	45.34	45.01	20.4	83.82	59.84	71.25	16.03	47.89	36.35	34.0	48.0	68.88	70.04	26.02	40.61	44.69	42.0	43.05	59.08	23.85	26.02	62.2	64.13	44.92	52.81	39.12	44.01	54.92	11.05	44.6	18.0	44.64	11.05	65.92	45.18	52.95	27.66	3.16	39.85	81.4	42.58	74.67	60.41	
79.48	33.54	30.0	47.51	49.65	3.61	51.09	44.05	22.85	79.62	26.93	24.84	76.12	60.88	54.13	0.0	24.7	63.89	50.92	43.01	74.3	35.44	64.28	61.72	36.14	76.66	48.83	47.38	73.44	34.01	55.32	22.14	71.7	80.5	72.35	85.88	49.41	54.2	19.03	51.74	23.35	45.79	75.43	67.36	60.73	29.41	23.09	17.26	43.38	48.6	9.22	28.0	71.31	58.03	45.18	51.24	40.22	34.99	46.82	9.85	38.05	40.25	54.78	47.51	30.08	75.58	15.13	45.61	9.22	28.86	77.88	58.86	70.49	43.93	53.34	27.0	34.06	73.05	13.34	75.61	46.87	54.67	62.1	66.76	73.5	69.97	44.0	58.0	20.25	22.67	33.62	7.28	32.25	74.01	31.78	54.0	64.38	75.5	39.01	35.47	75.03	30.02	25.0	60.67	46.07	34.13	45.88	43.1	64.4	18.11	75.03	58.8	26.87	32.02	45.61	1.0	26.42	16.55	24.33	34.67	45.0	53.08	64.44	69.29	74.46	55.54	33.73	55.01	78.49	25.08	33.24	18.36	16.16	24.04	72.37	30.53	36.12	78.75	14.04	72.95	41.18	41.87	54.41	67.45	7.62	63.91	38.95	38.6	64.2	44.94	73.24	27.29	65.74	36.4	56.46	62.82	42.0	30.81	52.33	55.97	
54.78	18.03	31.14	42.06	41.15	26.93	28.64	23.71	33.11	65.19	23.35	12.21	52.15	43.27	29.53	24.7	0.0	56.36	57.31	50.99	61.55	11.05	43.66	58.52	21.63	58.67	40.72	44.15	50.01	13.6	48.85	20.0	63.63	66.53	64.5	72.18	26.25	56.14	8.94	45.88	13.0	21.93	50.99	42.72	36.14	39.56	16.03	13.42	32.25	25.61	17.8	43.57	53.34	36.69	57.25	26.68	17.2	21.59	22.14	19.0	18.6	15.81	40.31	45.71	6.08	50.96	25.71	23.02	21.93	24.84	63.13	35.01	59.03	22.36	55.15	29.21	15.56	48.38	26.31	59.41	23.35	52.39	44.65	42.2	49.03	58.26	22.85	53.76	18.87	24.74	38.47	19.42	15.81	51.62	43.08	32.28	44.01	56.36	17.89	36.0	52.47	30.41	21.93	41.15	34.99	47.42	30.41	23.32	50.93	12.08	53.15	55.36	28.28	47.51	39.22	23.77	17.2	17.89	24.21	11.66	58.69	47.76	60.41	44.6	56.44	38.01	18.87	42.8	67.62	42.2	15.0	15.65	17.0	21.26	53.23	35.69	14.32	54.12	33.24	62.01	31.78	37.11	38.29	49.93	25.61	39.22	30.08	16.12	47.8	21.21	63.01	26.17	52.35	20.02	31.78	44.94	55.95	26.4	56.0	49.77	
74.33	38.48	86.27	16.4	15.26	67.48	44.05	39.32	44.72	24.04	79.08	68.48	59.93	27.86	64.0	63.89	56.36	0.0	32.76	36.0	16.76	53.16	38.08	10.82	34.93	32.65	15.81	17.46	54.56	44.6	8.6	74.89	7.81	23.54	8.49	27.02	70.58	22.8	51.61	12.21	45.22	65.76	64.62	63.79	59.68	42.06	43.42	49.68	24.17	70.71	55.87	50.7	30.48	40.02	45.18	56.0	65.97	77.47	57.22	67.27	40.52	60.42	21.1	18.68	52.92	68.01	75.74	70.21	54.67	80.78	23.77	51.79	11.7	71.81	22.56	83.82	41.79	68.01	74.97	26.63	67.74	14.04	27.31	61.85	63.91	12.08	41.3	9.06	73.24	41.23	34.18	57.31	40.72	48.88	43.17	41.3	37.16	36.07	43.17	29.53	50.25	85.7	77.39	33.84	21.54	46.53	28.44	38.47	15.81	49.82	46.87	10.44	37.2	50.8	18.38	63.13	73.43	48.08	79.06	63.25	49.16	11.18	9.22	66.94	31.83	28.44	37.58	16.0	16.28	53.45	70.01	69.63	48.8	76.55	34.83	36.25	45.88	70.01	56.82	12.04	24.7	22.02	25.18	28.02	57.2	63.95	26.63	66.48	24.19	65.92	11.05	81.54	15.62	75.03	63.07	28.64	49.01	82.49	26.68	8.06	
95.8	44.94	79.83	25.5	31.24	53.85	61.29	53.34	28.16	56.75	74.67	67.01	84.17	53.41	77.88	50.92	57.31	32.76	0.0	8.06	49.48	60.44	63.03	23.02	42.95	63.51	30.48	21.26	79.2	51.87	27.73	69.72	38.05	56.29	38.01	59.54	80.36	10.05	49.04	26.08	44.41	75.29	87.32	83.49	77.7	21.54	41.3	45.0	36.4	80.08	46.69	26.25	60.03	61.62	13.34	70.66	72.78	78.01	69.46	58.46	50.57	68.68	44.05	18.44	57.27	89.81	65.8	78.34	43.17	76.66	56.32	71.03	44.38	78.64	10.2	76.9	49.04	88.81	64.2	58.31	77.2	18.97	53.6	81.84	86.05	44.64	55.07	23.77	67.74	33.0	19.0	47.07	46.49	75.17	19.72	60.61	62.37	65.86	53.71	21.84	76.58	79.62	72.69	58.05	36.12	19.8	44.2	51.97	45.62	46.01	74.03	22.36	29.07	24.08	27.59	50.6	71.11	41.05	73.16	68.07	17.26	25.06	26.0	86.53	62.18	50.93	44.01	39.41	48.17	29.83	72.25	64.5	42.05	71.7	63.81	22.02	54.42	92.46	38.47	44.72	33.84	25.81	47.42	56.6	43.32	82.15	33.62	72.37	52.15	75.0	43.42	76.12	46.1	77.16	78.26	55.0	18.03	78.64	6.08	27.31	
92.85	40.31	72.18	25.08	30.87	45.88	58.14	49.82	20.4	59.41	67.27	60.07	82.22	52.84	73.43	43.01	50.99	36.0	8.06	0.0	52.24	55.15	61.85	27.66	38.83	64.51	29.97	21.19	77.47	46.96	29.43	62.29	42.3	59.21	42.43	63.01	75.03	15.23	42.43	26.93	38.33	70.01	84.85	80.28	74.2	13.6	35.17	38.21	34.06	74.67	39.2	18.38	60.54	59.55	9.85	66.57	67.05	71.18	64.88	50.8	46.32	63.32	43.42	18.68	51.55	87.05	57.97	72.73	35.51	69.26	58.69	68.01	47.17	72.8	14.87	69.23	44.29	85.8	56.32	59.91	71.87	22.02	53.24	78.75	83.45	47.27	51.4	27.02	60.3	26.31	12.65	39.46	41.59	74.06	11.66	57.98	61.29	66.31	49.4	17.2	75.45	72.01	65.28	56.86	34.41	12.21	41.77	48.41	46.84	39.32	73.25	26.17	22.8	16.64	26.42	42.72	64.0	34.06	65.62	62.1	13.6	26.48	30.81	83.24	62.97	49.65	39.45	39.4	52.09	21.93	65.76	57.14	35.06	64.28	63.98	15.3	49.65	89.83	30.41	48.01	31.14	23.6	46.32	56.86	35.44	78.6	30.41	66.48	52.39	69.64	47.01	68.59	47.54	70.58	74.09	54.59	13.04	71.25	11.66	29.27	
65.62	43.86	92.63	29.43	25.3	77.9	41.44	39.96	57.97	7.28	84.9	73.66	50.01	21.84	61.13	74.3	61.55	16.76	49.48	52.24	0.0	55.47	30.02	27.31	40.36	18.36	26.25	32.06	44.72	48.27	23.0	81.32	14.14	7.0	14.87	11.7	69.64	39.56	59.03	26.08	52.8	65.39	55.58	57.01	54.45	56.57	51.87	58.25	31.06	70.01	65.51	65.49	18.44	34.71	61.66	53.45	67.12	81.02	56.08	75.8	43.42	61.29	21.26	34.0	56.85	59.41	84.2	70.26	65.3	86.37	7.21	46.53	5.1	72.45	39.29	90.52	46.01	60.13	83.82	11.66	67.23	30.59	20.62	55.01	55.33	5.0	41.68	25.71	79.93	52.39	48.51	67.23	45.97	38.08	58.22	37.64	29.02	22.85	45.22	42.95	39.29	91.93	83.45	27.46	28.3	62.03	31.14	39.66	10.63	58.01	35.44	27.2	49.04	66.12	30.08	73.43	78.64	57.8	85.56	65.73	65.62	26.0	25.06	60.0	18.38	25.5	43.19	19.42	8.0	67.9	73.24	76.42	58.31	82.73	22.8	50.01	48.6	60.83	69.57	5.66	33.12	34.21	23.85	18.0	68.45	58.22	35.36	68.1	16.49	65.8	7.81	87.69	9.22	77.94	59.44	21.38	65.28	87.86	43.42	23.02	
44.28	16.03	39.45	41.05	38.64	37.85	18.38	15.62	39.82	58.14	31.38	20.12	41.11	35.36	19.85	35.44	11.05	53.16	60.44	55.15	55.47	0.0	34.0	57.31	19.03	50.0	38.47	44.01	39.05	9.0	46.69	29.15	59.81	59.67	60.75	65.3	19.92	57.43	17.49	44.28	17.8	14.87	40.02	31.95	25.3	45.49	20.81	21.4	29.43	19.65	27.73	50.99	44.82	26.83	62.65	15.81	13.04	25.61	11.66	30.02	12.65	8.25	34.48	46.1	5.39	40.16	36.35	18.11	31.38	32.45	55.97	24.0	53.71	19.03	56.44	38.01	12.0	37.7	37.12	51.62	16.76	52.01	36.77	31.32	38.08	52.84	14.14	52.35	28.46	30.23	42.54	29.55	14.14	41.0	49.09	22.36	34.48	47.17	10.3	38.6	41.77	38.59	30.41	32.2	31.78	53.82	25.08	15.81	44.94	20.0	42.72	54.23	32.65	54.67	38.05	34.48	24.7	25.5	33.11	10.3	64.66	46.27	58.69	34.01	47.8	30.48	17.03	38.08	62.27	50.21	17.8	25.71	24.84	29.97	44.1	40.25	7.28	43.32	42.44	56.82	30.07	37.05	31.62	41.77	35.36	28.64	29.0	13.34	40.36	14.56	58.14	34.48	46.32	22.47	21.63	36.8	62.13	33.6	58.05	47.68	
36.4	31.0	73.43	37.54	31.83	67.48	15.81	20.4	57.01	29.12	65.37	54.12	21.95	10.3	32.65	64.28	43.66	38.08	63.03	61.85	30.02	34.0	0.0	47.51	29.15	17.2	32.56	41.77	16.64	30.81	37.2	63.07	41.0	31.05	41.98	36.06	42.44	55.23	45.54	37.54	41.05	39.05	26.57	27.0	24.74	59.24	42.01	47.1	28.18	43.01	55.15	67.68	13.0	7.21	71.56	25.81	42.45	58.41	29.73	61.85	26.31	36.88	19.1	44.6	37.7	30.08	69.26	44.05	57.0	66.37	26.93	17.09	31.26	46.75	54.49	72.01	30.27	30.41	69.64	21.19	40.61	46.23	10.77	25.0	25.96	30.27	20.88	43.27	62.24	47.85	52.33	57.14	32.06	12.21	62.24	11.66	1.0	13.45	25.96	46.07	13.6	72.56	64.41	5.0	27.46	67.12	21.19	21.21	22.8	46.17	11.7	45.49	46.84	70.01	35.61	63.29	58.67	49.01	67.08	43.01	74.95	39.05	46.96	30.02	15.26	12.21	31.02	24.21	38.01	68.68	50.8	59.24	49.0	63.95	10.63	52.0	29.41	31.95	65.49	34.13	31.3	38.28	15.62	12.04	61.01	28.28	32.7	43.93	14.32	39.7	36.22	68.48	23.54	54.67	30.46	9.49	73.43	67.42	57.98	38.01	
83.26	41.59	86.77	16.49	19.03	65.19	51.2	45.18	40.46	34.54	80.11	70.23	69.46	37.22	70.58	61.72	58.52	10.82	23.02	27.66	27.31	57.31	47.51	0.0	38.33	43.42	19.0	14.76	64.14	48.37	11.18	75.58	15.03	33.84	15.0	36.67	76.0	13.0	52.39	13.04	46.24	71.01	73.79	72.11	67.45	36.36	43.86	49.65	28.02	76.01	54.64	44.28	41.01	48.47	36.06	62.65	70.35	80.08	63.13	66.57	45.04	65.12	29.15	14.21	56.09	76.97	74.89	75.11	52.63	81.94	34.44	59.77	22.36	76.32	13.04	84.12	45.4	76.69	73.82	37.44	73.01	7.07	36.89	70.23	72.92	22.83	47.17	5.0	73.79	39.41	29.21	55.8	43.74	58.82	36.67	49.04	46.65	46.69	48.01	26.25	60.22	86.31	78.29	42.94	26.02	39.22	34.23	44.1	26.17	50.09	57.01	3.16	35.0	43.66	19.42	61.07	75.03	47.17	79.61	66.91	40.05	11.05	3.16	75.27	42.52	36.77	40.61	23.77	25.18	47.41	73.01	70.21	48.02	77.39	45.28	31.89	50.16	79.16	52.63	22.14	27.29	21.54	33.24	38.29	54.49	71.84	28.64	70.58	34.21	71.03	20.62	82.29	26.17	78.1	70.04	38.28	40.31	83.77	17.0	10.2	
54.45	3.61	52.4	22.02	19.92	39.56	20.0	11.4	28.64	44.65	44.82	33.84	45.65	24.74	34.93	36.14	21.63	34.93	42.95	38.83	40.36	19.03	29.15	38.33	0.0	40.52	19.65	25.08	41.63	10.05	27.89	41.04	42.06	45.8	42.94	51.4	38.33	38.83	18.87	25.32	13.0	33.24	47.2	41.73	35.47	32.2	13.15	18.97	10.77	38.21	26.93	39.82	35.17	24.04	47.51	27.78	32.06	42.54	26.57	35.85	7.62	27.02	19.42	27.29	18.03	48.92	44.1	37.01	28.16	46.4	42.72	29.83	37.54	38.05	37.85	50.21	7.07	47.38	43.91	39.81	35.23	33.0	25.96	40.31	45.61	36.8	12.73	33.38	39.6	18.97	26.91	28.86	5.83	40.26	35.61	21.02	29.07	39.46	10.77	21.63	41.48	51.74	43.28	25.0	13.42	40.61	9.85	10.0	29.83	18.38	40.61	35.23	18.87	42.72	19.03	35.17	38.83	20.1	45.28	28.64	50.21	27.29	39.81	44.6	38.33	19.42	2.83	21.26	46.1	40.31	35.11	36.07	20.22	42.52	36.35	25.5	12.04	51.86	36.35	40.46	11.05	18.25	18.38	31.32	32.06	39.82	10.05	32.25	28.23	33.14	41.4	47.51	31.24	40.16	35.36	26.68	48.1	48.01	39.85	28.86	
49.0	43.32	89.31	39.56	33.96	80.08	32.53	34.99	65.01	14.14	81.27	69.89	33.02	15.81	49.74	76.66	58.67	32.65	63.51	64.51	18.36	50.0	17.2	43.42	40.52	0.0	34.93	43.32	28.02	45.18	35.78	78.55	32.2	16.12	33.02	20.1	59.64	54.2	58.87	37.7	53.45	56.22	39.01	42.2	41.23	65.49	53.6	59.48	35.01	60.22	67.45	74.43	5.39	24.08	74.33	43.01	59.41	75.07	46.86	75.77	40.25	53.74	23.0	45.88	53.0	43.05	83.67	61.22	68.45	82.42	12.37	34.0	22.02	63.89	53.71	87.66	43.86	44.28	83.77	6.71	57.8	44.78	14.56	40.26	39.12	21.26	36.06	40.5	77.52	57.22	57.71	69.38	44.94	21.0	67.9	28.28	16.4	5.0	40.82	51.48	22.02	88.48	80.16	17.8	33.02	72.37	30.81	35.36	17.89	58.82	18.03	42.44	55.01	75.95	38.83	75.69	74.63	60.42	82.68	59.55	78.11	38.48	41.77	44.91	2.24	21.19	43.01	25.5	25.63	76.16	67.36	74.3	60.64	79.61	6.71	58.31	44.42	44.01	75.24	23.85	38.0	42.58	22.36	9.22	72.18	44.27	40.01	60.81	13.0	56.85	26.08	84.31	17.49	71.45	47.41	13.93	77.2	83.6	57.71	36.24	
66.37	23.09	70.46	5.0	1.0	52.43	32.89	26.31	31.78	32.56	63.29	52.77	53.91	23.02	51.79	48.83	40.72	15.81	30.48	29.97	26.25	38.47	32.56	19.0	19.65	34.93	0.0	9.22	48.84	29.61	8.25	59.08	23.43	32.98	24.21	37.95	57.0	23.02	35.81	6.08	29.41	52.01	57.43	54.56	49.4	31.0	27.66	33.97	9.06	57.01	40.46	40.0	30.68	31.62	39.81	43.93	51.48	62.03	44.18	51.62	26.08	46.17	13.6	12.04	37.64	60.21	60.11	56.14	39.66	65.0	31.26	42.05	21.93	57.43	22.2	68.01	26.68	59.54	59.41	31.06	54.01	14.87	23.32	52.77	56.3	21.54	28.28	14.0	57.43	26.42	23.02	42.01	25.3	44.69	33.14	31.3	31.89	36.4	29.02	17.03	46.1	69.89	61.59	27.59	7.07	37.48	15.52	25.18	18.0	34.06	43.6	16.03	22.85	41.19	4.0	48.01	57.71	32.65	63.25	48.27	43.46	8.06	20.22	57.7	33.24	20.52	22.14	9.49	29.68	42.11	54.71	53.82	33.3	60.75	34.01	24.08	31.26	62.68	43.32	24.19	8.94	8.06	16.97	26.93	42.54	53.85	10.82	51.79	22.47	52.04	24.41	65.73	19.03	59.77	51.42	24.7	42.38	66.73	25.5	9.22	
75.17	28.0	72.01	4.24	10.0	50.91	41.15	33.84	27.29	39.0	65.39	55.66	63.03	32.2	59.2	47.38	44.15	17.46	21.26	21.19	32.06	44.01	41.77	14.76	25.08	43.32	9.22	0.0	58.0	35.01	9.22	60.84	25.06	39.05	25.55	43.42	63.39	14.32	37.7	6.0	31.62	58.31	66.4	63.13	57.7	24.74	29.15	34.89	16.16	63.29	40.0	33.54	39.4	40.61	31.02	51.55	57.0	65.73	51.2	51.87	32.39	52.09	22.8	2.83	42.19	69.07	60.22	62.07	38.21	67.23	38.05	50.61	27.17	63.0	13.42	69.35	32.02	68.26	59.2	38.83	60.3	8.25	32.45	61.4	65.22	27.07	35.74	10.63	59.03	24.84	16.76	41.23	30.02	53.91	26.17	39.96	41.11	45.19	35.51	12.21	55.32	71.55	63.56	36.8	15.26	30.0	23.71	32.57	25.71	35.34	52.8	11.66	20.52	34.06	6.71	46.69	60.41	32.45	64.85	53.15	34.79	6.32	17.2	66.24	41.79	29.7	27.0	18.36	33.53	36.14	58.86	55.46	33.29	62.65	42.94	18.79	37.12	71.61	39.45	28.64	14.32	7.07	26.17	35.78	40.36	62.17	15.03	57.04	31.3	58.22	28.16	67.54	26.48	63.95	59.14	33.84	33.96	69.08	16.4	9.49	
21.02	42.38	76.24	53.76	48.17	76.24	22.56	30.68	70.26	42.01	68.41	58.05	5.39	26.93	28.3	73.44	50.01	54.56	79.2	77.47	44.72	39.05	16.64	64.14	41.63	28.02	48.84	58.0	0.0	39.62	53.82	67.27	56.92	44.01	57.87	48.09	39.12	71.7	54.45	54.04	51.42	37.58	11.0	15.81	18.03	73.43	53.16	57.07	43.42	39.96	64.78	81.39	26.31	18.03	87.01	25.0	42.72	59.24	30.08	69.01	36.4	38.33	35.61	60.83	44.0	15.03	75.33	42.06	67.47	68.96	40.05	15.13	46.84	45.18	70.94	75.43	40.26	16.49	76.16	34.06	38.47	62.8	27.29	14.21	11.18	45.88	30.08	59.91	66.91	60.54	67.12	66.75	42.72	7.07	76.66	20.62	17.49	23.02	34.71	61.03	6.32	75.29	67.91	21.4	43.19	81.63	35.81	31.95	39.0	55.9	10.2	62.13	60.37	84.12	51.62	72.44	61.85	59.91	70.83	45.35	90.21	55.61	63.53	17.89	27.02	28.32	42.72	40.8	52.61	81.94	52.5	64.5	59.67	67.68	22.09	66.37	37.34	16.12	77.2	49.48	46.4	53.91	31.89	27.2	71.59	19.1	47.43	44.6	30.46	38.48	51.66	71.57	39.56	55.15	25.24	25.94	88.48	69.57	74.33	54.64	
48.83	7.07	44.69	32.06	29.83	37.01	17.12	10.44	33.3	51.66	36.8	25.46	42.72	29.68	26.63	34.01	13.6	44.6	51.87	46.96	48.27	9.0	30.81	48.37	10.05	45.18	29.61	35.01	39.62	0.0	37.85	33.6	51.48	53.04	52.39	58.69	28.64	48.51	15.0	35.36	12.08	23.54	42.95	36.06	29.41	38.29	14.42	17.46	20.62	28.44	25.18	44.69	39.82	24.19	54.92	20.52	22.02	33.12	18.03	31.05	5.0	17.12	27.02	37.12	8.6	43.91	38.63	27.07	27.89	38.18	49.58	25.63	46.04	28.02	47.52	42.8	3.0	41.88	38.9	45.8	25.5	43.01	31.06	34.99	41.15	45.22	10.05	43.42	32.45	23.35	34.48	27.17	5.39	40.0	41.87	20.02	31.05	43.08	5.0	30.08	41.01	43.93	35.47	27.86	23.09	46.75	17.2	9.85	37.64	16.28	41.11	45.28	25.0	48.1	29.07	33.02	30.41	20.62	37.8	18.68	57.2	37.34	49.82	38.6	42.94	24.41	8.06	30.02	54.64	44.41	25.5	29.15	20.25	34.83	39.92	32.45	2.83	47.01	38.08	49.09	21.1	28.07	24.76	36.36	32.02	33.42	20.0	22.2	34.21	23.35	50.25	39.7	39.05	30.46	27.66	31.38	54.82	39.62	49.24	38.83	
72.45	31.32	78.23	7.81	8.06	58.9	40.02	34.06	36.25	30.07	71.2	60.84	59.08	27.02	59.41	55.32	48.85	8.6	27.73	29.43	23.0	46.69	37.2	11.18	27.89	35.78	8.25	9.22	53.82	37.85	0.0	66.89	16.4	30.0	17.03	34.23	65.03	18.6	43.57	3.61	37.22	60.07	63.13	61.1	56.32	33.96	35.23	41.4	17.26	65.07	47.38	42.76	32.45	37.58	39.05	51.48	59.68	70.23	52.04	58.9	34.23	54.33	18.36	11.0	45.88	66.19	67.36	64.28	46.1	72.95	29.27	48.7	18.03	65.62	18.03	75.72	34.93	65.8	66.53	30.68	62.07	9.22	26.91	59.24	62.18	18.0	36.06	6.32	65.19	32.65	25.96	48.8	33.53	48.92	35.36	37.95	36.4	38.28	37.12	21.02	50.33	77.7	69.46	32.45	15.03	39.05	23.09	33.02	17.89	41.62	47.38	8.54	28.6	43.19	10.0	54.56	65.74	39.62	71.02	56.52	42.95	3.0	12.04	64.26	34.48	25.94	30.36	13.04	24.35	45.35	62.94	61.59	40.36	68.6	36.4	27.86	39.46	68.48	48.3	19.42	17.09	13.45	22.36	29.21	48.6	60.73	18.79	60.02	24.84	60.13	18.97	73.57	18.38	68.01	58.86	28.32	42.43	74.71	21.95	1.0	
67.48	37.48	11.4	59.54	59.64	21.47	47.54	43.57	42.05	85.15	5.0	9.22	68.47	63.25	42.05	22.14	20.0	74.89	69.72	62.29	81.32	29.15	63.07	75.58	41.04	78.55	59.08	60.84	67.27	33.6	66.89	0.0	82.42	86.45	83.23	92.1	33.96	70.88	23.32	63.63	29.68	32.14	66.03	57.0	51.09	49.04	31.76	26.0	51.22	32.98	23.09	49.5	73.25	55.95	66.07	42.43	26.08	14.21	37.34	12.37	38.6	29.15	60.14	61.85	25.55	65.03	10.82	29.83	27.0	7.0	83.1	52.17	78.57	27.2	69.92	9.22	35.47	62.07	12.81	79.4	32.39	68.94	64.64	57.04	64.03	77.83	42.54	71.12	2.0	37.36	50.99	23.0	35.36	69.92	52.0	51.48	63.51	76.06	37.74	50.6	70.6	10.82	3.0	60.9	54.04	55.15	50.25	43.27	70.72	25.5	71.78	72.45	41.76	53.6	56.94	21.84	6.32	29.12	4.24	22.09	66.37	65.37	77.83	58.08	76.32	58.01	38.21	62.29	87.11	46.87	16.28	5.39	28.16	2.0	72.95	47.85	34.13	68.07	35.9	81.47	50.22	54.12	58.26	69.89	28.28	53.01	48.26	24.08	67.8	31.14	82.33	6.71	72.14	17.0	45.01	64.9	63.39	9.0	69.86	67.74	
77.37	45.65	93.81	24.21	22.8	75.29	49.16	45.35	52.35	20.81	86.53	75.8	62.3	31.26	69.26	71.7	63.63	7.81	38.05	42.3	14.14	59.81	41.0	15.03	42.06	32.2	23.43	25.06	56.92	51.48	16.4	82.42	0.0	19.72	1.0	21.84	76.49	28.02	59.2	20.0	52.8	71.81	67.45	67.6	64.07	49.4	51.09	57.38	31.38	76.69	63.66	57.87	31.3	44.1	51.01	61.29	72.42	84.53	62.97	75.01	47.17	66.76	26.31	26.0	59.93	71.06	83.49	76.4	62.48	88.2	21.26	56.08	10.3	78.16	28.0	91.4	48.75	71.39	82.73	25.61	73.76	20.4	30.41	65.62	66.94	11.18	47.3	15.52	80.8	49.04	41.63	65.12	47.89	50.7	50.29	46.01	40.02	36.36	49.65	37.22	52.0	93.23	84.88	37.34	28.65	53.37	34.79	44.64	18.25	57.49	48.33	16.12	45.0	57.72	26.17	70.94	80.78	55.87	86.61	70.01	55.01	18.87	12.17	70.71	31.91	33.02	44.78	21.84	10.2	60.75	76.97	77.2	56.57	84.05	35.78	43.83	52.55	72.8	64.5	8.49	32.2	29.83	30.15	29.73	65.0	68.18	34.21	73.05	26.68	72.03	6.4	89.05	17.46	81.94	68.07	31.58	55.15	89.89	32.02	15.81	
65.03	49.2	97.67	36.35	32.02	84.08	44.29	44.05	64.76	2.0	89.83	78.49	49.09	24.7	63.32	80.5	66.53	23.54	56.29	59.21	7.0	59.67	31.05	33.84	45.8	16.12	32.98	39.05	44.01	53.04	30.0	86.45	19.72	0.0	20.25	5.66	72.45	46.32	64.64	33.06	58.52	68.48	55.01	57.56	55.79	63.51	57.8	64.14	37.12	72.9	71.59	72.44	18.25	36.77	68.59	55.95	70.72	85.28	59.06	81.54	48.08	64.9	26.4	41.0	61.52	59.0	89.87	73.43	71.59	91.22	4.12	48.08	12.04	75.8	46.1	95.67	50.99	60.07	89.59	10.05	70.24	37.48	23.32	55.58	55.01	12.0	45.61	32.56	85.15	58.87	55.44	73.36	51.22	37.05	65.19	40.25	30.08	21.1	49.58	49.82	38.12	96.94	88.46	29.55	34.44	69.03	36.24	43.93	16.12	63.81	34.13	33.96	55.66	73.11	36.88	79.61	83.44	63.95	90.69	69.81	72.56	33.0	31.38	60.41	17.0	29.21	48.6	25.5	10.63	74.81	77.47	81.69	64.41	87.78	22.02	56.89	53.08	60.07	76.24	11.7	39.4	41.0	28.28	19.31	74.85	59.23	41.63	71.85	19.42	68.96	13.42	92.7	14.76	82.01	61.35	23.71	72.25	92.63	50.22	30.02	
78.34	46.53	94.63	24.84	23.6	75.93	50.16	46.32	52.84	21.4	87.37	76.66	63.25	32.25	70.26	72.35	64.5	8.49	38.01	42.43	14.87	60.75	41.98	15.0	42.94	33.02	24.21	25.55	57.87	52.39	17.03	83.23	1.0	20.25	0.0	22.14	77.47	28.0	60.0	20.62	53.6	72.78	68.41	68.59	65.07	49.77	51.86	58.14	32.25	77.67	64.35	58.19	32.2	45.1	51.04	62.29	73.38	85.43	63.95	75.74	48.1	67.72	27.29	26.4	60.84	72.03	84.22	77.37	63.13	89.04	21.93	57.08	11.18	79.12	28.02	92.2	49.66	72.37	83.45	26.4	74.73	20.62	31.4	66.61	67.91	12.08	48.27	15.81	81.61	49.68	42.05	65.8	48.76	51.62	50.6	47.01	41.0	37.22	50.6	37.74	52.92	94.05	85.7	38.33	29.53	53.6	35.74	45.61	19.24	58.26	49.24	16.28	45.61	57.97	26.87	71.59	81.63	56.57	87.42	70.94	55.04	19.42	12.04	71.7	32.76	34.01	45.65	22.8	10.44	61.1	77.88	78.01	57.28	84.88	36.67	44.29	53.49	73.76	65.0	9.22	33.02	30.48	31.14	30.68	65.6	69.18	35.0	74.0	27.66	73.01	7.07	89.87	18.44	82.86	69.07	32.56	55.23	90.74	32.0	16.4	
69.03	54.82	103.32	41.0	37.0	89.47	49.74	49.68	69.64	7.21	95.48	84.15	53.01	30.23	68.54	85.88	72.18	27.02	59.54	63.01	11.7	65.3	36.06	36.67	51.4	20.1	37.95	43.42	48.09	58.69	34.23	92.1	21.84	5.66	22.14	0.0	77.83	49.5	70.21	37.48	64.07	73.93	59.08	62.17	60.73	68.07	63.29	69.64	42.54	78.29	77.03	76.94	23.09	42.05	72.17	61.27	76.28	90.91	64.5	87.09	53.74	70.46	32.02	45.18	67.18	63.13	95.44	78.89	76.92	96.88	9.43	53.14	16.28	81.3	49.37	101.32	56.64	64.38	95.13	14.87	75.66	41.05	28.84	60.21	59.21	16.49	51.22	36.06	90.79	64.08	60.02	78.77	56.85	41.05	69.58	45.65	35.11	25.08	55.23	54.57	42.01	102.59	94.11	34.89	39.82	73.25	41.87	49.58	21.63	69.34	38.01	37.22	60.75	77.41	41.76	85.0	89.1	69.35	96.33	75.43	76.16	37.22	33.96	64.94	21.38	34.83	54.2	30.89	11.7	79.43	83.1	87.32	69.84	93.43	26.48	61.61	58.73	64.01	81.27	15.0	44.72	45.88	33.94	24.6	80.11	64.03	46.96	77.42	25.0	74.43	16.12	98.35	20.25	87.62	66.48	29.15	76.03	98.29	53.46	34.13	
34.0	35.69	40.01	60.13	57.01	50.77	28.23	31.26	58.83	70.66	33.14	26.0	38.48	47.93	10.82	49.41	26.25	70.58	80.36	75.03	69.64	19.92	42.44	76.0	38.33	59.64	57.0	63.39	39.12	28.64	65.03	33.96	76.49	72.45	77.47	77.83	0.0	77.1	35.0	63.01	37.12	5.1	34.48	25.3	21.1	64.88	40.25	39.41	48.01	1.0	43.84	69.63	55.23	35.85	82.29	16.64	9.22	22.02	13.6	41.18	31.06	11.7	50.22	65.62	23.71	32.56	44.27	4.12	48.1	33.02	68.43	26.17	68.96	7.0	76.12	40.05	31.58	29.43	45.88	63.13	3.16	71.18	49.24	26.0	32.57	68.01	29.27	71.0	34.48	49.65	62.39	45.28	33.96	44.05	68.48	32.2	43.27	55.61	28.02	58.52	44.2	39.01	33.38	42.94	50.01	73.06	42.19	32.14	59.77	38.01	46.75	73.01	52.39	73.5	57.14	48.6	27.66	43.83	36.35	14.87	84.12	65.01	77.06	25.5	57.69	44.27	36.67	54.74	77.16	68.41	17.72	33.62	43.01	33.54	53.01	60.01	26.31	35.36	59.41	72.12	49.16	56.57	46.57	53.24	51.62	21.19	48.37	10.82	53.31	5.39	73.76	36.06	61.03	18.0	13.89	48.75	81.49	33.02	77.88	66.03	
89.36	41.44	81.6	18.36	23.6	57.45	55.46	48.1	31.62	46.84	75.69	66.91	76.84	45.25	73.38	54.2	56.14	22.8	10.05	15.23	39.56	57.43	55.23	13.0	38.83	54.2	23.02	14.32	71.7	48.51	18.6	70.88	28.02	46.32	28.0	49.5	77.1	0.0	48.66	17.69	43.19	72.01	80.45	77.41	72.01	26.17	40.31	45.12	30.46	76.94	48.47	33.02	51.04	54.64	23.09	65.79	70.26	77.52	65.25	60.54	46.32	65.62	36.12	11.7	55.04	83.22	68.45	75.54	45.62	77.62	46.49	64.88	34.48	76.24	1.0	78.77	45.54	82.49	67.08	48.75	73.98	9.43	45.28	75.66	79.32	34.79	49.98	13.93	68.96	33.53	20.59	49.24	43.29	67.18	25.61	54.2	54.49	56.86	49.48	20.4	68.59	81.27	73.76	50.33	29.53	27.29	38.01	46.82	36.36	45.89	65.8	12.37	29.12	31.76	21.02	53.71	71.39	41.76	74.63	66.03	27.07	16.28	16.03	80.53	53.0	43.42	40.45	31.11	38.12	36.4	71.11	65.52	42.72	72.8	55.0	23.71	50.8	85.7	43.28	34.71	28.46	20.62	39.82	47.8	46.65	76.49	28.86	70.11	43.42	71.85	33.38	77.49	36.72	76.16	73.39	46.69	27.46	79.56	4.0	18.03	
61.72	15.65	34.67	36.24	36.4	22.02	32.06	25.18	24.17	63.51	27.73	18.25	57.27	43.08	37.2	19.03	8.94	51.61	49.04	42.43	59.03	17.49	45.54	52.39	18.87	58.87	35.81	37.7	54.45	15.0	43.57	23.32	59.2	64.64	60.0	70.21	35.0	48.66	0.0	40.31	6.4	30.48	56.92	49.24	42.54	30.68	8.54	4.47	28.28	34.41	10.44	34.67	53.49	39.12	48.38	33.11	26.08	29.02	29.15	17.0	19.24	24.04	38.28	38.9	12.21	57.38	25.24	31.91	13.89	29.55	61.59	40.02	55.9	31.3	47.68	32.2	15.3	55.04	25.06	58.59	32.02	45.88	44.38	48.47	55.03	55.23	25.02	47.85	21.63	16.12	30.07	12.37	13.93	55.0	34.18	35.01	45.71	57.28	20.0	28.28	56.01	34.13	25.94	42.2	31.11	38.48	28.65	24.33	48.6	3.16	56.08	49.24	20.0	38.59	33.62	18.03	22.8	8.94	27.46	20.59	49.77	42.06	54.56	51.43	56.65	37.7	16.12	39.7	64.35	33.42	23.35	18.03	8.06	25.06	54.12	27.17	17.12	60.54	25.0	58.69	27.02	30.87	37.12	49.77	17.89	46.07	25.0	25.06	46.96	29.83	59.41	30.02	50.0	28.16	39.12	44.94	47.01	31.38	48.17	44.42	
72.07	28.64	74.95	4.24	6.32	55.32	38.9	32.39	32.7	33.0	68.0	57.78	59.2	27.59	57.87	51.74	45.88	12.21	26.08	26.93	26.08	44.28	37.54	13.04	25.32	37.7	6.08	6.0	54.04	35.36	3.61	63.63	20.0	33.06	20.62	37.48	63.01	17.69	40.31	0.0	34.0	58.0	62.97	60.42	55.36	30.59	31.91	38.01	15.0	63.0	43.86	39.46	34.0	37.22	36.69	50.01	57.31	67.36	50.25	55.44	32.02	52.09	18.44	8.25	43.17	65.86	63.89	62.07	42.52	69.77	32.06	47.93	21.21	63.29	16.97	72.4	32.39	65.3	63.03	32.98	60.0	8.94	27.66	58.6	61.91	21.1	34.37	8.06	61.91	29.07	22.56	45.25	30.81	49.5	32.14	37.16	36.8	39.82	35.0	17.46	50.91	74.43	66.24	32.65	13.15	36.0	21.59	31.26	19.92	38.28	48.17	10.0	25.0	40.05	6.71	50.99	62.65	36.12	67.74	53.94	40.52	2.0	14.56	63.56	36.25	25.81	27.66	13.45	27.86	41.98	60.17	58.31	36.88	65.37	37.74	24.35	37.12	68.26	44.72	22.8	14.32	9.9	22.2	30.53	45.0	59.81	15.81	57.56	26.08	58.01	22.47	70.33	20.62	65.25	57.49	29.07	39.81	71.55	20.62	4.24	
60.75	10.2	41.05	29.97	30.0	26.68	28.86	21.1	22.02	57.45	34.0	24.04	54.71	37.64	37.48	23.35	13.0	45.22	44.41	38.33	52.8	17.8	41.05	46.24	13.0	53.45	29.41	31.62	51.42	12.08	37.22	29.68	52.8	58.52	53.6	64.07	37.12	43.19	6.4	34.0	0.0	32.25	55.04	48.02	41.34	27.78	3.16	6.08	21.93	36.67	14.14	33.24	48.08	35.06	45.19	32.2	28.79	34.37	29.0	23.02	15.13	25.55	32.25	32.98	13.42	55.95	31.4	34.54	16.12	35.78	55.57	37.7	49.58	34.48	42.19	38.6	11.18	53.85	31.06	52.8	34.0	39.85	38.9	47.01	53.23	48.92	21.38	41.63	28.02	12.53	25.71	16.12	9.0	51.24	31.38	31.26	41.11	52.17	16.76	23.0	52.35	40.5	32.25	37.34	24.76	36.06	22.85	20.02	42.44	5.39	52.04	43.08	15.52	36.88	27.29	22.36	28.79	8.54	33.84	23.77	47.01	35.78	48.33	50.48	51.24	32.28	10.44	33.42	58.0	32.65	28.0	24.41	8.25	31.38	49.03	23.09	14.76	59.06	26.0	52.35	20.62	24.7	31.38	44.27	20.22	45.22	18.6	28.16	41.23	31.76	53.04	36.36	43.83	33.02	38.95	39.56	44.42	37.58	43.0	38.08	
35.36	30.59	39.46	55.08	52.04	47.41	24.19	26.48	54.08	66.73	32.06	23.54	37.64	43.83	10.05	45.79	21.93	65.76	75.29	70.01	65.39	14.87	39.05	71.01	33.24	56.22	52.01	58.31	37.58	23.54	60.07	32.14	71.81	68.48	72.78	73.93	5.1	72.01	30.48	58.0	32.25	0.0	34.37	25.18	19.92	60.03	35.36	34.83	43.0	5.0	39.7	65.0	51.61	32.2	77.37	13.45	6.08	21.84	9.43	38.08	26.02	6.71	45.61	60.53	18.87	33.02	41.98	5.0	43.86	32.25	64.5	23.6	64.51	7.81	71.02	39.12	26.48	30.0	43.42	59.36	2.0	66.12	45.18	25.5	32.39	63.57	24.52	66.01	32.39	44.78	57.38	41.23	28.86	41.88	63.63	28.3	39.82	52.4	23.0	53.45	42.19	38.47	32.0	39.12	45.04	68.26	37.34	27.29	55.36	33.42	44.41	68.0	47.42	68.82	52.09	44.94	26.02	39.2	35.0	11.18	79.26	60.0	72.11	26.0	54.2	39.92	31.58	50.01	72.8	63.89	16.0	31.05	38.42	32.02	49.68	55.04	21.21	36.0	55.17	67.68	44.1	51.48	42.06	49.4	47.51	21.1	43.29	8.06	49.19	1.0	69.26	35.13	56.65	17.72	13.15	44.78	76.66	32.56	72.78	61.07	
10.05	47.17	73.82	62.2	56.86	77.88	27.2	35.81	75.47	53.01	66.37	57.0	6.32	36.77	24.33	75.43	50.99	64.62	87.32	84.85	55.58	40.02	26.57	73.79	47.2	39.01	57.43	66.4	11.0	42.95	63.13	66.03	67.45	55.01	68.41	59.08	34.48	80.45	56.92	62.97	55.04	34.37	0.0	9.22	15.03	79.4	57.25	60.17	50.99	35.44	67.36	86.82	37.22	25.81	94.11	24.33	40.2	56.09	29.15	69.72	40.82	37.01	44.78	69.2	45.35	4.12	75.11	38.08	70.58	66.61	51.04	17.49	57.49	41.23	79.63	73.44	44.29	6.4	76.24	45.04	34.71	71.87	37.34	9.0	2.0	56.52	34.67	69.35	66.0	65.51	73.76	69.26	47.01	18.03	82.8	26.87	27.51	34.01	38.47	67.94	17.12	72.84	66.19	30.87	51.22	87.8	43.19	37.2	49.34	58.87	21.1	71.59	66.03	89.87	59.82	74.46	60.13	63.56	69.18	44.0	97.08	64.66	73.41	9.43	38.01	37.22	47.71	50.12	63.51	86.95	50.25	64.07	63.16	66.12	33.06	72.62	40.31	5.39	81.02	60.21	53.76	61.62	40.82	37.85	74.67	13.34	54.45	42.19	40.8	35.36	62.37	69.46	50.0	51.97	21.21	36.06	95.13	66.91	82.8	64.01	
