190
0.0	41.63	21.84	72.45	52.92	52.35	52.01	50.8	42.94	68.35	21.1	27.89	61.55	44.72	46.23	33.96	57.27	50.0	53.31	13.04	29.41	55.03	25.5	43.68	74.65	51.61	86.98	78.24	26.4	35.69	26.17	61.01	74.25	8.06	47.54	65.6	50.64	25.63	25.96	67.48	21.1	23.77	72.84	21.63	77.78	50.45	61.27	55.61	71.45	72.06	64.35	19.21	65.28	19.1	68.01	29.27	71.11	54.13	41.77	15.26	68.68	62.0	72.84	29.15	64.33	74.33	45.71	20.1	28.07	51.92	27.29	51.62	56.14	61.91	41.98	35.36	20.4	41.23	63.15	37.66	58.14	30.41	75.0	30.0	72.99	42.58	68.26	22.36	20.02	41.01	67.9	67.68	51.2	57.01	66.65	31.62	92.76	25.96	82.62	30.27	42.01	62.07	46.65	62.65	18.44	28.64	14.42	60.8	50.29	45.88	57.87	44.1	24.08	74.46	56.01	15.81	15.26	36.88	32.28	18.03	64.01	59.41	62.2	16.4	25.96	4.12	29.15	14.87	65.22	63.32	69.32	33.38	21.38	16.49	44.28	22.36	25.18	56.08	26.93	72.56	24.17	66.73	28.79	57.38	20.62	77.1	60.37	42.8	59.21	35.85	61.29	31.24	11.18	31.32	23.41	22.47	73.16	38.01	59.09	41.0	53.46	46.53	86.45	55.44	56.94	11.4	64.26	61.19	28.43	30.0	21.54	48.41	27.02	19.03	69.01	51.87	48.92	84.6	45.89	13.45	72.18	63.82	77.08	60.0	46.62	43.42	53.14	5.66	47.01	57.97	
41.63	0.0	60.02	31.05	87.86	17.8	22.8	14.42	3.0	48.55	55.17	46.1	62.13	76.4	12.17	67.94	88.48	32.57	88.53	54.08	12.81	37.7	25.55	29.27	67.05	47.17	82.28	69.89	27.89	10.44	36.14	29.21	71.39	35.44	64.2	58.69	73.41	16.12	16.4	61.61	56.32	30.53	34.53	63.06	73.98	31.02	47.17	61.13	34.21	36.77	63.39	50.04	29.15	40.05	45.8	15.81	54.59	12.53	17.2	56.8	28.07	29.41	69.43	24.35	39.05	62.77	11.4	59.91	18.03	84.81	55.61	11.66	80.53	70.26	26.17	22.2	59.44	1.0	24.52	62.27	61.0	70.72	50.99	14.04	34.37	10.77	56.65	60.61	60.73	15.0	64.94	28.07	13.42	17.12	25.24	47.42	84.86	27.29	73.16	58.01	18.44	27.78	58.69	35.38	59.54	50.8	41.73	54.13	10.2	30.59	88.2	55.79	20.52	34.06	82.76	33.06	54.92	12.21	49.04	58.82	31.62	31.89	55.32	56.6	45.71	38.47	13.15	45.28	70.0	21.84	27.78	59.91	62.63	34.01	69.35	57.31	35.9	65.62	24.74	34.93	48.01	25.5	49.03	92.2	33.14	65.39	46.82	43.19	30.41	57.72	25.5	58.42	30.89	55.23	46.27	50.04	31.62	21.26	44.01	69.34	76.56	39.12	78.77	29.41	66.61	52.77	22.8	36.4	69.46	56.44	63.16	47.0	58.8	59.77	35.85	11.0	54.33	71.12	68.45	38.21	70.86	55.79	73.76	65.03	82.07	7.21	12.04	46.96	82.76	76.54	
21.84	60.02	0.0	91.01	55.01	73.0	73.33	71.06	60.64	90.14	33.02	25.24	81.06	51.66	61.47	41.11	62.65	71.84	55.0	10.63	49.09	76.84	47.3	65.52	95.13	72.56	106.53	98.74	36.72	56.01	31.24	82.3	93.86	25.02	63.41	86.28	63.06	45.1	46.01	87.92	5.83	45.54	93.13	18.25	97.45	72.28	82.86	74.33	92.02	93.05	84.02	12.73	86.0	23.02	89.84	50.04	92.7	72.03	55.01	16.12	87.97	83.22	92.62	40.71	86.12	95.38	66.03	4.12	49.16	56.44	41.4	68.31	66.85	79.31	63.79	57.07	2.24	59.84	83.22	51.31	77.34	28.0	96.84	46.57	93.19	63.01	89.47	28.23	7.07	55.04	87.8	87.46	71.18	76.53	83.82	50.45	112.8	47.8	103.17	43.83	63.39	83.05	64.35	84.34	19.31	21.93	34.13	81.63	69.58	67.72	63.95	62.24	45.18	93.9	65.15	27.51	23.02	52.2	27.73	7.62	85.29	81.05	83.01	21.95	23.6	25.96	46.87	32.8	83.44	81.79	86.68	46.87	10.0	26.93	56.36	32.76	30.61	73.59	38.91	93.05	41.77	85.51	23.71	59.01	29.53	98.11	81.94	63.63	80.75	25.18	82.0	18.03	32.25	46.86	20.62	15.81	91.44	49.74	80.78	51.48	65.31	68.03	106.61	77.1	74.33	17.69	82.76	82.98	24.02	18.25	14.04	69.12	38.59	7.28	90.27	70.86	68.25	105.68	59.17	34.44	91.55	84.72	96.67	78.52	49.09	63.2	72.01	19.72	49.04	71.69	
72.45	31.05	91.01	0.0	114.98	24.84	30.53	24.08	30.41	49.16	83.76	75.03	74.67	102.65	32.25	95.6	113.85	43.83	115.75	85.07	43.08	45.88	52.43	45.22	72.69	60.84	87.28	74.33	57.01	37.59	65.01	26.93	79.62	66.48	85.21	66.94	96.05	46.82	46.62	69.86	87.13	57.2	14.56	93.62	81.05	41.59	53.6	76.92	17.26	22.36	74.63	80.62	19.24	70.26	45.1	44.29	56.14	19.1	40.45	87.46	6.32	25.71	77.67	53.0	38.33	66.27	28.6	90.96	46.14	111.13	82.46	24.08	103.23	85.91	43.42	44.6	90.47	31.32	14.32	86.98	75.24	100.65	46.17	44.55	13.6	31.62	61.81	90.05	91.76	39.2	74.46	10.2	22.8	16.4	10.82	71.42	87.01	53.6	76.06	84.39	36.77	22.8	78.49	34.53	89.96	80.01	70.49	63.89	22.36	44.94	113.17	76.03	49.65	7.21	106.4	63.79	84.97	40.01	77.23	89.84	26.31	33.24	64.56	86.76	75.0	69.08	44.15	74.09	83.57	9.22	8.49	85.63	93.61	64.63	93.43	85.98	65.0	82.76	54.04	16.49	74.65	5.83	78.03	119.1	63.2	68.12	53.85	61.29	31.32	86.21	20.25	88.01	61.47	80.66	76.06	80.22	2.0	46.39	50.96	94.76	99.02	54.2	82.05	34.54	83.65	83.38	8.25	37.85	99.74	86.01	93.98	62.65	86.4	90.8	26.02	20.62	71.69	71.06	91.55	67.23	80.28	64.03	81.22	79.71	109.64	29.53	19.31	77.62	110.42	96.8	
52.92	87.86	55.01	114.98	0.0	90.6	86.53	90.91	90.14	87.64	33.29	77.1	62.13	13.0	96.02	20.0	10.63	76.48	1.0	48.51	75.29	78.39	62.94	72.2	78.03	64.85	82.04	81.0	79.31	78.49	78.45	94.15	72.11	60.93	38.33	72.56	28.02	72.8	71.84	72.25	60.03	58.0	109.84	37.05	75.24	78.29	78.16	54.23	107.38	105.68	65.07	64.5	101.24	70.34	89.81	72.18	85.91	99.72	93.3	41.59	109.64	95.52	72.03	81.86	90.47	82.39	86.45	51.0	70.04	6.08	32.56	99.36	25.0	52.15	72.95	70.43	53.0	87.11	102.2	29.55	58.22	27.02	96.17	80.16	110.39	83.55	79.08	30.68	48.0	92.11	69.03	107.2	92.2	98.6	112.43	44.42	89.94	61.55	85.02	30.61	78.41	97.1	44.91	91.24	37.48	75.43	46.4	70.21	93.38	73.43	12.81	45.61	67.36	114.4	20.25	68.71	37.95	87.37	80.75	48.04	96.75	89.47	71.02	37.36	75.13	53.67	78.24	43.01	58.14	106.89	114.56	29.68	45.01	69.29	25.5	31.38	77.49	49.01	79.62	108.76	40.36	109.22	76.66	4.47	73.39	84.21	77.2	58.69	90.43	80.02	97.91	73.0	59.68	34.67	72.01	68.47	116.28	90.35	78.11	21.54	27.29	66.71	85.38	85.96	49.0	43.42	107.63	88.14	31.06	73.03	41.0	61.03	29.07	48.01	101.12	95.48	53.37	91.05	29.27	50.0	69.12	72.99	74.24	56.01	6.32	86.28	96.9	47.76	6.08	35.69	
52.35	17.8	73.0	24.84	90.6	0.0	7.0	3.61	19.8	32.31	60.37	62.63	51.97	78.1	28.02	71.56	89.11	20.4	91.4	65.38	24.19	24.0	29.15	20.59	53.34	37.36	68.59	55.73	44.78	17.03	52.92	11.4	59.0	48.01	60.46	46.0	71.22	28.16	27.02	49.0	70.18	33.54	20.62	72.28	61.07	18.25	33.14	53.14	19.1	20.22	52.47	64.63	13.0	55.54	29.07	23.09	38.9	17.26	34.66	66.49	19.1	11.66	57.0	41.59	21.95	48.05	7.28	72.11	24.33	86.56	58.25	22.47	78.41	62.3	18.6	20.25	72.03	17.2	11.66	62.24	51.92	78.19	33.6	30.46	20.88	10.05	42.43	67.23	72.34	32.53	53.08	16.64	5.39	9.49	25.96	46.69	70.09	29.97	58.46	60.0	12.21	10.44	53.85	18.03	68.41	67.05	47.54	42.11	9.85	20.62	88.39	51.31	28.28	23.85	81.57	47.85	62.94	30.0	65.92	70.35	13.89	14.76	43.05	64.85	61.98	48.51	28.46	51.08	60.64	18.38	26.93	61.07	73.68	49.03	68.62	62.61	52.55	58.69	41.63	20.22	50.48	19.42	65.46	94.64	49.04	50.45	33.06	36.72	13.04	74.33	9.0	74.22	41.19	56.08	62.1	65.31	26.4	39.05	30.07	70.09	74.2	30.08	64.33	13.34	59.62	62.37	18.79	19.7	77.79	72.28	73.35	38.63	62.43	71.34	18.38	11.4	47.42	55.36	66.71	44.6	59.08	43.0	61.03	56.32	85.45	11.18	12.17	56.89	86.27	72.2	
52.01	22.8	73.33	30.53	86.53	7.0	0.0	10.2	25.24	25.94	57.58	65.31	45.12	73.82	34.0	68.0	84.39	13.6	87.37	65.0	26.0	17.0	27.29	14.87	46.39	30.68	61.66	48.84	48.02	18.79	55.95	9.0	52.0	48.66	54.82	39.0	65.86	29.73	28.16	42.0	71.02	31.05	23.32	70.86	54.08	11.4	26.17	46.62	21.02	20.4	45.54	65.97	14.76	57.58	23.02	23.54	32.31	24.19	40.0	65.38	24.41	10.05	50.0	45.22	16.28	41.23	11.4	72.06	24.19	82.2	54.59	29.12	73.0	55.71	13.6	17.46	72.17	22.02	16.4	57.63	45.22	75.96	28.28	33.84	23.85	12.81	35.51	64.85	72.0	37.8	46.1	21.26	12.17	16.28	32.76	42.2	63.32	27.66	51.66	56.08	10.0	10.77	48.01	12.81	66.91	69.46	45.35	35.13	16.49	14.42	83.55	45.61	28.16	28.28	76.38	49.65	61.19	34.66	68.88	70.0	12.0	9.22	36.06	63.15	64.47	48.0	31.38	48.76	53.85	25.0	33.53	56.86	73.06	50.92	63.7	59.81	55.47	52.33	44.94	22.36	46.96	25.5	68.03	90.44	51.48	43.68	26.08	30.81	8.06	76.97	11.4	76.22	41.11	51.87	64.26	67.05	32.25	43.86	23.09	65.6	68.77	23.71	57.49	6.71	53.23	61.29	25.3	13.6	75.93	74.33	72.34	32.2	59.03	71.0	17.0	18.25	41.18	48.85	61.52	42.76	52.09	36.0	54.04	49.65	81.63	15.62	19.1	56.08	82.49	66.29	
50.8	14.42	71.06	24.08	90.91	3.61	10.2	0.0	16.28	35.85	60.03	59.77	54.59	78.57	24.41	71.61	89.83	23.09	91.68	63.79	22.0	27.07	28.65	22.47	56.57	39.81	71.85	59.03	41.79	15.13	49.98	14.87	62.03	46.04	61.91	49.04	72.42	26.0	25.08	52.04	68.03	33.29	22.09	71.17	64.2	21.02	36.35	55.36	21.02	22.8	55.23	62.29	15.3	52.95	32.65	21.59	42.38	14.04	31.11	65.25	18.87	15.0	60.03	38.48	25.55	51.42	5.1	70.35	23.09	87.05	58.41	18.97	79.63	64.56	20.12	20.52	70.18	13.89	12.37	62.97	54.34	77.47	37.2	27.51	22.2	8.25	45.71	66.64	70.71	29.0	56.01	17.09	2.0	7.81	23.77	47.42	73.5	29.68	61.85	60.31	12.81	13.42	55.47	21.63	67.36	64.29	46.96	45.01	6.32	22.8	89.2	52.84	26.93	24.17	82.62	45.4	62.03	26.63	62.97	68.73	17.2	18.36	46.0	63.91	59.2	47.07	25.71	50.54	63.15	16.64	25.06	61.55	72.18	46.53	69.53	62.27	49.65	60.75	38.63	22.0	50.61	18.38	62.64	95.02	46.32	53.85	36.22	38.48	16.64	71.47	11.4	71.59	39.62	56.59	59.44	62.8	25.46	35.61	33.24	70.71	75.45	32.28	67.68	16.76	61.68	61.13	17.2	23.26	76.9	69.63	72.03	40.8	62.43	69.72	21.47	8.06	49.4	58.87	67.8	43.86	62.01	46.04	64.12	58.69	85.6	8.25	9.0	55.54	86.4	73.82	
42.94	3.0	60.64	30.41	90.14	19.8	25.24	16.28	0.0	51.11	57.28	45.54	65.12	78.82	9.22	70.18	90.97	35.44	90.79	55.15	14.87	40.5	28.18	32.25	69.92	50.16	85.16	72.73	27.29	13.34	35.51	31.14	74.33	36.4	67.05	61.61	76.16	17.8	18.38	64.54	56.72	33.12	35.17	64.5	76.9	33.84	49.98	64.12	35.11	38.01	66.37	50.25	30.41	40.01	48.26	18.36	57.25	11.4	14.87	58.18	28.02	31.24	72.37	23.54	41.4	65.55	13.89	60.73	20.59	87.2	58.01	9.22	83.26	73.25	29.15	25.18	60.17	4.0	25.3	64.88	64.0	72.42	53.26	14.14	34.93	13.6	59.46	62.48	61.68	12.73	67.9	28.44	15.0	17.72	23.71	50.16	87.66	29.97	75.96	60.46	21.38	29.41	61.61	37.64	61.06	50.36	43.86	57.07	11.18	33.54	90.74	58.69	22.8	34.01	85.42	33.38	56.61	10.77	48.27	59.81	33.42	34.21	58.25	58.25	45.28	39.96	13.93	47.38	73.0	21.21	26.4	62.43	63.69	34.23	72.01	59.4	35.36	68.59	24.19	35.74	50.48	25.08	48.51	94.49	33.0	68.15	49.65	46.17	32.65	57.07	26.93	58.14	32.45	57.8	46.04	50.01	30.81	19.42	46.82	71.87	79.31	42.11	81.6	31.91	69.58	54.2	22.2	38.83	71.02	56.14	64.4	50.0	61.07	60.75	37.44	11.4	57.31	73.79	71.18	40.31	73.82	58.69	76.69	68.03	84.29	9.85	12.17	48.37	84.96	79.4	
68.35	48.55	90.14	49.16	87.64	32.31	25.94	35.85	51.11	0.0	66.07	87.42	30.41	74.73	59.94	72.56	82.46	18.87	88.6	80.36	48.84	13.42	43.38	25.06	23.77	22.8	38.12	25.18	71.51	42.45	78.87	23.19	31.38	67.54	50.16	20.0	61.74	51.86	49.82	22.47	89.16	44.6	35.9	82.87	32.28	19.21	9.49	36.06	32.76	28.16	29.07	85.42	30.02	78.77	4.12	44.82	7.0	49.34	65.73	78.64	43.05	24.08	29.55	69.3	11.05	17.12	37.22	87.93	44.41	82.22	60.07	54.78	68.0	43.19	27.46	34.67	88.54	47.71	36.06	58.46	32.8	85.02	8.54	58.0	36.88	38.01	13.42	74.11	87.09	63.51	27.46	39.05	37.7	40.02	55.23	46.04	38.33	42.54	27.02	60.3	31.83	27.07	43.08	15.13	78.92	90.97	57.27	19.21	42.15	22.83	81.02	42.06	47.71	43.74	72.45	70.72	72.84	60.0	91.4	85.16	23.0	17.72	19.1	74.81	86.27	64.26	55.15	59.84	38.95	47.27	55.04	59.68	87.32	72.11	62.3	68.03	78.24	42.44	68.62	33.96	54.04	46.01	89.87	90.76	73.6	19.0	10.44	30.07	19.65	98.74	30.15	96.75	59.03	55.33	85.44	87.32	51.16	69.2	10.0	66.22	63.95	23.09	33.02	19.24	43.01	74.95	47.17	12.65	86.21	95.02	85.51	26.68	65.07	86.13	23.54	43.66	34.54	23.09	58.87	56.04	32.65	17.69	32.57	36.88	84.17	41.34	44.27	70.88	85.15	58.52	
21.1	55.17	33.02	83.76	33.29	60.37	57.58	60.03	57.28	66.07	0.0	48.26	50.12	23.77	62.8	13.42	36.4	50.49	33.84	22.83	42.43	54.08	31.38	44.91	65.39	44.91	75.17	68.94	46.84	46.4	47.27	66.1	62.77	28.64	30.48	57.25	30.68	39.7	38.9	58.31	35.78	26.83	80.62	18.36	66.37	51.79	57.31	42.72	78.55	77.79	53.24	37.36	72.24	40.0	67.01	39.82	66.75	67.36	60.03	17.03	78.89	67.36	61.77	49.04	65.49	67.05	55.23	29.21	37.8	31.38	8.49	66.48	35.51	46.69	44.64	40.31	30.81	54.49	72.01	18.36	46.14	19.03	74.0	46.87	81.02	52.15	61.85	8.06	26.91	58.83	57.25	76.94	61.06	67.42	80.16	20.62	81.99	30.41	73.41	10.82	48.33	68.35	32.2	65.12	15.0	48.05	13.45	53.16	61.61	46.69	36.88	30.53	34.71	84.12	35.01	36.67	10.0	54.08	52.47	25.61	68.96	62.59	54.41	11.31	46.27	20.88	45.0	9.9	51.22	75.21	82.46	13.89	25.5	37.48	24.04	2.24	46.27	41.11	46.82	79.85	12.04	77.94	48.66	37.74	41.59	69.57	56.32	36.35	63.06	54.41	68.54	48.47	26.42	14.21	43.42	41.23	84.88	57.27	56.08	20.1	33.24	43.01	76.06	58.69	41.77	15.65	76.03	62.65	20.22	47.76	22.2	41.0	6.08	26.25	73.76	63.6	37.58	77.16	26.4	16.97	60.21	56.32	65.51	46.62	27.2	54.41	65.0	17.12	27.8	38.91	
27.89	46.1	25.24	75.03	77.1	62.63	65.31	59.77	45.54	87.42	48.26	0.0	87.09	71.01	43.05	60.01	83.15	68.6	77.28	28.64	39.36	74.2	45.25	62.63	98.49	75.17	112.0	101.98	18.25	46.52	10.05	73.54	99.4	22.83	75.27	89.27	78.45	35.85	37.74	91.55	19.42	46.23	80.6	40.52	102.8	68.24	82.22	81.99	80.28	82.57	89.63	13.0	75.0	9.43	85.98	42.72	91.68	56.14	35.23	35.51	73.44	74.09	97.8	22.09	80.62	96.88	55.36	28.18	43.01	77.32	55.11	51.0	83.73	89.0	60.0	52.8	26.42	46.32	70.61	65.51	84.06	50.96	92.44	32.28	80.41	52.92	90.52	47.1	30.87	36.06	92.8	73.98	59.2	63.15	66.12	58.6	117.03	46.69	106.15	58.05	56.44	73.05	73.82	77.83	39.62	5.1	41.79	84.29	56.29	64.82	84.05	71.11	39.82	79.4	83.22	16.97	40.01	35.13	4.47	30.08	76.32	74.24	85.7	40.11	2.0	30.08	34.18	42.72	91.79	66.12	69.12	61.19	34.01	15.56	72.01	49.09	10.2	83.19	21.38	81.02	51.87	70.18	3.0	81.39	13.89	99.7	81.47	67.01	73.35	11.7	71.17	13.34	30.81	59.2	5.1	9.43	75.0	29.27	79.51	68.36	81.22	68.59	110.63	70.71	84.1	34.06	67.12	77.52	47.43	11.4	37.34	72.62	54.33	30.46	80.99	56.89	74.95	106.83	73.76	39.81	97.65	87.05	102.2	86.45	70.86	51.55	57.71	31.14	71.02	85.87	
61.55	62.13	81.06	74.67	62.13	51.97	45.12	54.59	65.12	30.41	50.12	87.09	0.0	50.01	74.24	51.42	55.11	31.58	63.13	70.43	55.79	28.79	43.46	33.0	16.12	15.0	25.5	19.42	75.64	52.47	81.01	47.93	12.81	64.4	24.02	11.18	34.37	56.92	54.71	10.2	82.07	41.18	63.53	68.48	16.4	33.73	22.2	8.06	60.42	56.6	3.16	80.72	55.95	77.67	33.97	50.7	26.08	68.36	77.28	66.29	68.35	49.24	11.66	75.03	38.28	20.4	53.08	77.8	49.04	56.22	42.05	72.03	39.56	12.81	36.01	40.61	79.03	61.13	60.41	35.9	4.12	67.07	38.42	65.52	64.41	52.0	18.36	57.7	76.03	75.13	7.28	64.62	56.57	61.39	77.88	30.61	31.91	41.63	23.77	40.85	44.0	52.0	18.68	41.18	65.0	89.2	47.38	11.4	60.3	32.06	53.37	19.7	50.33	70.68	44.38	70.49	59.36	70.41	91.53	74.4	49.19	41.63	11.31	61.06	85.45	58.14	62.36	48.27	8.94	70.09	78.59	38.9	75.17	71.87	37.01	51.43	80.13	13.34	73.54	61.77	39.41	70.21	88.81	64.5	74.79	22.09	21.63	20.62	43.46	96.83	54.42	92.76	56.3	36.25	83.6	83.74	76.55	78.59	24.19	42.19	35.9	23.02	25.94	40.16	13.6	63.6	70.34	37.59	69.46	91.44	72.2	15.52	46.62	75.21	51.62	62.39	12.81	29.02	33.0	48.17	10.63	12.81	15.62	6.71	60.03	56.0	63.51	61.62	61.03	29.15	
44.72	76.4	51.66	102.65	13.0	78.1	73.82	78.57	78.82	74.73	23.77	71.01	50.01	0.0	85.23	11.0	12.65	63.53	13.93	43.29	64.07	65.39	51.09	59.36	66.07	51.92	71.31	69.18	70.6	66.71	70.86	81.3	60.67	52.39	26.0	60.13	17.09	61.91	60.75	60.01	55.9	46.1	97.08	33.53	63.95	65.37	65.25	42.0	94.58	92.78	53.04	59.14	88.48	63.29	76.84	60.61	73.16	87.97	83.19	36.35	97.19	82.68	60.41	72.73	77.47	70.06	74.25	47.54	58.41	8.49	20.81	88.01	16.97	41.0	60.22	58.05	49.48	75.6	89.64	16.55	46.0	25.55	83.24	69.77	97.65	71.42	66.48	24.08	44.64	81.84	57.08	94.64	79.93	86.31	100.57	31.62	79.08	49.58	73.33	18.44	65.95	84.31	32.25	78.26	32.56	70.11	35.78	57.56	81.34	60.54	13.15	32.76	56.04	101.83	13.89	60.42	31.0	76.94	75.01	44.15	83.86	76.54	58.42	31.06	69.01	44.64	67.6	32.7	46.87	94.75	102.59	17.03	42.06	61.19	13.0	22.36	69.87	37.22	70.52	95.96	28.43	96.94	71.03	16.64	65.31	72.01	64.29	45.69	77.52	75.66	85.21	69.05	49.77	22.02	66.0	63.13	104.0	80.78	65.15	8.54	17.49	53.71	74.15	73.06	37.34	37.01	95.46	75.15	29.53	68.73	37.95	48.08	18.38	44.38	88.19	83.49	40.61	79.03	17.03	39.36	57.71	60.41	62.97	44.18	10.05	74.33	84.9	40.2	11.05	25.94	
46.23	12.17	61.47	32.25	96.02	28.02	34.0	24.41	9.22	59.94	62.8	43.05	74.24	85.23	0.0	76.03	97.62	44.64	96.61	57.45	21.54	49.65	35.74	41.44	79.12	59.3	94.37	81.91	25.5	22.02	33.14	39.05	83.55	38.83	75.19	70.83	83.82	23.32	24.6	73.76	56.92	40.5	40.25	67.8	86.12	43.01	59.14	73.03	40.82	44.41	75.54	50.0	37.01	39.29	56.94	25.96	66.21	14.32	8.25	61.4	31.62	38.95	81.58	21.38	49.93	74.67	22.85	62.17	28.16	93.49	64.5	8.25	90.82	82.1	38.33	34.01	61.33	13.15	31.06	72.09	73.03	76.49	61.61	16.28	39.81	22.8	68.62	67.21	63.53	7.0	77.1	33.11	22.8	23.6	23.09	57.87	96.8	37.64	85.09	67.12	30.59	36.77	70.04	46.04	64.66	48.09	49.65	66.29	18.44	42.76	97.53	67.08	29.55	37.36	92.7	34.01	60.83	9.43	45.04	61.77	41.04	42.72	67.47	62.29	43.19	43.86	17.8	53.01	82.02	23.77	26.08	69.32	65.86	34.54	79.31	64.82	33.24	77.32	22.8	41.18	57.25	27.89	46.04	100.44	32.28	77.25	58.82	55.04	41.05	54.04	33.97	56.22	36.8	64.88	44.55	49.03	32.06	14.14	55.97	78.71	86.98	51.24	90.76	40.71	78.31	57.63	24.74	47.51	74.65	54.23	67.12	59.03	67.12	62.65	44.6	17.69	66.12	82.76	78.77	46.04	83.02	67.91	85.91	77.0	90.0	18.97	17.8	51.86	90.6	87.56	
33.96	67.94	41.11	95.6	20.0	71.56	68.0	71.61	70.18	72.56	13.42	60.01	51.42	11.0	76.03	0.0	23.35	59.14	20.62	32.39	55.32	61.85	43.28	54.23	67.47	50.09	74.85	70.83	60.08	58.73	60.02	76.06	63.25	41.76	28.23	60.41	23.35	52.8	51.86	60.83	45.12	38.42	91.3	23.26	66.73	60.75	63.29	43.42	89.01	87.73	54.57	48.17	82.76	52.35	74.15	52.33	72.03	79.91	73.43	25.5	90.44	77.39	62.64	62.39	73.76	70.46	67.01	37.0	50.21	18.03	13.42	79.4	25.94	44.72	54.56	51.31	38.9	67.21	83.22	15.52	47.3	17.03	80.89	60.21	91.79	64.03	66.07	13.15	34.18	72.2	58.69	88.2	72.8	79.2	92.66	26.93	82.28	42.01	75.19	12.37	59.36	78.71	32.76	74.0	21.84	59.14	26.4	57.08	73.76	55.71	24.08	32.25	47.42	95.41	24.04	49.73	20.0	67.42	64.01	33.53	78.79	71.87	58.14	20.1	58.01	34.18	58.25	23.02	50.16	87.32	94.85	13.0	31.78	50.45	17.03	11.7	59.03	39.92	60.17	90.35	21.1	89.81	60.03	24.41	54.57	72.69	62.29	42.58	72.62	64.78	79.26	58.25	39.82	17.26	55.0	52.15	96.83	70.68	62.65	11.31	25.0	50.22	76.84	68.15	40.31	26.02	88.09	71.17	20.52	57.87	27.73	46.1	9.22	33.84	83.38	75.82	40.2	80.06	20.81	30.0	60.41	60.13	65.79	46.49	14.14	66.6	77.23	29.27	14.87	32.53	
57.27	88.48	62.65	113.85	10.63	89.11	84.39	89.83	90.97	82.46	36.4	83.15	55.11	12.65	97.62	23.35	0.0	73.24	11.4	55.01	76.32	74.43	63.01	69.66	70.58	59.93	73.25	73.33	83.24	78.6	83.36	91.4	64.07	65.0	32.31	65.97	20.88	74.3	73.06	65.31	67.27	58.01	107.45	44.41	67.01	75.21	73.01	47.54	104.81	102.65	57.87	71.0	98.86	75.66	85.0	72.67	80.01	99.81	95.75	48.01	108.21	92.8	64.2	85.38	86.45	75.5	85.7	58.55	70.46	6.32	33.12	100.12	16.0	44.1	70.84	69.35	60.53	87.66	100.5	26.87	51.42	35.17	91.0	82.29	108.07	82.98	72.8	36.06	55.58	94.37	61.66	105.48	91.29	97.62	112.29	42.43	81.22	61.4	77.16	30.53	77.08	94.64	39.4	87.66	44.05	82.0	48.33	64.2	92.96	70.6	2.24	40.71	68.26	112.61	11.0	73.01	43.19	89.44	87.05	55.33	93.81	86.27	64.85	43.05	81.15	57.28	80.06	45.31	50.09	106.22	114.21	28.6	52.77	73.76	20.81	34.93	82.38	41.77	83.17	106.21	40.5	108.21	83.02	10.44	77.88	77.1	72.09	54.92	87.42	87.21	95.78	80.4	62.39	33.42	78.1	75.0	115.28	93.41	73.35	19.21	19.24	62.97	77.01	83.01	41.59	49.09	106.89	84.38	39.29	80.22	48.66	56.36	31.02	55.44	97.91	95.13	47.93	83.6	23.71	51.89	61.07	66.76	66.01	48.66	14.32	86.05	96.54	52.61	14.76	27.0	
50.0	32.57	71.84	43.83	76.48	20.4	13.6	23.09	35.44	18.87	50.49	68.6	31.58	63.53	44.64	59.14	73.24	0.0	77.37	62.37	30.48	5.66	24.7	6.32	34.48	17.09	49.73	37.34	53.04	24.7	60.21	18.38	39.2	48.75	42.43	26.31	53.81	33.24	31.14	29.27	70.58	26.48	34.66	66.03	41.59	2.24	14.76	33.11	31.83	29.41	32.14	66.64	26.25	59.91	18.03	26.17	23.35	37.01	49.24	61.29	37.59	19.8	37.22	51.09	15.03	30.41	22.2	69.86	25.61	71.69	45.88	41.19	60.83	42.15	8.6	15.81	70.34	31.62	29.53	47.01	31.62	69.46	25.0	40.0	35.38	21.84	24.17	58.31	69.23	47.01	33.02	34.13	25.08	29.83	46.32	32.31	52.39	24.04	40.72	46.82	14.32	22.02	35.38	14.87	62.03	72.11	40.05	22.02	29.0	4.12	72.2	33.24	28.84	40.8	64.54	51.87	56.01	42.94	72.62	67.27	20.62	13.04	23.09	58.01	67.42	45.88	37.01	43.0	40.26	38.6	47.13	47.01	69.72	53.25	52.43	52.61	59.55	38.95	50.25	33.24	38.83	39.0	71.03	80.13	54.82	33.12	14.32	18.44	14.21	79.88	23.85	77.9	40.31	42.15	66.57	68.48	45.62	51.97	11.66	55.07	56.59	10.63	46.24	9.9	39.82	57.43	38.9	12.17	70.11	76.16	68.26	18.87	50.7	68.25	24.7	31.02	28.02	39.41	49.82	38.33	39.01	23.35	41.44	36.06	72.09	25.71	32.06	52.95	73.01	53.41	
53.31	88.53	55.0	115.75	1.0	91.4	87.37	91.68	90.79	88.6	33.84	77.28	63.13	13.93	96.61	20.62	11.4	77.37	0.0	48.66	75.93	79.31	63.66	73.06	79.03	65.8	83.02	82.0	79.71	79.2	78.75	95.02	73.11	61.33	39.32	73.55	29.02	73.41	72.47	73.25	60.07	58.73	110.68	37.12	76.24	79.18	79.12	55.23	108.23	106.55	66.07	64.63	102.08	70.6	90.76	72.86	86.88	100.42	93.81	41.77	110.42	96.38	73.03	82.29	91.39	83.38	87.21	51.01	70.72	7.07	33.3	100.0	25.96	53.15	73.78	71.22	53.01	87.78	103.0	30.46	59.21	27.0	97.12	80.71	111.22	84.29	80.06	31.02	48.01	92.65	70.03	108.0	92.96	99.36	113.14	45.28	90.93	62.29	86.02	31.4	79.2	97.94	45.89	92.14	37.66	75.54	47.01	71.2	94.11	74.3	13.6	46.57	68.01	115.21	21.19	69.08	38.28	87.92	80.89	48.09	97.62	90.35	72.01	37.64	75.31	54.12	78.82	43.6	59.14	107.63	115.28	30.53	45.0	69.64	26.48	31.91	77.79	50.01	80.06	109.6	41.11	109.99	76.79	4.12	73.74	85.21	78.16	59.62	91.3	80.06	98.74	73.01	60.21	35.51	72.18	68.59	117.03	90.82	79.06	22.47	28.28	67.62	86.37	86.83	50.0	43.68	108.37	89.05	31.02	73.06	41.01	61.98	29.73	48.04	102.0	96.21	54.34	92.05	30.27	50.61	70.11	73.98	75.24	57.01	6.71	87.0	97.62	48.1	6.32	36.67	
13.04	54.08	10.63	85.07	48.51	65.38	65.0	63.79	55.15	80.36	22.83	28.64	70.43	43.29	57.45	32.39	55.01	62.37	48.66	0.0	42.2	67.19	38.21	56.09	84.6	62.18	95.9	88.2	34.66	48.66	31.38	74.0	83.24	18.79	53.01	75.8	53.31	38.33	38.83	77.39	13.0	35.9	85.84	12.08	86.83	62.97	72.8	63.7	84.48	85.09	73.41	16.03	78.31	22.83	80.28	42.3	82.64	66.48	52.01	7.0	81.49	75.01	82.01	38.21	76.94	85.0	58.69	7.62	41.11	49.01	31.06	63.51	57.57	68.77	54.59	48.17	8.6	53.76	76.12	41.18	66.71	22.47	87.32	41.59	85.99	55.58	79.16	19.24	7.0	51.61	77.2	80.6	64.13	69.86	78.79	39.82	102.2	38.47	92.65	33.62	55.0	75.11	53.76	75.43	11.05	27.02	23.71	71.2	63.06	58.25	56.08	51.62	37.12	87.32	56.29	24.08	13.0	48.02	32.25	5.0	77.0	72.25	72.56	12.37	26.68	17.0	41.23	22.2	72.84	75.89	81.54	36.72	8.54	24.04	46.62	22.85	30.53	63.03	36.12	85.59	31.14	79.4	28.16	52.77	27.66	87.71	71.87	53.24	72.11	32.39	74.33	25.96	24.19	36.4	23.54	20.02	85.7	47.42	70.84	42.06	55.71	57.94	96.02	68.26	63.78	7.21	76.84	73.82	19.24	25.5	9.9	58.67	28.64	6.0	82.0	64.56	57.63	95.29	49.19	24.35	80.92	74.3	86.05	67.9	42.3	56.29	65.8	9.49	42.43	61.72	
29.41	12.81	49.09	43.08	75.29	24.19	26.0	22.0	14.87	48.84	42.43	39.36	55.79	64.07	21.54	55.32	76.32	30.48	75.93	42.2	0.0	36.12	14.32	25.24	63.53	41.44	78.29	66.73	22.67	7.28	30.23	34.48	66.48	24.08	53.94	54.56	62.3	4.0	3.61	57.27	46.04	18.97	44.05	50.57	69.46	29.7	45.0	53.34	43.01	44.41	57.57	40.45	37.12	31.62	47.01	5.1	53.81	25.24	22.0	44.38	39.29	35.17	64.62	20.62	41.34	60.46	17.03	48.51	7.0	72.42	43.27	24.08	69.29	62.13	22.2	15.65	48.26	12.21	34.13	50.57	53.94	57.98	53.25	9.85	44.1	14.14	54.08	47.8	49.03	20.02	59.81	38.47	22.09	27.66	38.01	36.4	81.99	16.28	70.49	45.79	17.2	34.53	49.16	38.47	46.96	43.46	29.0	49.66	20.88	27.2	76.16	46.17	8.06	45.12	71.18	23.77	42.19	15.0	43.05	47.07	37.36	34.89	50.99	43.91	38.48	26.0	6.71	32.53	62.8	34.01	40.5	47.89	50.7	25.0	57.78	44.55	29.68	57.01	19.8	44.0	35.85	37.34	42.05	79.65	25.5	63.25	44.41	35.51	34.01	50.99	33.14	50.29	18.38	43.38	38.28	41.23	43.86	22.8	42.01	57.31	65.46	33.62	75.66	31.38	58.01	40.31	34.93	38.28	56.82	48.38	50.92	40.26	46.23	48.05	42.2	22.47	46.17	69.81	57.25	25.46	65.46	51.88	69.08	57.56	69.43	14.14	23.77	34.54	70.09	66.29	
55.03	37.7	76.84	45.88	78.39	24.0	17.0	27.07	40.5	13.42	54.08	74.2	28.79	65.39	49.65	61.85	74.43	5.66	79.31	67.19	36.12	0.0	29.97	11.66	29.61	15.62	44.91	32.28	58.69	30.23	65.86	19.24	35.0	54.12	42.8	22.0	54.41	38.9	36.8	25.0	75.77	31.32	35.23	70.26	37.12	6.71	9.49	31.62	32.2	29.0	28.86	72.01	27.29	65.46	13.15	31.83	17.69	41.11	54.56	65.76	39.56	20.59	33.0	56.73	12.08	25.08	26.93	74.73	31.24	73.35	48.84	45.71	61.22	40.31	14.21	21.4	75.29	36.77	31.62	48.85	29.53	73.11	20.22	45.61	36.06	26.93	18.97	62.03	73.98	52.33	29.15	35.85	29.07	33.14	49.5	34.93	47.17	29.15	35.47	49.48	19.72	23.26	35.61	13.45	66.27	77.67	44.41	18.25	33.24	9.43	73.25	33.84	34.41	42.06	65.22	57.43	60.21	48.37	78.24	72.03	20.81	13.04	19.1	62.2	73.01	50.92	42.64	47.17	37.7	41.59	50.01	49.34	74.33	58.82	53.71	56.14	65.19	37.8	55.9	33.6	42.19	41.48	76.61	81.86	60.44	27.73	9.22	19.7	14.76	85.45	25.63	83.35	45.62	44.64	72.11	73.93	47.76	57.45	6.32	56.86	57.01	11.7	41.11	11.4	38.6	61.98	41.77	10.0	74.0	81.63	72.69	18.44	53.76	73.01	24.04	35.13	27.59	33.84	50.77	42.95	35.13	19.0	37.05	34.0	74.33	30.68	36.06	57.72	75.27	53.04	
25.5	25.55	47.3	52.43	62.94	29.15	27.29	28.65	28.18	43.38	31.38	45.25	43.46	51.09	35.74	43.28	63.01	24.7	63.66	38.21	14.32	29.97	0.0	18.38	53.41	30.23	67.42	56.85	32.2	15.62	38.01	36.22	55.07	24.19	39.62	44.2	48.1	14.04	12.0	46.62	45.88	5.0	49.65	43.57	58.31	25.0	37.2	40.02	47.8	47.68	45.62	42.06	41.48	36.12	42.72	9.85	46.87	36.88	36.12	38.12	47.51	37.34	53.34	31.62	38.83	51.62	23.85	45.54	7.62	59.55	30.41	37.22	55.15	48.51	16.49	10.0	45.89	24.7	40.72	36.72	41.11	49.04	49.65	23.02	49.98	20.81	45.28	38.08	45.18	34.23	48.37	45.62	29.68	36.06	49.52	22.14	72.01	2.0	60.96	32.65	17.46	37.85	35.01	37.22	39.62	48.27	18.38	39.2	30.48	20.62	62.68	32.02	7.07	52.77	57.25	28.28	33.96	29.15	49.52	43.19	39.2	34.06	40.61	35.9	43.86	21.38	20.0	21.93	49.73	44.05	51.62	34.41	46.01	29.7	43.83	33.62	37.2	43.19	30.08	49.04	22.67	46.62	47.42	67.18	32.02	54.45	36.4	22.85	34.0	56.08	37.64	53.54	15.65	29.68	42.64	44.1	53.6	36.12	34.67	43.83	51.26	23.35	65.6	30.07	44.18	34.06	44.82	35.69	48.76	51.87	45.1	28.18	34.06	44.18	44.18	32.56	32.76	61.62	43.08	15.52	53.67	41.87	57.8	44.38	57.38	23.35	33.97	29.02	58.14	51.97	
43.68	29.27	65.52	45.22	72.2	20.59	14.87	22.47	32.25	25.06	44.91	62.63	33.0	59.36	41.44	54.23	69.66	6.32	73.06	56.09	25.24	11.66	18.38	0.0	38.48	18.0	53.49	41.59	47.51	20.25	54.45	21.95	42.2	42.49	40.0	29.73	50.99	27.66	25.5	32.57	64.26	20.22	37.8	60.0	44.92	7.0	19.85	32.98	35.23	33.54	34.13	60.37	29.21	53.82	24.35	20.62	29.07	35.69	45.22	55.15	39.2	23.32	40.26	45.8	21.02	35.23	20.22	63.56	19.8	67.68	40.85	39.05	58.14	42.2	3.16	9.9	64.03	28.28	31.24	43.01	32.25	63.79	31.32	34.99	38.42	19.0	28.84	52.61	62.97	43.01	35.69	36.12	24.35	29.97	46.24	27.78	56.82	17.72	45.28	42.05	11.0	25.0	33.29	20.22	56.0	66.03	34.0	25.0	27.66	2.24	68.77	30.81	22.8	43.14	61.52	45.8	50.01	38.63	66.71	61.0	24.6	17.72	26.25	52.01	61.4	39.56	31.91	37.05	41.19	38.91	47.42	42.54	63.51	47.2	48.92	47.07	53.76	38.28	44.82	36.62	33.53	39.96	65.0	76.01	48.92	38.01	19.21	16.12	18.38	73.82	26.17	71.69	34.01	37.59	60.46	62.27	46.87	47.42	16.97	51.04	53.91	10.05	50.54	13.93	39.22	51.24	39.36	18.0	64.28	69.97	62.13	18.44	45.54	61.98	29.15	29.83	26.93	44.69	46.67	32.14	41.59	26.93	44.64	36.5	67.54	23.0	31.05	46.69	68.43	51.62	
74.65	67.05	95.13	72.69	78.03	53.34	46.39	56.57	69.92	23.77	65.39	98.49	16.12	66.07	79.12	67.47	70.58	34.48	79.03	84.6	63.53	29.61	53.41	38.48	0.0	23.35	15.3	3.61	85.15	58.69	91.4	46.1	8.49	76.37	40.11	9.22	50.09	65.51	63.29	7.21	95.6	52.35	59.67	83.67	8.54	36.14	20.22	24.19	56.52	51.92	13.04	93.51	53.46	89.2	27.89	58.67	17.09	70.58	83.57	81.01	66.48	47.17	7.21	83.86	34.37	7.21	56.52	92.11	57.45	72.06	57.58	75.31	54.74	26.68	41.63	47.89	93.19	66.1	59.14	51.97	20.22	82.86	29.53	73.36	60.64	56.32	11.0	73.16	90.55	81.34	9.0	62.51	58.55	62.07	78.01	45.18	18.6	51.86	8.06	56.61	48.7	50.16	34.71	38.21	80.06	101.14	61.03	14.21	62.8	36.77	68.73	35.44	59.64	67.47	59.68	81.57	74.24	77.08	102.83	88.84	46.39	40.01	12.81	76.03	97.0	70.94	70.24	62.43	20.88	70.01	78.1	54.82	89.94	82.98	53.08	66.85	90.6	29.02	82.68	57.72	54.12	69.18	100.5	80.22	85.43	7.21	20.4	31.89	42.01	108.9	53.08	105.48	67.9	51.87	95.48	96.21	74.67	85.91	23.35	58.31	51.35	30.23	12.21	40.11	29.07	78.03	70.03	35.06	85.09	104.0	87.21	26.25	62.3	89.69	47.3	64.63	27.86	13.04	49.04	61.22	10.82	11.66	8.94	22.02	76.11	60.17	65.49	75.45	77.1	43.93	
51.61	47.17	72.56	60.84	64.85	37.36	30.68	39.81	50.16	22.8	44.91	75.17	15.0	51.92	59.3	50.09	59.93	17.09	65.8	62.18	41.44	15.62	30.23	18.0	23.35	0.0	37.22	26.87	62.27	37.66	68.24	34.67	25.08	53.04	27.78	14.14	39.45	42.95	40.72	16.4	72.67	29.0	50.8	62.64	28.18	19.31	13.34	16.12	47.8	44.6	16.28	70.29	42.72	65.86	25.08	36.4	22.02	53.46	62.59	59.24	54.56	36.06	23.26	61.27	27.02	22.83	38.12	69.77	34.93	59.46	38.12	57.04	46.04	25.08	21.02	25.96	70.71	46.17	46.52	35.69	14.56	63.51	31.32	51.26	51.61	37.0	17.09	52.95	68.45	60.42	18.38	51.0	41.77	46.84	63.32	24.33	41.87	28.6	31.14	38.0	29.0	38.59	20.59	29.0	58.82	77.79	38.47	9.22	45.4	17.12	58.59	19.31	36.72	57.45	50.25	58.26	52.81	55.79	79.51	66.64	36.4	28.6	10.63	54.71	73.66	47.8	48.1	40.31	23.35	55.66	64.2	37.12	68.15	59.67	39.56	46.69	67.42	22.2	59.94	49.2	32.98	56.08	77.16	68.01	62.2	25.55	12.37	8.94	30.23	85.56	40.71	82.22	44.55	33.0	72.14	72.92	62.65	64.2	13.42	43.42	41.88	8.06	35.47	26.42	23.02	55.95	55.97	25.46	65.12	80.72	65.79	4.0	43.1	67.54	39.62	47.52	12.21	33.12	36.25	38.28	24.04	12.21	27.73	18.97	61.39	41.0	48.66	52.84	62.37	37.48	
86.98	82.28	106.53	87.28	82.04	68.59	61.66	71.85	85.16	38.12	75.17	112.0	25.5	71.31	94.37	74.85	73.25	49.73	83.02	95.9	78.29	44.91	67.42	53.49	15.3	37.22	0.0	13.0	99.48	73.74	105.39	61.0	12.73	89.5	46.62	23.77	54.34	80.06	77.83	21.02	107.56	65.8	73.82	93.49	9.22	51.42	35.51	32.45	70.71	65.92	22.63	106.1	68.12	102.62	42.19	73.35	31.14	85.84	98.68	91.61	81.15	62.01	14.21	98.41	49.04	21.02	71.81	103.23	72.01	75.95	66.89	90.61	57.31	30.36	56.65	62.65	104.48	81.32	74.01	59.51	29.21	91.24	42.45	88.14	74.81	71.57	26.17	82.49	101.4	96.46	19.21	77.16	73.82	77.23	93.02	56.08	8.0	65.73	11.7	65.37	63.89	65.01	43.05	53.01	90.14	114.34	72.86	28.64	78.09	51.87	71.18	44.65	73.93	81.74	62.29	95.21	84.63	92.11	116.4	99.81	61.07	55.04	27.31	86.27	110.42	83.49	85.0	73.76	24.7	85.02	93.01	63.06	100.44	96.61	58.82	76.32	104.56	34.93	97.13	71.85	64.82	84.02	113.85	83.49	99.3	19.24	35.69	45.0	57.04	122.02	68.0	118.14	81.22	61.06	108.71	109.04	89.27	100.85	38.64	64.51	54.74	44.72	6.4	55.33	34.54	89.02	85.01	50.01	93.94	116.78	97.35	39.41	71.2	100.6	61.52	79.91	38.29	18.87	54.71	73.55	15.0	26.57	9.9	28.65	81.25	75.43	80.75	87.11	82.23	46.39	
78.24	69.89	98.74	74.33	81.0	55.73	48.84	59.03	72.73	25.18	68.94	101.98	19.42	69.18	81.91	70.83	73.33	37.34	82.0	88.2	66.73	32.28	56.85	41.59	3.61	26.87	13.0	0.0	88.48	61.74	94.81	48.0	9.85	79.91	43.29	12.73	53.01	68.8	66.57	10.82	99.2	55.87	61.0	87.24	8.49	38.9	22.8	27.46	57.87	53.15	16.28	97.08	55.15	92.7	29.27	61.91	18.25	72.99	86.54	84.6	68.18	49.01	9.22	87.13	36.06	8.06	59.2	95.72	60.75	75.01	61.1	77.88	57.43	29.27	44.72	51.11	96.8	68.95	61.01	55.32	23.54	86.33	30.08	76.54	61.98	59.14	13.34	76.69	94.15	84.31	12.17	64.2	61.0	64.28	80.02	48.76	15.26	55.32	4.47	60.08	51.62	52.01	38.08	40.01	83.63	104.66	64.64	17.69	65.31	39.81	71.45	38.9	63.01	68.88	62.39	85.04	77.83	80.11	106.3	92.44	48.09	42.05	16.28	79.61	100.5	74.52	73.43	66.04	23.35	72.03	80.01	58.24	93.54	86.45	56.22	70.38	94.02	32.02	85.98	59.03	57.71	71.03	104.0	83.1	88.87	6.71	23.09	35.47	44.05	112.43	55.0	109.04	71.42	55.36	99.01	99.76	76.32	89.0	25.96	61.52	54.15	33.6	8.94	42.43	32.0	81.63	72.01	37.01	88.6	107.56	90.79	29.83	65.79	93.3	48.66	67.08	31.38	10.44	52.15	64.82	12.65	15.0	9.22	25.02	79.23	62.94	67.9	79.06	80.22	46.53	
26.4	27.89	36.72	57.01	79.31	44.78	48.02	41.79	27.29	71.51	46.84	18.25	75.64	70.6	25.5	60.08	83.24	53.04	79.71	34.66	22.67	58.69	32.2	47.51	85.15	62.27	99.48	88.48	0.0	29.41	8.25	55.9	87.24	18.38	68.36	76.01	74.06	19.85	22.02	78.55	31.78	34.79	62.37	46.23	90.43	52.35	67.36	71.78	62.1	64.51	77.82	24.7	56.92	13.93	69.66	26.91	76.38	38.01	18.38	40.0	55.23	56.36	85.48	4.12	63.82	82.62	37.58	38.01	27.8	78.11	51.48	33.14	80.31	79.81	44.6	37.64	36.89	28.16	52.39	61.13	73.16	56.04	75.8	14.32	62.17	35.36	76.22	48.75	39.82	18.68	80.53	55.73	41.11	44.91	48.51	50.49	103.73	34.01	92.42	54.45	39.82	55.15	65.31	60.75	43.83	23.09	36.12	71.02	38.08	49.58	83.68	62.37	25.55	61.2	80.89	10.82	41.59	17.0	21.19	38.29	58.6	57.14	72.4	42.54	18.03	25.96	16.64	38.47	81.6	48.01	51.48	57.31	42.52	10.63	68.26	48.38	8.06	74.22	3.16	62.82	46.01	52.04	21.21	83.77	7.21	85.43	66.71	55.04	56.08	29.83	53.14	31.0	22.0	54.04	19.1	23.54	57.08	13.04	64.44	65.92	77.1	54.92	97.35	53.82	75.19	36.89	49.01	60.8	53.41	29.0	44.55	60.37	52.39	39.05	63.16	38.64	64.51	92.2	69.03	33.02	85.87	73.5	89.94	76.22	73.01	33.62	39.46	31.76	73.41	80.1	
35.69	10.44	56.01	37.59	78.49	17.03	18.79	15.13	13.34	42.45	46.4	46.52	52.47	66.71	22.02	58.73	78.6	24.7	79.2	48.66	7.28	30.23	15.62	20.25	58.69	37.66	73.74	61.74	29.41	0.0	37.22	27.2	62.36	31.0	53.76	49.98	63.07	11.18	10.0	52.81	53.15	20.62	37.22	56.3	65.15	23.6	39.45	51.01	36.01	37.22	53.94	47.68	30.02	38.9	40.36	6.71	47.8	21.26	25.0	50.29	33.24	27.89	60.44	26.91	34.41	55.07	10.05	55.23	8.6	75.17	46.01	21.93	70.21	60.07	17.09	12.0	55.08	9.49	27.46	52.15	51.09	63.06	46.4	15.56	37.34	7.0	48.76	52.48	55.58	22.8	55.79	32.02	15.52	21.54	33.94	37.12	76.92	17.2	65.3	48.27	10.63	27.29	48.27	31.38	52.55	50.7	33.02	45.22	15.26	21.93	78.24	45.35	12.08	38.9	72.56	31.05	47.42	18.38	50.12	53.6	30.08	27.78	46.49	49.24	45.69	32.02	12.81	36.62	60.07	28.84	36.12	50.0	57.07	32.28	59.17	48.6	36.72	55.33	26.4	37.05	38.29	31.76	49.24	82.76	32.7	57.8	38.95	33.02	26.83	58.18	26.02	57.57	24.52	45.22	45.54	48.51	38.59	27.29	36.36	59.41	66.21	29.61	70.68	24.41	56.32	46.17	29.68	31.4	62.24	55.66	57.01	37.12	49.52	54.59	34.93	17.2	44.1	64.07	58.14	29.68	61.61	47.17	64.85	55.01	72.86	8.06	18.6	40.52	73.59	66.1	
26.17	36.14	31.24	65.01	78.45	52.92	55.95	49.98	35.51	78.87	47.27	10.05	81.01	70.86	33.14	60.02	83.36	60.21	78.75	31.38	30.23	65.86	38.01	54.45	91.4	68.24	105.39	94.81	8.25	37.22	0.0	63.98	92.96	19.03	71.59	82.2	76.16	27.02	29.07	84.63	25.81	39.82	70.61	43.42	96.25	59.67	74.25	76.56	70.34	72.73	83.35	18.6	65.15	8.6	77.2	34.06	83.49	46.1	25.5	37.58	63.39	64.47	91.27	12.04	71.56	89.27	45.69	33.24	34.66	77.88	53.01	41.01	82.01	84.15	51.66	44.55	31.83	36.4	60.64	63.13	78.26	53.67	83.49	22.47	70.41	43.38	82.88	47.8	35.47	26.17	86.28	63.95	49.34	53.15	56.22	54.12	110.0	39.66	98.86	56.01	47.43	63.32	69.26	68.6	41.63	15.0	38.33	77.2	46.32	56.59	84.01	66.41	31.89	69.35	82.1	11.18	40.52	25.08	13.0	34.21	66.71	65.0	78.6	41.11	10.05	27.02	24.6	40.05	86.41	56.08	59.21	59.03	38.42	10.05	70.03	48.51	1.0	78.43	11.4	71.06	48.51	60.13	13.04	82.86	6.32	92.1	73.55	60.54	64.01	21.59	61.35	23.09	25.3	56.32	11.7	16.55	65.01	19.65	71.42	67.07	79.1	61.22	103.6	61.59	79.38	35.11	57.08	68.51	50.61	21.1	41.05	66.04	53.15	34.83	71.31	46.87	69.35	99.04	71.25	35.69	91.42	79.81	95.72	81.02	72.12	41.79	47.68	30.81	72.42	82.87	
61.01	29.21	82.3	26.93	94.15	11.4	9.0	14.87	31.14	23.19	66.1	73.54	47.93	81.3	39.05	76.06	91.4	18.38	95.02	74.0	34.48	19.24	36.22	21.95	46.1	34.67	61.0	48.0	55.9	27.2	63.98	0.0	52.77	57.56	60.81	40.02	72.18	38.33	36.88	42.95	79.91	39.81	16.28	79.76	54.33	16.28	26.68	50.77	13.45	11.7	47.76	74.73	8.06	66.1	19.42	32.39	30.15	26.83	45.97	74.33	20.62	1.41	50.8	52.84	12.17	40.01	18.36	81.06	33.14	89.59	62.65	32.76	79.21	59.54	21.54	26.31	81.15	28.6	13.04	64.9	48.76	84.65	22.83	41.59	17.03	20.62	35.13	73.5	81.0	43.86	47.54	16.76	16.28	17.09	32.06	49.74	61.52	36.5	50.16	63.95	19.0	4.12	53.76	8.06	75.8	77.83	54.13	37.0	20.62	20.81	90.43	51.62	37.12	22.83	82.88	58.24	70.04	41.4	76.97	79.0	3.0	6.32	37.64	72.01	72.8	57.0	39.4	57.49	56.86	24.08	32.02	64.5	82.05	59.48	70.6	68.31	63.56	56.86	52.77	14.87	55.15	23.09	76.32	97.94	59.81	42.11	26.93	36.8	4.47	85.23	7.0	84.77	50.09	59.54	72.73	75.69	28.86	50.45	24.04	72.95	74.97	29.0	56.14	8.49	57.69	70.26	24.02	11.05	84.72	82.86	81.3	37.01	67.23	80.0	8.0	21.63	46.23	46.1	68.12	51.62	53.37	37.11	54.45	53.24	89.47	22.47	21.95	65.07	90.35	71.7	
74.25	71.39	93.86	79.62	72.11	59.0	52.0	62.03	74.33	31.38	62.77	99.4	12.81	60.67	83.55	63.25	64.07	39.2	73.11	83.24	66.48	35.0	55.07	42.2	8.49	25.08	12.73	9.85	87.24	62.36	92.96	52.77	0.0	76.84	35.17	13.0	44.1	68.03	65.8	10.0	94.85	53.25	67.05	81.12	3.61	41.11	26.17	20.12	63.89	59.46	9.9	93.38	60.42	90.0	35.47	61.47	25.06	76.06	87.36	79.06	73.35	53.94	2.0	86.33	41.48	15.62	61.4	90.6	60.01	66.07	54.59	80.4	48.09	20.0	45.35	50.92	91.83	70.41	65.76	47.76	16.64	79.31	37.74	76.32	68.01	60.83	18.03	70.24	88.81	85.16	6.71	69.43	64.03	68.07	84.29	43.42	19.24	53.34	13.15	53.23	52.95	56.89	30.87	45.12	77.7	101.67	60.14	17.26	68.12	40.79	62.13	32.25	61.72	74.73	53.08	82.66	72.11	80.65	103.81	87.2	53.37	46.53	16.12	73.78	97.8	70.77	73.16	61.07	14.0	76.32	84.59	51.08	87.92	84.05	47.85	64.01	92.11	23.54	84.97	65.15	52.2	75.8	101.21	74.0	86.82	15.62	26.08	32.45	48.51	109.34	59.68	105.42	68.6	48.76	96.05	96.33	81.58	89.2	29.07	53.37	45.0	32.89	13.6	46.1	23.35	76.4	76.42	41.77	81.86	104.06	84.91	26.93	59.03	88.01	54.71	70.06	25.61	20.25	43.74	60.83	3.0	16.0	2.83	16.76	70.71	64.78	71.03	74.41	71.7	37.12	
8.06	35.44	25.02	66.48	60.93	48.01	48.66	46.04	36.4	67.54	28.64	22.83	64.4	52.39	38.83	41.76	65.0	48.75	61.33	18.79	24.08	54.12	24.19	42.49	76.37	53.04	89.5	79.91	18.38	31.0	19.03	57.56	76.84	0.0	52.89	67.18	57.14	20.1	21.0	69.31	22.36	24.08	68.12	29.07	80.28	48.85	61.29	59.17	67.01	68.12	67.01	17.89	61.01	13.42	66.71	25.18	71.02	47.76	33.94	22.67	63.15	58.42	75.29	21.1	62.3	75.29	41.01	24.52	24.52	59.77	34.0	44.72	63.0	66.21	40.31	33.24	24.19	35.17	58.22	44.1	61.29	38.29	73.54	22.83	68.18	38.0	69.03	30.41	25.3	33.3	70.29	62.51	46.17	51.62	60.01	35.85	94.79	25.24	84.17	37.0	38.83	58.14	51.08	60.17	26.17	24.84	19.42	62.24	44.72	44.72	65.51	48.33	20.62	69.05	63.2	8.06	23.32	29.41	27.29	23.41	60.53	56.75	63.66	24.41	21.1	8.0	22.47	21.02	68.96	57.28	62.77	40.01	27.31	9.0	51.01	30.08	18.03	60.42	18.87	68.03	29.61	60.88	24.41	65.39	13.04	78.1	60.46	44.6	56.29	32.56	57.01	29.41	8.6	37.34	19.21	20.0	67.05	30.0	58.83	48.17	60.07	47.01	88.41	52.89	61.33	19.1	58.24	59.14	36.07	27.8	28.3	50.25	34.37	24.35	65.49	46.1	52.15	85.43	52.24	17.09	75.0	65.12	79.65	63.63	54.63	38.21	47.3	13.6	55.04	63.95	
47.54	64.2	63.41	85.21	38.33	60.46	54.82	61.91	67.05	50.16	30.48	75.27	24.02	26.0	75.19	28.23	32.31	42.43	39.32	53.01	53.94	42.8	39.62	40.0	40.11	27.78	46.62	43.29	68.36	53.76	71.59	60.81	35.17	52.89	0.0	34.23	11.66	53.34	51.48	34.01	65.73	35.23	77.08	48.17	38.6	44.55	40.72	16.0	74.25	71.59	27.07	66.19	68.62	66.1	52.77	49.24	47.8	73.82	75.66	47.51	79.2	62.23	34.71	69.07	54.64	44.1	58.59	59.67	47.07	32.56	22.02	75.61	18.44	16.64	41.88	42.54	61.22	63.25	71.22	13.04	20.0	44.78	58.69	62.29	77.79	56.36	40.79	36.88	57.38	73.82	31.14	76.06	63.63	69.64	85.48	18.0	54.08	37.66	47.52	19.8	49.24	64.38	7.21	56.22	45.25	76.16	33.53	32.02	66.19	40.46	30.87	9.22	46.39	82.98	22.47	60.42	40.46	68.73	79.71	56.08	62.97	55.23	32.76	41.77	73.39	45.22	59.41	32.7	21.93	78.55	86.95	17.03	55.87	61.61	13.0	31.11	70.61	11.7	67.12	75.66	23.41	79.88	76.32	41.0	65.31	46.01	39.81	24.08	56.59	83.19	65.95	77.9	46.53	16.64	70.94	69.78	86.84	75.11	41.18	18.25	14.21	31.83	48.76	52.33	12.08	45.8	79.08	52.8	47.71	76.94	52.35	24.41	25.5	56.73	66.71	68.43	15.65	53.04	9.06	35.9	32.28	34.71	37.64	18.44	36.01	60.01	69.77	45.65	37.01	12.37	
65.6	58.69	86.28	66.94	72.56	46.0	39.0	49.04	61.61	20.0	57.25	89.27	11.18	60.13	70.83	60.41	65.97	26.31	73.55	75.8	54.56	22.0	44.2	29.73	9.22	14.14	23.77	12.73	76.01	49.98	82.2	40.02	13.0	67.18	34.23	0.0	45.12	56.44	54.2	3.0	86.61	43.14	54.78	75.39	15.3	28.16	13.34	18.44	51.62	47.42	9.22	84.39	47.8	79.98	23.85	49.65	15.0	63.07	74.95	72.45	60.64	41.23	11.0	74.79	29.15	10.05	48.51	83.35	48.37	66.75	49.73	67.48	50.6	23.85	32.89	38.91	84.38	57.72	52.95	45.1	14.56	75.19	27.59	64.4	55.71	48.05	7.21	65.15	81.88	72.73	7.62	56.75	51.04	55.08	71.34	36.77	27.8	42.64	17.03	49.03	40.26	44.15	28.0	32.57	71.69	91.93	52.15	5.0	55.15	28.16	64.29	28.16	50.48	62.3	55.36	72.35	65.8	68.35	93.61	80.13	40.8	33.73	3.61	67.62	87.78	61.85	61.27	53.71	19.1	63.39	71.7	47.52	81.39	73.76	47.17	58.82	81.4	24.35	73.57	52.92	45.69	62.97	91.29	75.13	76.22	12.37	13.15	22.8	35.69	99.7	46.87	96.33	58.69	44.15	86.28	87.05	68.88	77.08	16.12	52.01	46.84	21.1	21.4	33.14	24.7	69.35	63.51	29.12	77.2	94.85	78.79	17.2	54.57	81.01	42.54	57.08	20.22	19.92	43.29	52.2	13.34	3.0	15.13	17.89	70.06	51.97	58.03	66.57	71.06	40.31	
