120
0.0	34.54	41.19	49.4	38.29	30.02	49.65	53.34	56.61	37.44	23.32	55.79	30.81	17.89	16.16	59.36	20.62	32.76	50.22	50.96	64.5	36.88	16.28	21.02	20.0	35.61	54.33	51.48	41.0	31.0	24.84	23.26	23.02	35.51	25.08	47.41	54.08	16.12	17.0	38.08	21.63	34.66	50.45	43.42	36.22	52.0	28.28	42.52	56.44	47.01	50.49	20.59	11.18	43.05	40.8	21.02	30.0	49.37	19.21	19.85	24.41	22.56	55.36	14.76	37.2	12.81	25.08	29.0	41.98	40.31	18.44	31.24	46.52	36.88	45.88	45.22	12.04	15.26	52.92	27.02	43.01	43.38	23.26	23.85	39.6	39.0	12.04	15.52	36.72	36.77	43.42	22.0	37.16	34.93	23.02	18.03	32.56	23.41	19.1	25.0	40.26	37.34	19.24	44.92	45.35	19.1	41.11	51.89	42.06	38.9	49.25	35.34	7.28	33.02	47.54	13.6	35.34	23.6	42.95	32.76	
34.54	0.0	19.24	14.87	42.58	12.17	37.95	42.38	48.08	34.01	12.04	34.83	20.1	24.19	18.38	48.47	40.0	51.48	17.12	31.91	51.0	37.22	29.15	17.8	17.69	42.2	29.07	27.59	8.94	13.04	31.78	23.41	16.64	32.06	24.7	13.45	36.36	18.68	17.72	6.4	14.04	13.04	30.23	10.2	17.46	23.85	13.89	45.18	24.74	19.21	18.97	26.93	27.17	10.3	7.07	32.02	17.8	25.5	20.1	31.06	29.55	28.46	37.74	36.07	9.22	24.19	24.17	36.06	9.85	42.19	33.6	16.28	34.48	11.7	31.02	11.05	31.02	35.38	37.12	51.86	9.0	32.76	25.5	20.25	41.19	14.76	32.56	39.6	31.0	50.33	13.04	33.24	49.98	27.0	32.57	33.38	38.33	25.63	33.02	27.31	24.04	18.68	43.19	28.23	12.17	43.86	18.36	17.49	8.0	25.5	24.76	28.0	36.06	55.47	14.04	28.0	2.0	13.04	10.77	20.0	
41.19	19.24	0.0	22.56	29.68	12.08	19.24	23.54	29.43	19.72	26.4	16.4	11.4	38.59	27.86	29.41	36.25	44.05	17.0	12.81	31.76	23.85	42.94	20.22	21.38	30.61	13.15	10.44	13.04	10.77	25.06	39.82	18.25	18.6	18.97	26.02	17.2	29.55	28.64	13.6	28.02	32.25	11.31	15.03	5.0	11.7	31.89	30.87	18.6	7.81	14.21	23.77	38.63	26.31	16.12	47.17	36.24	8.25	34.67	27.51	23.26	44.41	18.6	35.17	28.23	35.85	41.11	27.02	13.0	28.18	30.68	35.0	16.03	30.87	12.17	18.11	43.08	34.21	17.89	47.89	17.0	15.13	20.88	36.88	27.29	4.47	33.38	38.6	16.64	40.36	10.2	48.55	39.7	13.45	48.26	47.41	27.59	42.01	29.73	44.05	6.32	4.12	40.85	9.22	15.3	41.79	1.0	26.68	17.03	8.94	8.06	14.21	39.12	49.41	16.76	40.72	21.02	28.43	13.04	9.49	
49.4	14.87	22.56	0.0	51.48	23.35	41.05	45.0	51.0	41.79	26.68	32.98	29.68	38.05	33.24	50.16	53.04	63.41	7.62	32.14	50.99	45.69	43.05	31.4	31.62	51.88	25.3	25.5	10.82	23.43	43.42	36.12	29.83	40.31	36.24	5.66	36.35	33.53	32.57	12.73	28.64	21.84	30.15	8.06	24.17	18.97	26.08	53.14	14.87	17.03	11.7	39.6	41.77	9.85	9.22	45.1	28.64	24.19	34.13	43.84	41.23	41.19	37.48	49.82	16.49	38.83	36.35	46.87	10.3	50.33	46.69	26.68	38.21	18.97	34.13	5.0	45.4	49.04	38.12	65.07	7.07	37.66	37.54	33.06	49.4	19.31	46.62	53.41	38.63	61.06	12.37	46.17	60.54	34.93	45.28	47.0	48.37	38.21	45.97	39.46	28.86	24.7	56.73	31.14	7.28	57.49	21.59	4.12	7.81	31.32	23.19	35.85	50.61	68.01	6.0	42.3	14.32	27.29	9.85	28.65	
38.29	42.58	29.68	51.48	0.0	30.41	19.92	21.1	21.38	10.0	41.3	32.65	22.56	48.1	36.4	25.18	19.72	18.25	46.65	28.3	31.14	5.83	50.09	28.28	29.43	3.16	37.01	34.06	40.85	29.61	14.32	52.2	28.07	11.18	19.1	53.76	28.23	38.6	38.33	39.85	41.59	53.0	29.41	43.46	27.31	39.62	49.25	4.24	47.51	37.2	43.83	20.25	43.83	52.39	43.32	55.46	53.46	33.24	45.88	18.87	15.81	54.78	28.79	24.08	51.24	42.54	54.12	9.43	41.23	3.0	19.85	53.24	19.24	53.08	22.2	46.62	47.51	23.35	25.63	26.08	44.94	17.2	19.42	50.45	3.16	32.2	26.25	25.24	13.04	12.08	39.36	56.8	11.18	16.55	57.27	53.71	5.83	53.76	19.21	55.97	23.6	26.83	24.17	24.08	44.28	25.08	30.53	55.54	44.6	20.81	33.94	15.65	31.83	24.33	46.07	46.96	44.55	43.42	41.63	23.09	
30.02	12.17	12.08	23.35	30.41	0.0	27.78	32.25	37.58	22.02	14.87	28.3	8.0	26.63	15.81	38.59	29.73	40.22	21.47	24.21	42.01	25.08	30.89	9.22	10.05	30.08	25.0	22.47	12.81	1.41	20.25	28.28	7.28	20.0	13.04	24.19	28.32	17.46	16.55	10.63	16.28	23.54	23.02	15.62	7.81	22.02	21.47	33.06	26.68	17.0	20.88	16.28	26.57	22.14	14.21	35.23	25.94	20.25	22.8	20.52	18.03	32.65	29.73	26.93	21.0	23.77	29.73	24.17	13.6	30.07	23.43	25.08	24.19	23.09	21.4	18.38	31.02	26.08	28.32	41.77	16.28	21.93	14.21	25.5	29.07	9.06	24.17	30.53	19.1	38.48	13.93	36.62	38.08	15.13	36.4	35.36	26.25	30.41	22.67	32.53	14.21	9.22	33.6	19.1	17.2	34.41	11.7	27.02	15.62	14.76	19.92	16.12	29.12	44.69	19.42	28.64	14.14	17.03	14.42	8.25	
49.65	37.95	19.24	41.05	19.92	27.78	0.0	4.47	10.2	13.15	42.44	13.45	21.26	53.08	41.01	10.82	36.22	38.08	34.37	10.3	15.0	16.03	56.59	31.83	33.24	22.56	19.72	17.46	32.25	26.42	25.96	55.61	30.41	14.56	24.7	45.04	8.6	43.14	42.45	32.76	43.6	50.7	12.08	34.06	20.62	24.35	49.24	18.36	32.31	24.19	30.59	29.07	51.09	45.54	35.36	61.52	53.71	17.72	49.68	30.68	25.63	59.55	8.94	38.33	47.13	48.84	57.2	24.08	32.14	17.09	33.24	52.77	3.61	49.65	7.07	37.01	55.44	37.36	5.83	45.18	36.12	6.4	26.42	53.01	16.76	23.54	38.63	40.79	13.0	31.95	29.02	62.94	31.02	15.0	62.97	60.88	22.02	57.63	32.28	59.82	13.93	19.31	41.19	10.05	34.0	42.19	20.22	45.1	36.22	13.04	18.68	14.42	44.94	44.15	35.06	53.81	39.85	44.65	32.06	20.0	
53.34	42.38	23.54	45.0	21.1	32.25	4.47	0.0	6.0	16.16	46.87	15.26	25.61	57.38	45.28	6.4	38.83	39.32	38.12	13.34	11.18	18.25	60.81	36.07	37.48	24.02	22.47	20.62	36.5	30.89	29.15	60.0	34.71	17.89	28.6	49.16	10.3	47.42	46.75	37.11	48.01	55.15	15.3	38.21	25.08	27.66	53.71	18.68	35.44	28.02	34.23	32.76	55.23	49.82	39.62	65.8	58.18	21.21	54.04	34.01	29.07	63.89	10.0	41.44	51.55	53.04	61.61	26.68	36.35	18.11	36.4	57.25	8.06	54.08	11.4	41.11	59.55	40.5	7.62	47.0	40.31	10.63	30.23	57.43	18.03	27.89	42.05	43.68	16.64	32.76	33.14	67.21	31.78	19.1	67.27	65.07	24.19	62.01	35.47	64.2	18.38	23.77	43.74	14.32	38.05	44.72	24.52	49.01	40.45	17.49	22.2	18.44	48.33	45.4	39.0	58.0	44.27	49.09	36.22	24.41	
56.61	48.08	29.43	51.0	21.38	37.58	10.2	6.0	0.0	19.21	51.97	20.62	30.53	62.01	49.82	4.12	40.5	39.01	44.1	19.24	10.05	20.12	65.19	40.61	42.01	24.52	28.16	26.48	42.43	36.25	31.91	64.9	39.41	21.26	32.53	55.15	15.81	52.01	51.4	42.95	53.0	60.75	21.21	44.18	30.68	33.54	59.03	18.03	41.23	34.01	40.2	36.24	59.41	55.73	45.54	70.29	63.51	27.17	58.82	36.89	32.2	68.6	15.23	43.83	57.28	57.38	66.57	28.64	42.3	18.44	38.95	62.65	13.6	59.77	17.26	47.1	63.64	42.94	13.34	47.38	46.27	15.65	33.97	62.43	18.68	33.73	44.94	45.69	20.52	32.02	39.12	71.7	31.02	23.6	71.84	69.35	25.63	66.85	38.08	69.07	24.04	29.41	45.22	20.22	44.05	46.17	30.41	55.01	46.39	22.85	28.16	22.8	51.11	45.0	45.0	62.29	50.0	54.2	42.19	29.53	
37.44	34.01	19.72	41.79	10.0	22.02	13.15	16.16	19.21	0.0	34.79	24.04	14.04	43.57	31.38	21.95	23.09	26.4	36.72	19.31	27.31	4.24	46.4	22.36	23.71	11.4	27.46	24.41	31.32	21.0	13.0	46.96	21.54	2.24	13.6	44.38	20.22	33.62	33.12	30.59	35.47	45.4	20.12	33.84	17.72	29.7	42.45	11.4	37.54	27.2	33.84	17.03	40.46	43.42	33.96	51.61	46.84	23.43	40.71	17.89	13.04	50.25	21.1	25.3	43.01	38.6	48.75	11.0	31.62	8.54	20.25	46.32	11.05	45.1	13.0	37.0	44.6	24.35	18.03	32.56	35.44	8.25	14.87	44.78	7.62	22.47	25.94	27.66	3.16	21.4	29.55	53.01	20.62	7.07	53.25	50.45	9.49	48.76	19.31	51.0	13.6	17.09	28.07	14.42	34.54	29.07	20.59	45.88	35.17	10.82	24.08	6.08	32.2	32.31	36.25	43.42	36.01	37.0	31.95	14.04	
23.32	12.04	26.4	26.68	41.3	14.87	42.44	46.87	51.97	34.79	0.0	42.8	21.47	12.65	7.81	53.25	33.24	45.88	29.02	38.95	56.85	36.88	17.46	13.04	12.0	40.05	38.47	36.36	20.22	16.28	28.02	13.45	13.34	32.57	22.2	24.17	43.14	7.21	6.4	17.26	2.0	13.0	37.64	22.02	22.63	34.18	8.0	44.72	36.35	29.15	30.41	22.09	15.13	19.72	19.0	21.02	12.17	34.13	8.54	25.5	26.0	18.03	44.55	28.18	14.14	12.17	14.87	33.0	21.21	41.77	27.2	12.0	38.83	14.42	36.24	23.09	19.0	27.73	43.19	44.29	21.02	36.36	22.02	10.63	40.79	22.47	24.19	31.38	32.31	46.39	23.77	22.36	46.27	28.64	21.95	21.84	36.06	15.62	26.93	17.69	29.07	24.04	35.36	33.97	24.02	35.85	25.81	28.79	20.02	29.41	33.62	29.55	26.17	48.85	26.0	16.03	12.37	2.24	22.2	22.47	
55.79	34.83	16.4	32.98	32.65	28.3	13.45	15.26	20.62	24.04	42.8	0.0	25.0	54.92	43.83	18.44	46.27	50.33	25.5	5.0	18.11	27.86	59.17	35.47	36.77	34.93	8.0	7.62	26.93	26.93	35.06	56.22	33.62	24.52	31.26	37.95	5.0	45.65	44.78	28.6	44.41	47.8	5.39	27.73	20.59	14.14	48.08	31.62	21.1	16.55	21.38	36.22	54.56	39.81	30.02	63.51	52.35	9.43	51.04	39.01	34.0	60.8	5.39	47.01	43.27	51.88	57.49	34.71	26.42	30.02	42.0	50.99	13.42	46.04	11.18	30.08	59.03	46.01	7.81	56.52	29.97	15.81	33.24	53.26	29.53	20.52	46.27	50.01	22.36	44.72	22.83	64.9	43.83	22.0	64.64	63.63	33.53	58.41	41.0	60.44	15.52	19.24	51.24	11.05	26.93	52.24	17.03	36.67	30.41	17.12	10.3	22.02	52.47	56.3	27.2	56.82	36.4	44.82	25.94	23.09	
30.81	20.1	11.4	29.68	22.56	8.0	21.26	25.61	30.53	14.04	21.47	25.0	0.0	31.83	19.85	32.02	25.06	33.97	26.17	20.25	36.07	17.12	35.47	10.82	12.21	22.47	24.02	21.0	18.87	7.07	14.21	34.41	9.22	12.0	7.62	31.38	23.71	21.93	21.21	17.46	22.47	31.4	19.65	21.63	6.71	23.09	28.79	25.08	29.53	18.79	24.41	12.37	30.23	29.83	21.02	40.31	33.24	19.03	28.43	16.16	12.21	38.29	25.06	23.77	29.0	27.8	36.06	17.2	19.42	22.09	19.31	32.57	17.69	31.06	15.81	24.7	34.67	22.8	23.02	36.89	22.83	15.0	9.49	31.91	21.1	11.4	22.09	27.2	11.18	31.38	18.38	41.73	30.89	7.28	41.73	39.82	18.79	36.4	18.38	38.6	9.49	7.28	29.55	14.32	22.8	30.46	11.7	33.62	22.36	8.6	19.1	8.25	28.0	38.95	24.84	32.8	22.09	23.71	20.0	2.0	
17.89	24.19	38.59	38.05	48.1	26.63	53.08	57.38	62.01	43.57	12.65	54.92	31.83	0.0	12.21	63.78	35.0	48.01	41.3	50.8	67.88	44.72	5.0	21.4	20.0	46.17	50.99	48.76	32.76	28.02	33.84	5.39	22.67	41.34	30.02	34.53	54.82	10.0	10.63	29.83	10.77	18.79	49.65	34.37	34.41	46.82	12.65	52.0	48.84	41.79	42.95	27.86	6.71	29.61	31.26	8.6	12.81	46.53	4.12	29.83	32.31	6.71	56.22	29.02	22.8	6.0	7.28	38.9	33.73	49.24	30.27	14.42	49.52	21.54	47.42	35.06	8.06	29.0	54.56	43.93	33.14	46.75	29.07	6.4	48.33	34.89	25.0	31.26	41.62	50.36	36.4	10.0	50.49	38.42	9.9	9.22	42.38	6.0	30.41	8.06	40.46	35.81	35.36	45.45	36.35	35.51	38.08	39.46	32.14	40.31	46.07	39.2	23.77	49.5	38.21	5.0	24.02	11.18	34.71	33.24	
16.16	18.38	27.86	33.24	36.4	15.81	41.01	45.28	49.82	31.38	7.81	43.83	19.85	12.21	0.0	51.66	25.96	38.83	34.37	39.45	55.9	32.7	15.62	9.22	7.81	34.71	40.8	38.28	25.18	17.09	22.36	15.81	10.63	29.15	17.89	31.38	43.27	2.24	2.0	22.2	6.71	20.59	38.47	27.46	23.26	37.48	14.87	40.16	41.01	32.39	35.01	16.28	10.77	27.2	24.74	20.52	18.25	36.06	9.49	19.0	20.62	18.87	44.65	20.62	21.93	8.06	17.72	27.46	26.17	37.34	20.22	18.68	37.48	22.2	35.61	29.12	15.23	20.25	42.8	36.67	26.93	34.66	17.09	14.14	36.4	24.74	16.55	23.71	29.41	40.01	28.0	21.93	40.0	26.25	22.02	20.0	30.81	17.46	20.1	19.7	28.84	24.6	27.73	33.84	29.43	28.18	27.51	35.78	25.96	28.43	35.74	27.02	18.38	41.44	31.58	13.04	19.24	8.94	27.17	21.4	
59.36	48.47	29.41	50.16	25.18	38.59	10.82	6.4	4.12	21.95	53.25	18.44	32.02	63.78	51.66	0.0	43.97	43.0	43.01	18.03	6.0	23.41	67.18	42.45	43.86	28.28	26.31	25.02	42.2	37.22	34.89	66.4	41.11	23.85	34.83	54.59	14.04	53.81	53.15	43.01	54.41	61.33	20.02	43.74	31.3	32.06	60.03	22.0	39.46	33.14	39.0	38.83	61.55	55.54	45.35	72.18	64.5	26.02	60.44	39.82	34.99	70.29	13.15	47.01	57.58	59.4	68.01	31.95	41.98	22.2	42.05	63.53	14.42	60.17	17.46	46.53	65.86	46.1	12.04	51.24	45.89	17.03	36.4	63.82	22.36	33.84	47.89	49.04	22.8	36.06	38.64	73.59	35.06	25.46	73.66	71.42	29.12	68.41	41.15	70.6	24.6	29.97	48.76	20.25	43.42	49.73	30.36	54.08	46.1	23.85	27.02	24.76	54.12	49.01	44.18	64.35	50.33	55.47	41.77	30.81	
20.62	40.0	36.25	53.04	19.72	29.73	36.22	38.83	40.5	23.09	33.24	46.27	25.06	35.0	25.96	43.97	0.0	13.04	50.8	41.3	49.73	20.62	35.36	22.2	22.47	16.64	47.8	44.64	42.52	29.83	11.4	40.05	23.43	22.0	17.49	53.26	43.01	27.66	27.89	40.31	32.57	46.24	41.59	45.34	31.76	47.93	40.8	23.85	54.59	43.83	49.4	13.45	29.15	50.22	43.84	40.61	44.15	43.01	34.23	9.22	13.0	41.11	44.0	6.08	46.53	29.0	42.05	12.17	43.28	22.36	6.4	44.64	34.01	47.42	35.13	48.1	31.78	6.0	41.01	12.04	45.97	31.0	15.81	39.32	21.93	36.36	10.0	5.66	24.02	16.16	43.01	41.77	16.55	24.52	42.58	38.08	14.87	41.0	7.07	43.01	32.28	32.2	5.0	35.51	46.86	6.0	36.67	56.59	45.25	29.83	43.32	24.33	13.42	15.65	49.04	32.25	41.62	34.79	44.05	26.83	
32.76	51.48	44.05	63.41	18.25	40.22	38.08	39.32	39.01	26.4	45.88	50.33	33.97	48.01	38.83	43.0	13.04	0.0	60.11	45.69	49.0	22.47	48.17	34.01	34.54	15.52	53.71	50.61	52.63	40.0	20.0	53.08	34.89	26.42	27.2	64.35	46.17	40.61	40.79	50.8	45.35	58.82	46.52	55.44	40.31	55.22	53.6	21.0	62.63	51.86	58.05	24.6	42.05	61.77	54.41	53.34	57.07	49.4	47.27	20.62	22.2	54.04	46.84	19.0	58.69	42.01	55.08	17.03	53.26	21.21	18.68	57.49	37.0	59.81	39.4	58.41	44.41	19.03	43.68	9.43	56.4	34.54	26.08	52.35	21.38	45.25	23.02	17.26	28.65	7.28	52.35	54.45	8.25	30.81	55.33	50.64	17.0	54.01	18.97	56.0	38.83	40.36	13.6	40.71	56.73	13.93	44.69	67.2	55.8	36.06	49.93	30.23	25.5	6.08	58.8	45.1	53.24	47.54	53.91	35.36	
50.22	17.12	17.0	7.62	46.65	21.47	34.37	38.12	44.1	36.72	29.02	25.5	26.17	41.3	34.37	43.01	50.8	60.11	0.0	25.0	43.57	40.82	46.27	30.46	31.02	47.43	17.72	18.11	9.22	21.1	40.36	40.26	28.64	35.51	33.42	13.04	29.07	35.13	34.13	12.17	31.02	27.29	23.0	7.0	19.85	11.4	30.36	47.85	8.06	10.2	4.12	37.44	44.01	16.28	10.05	49.03	33.62	17.0	37.22	41.62	38.29	45.35	30.15	48.37	21.95	41.01	40.8	43.19	8.25	45.18	44.65	31.78	31.78	24.7	27.66	6.71	48.01	47.51	31.0	62.8	8.25	31.62	35.0	37.11	44.29	14.87	45.62	51.97	33.62	57.01	7.81	50.22	56.4	30.23	49.48	50.49	44.2	42.45	43.83	43.97	23.26	20.0	54.92	24.74	5.0	55.76	16.12	11.18	9.22	25.94	16.0	31.06	50.33	65.12	3.16	45.04	17.46	30.15	7.28	24.76	
50.96	31.91	12.81	32.14	28.3	24.21	10.3	13.34	19.24	19.31	38.95	5.0	20.25	50.8	39.45	18.03	41.3	45.69	25.0	0.0	19.31	23.26	54.92	30.87	32.2	30.41	9.43	7.28	24.7	22.8	30.07	52.4	29.07	19.65	26.31	36.67	4.47	41.34	40.5	25.94	40.46	44.94	2.0	25.96	16.4	14.32	44.69	27.66	22.14	15.13	21.02	31.26	50.12	37.95	27.86	59.41	49.04	8.0	47.01	34.01	29.0	56.85	5.83	42.01	40.71	47.51	53.76	29.83	24.35	25.81	37.0	47.8	9.22	43.42	6.32	28.64	54.59	41.01	6.0	51.66	28.16	11.18	28.28	49.52	25.24	17.2	41.3	45.01	17.46	40.31	20.88	60.8	39.45	17.0	60.61	59.36	28.79	54.56	36.0	56.64	10.77	15.0	46.27	6.08	25.5	47.27	13.6	36.06	28.46	12.17	9.0	17.03	47.52	51.62	26.17	52.48	33.62	41.04	24.04	18.38	
64.5	51.0	31.76	50.99	31.14	42.01	15.0	11.18	10.05	27.31	56.85	18.11	36.07	67.88	55.9	6.0	49.73	49.0	43.57	19.31	0.0	29.12	71.51	46.75	48.17	34.23	26.08	25.5	44.01	40.61	40.31	70.18	45.28	29.07	39.66	55.79	14.87	58.0	57.28	45.19	58.14	64.01	21.19	45.22	34.41	32.25	63.25	28.0	39.0	34.21	39.46	43.91	66.07	57.25	47.17	76.38	67.68	26.93	64.38	45.19	40.25	74.28	13.6	52.55	59.93	63.78	71.7	37.64	43.66	28.16	47.54	66.57	18.44	62.61	20.62	47.8	70.43	51.62	13.89	57.22	47.43	21.4	41.34	67.48	28.28	36.24	53.23	54.71	27.78	42.05	40.16	77.79	41.05	30.0	77.78	75.82	34.93	72.25	46.62	74.41	27.8	33.02	54.57	23.02	44.64	55.54	32.65	54.74	47.76	27.59	27.89	29.41	59.51	55.01	45.12	68.77	52.77	59.03	43.32	34.66	
36.88	37.22	23.85	45.69	5.83	25.08	16.03	18.25	20.12	4.24	36.88	27.86	17.12	44.72	32.7	23.41	20.62	22.47	40.82	23.26	29.12	0.0	47.17	24.04	25.3	7.21	31.62	28.6	35.11	24.19	12.04	48.47	23.54	5.39	14.87	48.08	23.77	34.93	34.54	34.21	37.36	48.09	24.19	37.7	21.54	33.94	44.72	8.0	41.77	31.4	38.01	17.2	41.05	46.87	37.64	52.48	49.03	27.66	42.15	17.03	12.81	51.43	24.52	23.71	46.04	39.45	50.33	8.54	35.47	5.0	18.87	48.66	14.56	48.0	17.0	40.85	45.0	22.83	21.38	29.15	39.22	12.08	15.65	46.49	4.0	26.4	25.0	25.63	7.21	17.2	33.54	53.85	16.4	10.77	54.2	51.04	6.0	50.16	18.03	52.39	17.8	21.02	25.5	18.6	38.48	26.48	24.7	49.77	38.9	15.0	28.32	9.85	31.06	28.46	40.25	44.1	39.2	39.05	35.85	17.46	
16.28	29.15	42.94	43.05	50.09	30.89	56.59	60.81	65.19	46.4	17.46	59.17	35.47	5.0	15.62	67.18	35.36	48.17	46.27	54.92	71.51	47.17	0.0	24.76	23.35	47.93	55.54	53.23	37.66	32.25	35.78	8.6	26.25	44.2	32.8	39.46	58.82	13.6	14.42	34.71	15.52	23.41	53.85	39.32	38.59	51.55	17.46	54.12	53.76	46.49	47.85	30.02	6.32	34.53	36.22	5.39	17.0	50.99	9.06	31.38	34.48	6.32	60.22	29.27	27.66	7.81	9.9	40.72	38.64	51.48	31.32	18.79	53.08	26.25	51.22	40.05	4.47	29.43	58.41	43.19	38.12	50.21	31.62	10.77	50.61	39.4	25.5	31.02	44.69	51.2	41.23	6.71	51.42	41.73	7.28	4.47	44.28	7.81	31.62	8.94	44.41	39.96	35.0	49.41	41.3	35.01	42.49	44.41	37.12	44.05	50.57	42.45	23.02	49.04	43.19	3.16	29.02	16.12	39.62	37.01	
21.02	17.8	20.22	31.4	28.28	9.22	31.83	36.07	40.61	22.36	13.04	35.47	10.82	21.4	9.22	42.45	22.2	34.01	30.46	30.87	46.75	24.04	24.76	0.0	1.41	27.02	33.38	30.59	21.47	10.05	15.13	24.6	2.0	20.12	9.22	31.14	34.48	11.4	10.82	18.87	13.34	25.32	30.08	24.19	15.3	31.02	21.02	31.78	35.9	26.08	30.08	9.49	19.42	28.02	22.2	29.73	25.18	28.44	18.36	13.42	13.04	28.02	35.85	18.44	24.7	17.03	26.4	20.02	22.36	28.86	15.81	25.02	28.32	25.96	26.63	26.63	23.85	17.69	33.84	34.06	24.41	25.46	9.0	22.47	27.89	18.03	15.26	22.02	20.25	33.73	23.09	31.14	33.54	17.03	31.24	29.07	23.02	26.42	15.26	28.65	20.12	16.49	25.46	25.06	25.94	26.17	20.1	34.71	23.6	19.42	28.28	17.8	19.92	37.74	28.18	22.02	19.42	15.13	23.26	12.53	
20.0	17.69	21.38	31.62	29.43	10.05	33.24	37.48	42.01	23.71	12.0	36.77	12.21	20.0	7.81	43.86	22.47	34.54	31.02	32.2	48.17	25.3	23.35	1.41	0.0	28.07	34.53	31.78	21.93	11.0	16.03	23.26	3.16	21.47	10.44	31.11	35.85	10.0	9.43	19.24	12.17	24.52	31.38	24.6	16.49	32.0	20.0	32.98	36.67	27.02	30.81	10.2	18.03	27.8	22.47	28.32	24.08	29.61	17.0	13.93	14.0	26.63	37.22	18.38	24.17	15.62	25.08	21.0	22.85	30.08	16.12	24.0	29.73	25.3	28.02	26.93	22.47	17.69	35.23	34.21	24.7	26.87	10.05	21.19	29.12	19.0	15.0	21.93	21.63	34.53	23.77	29.73	34.37	18.44	29.83	27.66	24.08	25.06	15.65	27.29	21.47	17.72	25.5	26.42	26.4	26.17	21.21	34.83	23.85	20.81	29.43	19.21	19.31	38.08	28.64	20.62	19.21	14.04	23.77	13.89	
35.61	42.2	30.61	51.88	3.16	30.08	22.56	24.02	24.52	11.4	40.05	34.93	22.47	46.17	34.71	28.28	16.64	15.52	47.43	30.41	34.23	7.21	47.93	27.02	28.07	0.0	38.83	35.81	41.15	29.41	12.37	50.45	27.02	12.04	18.03	53.85	30.68	36.88	36.67	39.92	40.2	52.09	31.38	43.83	27.78	41.04	48.04	7.21	48.8	38.29	44.82	18.44	41.63	52.2	43.46	53.31	52.15	34.83	44.15	16.55	14.14	52.81	31.32	21.21	50.64	40.5	52.39	7.28	41.59	6.08	17.2	52.04	21.54	52.35	24.19	46.96	45.18	20.52	28.16	23.02	45.19	19.24	18.03	48.84	6.0	32.76	23.6	22.2	14.14	10.0	39.96	54.63	9.22	17.2	55.15	51.43	4.0	51.92	16.64	54.12	24.76	27.46	21.02	25.81	44.78	21.93	31.4	55.9	44.78	21.93	35.47	16.4	29.0	21.59	46.65	44.78	44.15	42.11	42.06	23.26	
54.33	29.07	13.15	25.3	37.01	25.0	19.72	22.47	28.16	27.46	38.47	8.0	24.02	50.99	40.8	26.31	47.8	53.71	17.72	9.43	26.08	31.62	55.54	33.38	34.53	38.83	0.0	3.16	20.52	23.77	36.4	51.62	31.4	27.29	31.26	30.46	12.37	42.38	41.44	22.67	40.25	41.73	7.81	20.81	18.11	6.32	42.8	36.77	13.15	9.9	13.6	36.22	51.55	32.76	23.43	59.48	46.86	5.0	46.96	39.62	34.93	56.44	13.15	47.52	36.88	48.7	52.7	37.16	19.85	34.71	42.76	45.34	18.44	39.7	14.87	22.83	55.97	46.53	14.87	58.87	23.02	19.85	33.24	48.55	34.06	16.16	46.1	50.8	25.06	48.83	16.28	60.83	48.01	23.41	60.42	60.01	36.72	53.85	41.77	55.76	15.52	17.03	52.63	13.04	19.72	53.6	13.34	28.86	23.6	18.03	5.1	23.77	52.01	59.48	19.7	53.49	30.41	40.31	19.21	22.02	
51.48	27.59	10.44	25.5	34.06	22.47	17.46	20.62	26.48	24.41	36.36	7.62	21.0	48.76	38.28	25.02	44.64	50.61	18.11	7.28	25.5	28.6	53.23	30.59	31.78	35.81	3.16	0.0	19.42	21.19	33.24	49.65	28.64	24.19	28.16	30.36	11.0	39.92	39.0	21.26	38.08	40.46	5.39	20.12	15.3	7.07	41.11	33.97	14.87	8.94	14.04	33.14	49.04	32.2	22.47	57.31	45.28	2.24	44.78	36.5	31.78	54.38	12.04	44.41	35.81	46.24	50.8	34.01	18.87	31.83	39.62	43.84	15.81	38.6	12.04	22.47	53.49	43.42	13.15	55.71	22.36	16.97	30.15	46.62	31.14	13.89	43.05	47.68	21.95	45.8	15.26	58.67	45.0	20.25	58.31	57.7	33.62	51.87	38.64	53.82	12.37	14.14	49.48	10.0	19.31	50.45	10.77	29.27	22.83	14.87	2.83	20.62	49.0	56.36	19.65	51.08	29.07	38.28	18.36	19.0	
41.0	8.94	13.04	10.82	40.85	12.81	32.25	36.5	42.43	31.32	20.22	26.93	18.87	32.76	25.18	42.2	42.52	52.63	9.22	24.7	44.01	35.11	37.66	21.47	21.93	41.15	20.52	19.42	0.0	12.73	32.65	32.31	19.72	29.73	25.5	13.15	29.15	26.02	25.02	3.0	22.2	21.21	22.85	2.83	13.6	15.0	22.83	42.72	16.12	10.63	10.2	29.07	35.01	13.34	3.16	40.8	26.63	17.49	28.64	33.3	30.48	37.34	30.46	39.66	16.4	32.02	33.11	36.06	1.0	39.85	36.24	25.0	29.07	19.21	25.18	5.83	39.12	38.83	30.36	54.56	4.12	28.02	26.87	29.15	38.9	9.06	36.72	43.27	28.16	50.25	4.24	42.06	49.74	24.35	41.44	41.98	37.59	34.54	35.47	36.25	19.03	14.32	46.4	22.2	4.47	47.2	12.04	14.76	4.0	21.21	16.64	25.3	41.23	57.31	6.71	36.22	10.0	21.59	2.0	17.89	
31.0	13.04	10.77	23.43	29.61	1.41	26.42	30.89	36.25	21.0	16.28	26.93	7.07	28.02	17.09	37.22	29.83	40.0	21.1	22.8	40.61	24.19	32.25	10.05	11.0	29.41	23.77	21.19	12.73	0.0	20.0	29.7	8.06	19.03	12.81	24.6	26.91	18.79	17.89	10.82	17.69	24.74	21.63	15.56	6.4	21.0	22.83	32.14	25.96	16.03	20.25	16.4	27.86	22.8	14.42	36.62	27.29	18.97	24.21	20.62	17.8	34.06	28.32	27.29	22.02	25.08	31.14	23.71	13.45	29.15	23.6	26.4	22.83	24.19	20.0	18.44	32.31	26.42	26.91	41.87	16.4	20.62	14.14	26.91	28.16	8.0	24.7	30.89	18.03	38.01	13.42	38.01	37.58	14.04	37.8	36.72	25.63	31.83	22.8	33.94	12.81	7.81	33.84	17.69	17.03	34.67	10.44	27.2	15.81	13.42	18.68	15.03	29.83	44.6	19.21	29.97	15.03	18.44	14.21	7.07	
24.84	31.78	25.06	43.42	14.32	20.25	25.96	29.15	31.91	13.0	28.02	35.06	14.21	33.84	22.36	34.89	11.4	20.0	40.36	30.07	40.31	12.04	35.78	15.13	16.03	12.37	36.4	33.24	32.65	20.0	0.0	38.08	15.52	11.4	7.21	44.42	32.06	24.52	24.33	30.81	28.02	40.45	30.27	35.47	20.81	36.67	36.01	18.36	43.57	32.76	38.6	6.08	29.53	42.05	34.41	41.15	40.01	31.62	31.78	5.0	2.24	40.5	33.14	12.37	39.56	28.23	40.02	5.1	33.3	15.81	7.28	40.01	23.35	41.0	24.0	38.42	33.29	11.4	30.27	22.83	36.4	20.22	6.32	36.5	15.0	25.61	13.04	15.03	13.15	18.68	32.56	42.49	18.44	13.15	42.95	39.45	8.54	39.56	6.32	41.76	20.88	21.1	16.28	24.19	36.8	17.26	25.55	47.2	35.81	18.44	31.95	13.04	19.24	24.76	38.9	32.65	33.62	30.0	33.97	15.81	
23.26	23.41	39.82	36.12	52.2	28.28	55.61	60.0	64.9	46.96	13.45	56.22	34.41	5.39	15.81	66.4	40.05	53.08	40.26	52.4	70.18	48.47	8.6	24.6	23.26	50.45	51.62	49.65	32.31	29.7	38.08	0.0	25.55	44.72	33.62	32.02	56.59	13.6	13.93	29.55	12.04	15.3	51.09	33.53	36.07	46.96	10.05	55.97	48.08	42.06	42.38	32.02	12.08	27.02	30.36	9.0	8.54	47.43	6.32	34.37	36.4	5.1	58.0	34.13	20.02	11.18	2.0	43.17	33.24	53.14	35.06	10.44	52.01	18.25	49.58	33.73	12.73	34.06	56.59	49.24	32.02	49.41	32.89	3.16	52.2	35.81	30.07	36.5	44.78	55.15	36.25	10.05	55.23	41.34	9.22	11.4	46.57	2.24	35.13	4.24	42.45	37.48	40.61	47.38	35.44	40.79	39.2	37.01	31.05	42.64	46.87	42.19	29.12	54.74	37.11	10.0	22.8	11.4	34.18	35.61	
23.02	16.64	18.25	29.83	28.07	7.28	30.41	34.71	39.41	21.54	13.34	33.62	9.22	22.67	10.63	41.11	23.43	34.89	28.64	29.07	45.28	23.54	26.25	2.0	3.16	27.02	31.4	28.64	19.72	8.06	15.52	25.55	0.0	19.31	9.0	29.83	32.76	12.73	12.04	17.2	13.93	25.08	28.23	22.47	13.34	29.02	21.21	31.4	33.96	24.08	28.16	10.3	21.1	26.93	20.62	31.11	25.5	26.48	19.42	14.42	13.34	29.21	34.13	20.0	24.04	18.6	27.29	20.22	20.59	28.44	17.03	25.18	26.87	25.5	25.0	25.0	25.55	19.21	32.2	35.38	22.8	24.08	9.22	23.26	27.46	16.03	17.0	23.6	19.24	34.21	21.19	32.53	33.96	15.81	32.56	30.61	23.02	27.46	16.4	29.68	18.36	14.56	26.91	23.32	24.19	27.66	18.11	33.24	22.02	17.8	26.31	16.64	21.84	38.83	26.42	23.6	18.36	15.52	21.47	10.82	
35.51	32.06	18.6	40.31	11.18	20.0	14.56	17.89	21.26	2.24	32.57	24.52	12.0	41.34	29.15	23.85	22.0	26.42	35.51	19.65	29.07	5.39	44.2	20.12	21.47	12.04	27.29	24.19	29.73	19.03	11.4	44.72	19.31	0.0	11.4	42.72	21.02	31.38	30.89	28.86	33.24	43.29	20.25	32.31	16.16	29.07	40.26	13.15	36.77	26.25	32.8	15.0	38.29	41.59	32.28	49.41	44.64	23.02	38.47	16.16	11.18	48.02	22.0	23.77	41.0	36.4	46.52	10.2	30.08	10.2	18.68	44.15	12.04	43.05	13.34	35.47	42.45	22.8	19.03	32.02	33.84	9.0	12.73	42.54	9.22	21.02	24.17	26.31	2.24	21.93	28.18	50.8	21.21	5.39	51.04	48.27	9.43	46.53	17.72	48.76	12.73	15.65	27.0	14.32	33.11	28.0	19.42	44.38	33.53	9.9	23.6	4.47	30.46	32.2	34.89	41.23	34.06	34.79	30.46	12.17	
25.08	24.7	18.97	36.24	19.1	13.04	24.7	28.6	32.53	13.6	22.2	31.26	7.62	30.02	17.89	34.83	17.49	27.2	33.42	26.31	39.66	14.87	32.8	9.22	10.44	18.03	31.26	28.16	25.5	12.81	7.21	33.62	9.0	11.4	0.0	37.22	29.12	20.12	19.7	23.6	22.56	34.06	26.08	28.32	14.32	30.68	30.15	22.56	37.12	26.4	31.91	5.0	26.91	34.93	27.2	38.01	34.37	26.31	27.31	8.54	5.0	36.72	30.36	16.28	32.76	25.0	35.47	11.4	26.17	19.65	11.7	34.13	21.47	34.37	20.88	31.24	31.11	15.3	27.86	29.41	29.21	18.36	2.0	31.62	18.68	18.87	15.03	19.65	12.04	25.63	25.61	39.41	25.3	9.85	39.66	36.88	14.04	35.34	10.77	37.58	16.0	14.87	21.93	20.22	29.7	22.85	19.31	40.0	28.6	14.14	26.48	10.3	21.21	31.83	31.83	29.83	26.57	24.33	26.87	9.49	
47.41	13.45	26.02	5.66	53.76	24.19	45.04	49.16	55.15	44.38	24.17	37.95	31.38	34.53	31.38	54.59	53.26	64.35	13.04	36.67	55.79	48.08	39.46	31.14	31.11	53.85	30.46	30.36	13.15	24.6	44.42	32.02	29.83	42.72	37.22	0.0	41.0	31.3	30.41	13.93	26.0	17.12	34.71	11.0	26.68	24.17	22.09	55.79	20.52	21.59	17.0	40.0	38.9	5.0	10.44	41.01	24.08	28.86	30.81	44.2	42.19	37.0	42.2	49.5	12.0	36.06	32.02	48.3	13.04	52.89	46.86	22.09	42.0	14.14	38.01	8.06	42.2	48.8	42.58	65.19	9.06	41.11	38.28	29.07	51.92	22.2	46.01	53.04	41.23	62.61	16.03	42.0	62.17	37.36	41.01	43.19	50.16	34.0	46.23	35.06	32.14	27.46	56.59	35.01	11.18	57.28	25.02	5.0	9.22	34.37	27.89	38.33	49.41	68.6	10.77	39.05	12.21	24.35	13.0	30.68	
54.08	36.36	17.2	36.35	28.23	28.32	8.6	10.3	15.81	20.22	43.14	5.0	23.71	54.82	43.27	14.04	43.01	46.17	29.07	4.47	14.87	23.77	58.82	34.48	35.85	30.68	12.37	11.0	29.15	26.91	32.06	56.59	32.76	21.02	29.12	41.0	0.0	45.22	44.41	30.41	44.6	49.4	6.32	30.36	20.52	18.03	49.04	26.93	25.5	19.42	25.02	33.96	53.85	42.38	32.31	63.41	53.41	12.17	51.09	36.35	31.26	60.96	1.41	44.28	45.18	51.31	57.98	31.14	28.79	25.5	39.2	52.2	9.22	47.89	8.25	32.98	58.31	43.29	2.83	52.77	32.57	12.04	31.05	53.74	25.08	21.63	43.93	47.1	19.0	40.31	25.3	64.82	39.4	19.42	64.66	63.25	29.61	58.73	38.21	60.83	14.42	19.1	48.01	9.43	29.83	49.01	18.03	40.2	32.89	15.23	13.15	19.24	50.22	52.2	30.41	56.3	38.08	45.25	28.46	21.95	
16.12	18.68	29.55	33.53	38.6	17.46	43.14	47.42	52.01	33.62	7.21	45.65	21.93	10.0	2.24	53.81	27.66	40.61	35.13	41.34	58.0	34.93	13.6	11.4	10.0	36.88	42.38	39.92	26.02	18.79	24.52	13.6	12.73	31.38	20.12	31.3	45.22	0.0	1.0	23.02	5.66	19.42	40.31	28.16	25.06	38.83	13.42	42.38	42.01	33.73	36.01	18.44	9.22	26.93	25.32	18.38	16.49	37.7	7.28	21.02	22.8	16.64	46.62	22.14	21.26	6.32	15.52	29.61	27.02	39.56	22.09	17.09	39.6	21.26	37.64	29.61	13.6	21.84	44.82	38.08	27.46	36.8	19.31	12.04	38.63	26.25	18.03	25.08	31.62	42.0	29.07	19.8	42.01	28.43	19.85	18.03	32.98	15.23	22.02	17.46	30.81	26.42	29.15	35.81	30.15	29.55	29.15	35.85	26.48	30.48	37.34	29.21	19.21	43.01	32.25	11.18	19.31	7.81	28.02	23.43	
17.0	17.72	28.64	32.57	38.33	16.55	42.45	46.75	51.4	33.12	6.4	44.78	21.21	10.63	2.0	53.15	27.89	40.79	34.13	40.5	57.28	34.54	14.42	10.82	9.43	36.67	41.44	39.0	25.02	17.89	24.33	13.93	12.04	30.89	19.7	30.41	44.41	1.0	0.0	22.02	5.0	18.87	39.45	27.17	24.19	37.85	13.0	42.06	41.01	32.76	35.01	18.25	10.2	26.08	24.33	19.1	16.28	36.77	7.62	21.0	22.56	17.2	45.8	22.47	20.52	7.28	15.81	29.43	26.02	39.22	22.2	16.76	38.9	20.62	36.88	28.64	14.56	22.14	44.05	38.48	26.48	36.12	18.97	12.17	38.28	25.3	18.38	25.5	31.06	42.01	28.07	20.52	42.0	27.8	20.52	18.87	32.76	15.65	22.09	17.89	30.0	25.55	29.55	35.0	29.15	29.97	28.23	34.93	25.5	29.73	36.4	28.6	19.85	43.32	31.26	12.08	18.38	7.21	27.02	22.67	
38.08	6.4	13.6	12.73	39.85	10.63	32.76	37.11	42.95	30.59	17.26	28.6	17.46	29.83	22.2	43.01	40.31	50.8	12.17	25.94	45.19	34.21	34.71	18.87	19.24	39.92	22.67	21.26	3.0	10.82	30.81	29.55	17.2	28.86	23.6	13.93	30.41	23.02	22.02	0.0	19.24	19.21	24.19	5.39	13.04	17.49	20.25	41.98	19.1	12.81	13.15	26.87	32.02	13.0	3.61	37.95	24.21	19.21	25.71	31.11	28.6	34.54	31.76	37.2	14.76	29.02	30.41	34.48	4.0	39.05	33.97	22.67	29.43	17.49	25.71	7.81	36.12	36.4	31.38	52.35	5.66	28.07	24.84	26.4	38.08	9.22	34.13	40.8	27.46	48.76	6.71	39.22	48.3	23.54	38.63	39.05	36.25	31.78	33.24	33.54	19.1	14.0	44.05	22.8	7.28	44.82	12.65	16.4	5.0	21.0	18.44	24.52	38.48	55.32	9.49	33.24	7.81	18.68	5.0	16.76	
21.63	14.04	28.02	28.64	41.59	16.28	43.6	48.01	53.0	35.47	2.0	44.41	22.47	10.77	6.71	54.41	32.57	45.35	31.02	40.46	58.14	37.36	15.52	13.34	12.17	40.2	40.25	38.08	22.2	17.69	28.02	12.04	13.93	33.24	22.56	26.0	44.6	5.66	5.0	19.24	0.0	13.89	39.2	24.02	24.08	36.06	8.25	45.12	38.33	31.02	32.39	22.0	13.15	21.47	21.0	19.24	12.0	35.85	6.71	25.18	26.08	16.4	46.01	27.31	15.62	10.2	13.6	33.06	23.19	42.2	26.68	12.17	40.0	15.62	37.54	25.08	17.0	26.93	44.55	43.38	23.02	37.44	22.2	9.43	41.23	24.19	23.26	30.41	33.11	46.17	25.71	20.59	46.1	29.53	20.25	19.92	36.22	14.14	26.48	16.28	30.41	25.5	34.44	35.36	26.02	34.89	27.46	30.68	22.02	30.61	35.36	30.41	24.84	48.1	28.0	14.04	14.32	2.24	24.19	23.6	
34.66	13.04	32.25	21.84	53.0	23.54	50.7	55.15	60.75	45.4	13.0	47.8	31.4	18.79	20.59	61.33	46.24	58.82	27.29	44.94	64.01	48.09	23.41	25.32	24.52	52.09	41.73	40.46	21.21	24.74	40.45	15.3	25.08	43.29	34.06	17.12	49.4	19.42	18.87	19.21	13.89	0.0	43.27	21.4	30.08	36.12	6.4	56.08	35.36	31.83	30.23	34.71	24.41	12.17	18.44	24.19	7.0	38.42	15.81	38.33	38.33	20.1	50.77	41.15	5.39	22.02	15.03	45.28	21.93	53.08	40.16	5.0	47.17	3.0	43.86	20.59	26.83	40.72	50.12	57.25	19.42	45.22	34.23	12.65	52.09	27.78	37.12	44.29	42.58	59.03	25.46	25.08	58.86	38.64	24.02	26.68	48.09	17.12	39.85	18.0	36.77	31.38	48.3	41.15	23.02	48.76	31.38	22.09	18.6	37.95	37.64	39.62	38.6	61.85	24.19	23.71	11.4	11.66	22.67	31.78	
50.45	30.23	11.31	30.15	29.41	23.02	12.08	15.3	21.21	20.12	37.64	5.39	19.65	49.65	38.47	20.02	41.59	46.52	23.0	2.0	21.19	24.19	53.85	30.08	31.38	31.38	7.81	5.39	22.85	21.63	30.27	51.09	28.23	20.25	26.08	34.71	6.32	40.31	39.45	24.19	39.2	43.27	0.0	24.04	15.26	12.37	43.19	29.0	20.25	13.15	19.03	31.06	49.19	36.06	26.0	58.25	47.51	6.0	45.8	34.01	29.07	55.61	7.62	42.01	38.95	46.53	52.4	30.36	22.47	27.02	37.05	46.23	10.63	41.68	7.21	26.68	53.67	41.01	8.0	52.2	26.25	12.21	28.07	48.17	26.4	15.62	41.11	45.1	18.03	41.34	18.97	59.64	40.5	17.12	59.41	58.31	29.55	53.26	36.06	55.32	10.2	13.89	46.53	6.08	23.54	47.52	12.04	34.06	26.57	12.0	7.0	17.26	47.27	52.39	24.19	51.48	31.91	39.7	22.14	17.72	
43.42	10.2	15.03	8.06	43.46	15.62	34.06	38.21	44.18	33.84	22.02	27.73	21.63	34.37	27.46	43.74	45.34	55.44	7.0	25.96	45.22	37.7	39.32	24.19	24.6	43.83	20.81	20.12	2.83	15.56	35.47	33.53	22.47	32.31	28.32	11.0	30.36	28.16	27.17	5.39	24.02	21.4	24.04	0.0	16.16	14.87	23.77	45.22	14.56	11.18	8.94	31.89	37.01	12.08	3.16	42.2	27.29	18.38	30.27	36.12	33.3	38.6	31.62	42.44	16.28	34.01	34.18	38.83	2.24	42.38	39.05	25.55	31.0	19.1	27.02	3.16	41.01	41.62	31.78	57.38	2.24	30.15	29.7	30.36	41.44	11.4	39.45	46.04	30.68	53.0	5.1	43.42	52.48	26.93	42.72	43.57	40.31	35.74	38.29	37.34	21.21	16.76	49.2	24.02	2.0	50.0	14.04	12.08	2.83	23.54	17.46	27.86	43.86	60.14	4.12	38.05	10.77	23.19	2.0	20.59	
36.22	17.46	5.0	24.17	27.31	7.81	20.62	25.08	30.68	17.72	22.63	20.59	6.71	34.41	23.26	31.3	31.76	40.31	19.85	16.4	34.41	21.54	38.59	15.3	16.49	27.78	18.11	15.3	13.6	6.4	20.81	36.07	13.34	16.16	14.32	26.68	20.52	25.06	24.19	13.04	24.08	30.08	15.26	16.16	0.0	16.49	28.84	29.12	22.83	12.08	17.8	18.97	34.01	26.02	16.28	43.01	33.29	13.15	30.61	22.85	18.87	40.46	21.93	30.36	26.68	31.3	37.48	23.35	13.93	26.25	26.0	32.25	17.09	29.12	13.89	19.31	38.48	29.41	20.62	43.57	17.72	15.3	16.16	33.24	25.3	5.0	28.44	33.84	14.56	37.2	12.21	44.41	36.62	10.77	44.2	43.05	24.41	38.21	25.08	40.31	6.71	1.41	36.25	11.4	17.0	37.16	5.1	28.23	17.46	8.06	13.04	11.7	34.13	45.45	18.87	36.24	19.42	24.76	14.32	5.0	
52.0	23.85	11.7	18.97	39.62	22.02	24.35	27.66	33.54	29.7	34.18	14.14	23.09	46.82	37.48	32.06	47.93	55.22	11.4	14.32	32.25	33.94	51.55	31.02	32.0	41.04	6.32	7.07	15.0	21.0	36.67	46.96	29.02	29.07	30.68	24.17	18.03	38.83	37.85	17.49	36.06	36.12	12.37	14.87	16.49	0.0	37.74	40.0	8.06	5.1	7.28	35.44	48.05	26.63	17.69	55.15	41.62	6.71	42.72	39.22	34.93	51.89	19.0	46.84	31.11	45.12	47.89	38.28	14.21	37.64	42.38	40.0	22.36	33.94	18.36	16.64	52.39	45.88	20.22	59.48	17.03	23.02	32.57	43.83	36.88	13.0	44.91	50.29	26.91	50.99	10.82	56.46	50.25	24.41	55.95	55.97	38.42	49.19	41.44	51.0	16.4	15.81	52.55	15.81	13.6	53.49	11.4	22.56	17.69	19.21	5.83	25.0	50.49	60.75	13.42	49.73	25.0	35.85	13.45	21.19	
28.28	13.89	31.89	26.08	49.25	21.47	49.24	53.71	59.03	42.45	8.0	48.08	28.79	12.65	14.87	60.03	40.8	53.6	30.36	44.69	63.25	44.72	17.46	21.02	20.0	48.04	42.8	41.11	22.83	22.83	36.01	10.05	21.21	40.26	30.15	22.09	49.04	13.42	13.0	20.25	8.25	6.4	43.19	23.77	28.84	37.74	0.0	52.61	38.28	33.02	32.7	30.07	18.03	17.12	20.62	19.03	4.47	38.95	9.43	33.38	34.0	15.13	50.45	35.47	10.2	15.62	10.44	41.0	23.71	49.65	34.93	4.0	45.65	8.94	42.72	23.77	20.62	35.11	49.41	51.48	22.14	43.38	30.02	7.0	48.66	27.59	31.38	38.48	39.85	54.33	26.93	20.1	54.23	36.06	19.24	21.1	44.05	12.17	34.71	13.6	35.51	30.23	42.54	40.22	25.63	42.95	31.14	27.07	21.19	36.24	38.29	37.0	32.45	56.3	27.2	17.46	13.0	6.08	24.6	29.55	
42.52	45.18	30.87	53.14	4.24	33.06	18.36	18.68	18.03	11.4	44.72	31.62	25.08	52.0	40.16	22.0	23.85	21.0	47.85	27.66	28.0	8.0	54.12	31.78	32.98	7.21	36.77	33.97	42.72	32.14	18.36	55.97	31.4	13.15	22.56	55.79	26.93	42.38	42.06	41.98	45.12	56.08	29.0	45.22	29.12	40.0	52.61	0.0	48.01	38.08	44.78	24.17	47.89	54.74	45.35	59.48	56.89	33.42	49.65	23.02	19.7	58.69	27.29	28.32	54.04	46.52	57.87	13.6	43.01	3.0	24.08	56.57	18.44	56.0	21.93	48.38	51.62	27.59	24.19	29.43	46.84	17.03	23.09	54.12	4.0	33.84	30.48	29.41	14.56	14.14	40.85	60.83	13.15	18.44	61.27	57.8	10.0	57.58	23.43	59.81	24.6	28.46	28.18	24.21	45.88	29.07	31.78	57.25	46.57	21.93	34.21	17.46	36.07	27.02	47.54	51.0	47.17	46.87	43.32	25.32	
56.44	24.74	18.6	14.87	47.51	26.68	32.31	35.44	41.23	37.54	36.35	21.1	29.53	48.84	41.01	39.46	54.59	62.63	8.06	22.14	39.0	41.77	53.76	35.9	36.67	48.8	13.15	14.87	16.12	25.96	43.57	48.08	33.96	36.77	37.12	20.52	25.5	42.01	41.01	19.1	38.33	35.36	20.25	14.56	22.83	8.06	38.28	48.01	0.0	10.82	6.0	41.63	51.09	24.21	17.72	56.75	41.63	14.76	44.72	45.62	41.68	53.16	26.31	52.92	30.02	48.09	48.7	45.61	15.13	45.61	48.75	39.81	30.41	32.76	26.42	14.76	55.23	52.0	27.89	66.37	16.16	31.06	38.91	44.92	44.82	18.38	50.6	56.46	34.66	58.69	13.04	57.97	57.98	31.89	57.28	58.05	46.01	50.29	47.85	51.87	24.04	22.47	59.03	23.85	12.65	59.93	18.03	17.49	17.09	26.87	13.89	32.56	55.79	68.01	11.18	52.35	25.3	37.66	14.14	27.78	
47.01	19.21	7.81	17.03	37.2	17.0	24.19	28.02	34.01	27.2	29.15	16.55	18.79	41.79	32.39	33.14	43.83	51.86	10.2	15.13	34.21	31.4	46.49	26.08	27.02	38.29	9.9	8.94	10.63	16.03	32.76	42.06	24.08	26.25	26.4	21.59	19.42	33.73	32.76	12.81	31.02	31.83	13.15	11.18	12.08	5.1	33.02	38.08	10.82	0.0	6.71	31.02	42.95	23.26	13.6	50.16	37.01	7.28	37.7	34.93	30.89	46.96	20.62	42.38	27.02	40.02	43.05	34.83	10.0	35.51	38.08	35.47	21.59	29.83	17.46	13.6	47.3	41.44	21.1	55.57	13.42	21.54	28.23	38.95	34.67	8.06	40.26	45.88	24.21	48.1	6.4	51.48	47.42	21.21	50.99	50.92	35.36	44.29	37.16	46.14	13.6	11.66	48.33	14.56	10.44	49.24	7.21	21.0	13.89	16.4	6.32	21.93	45.71	57.2	11.05	44.64	20.52	30.87	9.43	17.0	
50.49	18.97	14.21	11.7	43.83	20.88	30.59	34.23	40.2	33.84	30.41	21.38	24.41	42.95	35.01	39.0	49.4	58.05	4.12	21.02	39.46	38.01	47.85	30.08	30.81	44.82	13.6	14.04	10.2	20.25	38.6	42.38	28.16	32.8	31.91	17.0	25.02	36.01	35.01	13.15	32.39	30.23	19.03	8.94	17.8	7.28	32.7	44.78	6.0	6.71	0.0	36.24	45.1	19.85	12.08	50.96	36.24	13.04	38.83	40.31	36.62	47.43	26.08	47.42	25.0	42.11	43.08	41.04	9.22	42.19	43.42	34.48	28.16	27.8	24.04	9.9	49.25	46.52	27.02	61.29	10.82	28.23	33.62	39.22	41.34	13.04	44.94	50.99	30.81	54.56	7.07	52.2	53.91	27.66	51.55	52.17	41.77	44.6	42.54	46.24	20.25	17.69	53.71	21.19	7.21	54.59	13.45	15.3	11.66	23.02	12.04	28.43	50.0	63.25	6.4	46.39	19.7	31.78	8.25	22.8	
20.59	26.93	23.77	39.6	20.25	16.28	29.07	32.76	36.24	17.03	22.09	36.22	12.37	27.86	16.28	38.83	13.45	24.6	37.44	31.26	43.91	17.2	30.02	9.49	10.2	18.44	36.22	33.14	29.07	16.4	6.08	32.02	10.3	15.0	5.0	40.0	33.96	18.44	18.25	26.87	22.0	34.71	31.06	31.89	18.97	35.44	30.07	24.17	41.63	31.02	36.24	0.0	23.85	37.22	30.41	35.36	34.0	31.26	25.71	4.24	4.47	34.54	35.17	11.4	34.18	22.36	33.96	11.18	29.83	21.47	7.21	34.06	26.0	35.44	25.71	34.66	27.8	10.44	32.57	25.5	32.53	22.85	3.0	30.41	20.59	23.26	10.05	14.87	16.12	24.33	29.68	36.72	24.19	14.56	37.12	33.84	14.56	33.53	6.4	35.74	21.0	19.65	17.49	25.18	33.42	18.36	24.04	43.19	31.83	19.1	31.4	14.87	16.28	28.6	35.61	26.93	28.65	24.02	30.61	14.32	
11.18	27.17	38.63	41.77	43.83	26.57	51.09	55.23	59.41	40.46	15.13	54.56	30.23	6.71	10.77	61.55	29.15	42.05	44.01	50.12	66.07	41.05	6.32	19.42	18.03	41.63	51.55	49.04	35.01	27.86	29.53	12.08	21.1	38.29	26.91	38.9	53.85	9.22	10.2	32.02	13.15	24.41	49.19	37.01	34.01	48.05	18.03	47.89	51.09	42.95	45.1	23.85	0.0	34.18	34.06	11.7	19.1	46.82	8.6	25.08	28.3	12.0	55.23	23.09	27.73	3.0	13.93	34.44	36.01	45.28	25.0	20.52	47.63	26.93	46.04	38.21	4.47	23.19	53.25	37.48	36.12	44.69	25.61	12.81	44.42	35.44	19.24	25.02	38.9	44.91	38.21	13.0	45.12	36.12	13.6	10.0	38.01	12.37	25.3	14.14	39.45	35.34	29.07	44.42	39.01	29.15	38.28	43.68	35.13	38.83	46.49	36.8	17.26	43.19	41.05	3.16	27.46	14.56	37.01	31.91	
43.05	10.3	26.31	9.85	52.39	22.14	45.54	49.82	55.73	43.42	19.72	39.81	29.83	29.61	27.2	55.54	50.22	61.77	16.28	37.95	57.25	46.87	34.53	28.02	27.8	52.2	32.76	32.2	13.34	22.8	42.05	27.02	26.93	41.59	34.93	5.0	42.38	26.93	26.08	13.0	21.47	12.17	36.06	12.08	26.02	26.63	17.12	54.74	24.21	23.26	19.85	37.22	34.18	0.0	10.2	36.01	19.1	30.46	25.96	41.34	39.81	32.0	43.66	46.1	7.0	31.38	27.02	46.24	13.6	51.79	43.83	17.12	42.3	9.22	38.47	10.0	37.36	45.45	43.68	62.01	9.85	41.05	35.78	24.08	50.8	22.09	42.45	49.58	40.31	60.54	17.09	37.0	60.17	36.35	36.01	38.21	48.38	29.0	43.27	30.07	32.06	27.0	53.26	35.51	13.04	53.91	25.32	10.0	9.49	34.0	29.55	37.34	45.45	65.73	13.45	34.21	8.6	19.7	13.93	29.43	
40.8	7.07	16.12	9.22	43.32	14.21	35.36	39.62	45.54	33.96	19.0	30.02	21.02	31.26	24.74	45.35	43.84	54.41	10.05	27.86	47.17	37.64	36.22	22.2	22.47	43.46	23.43	22.47	3.16	14.42	34.41	30.36	20.62	32.28	27.2	10.44	32.31	25.32	24.33	3.61	21.0	18.44	26.0	3.16	16.28	17.69	20.62	45.35	17.72	13.6	12.08	30.41	34.06	10.2	0.0	39.05	24.19	20.59	27.17	34.66	32.2	35.44	33.62	40.61	13.45	31.06	31.02	38.08	3.61	42.45	37.48	22.47	32.14	16.28	28.28	4.47	38.0	39.82	33.53	55.87	2.24	31.0	28.43	27.2	41.48	12.0	37.44	44.2	30.81	52.35	7.21	40.26	51.88	26.93	39.56	40.45	39.81	32.57	36.77	34.18	22.0	17.12	47.51	25.32	5.1	48.27	15.13	12.81	1.41	24.08	19.72	27.89	41.59	58.9	7.0	35.01	7.62	20.1	4.24	20.25	
21.02	32.02	47.17	45.1	55.46	35.23	61.52	65.8	70.29	51.61	21.02	63.51	40.31	8.6	20.52	72.18	40.61	53.34	49.03	59.41	76.38	52.48	5.39	29.73	28.32	53.31	59.48	57.31	40.8	36.62	41.15	9.0	31.11	49.41	38.01	41.01	63.41	18.38	19.1	37.95	19.24	24.19	58.25	42.2	43.01	55.15	19.03	59.48	56.75	50.16	50.96	35.36	11.7	36.01	39.05	0.0	17.26	55.07	12.53	36.77	39.82	4.12	64.82	34.53	29.02	13.04	9.22	46.1	41.76	56.82	36.69	19.24	57.98	27.17	55.97	42.58	9.0	34.71	63.13	48.04	40.79	55.17	36.89	12.04	55.95	43.42	30.81	36.12	49.82	56.52	44.6	1.41	56.75	46.75	2.0	3.61	49.66	7.07	37.0	6.71	49.04	44.41	40.05	54.04	44.15	40.01	46.65	46.01	39.81	48.84	54.59	47.51	28.02	54.0	45.89	8.54	31.58	19.31	42.72	41.77	
30.0	17.8	36.24	28.64	53.46	25.94	53.71	58.18	63.51	46.84	12.17	52.35	33.24	12.81	18.25	64.5	44.15	57.07	33.62	49.04	67.68	49.03	17.0	25.18	24.08	52.15	46.86	45.28	26.63	27.29	40.01	8.54	25.5	44.64	34.37	24.08	53.41	16.49	16.28	24.21	12.0	7.0	47.51	27.29	33.29	41.62	4.47	56.89	41.63	37.01	36.24	34.0	19.1	19.1	24.19	17.26	0.0	43.14	10.82	37.12	38.05	13.15	54.82	38.6	12.17	17.2	8.06	45.04	27.46	53.94	38.47	2.0	50.12	10.0	47.17	26.93	20.81	38.33	53.82	54.42	25.5	47.85	34.13	6.4	52.95	31.89	34.48	41.44	44.27	58.14	30.81	18.11	58.08	40.5	17.03	19.92	48.17	10.2	38.33	11.0	39.96	34.67	45.54	44.65	29.07	45.88	35.47	29.07	24.6	40.71	42.45	41.44	34.89	59.48	30.46	17.8	16.64	10.05	28.3	34.01	
