140
0.0	19.42	34.01	40.31	24.76	29.0	25.08	40.26	26.91	43.57	32.14	32.45	13.04	40.26	24.74	27.73	14.32	20.02	14.14	9.22	17.46	22.47	26.42	14.04	46.82	30.08	40.8	1.41	46.4	49.03	20.81	45.34	18.03	39.92	34.01	27.31	47.1	18.38	3.16	40.25	26.93	30.81	44.15	42.72	32.02	46.07	30.46	28.65	11.18	23.43	17.46	41.05	24.41	3.16	18.6	28.16	36.67	13.93	35.01	50.99	38.0	38.33	50.54	24.08	19.7	17.89	24.33	25.08	15.65	45.4	20.59	21.63	38.59	30.48	14.32	34.89	40.72	1.41	13.89	43.27	22.83	27.46	37.74	40.61	18.03	45.54	51.62	35.23	12.37	39.36	36.01	13.45	25.08	23.77	53.82	22.85	18.0	33.97	15.65	52.8	50.93	11.05	15.65	44.0	31.02	46.84	35.47	13.0	23.35	46.57	47.01	46.53	6.08	35.0	12.04	45.88	37.66	50.57	7.0	27.17	22.63	32.53	46.62	17.0	14.0	47.3	30.15	36.24	14.14	44.27	12.17	48.84	60.44	29.41	18.25	28.65	1.0	11.18	50.22	28.6	
19.42	0.0	48.1	59.68	43.93	32.25	7.07	58.87	8.06	59.14	47.01	38.05	18.68	55.01	40.31	41.01	19.24	34.44	30.81	22.36	15.03	32.98	39.05	30.23	63.63	47.43	59.62	19.21	65.12	64.47	7.21	64.35	5.1	48.01	47.43	41.0	61.03	29.07	16.4	59.54	45.34	30.36	59.93	56.14	49.48	52.24	48.01	46.86	11.05	29.02	4.0	53.85	31.06	22.02	1.0	43.38	52.15	11.18	52.39	70.29	55.11	48.37	56.44	29.0	10.63	3.0	42.72	22.14	26.57	60.17	38.95	28.86	57.98	49.82	22.09	47.27	59.94	18.03	24.7	62.68	31.4	39.56	57.14	56.14	33.62	59.14	71.02	54.64	13.04	58.67	53.37	22.14	34.53	6.32	72.35	5.39	11.18	36.67	18.11	72.2	70.04	15.0	33.97	61.0	45.0	63.06	54.45	25.5	28.0	56.14	65.0	52.35	25.06	39.32	15.03	54.0	53.15	57.22	25.5	42.49	32.39	34.71	66.03	3.16	29.68	63.07	48.08	55.61	33.42	58.08	29.21	59.41	79.25	48.1	20.25	26.57	18.6	14.0	68.77	9.22	
34.01	48.1	0.0	36.77	22.63	24.7	50.12	44.94	56.08	58.69	2.83	20.25	29.55	58.14	46.14	51.88	48.04	14.14	20.02	41.3	34.99	15.81	51.89	20.0	18.03	11.66	43.91	33.06	27.17	16.64	52.63	29.0	43.86	16.28	2.0	51.0	13.15	48.51	35.23	38.48	17.03	30.53	12.73	62.63	45.28	23.09	12.53	15.81	44.41	22.63	44.38	7.62	20.52	31.0	47.76	6.32	53.91	47.38	47.38	37.0	50.25	11.4	26.4	23.35	52.77	45.31	37.8	33.94	21.54	12.08	18.36	53.15	34.93	26.08	47.27	58.31	39.81	35.06	23.41	36.4	18.44	9.22	34.01	56.59	16.0	64.54	43.57	31.3	46.17	37.58	48.1	26.0	15.56	48.76	31.62	48.3	38.95	25.63	30.89	41.05	34.13	45.04	20.88	54.82	53.0	16.28	23.09	22.8	24.04	17.03	23.09	24.04	33.38	22.8	46.04	19.24	54.56	25.06	34.53	7.28	52.2	26.4	37.66	44.94	20.02	15.62	42.45	29.15	25.63	63.13	22.02	17.2	39.22	18.87	52.04	32.8	34.06	45.1	28.86	56.36	
40.31	59.68	36.77	0.0	18.11	55.01	65.3	10.77	66.85	28.16	34.18	53.46	47.8	30.27	28.23	33.53	46.69	36.0	33.54	39.62	54.41	43.01	35.11	34.53	30.61	25.3	8.94	40.71	18.38	37.54	59.82	14.87	58.14	52.81	38.63	32.57	41.87	39.66	43.42	2.24	21.21	60.03	33.97	35.36	19.24	59.81	24.35	21.59	50.0	50.04	57.71	42.54	49.0	38.01	58.83	32.98	27.02	51.86	19.0	14.32	20.22	48.1	63.16	51.04	57.38	58.18	19.42	58.86	42.43	38.29	25.08	44.42	2.0	12.0	43.93	36.22	3.61	41.68	42.76	4.12	46.0	40.61	3.0	27.46	34.06	35.9	11.4	6.0	49.68	2.0	19.03	45.12	45.1	63.95	24.33	63.06	56.65	58.22	50.7	13.89	17.0	47.51	28.64	21.93	31.58	33.3	13.89	40.79	51.09	53.24	24.19	60.75	34.67	56.57	48.17	55.95	27.07	61.74	34.41	32.76	40.71	58.08	7.62	57.31	35.51	35.38	17.72	7.62	26.93	34.71	33.96	52.15	27.17	18.44	49.68	60.3	41.18	48.27	21.84	68.8	
24.76	43.93	22.63	18.11	0.0	37.12	48.83	23.41	51.62	36.07	19.8	36.14	30.08	35.61	25.0	31.05	34.93	18.11	15.52	27.31	36.77	25.18	31.58	16.49	26.02	11.66	22.8	24.76	21.95	30.81	45.45	20.62	41.62	37.22	24.08	30.08	32.2	31.26	27.59	19.0	5.83	42.0	25.96	40.22	22.67	44.42	11.18	7.62	35.61	32.0	41.4	29.83	31.06	21.93	43.19	17.2	31.4	38.01	24.76	26.4	27.66	33.02	48.26	33.0	43.83	42.01	15.65	40.79	24.33	29.15	7.0	36.35	16.12	6.32	32.89	36.77	20.02	26.17	24.74	19.92	28.07	23.77	15.13	33.97	16.0	42.01	28.46	12.17	36.06	18.0	25.5	27.2	27.46	47.43	29.53	46.62	39.36	40.61	32.89	28.65	26.17	34.13	10.77	32.45	31.38	27.29	10.82	22.8	33.02	39.62	23.77	45.28	20.25	39.29	34.99	41.4	32.02	47.2	20.59	16.64	34.01	40.31	22.85	41.23	17.46	28.64	19.85	12.08	10.63	40.61	16.16	39.7	35.81	6.0	38.63	42.19	25.46	34.67	25.94	53.15	
29.0	32.25	24.7	55.01	37.12	0.0	31.14	60.02	39.0	68.94	25.5	6.32	16.64	66.65	51.62	55.8	41.88	19.03	23.09	38.21	17.26	12.0	54.82	22.14	42.72	31.78	59.68	27.59	50.6	40.36	38.83	51.66	27.17	16.76	23.02	55.22	34.71	47.38	27.8	56.08	34.06	5.83	37.2	69.97	55.71	20.02	32.76	34.23	34.44	5.83	28.28	26.91	6.08	27.66	32.39	24.04	62.61	37.16	58.52	59.44	61.68	18.87	24.19	5.0	40.8	29.27	47.17	11.4	14.76	35.38	30.15	50.45	53.01	43.01	42.8	63.01	57.14	29.07	15.81	56.08	9.06	16.16	52.01	66.21	21.21	72.56	64.28	49.01	37.12	55.08	59.46	15.56	10.2	30.07	55.95	30.02	21.1	5.0	15.23	62.97	57.28	37.22	27.89	67.36	58.52	40.8	43.42	17.49	5.66	25.3	47.42	20.1	32.8	7.07	38.08	22.36	63.51	25.02	34.21	23.77	51.62	3.61	58.31	29.43	21.19	39.82	53.14	48.04	31.95	71.2	23.77	29.15	63.56	37.12	45.28	8.6	28.32	36.72	52.92	38.12	
25.08	7.07	50.12	65.3	48.83	31.14	0.0	65.15	8.54	66.07	49.4	37.34	20.81	62.0	47.17	48.04	26.31	37.2	34.66	29.15	15.23	34.44	46.1	33.94	66.61	50.99	65.79	24.6	69.35	66.73	13.04	68.88	7.21	47.68	49.19	48.01	62.65	36.12	21.93	65.31	49.58	28.07	62.43	63.2	56.09	51.04	51.66	50.93	18.0	29.12	7.62	55.15	31.32	27.29	8.06	46.04	59.08	18.25	59.03	75.21	61.81	48.76	55.0	28.86	17.0	7.28	49.04	20.0	28.84	62.18	43.28	35.9	63.53	54.92	29.15	54.33	65.8	23.77	27.2	68.1	32.31	41.15	62.65	63.07	36.88	66.19	76.54	60.03	20.1	64.4	60.02	24.41	35.47	1.41	76.37	2.24	11.18	35.0	19.24	77.39	74.65	22.02	38.42	67.74	52.01	65.73	59.03	28.43	27.89	56.09	68.68	51.01	31.02	38.05	22.09	53.46	60.07	56.04	31.62	45.22	39.46	33.0	71.34	8.25	33.24	65.51	54.57	60.75	38.59	65.12	33.3	59.67	83.49	52.5	27.2	24.08	24.17	21.02	72.84	7.0	
40.26	58.87	44.94	10.77	23.41	60.02	65.15	0.0	65.31	17.46	42.19	59.48	50.09	20.0	21.93	26.08	43.27	41.23	37.22	37.12	56.32	48.27	28.02	38.21	41.05	33.29	2.0	41.0	29.15	47.8	57.71	25.63	58.24	60.37	46.65	25.24	51.62	34.71	43.42	8.54	28.18	64.5	43.93	25.02	11.4	67.54	32.45	29.15	48.33	54.59	57.57	51.4	53.94	38.64	57.94	40.25	17.26	49.65	9.85	24.02	10.05	55.95	71.2	55.58	54.71	57.87	16.16	62.0	46.17	48.1	30.08	38.9	11.66	18.87	40.22	27.2	7.28	41.48	46.04	14.32	50.99	47.17	12.21	17.03	38.83	25.32	17.72	14.14	47.41	8.94	9.49	48.0	50.7	63.89	34.93	62.94	57.87	63.79	53.08	22.2	27.29	45.18	32.25	11.18	23.26	43.6	23.35	44.05	55.44	61.85	34.89	68.43	34.21	62.64	45.65	64.14	17.12	69.97	33.53	39.81	34.71	63.35	17.03	56.92	39.2	45.61	11.4	17.03	29.0	24.19	37.05	61.22	37.01	26.08	45.61	64.12	41.23	46.07	32.57	67.62	
26.91	8.06	56.08	66.85	51.62	39.0	8.54	65.31	0.0	63.95	55.04	45.04	26.57	59.54	45.61	45.4	23.35	42.49	38.83	28.23	22.2	40.8	43.29	38.28	71.69	55.47	66.19	26.87	73.0	72.5	8.06	72.14	12.37	55.23	55.36	45.54	68.95	33.38	24.04	66.57	53.26	36.35	67.98	60.07	55.36	59.01	56.04	54.82	17.0	36.35	11.7	61.68	38.47	29.7	8.6	51.43	57.07	15.81	58.19	77.9	60.73	55.9	63.07	36.22	12.0	10.77	49.19	28.16	34.54	68.15	46.86	32.0	65.22	57.38	26.48	51.04	66.89	25.5	32.7	70.0	39.05	47.43	64.4	61.0	41.68	63.07	78.24	62.01	18.03	65.73	59.14	30.08	42.2	9.22	80.28	9.06	18.11	43.1	25.71	79.65	77.78	20.25	41.87	66.48	49.5	71.12	62.24	33.54	35.23	63.51	73.01	59.03	32.2	46.01	19.92	61.13	58.05	64.01	32.45	50.54	36.06	41.11	73.41	11.18	37.74	71.11	54.23	63.13	41.04	62.13	37.2	66.91	87.11	55.97	23.0	32.39	26.17	19.31	76.69	3.16	
43.57	59.14	58.69	28.16	36.07	68.94	66.07	17.46	63.95	0.0	55.87	69.84	55.79	5.0	19.03	18.68	40.61	51.62	46.07	37.0	61.0	58.18	20.88	46.96	57.71	47.42	19.42	44.72	46.49	64.14	55.9	43.01	60.01	72.8	60.14	18.44	67.2	30.59	46.39	25.96	41.73	72.45	59.91	8.54	13.6	80.0	46.75	43.19	48.09	63.16	59.0	65.8	63.07	43.17	58.14	53.15	7.0	48.37	11.31	41.3	8.6	68.88	84.02	64.08	52.17	59.01	21.95	68.15	54.23	63.82	41.4	32.89	28.79	33.6	37.48	15.0	24.74	44.41	53.49	31.78	60.37	58.82	29.15	3.0	48.88	8.0	34.01	30.41	46.27	26.25	10.63	54.71	60.9	65.03	52.39	64.03	61.4	73.35	58.69	39.01	44.72	44.18	41.68	7.07	14.56	60.03	39.45	51.62	63.69	75.69	52.0	80.8	37.85	72.95	44.28	77.34	6.0	83.1	36.67	52.5	28.46	72.5	34.37	58.01	47.85	61.91	16.4	33.54	37.12	7.07	45.19	75.69	54.23	40.46	41.48	71.17	44.55	45.18	50.0	66.75	
32.14	47.01	2.83	34.18	19.8	25.5	49.4	42.19	55.04	55.87	0.0	21.59	28.65	55.32	43.42	49.19	46.0	12.65	18.03	39.12	34.41	15.56	49.24	18.11	17.69	8.94	41.18	31.26	25.5	17.46	51.24	27.07	42.94	18.68	4.47	48.3	15.0	46.1	33.54	35.85	14.21	31.3	13.04	59.82	42.45	25.63	9.85	13.04	42.76	22.8	43.38	10.3	20.81	29.07	46.62	4.0	51.09	45.71	44.55	35.06	47.42	13.93	29.07	23.6	51.2	44.28	35.0	34.06	20.59	13.34	15.65	50.8	32.31	23.32	45.1	55.57	37.16	33.24	22.36	33.96	18.44	9.43	31.38	53.76	14.14	61.72	41.3	28.64	44.41	34.93	45.28	25.06	15.81	48.02	30.46	47.51	38.28	26.93	30.23	39.0	32.39	43.19	18.44	52.01	50.25	16.4	20.62	21.54	24.21	19.85	21.93	26.57	31.14	24.33	44.18	21.95	51.74	27.78	32.25	5.0	49.73	27.51	35.36	43.86	18.25	16.12	39.62	26.57	23.09	60.31	20.02	20.0	38.08	16.12	50.0	33.29	32.25	43.29	27.51	55.47	
32.45	38.05	20.25	53.46	36.14	6.32	37.34	59.48	45.04	69.84	21.59	0.0	21.19	67.96	53.41	58.05	46.07	18.38	23.85	41.62	23.02	11.66	57.28	23.02	38.01	29.02	58.94	31.06	47.07	35.0	44.41	48.51	33.02	10.44	18.38	57.38	29.0	50.61	31.76	54.74	32.25	11.4	32.25	71.61	56.36	14.32	30.02	32.06	39.22	9.49	34.06	21.26	8.06	30.61	38.12	21.02	63.81	42.06	59.03	56.44	62.17	12.81	18.68	9.22	46.1	35.06	47.89	17.72	17.03	30.0	29.41	54.08	51.48	41.59	46.65	65.19	55.9	32.76	18.6	54.08	9.9	13.0	50.49	67.23	21.02	74.06	62.0	47.52	41.79	53.76	59.93	19.24	8.94	36.22	51.87	36.12	27.0	5.39	20.4	60.21	53.94	41.63	28.18	67.62	60.44	35.85	41.0	19.85	10.2	18.97	43.32	14.56	35.38	3.16	42.54	16.12	64.66	19.24	36.8	21.0	54.82	6.4	56.0	35.13	22.2	34.67	53.67	46.17	32.76	72.67	25.0	22.85	59.46	35.13	49.66	14.76	31.91	41.23	49.04	44.28	
13.04	18.68	29.55	47.8	30.08	16.64	20.81	50.09	26.57	55.79	28.65	21.19	0.0	52.81	37.34	40.71	25.24	16.4	14.76	22.02	6.71	14.32	39.45	13.89	45.8	30.41	50.25	11.66	49.2	46.07	24.02	49.09	14.32	30.27	28.79	40.25	42.38	31.24	11.31	48.27	29.68	17.8	41.68	55.54	43.42	35.44	31.14	30.81	18.03	11.7	14.87	35.17	13.34	12.65	18.44	25.24	49.04	20.88	46.39	55.95	49.5	30.02	39.85	12.08	25.18	15.81	35.13	12.37	8.06	41.63	23.71	33.97	45.88	36.4	26.25	47.89	49.03	12.81	6.4	49.98	13.0	20.88	44.92	52.89	16.28	58.31	58.52	42.06	20.62	47.3	47.38	3.61	16.03	19.42	55.97	18.87	9.9	21.63	3.0	58.6	54.92	20.59	19.31	55.44	43.86	44.94	39.45	7.81	11.18	38.01	48.08	35.74	18.03	23.26	21.47	36.35	50.0	40.26	19.31	24.41	35.47	20.0	52.92	15.52	13.04	44.78	41.19	42.15	21.21	57.01	13.93	41.05	63.25	32.76	28.65	15.65	12.21	20.12	52.5	26.83	
40.26	55.01	58.14	30.27	35.61	66.65	62.0	20.0	59.54	5.0	55.32	67.96	52.81	0.0	15.52	14.14	36.22	50.0	44.1	33.14	57.72	56.3	16.28	44.94	58.69	47.2	22.0	41.48	48.27	64.85	51.48	44.91	56.14	71.59	59.46	14.04	67.42	26.17	42.95	28.16	41.4	69.86	60.42	5.1	13.04	78.75	46.62	43.01	44.0	60.83	55.08	65.44	60.9	40.16	54.01	52.35	4.24	44.1	11.7	44.01	10.05	67.9	82.88	61.72	47.68	55.04	20.52	65.15	51.88	64.14	40.31	28.16	30.59	34.0	33.14	10.0	27.07	41.0	50.99	34.13	58.31	57.49	30.81	3.16	47.2	6.4	37.34	31.62	42.05	28.28	11.4	52.0	59.08	61.01	54.59	60.01	57.87	71.2	55.66	42.11	47.17	40.01	40.0	11.18	10.05	60.84	40.31	49.19	61.27	75.01	53.45	79.51	34.79	71.02	40.05	76.38	3.61	82.07	33.53	51.62	23.77	70.24	37.01	54.04	45.79	62.61	15.81	34.79	35.23	5.0	43.05	75.29	57.01	40.5	36.88	68.35	41.23	41.01	51.97	62.39	
24.74	40.31	46.14	28.23	25.0	51.62	47.17	21.93	45.61	19.03	43.42	53.41	37.34	15.52	0.0	6.08	22.47	36.07	29.73	18.03	42.2	41.87	7.07	30.48	50.64	36.4	23.43	25.96	43.19	55.79	37.64	40.45	41.0	58.05	47.17	5.1	57.01	13.04	27.46	26.83	30.68	54.56	50.96	18.36	10.63	65.07	36.06	32.57	29.27	45.79	40.01	53.71	46.04	24.7	39.32	39.96	12.04	29.83	13.04	42.38	15.23	54.82	69.35	46.65	34.18	40.05	10.0	49.65	36.89	54.08	27.78	16.97	27.51	26.02	19.31	12.21	26.42	25.5	35.85	32.31	43.6	43.93	27.2	16.03	33.24	21.02	38.59	26.48	27.66	26.4	13.89	36.67	44.69	46.1	50.49	45.1	42.43	56.3	40.16	42.05	44.38	25.5	26.25	20.88	7.07	52.17	33.02	34.13	46.14	62.43	47.01	65.76	19.31	56.4	25.71	63.25	13.04	68.77	18.03	39.12	12.81	55.23	35.85	39.05	31.24	53.6	10.82	29.27	21.26	19.7	28.43	63.29	54.82	30.81	24.19	52.92	25.71	26.48	47.27	48.27	
27.73	41.01	51.88	33.53	31.05	55.8	48.04	26.08	45.4	18.68	49.19	58.05	40.71	14.14	6.08	0.0	22.09	41.23	34.71	19.65	44.94	46.67	2.24	35.38	56.72	42.38	27.78	29.07	49.09	61.85	37.34	46.27	42.43	63.25	52.84	1.0	62.97	12.04	30.08	31.95	36.69	58.31	57.01	15.3	14.76	70.18	42.06	38.6	30.07	50.0	41.3	59.48	50.45	28.3	40.01	45.65	12.08	30.02	16.4	47.8	17.69	60.22	74.52	50.8	33.54	41.19	16.03	52.8	41.23	60.08	33.54	14.32	32.98	32.06	19.03	7.21	31.38	28.23	40.0	37.64	48.17	49.2	32.76	15.81	38.42	18.25	43.38	32.25	28.0	31.62	17.03	40.5	49.5	47.1	56.32	46.1	44.64	60.61	43.38	47.17	50.01	26.02	31.62	22.47	4.12	58.25	39.05	38.42	50.22	67.96	53.04	70.84	23.02	60.96	26.0	68.6	13.0	74.03	21.63	44.78	9.85	59.41	41.11	40.2	36.07	59.67	15.81	35.13	26.63	17.12	33.24	68.96	60.42	36.88	22.8	56.36	28.64	27.02	53.15	48.26	
14.32	19.24	48.04	46.69	34.93	41.88	26.31	43.27	23.35	40.61	46.0	46.07	25.24	36.22	22.47	22.09	0.0	34.23	28.02	7.62	26.91	36.69	20.02	28.07	59.44	42.76	44.41	15.52	56.8	62.39	15.3	55.07	21.54	54.08	48.17	22.2	61.0	10.05	14.32	45.97	38.6	42.52	57.43	37.01	32.65	60.01	42.95	40.52	8.94	36.72	20.25	55.23	38.01	17.12	18.25	42.0	33.73	8.06	35.34	59.41	37.7	52.63	64.47	37.22	11.7	19.92	27.66	35.38	29.73	59.08	32.76	9.85	45.34	39.45	3.16	28.07	46.01	13.6	27.86	50.33	36.77	41.77	44.69	37.66	32.06	40.01	57.98	42.8	6.32	45.25	36.25	26.83	39.22	25.5	64.4	24.52	25.24	46.87	27.02	60.31	60.21	5.0	28.28	43.32	26.17	59.84	45.62	27.2	36.36	60.88	58.52	60.42	15.3	48.37	4.47	60.08	34.71	64.62	14.56	41.0	13.15	45.22	53.91	18.97	28.16	60.53	31.91	44.65	25.0	39.0	26.02	63.15	70.33	40.5	4.0	39.6	14.56	5.83	60.84	26.17	
20.02	34.44	14.14	36.0	18.11	19.03	37.2	41.23	42.49	51.62	12.65	18.38	16.4	50.0	36.07	41.23	34.23	0.0	6.71	27.89	22.63	7.07	40.8	6.32	29.41	14.42	40.79	19.0	33.62	30.08	38.6	34.01	30.53	22.02	14.0	40.46	27.29	35.85	21.1	37.05	15.3	24.08	25.5	53.91	38.08	29.0	15.26	15.81	30.27	14.14	30.89	21.02	13.0	17.12	34.01	8.94	45.8	33.24	40.71	41.44	43.83	19.24	33.3	15.13	38.64	31.76	29.68	24.17	8.49	25.96	11.18	40.16	34.0	24.0	33.73	48.17	38.12	21.0	10.0	37.22	10.0	8.06	33.0	49.09	2.83	56.22	45.54	30.0	32.06	36.06	41.59	12.81	9.49	35.81	40.0	35.23	26.25	22.56	18.38	44.64	39.81	31.0	10.0	49.24	43.14	28.65	25.0	8.94	15.3	27.31	31.89	29.7	20.25	21.54	32.0	27.46	46.62	32.8	21.54	8.06	39.81	22.2	39.62	31.3	6.08	28.64	35.36	29.15	14.87	54.82	8.54	29.12	47.43	18.44	38.21	24.74	20.0	31.02	36.62	43.05	
14.14	30.81	20.02	33.54	15.52	23.09	34.66	37.22	38.83	46.07	18.03	23.85	14.76	44.1	29.73	34.71	28.02	6.71	0.0	21.38	21.47	12.21	34.21	1.0	33.11	16.64	37.05	13.34	34.71	34.93	34.01	34.41	27.59	28.6	20.22	33.97	33.02	29.15	15.81	34.23	15.0	27.29	30.08	47.8	32.7	35.47	17.2	16.28	25.0	17.46	27.66	27.29	17.09	11.05	30.23	14.04	39.96	27.89	35.47	41.18	38.63	25.94	39.82	18.44	33.53	28.43	24.17	25.32	9.0	31.26	8.94	33.53	31.58	21.84	27.29	41.73	35.13	15.3	9.22	35.44	14.32	14.76	30.59	43.42	4.12	50.22	43.97	27.66	26.48	33.24	36.4	11.7	15.0	33.24	41.73	32.53	24.41	27.31	17.46	43.86	40.22	25.18	5.0	44.27	36.8	32.89	24.7	7.28	18.25	34.01	34.21	36.12	13.6	26.93	26.17	34.13	40.82	39.41	14.87	13.04	33.11	26.57	38.28	27.8	2.0	33.24	30.08	27.51	8.94	48.83	2.0	35.74	48.84	18.03	32.02	27.0	14.32	25.32	38.18	39.82	
9.22	22.36	41.3	39.62	27.31	38.21	29.15	37.12	28.23	37.0	39.12	41.62	22.02	33.14	18.03	19.65	7.62	27.89	21.38	0.0	25.5	31.3	18.03	21.59	51.97	35.36	38.08	10.63	49.19	55.15	20.59	47.51	23.02	48.75	41.59	19.42	54.08	9.22	10.82	39.05	31.05	39.82	50.16	34.93	27.2	55.07	35.51	32.98	11.4	32.65	22.0	48.66	33.6	11.18	21.38	35.13	30.0	12.53	30.08	52.01	32.76	46.82	59.54	33.3	17.8	22.02	21.1	33.62	24.7	52.0	25.32	12.53	38.18	31.91	6.0	26.57	39.2	9.22	23.02	43.14	31.91	35.74	37.48	34.0	25.5	37.85	50.99	35.47	10.3	38.29	31.05	22.67	34.0	28.07	56.8	27.07	25.0	43.19	24.41	53.08	52.7	8.06	21.02	38.64	23.35	52.47	38.01	21.95	32.56	55.03	50.92	55.57	8.0	44.2	8.6	54.63	31.0	59.48	7.07	34.13	13.45	41.73	46.69	21.02	21.84	53.24	26.0	37.2	17.46	36.67	19.42	57.01	62.77	32.89	11.4	37.44	9.9	8.94	53.23	30.68	
17.46	15.03	34.99	54.41	36.77	17.26	15.23	56.32	22.2	61.0	34.41	23.02	6.71	57.72	42.2	44.94	26.91	22.63	21.47	25.5	0.0	19.24	43.46	20.59	51.86	36.88	56.57	16.28	55.8	51.62	21.59	55.76	10.0	33.06	34.0	44.6	47.42	34.48	14.87	54.82	36.36	16.12	47.43	60.08	49.09	37.22	37.64	37.44	18.44	14.14	11.05	39.92	16.28	18.03	15.13	31.24	54.13	20.81	52.09	62.65	55.15	33.73	41.44	14.04	23.77	12.04	41.0	8.49	14.14	47.01	30.41	36.4	52.5	43.08	28.6	52.0	55.54	16.76	12.81	56.65	17.09	25.94	51.55	58.05	22.8	62.94	65.19	48.7	21.26	53.85	53.08	10.0	20.25	13.93	62.48	13.6	4.12	21.84	4.24	65.31	61.59	21.93	26.0	61.13	48.38	50.8	46.14	14.42	13.04	41.3	54.49	37.34	23.19	24.33	22.63	39.01	55.11	42.19	24.33	30.48	38.59	19.92	59.62	12.17	19.72	50.48	47.01	48.85	27.66	61.68	20.62	44.72	69.81	39.45	29.73	12.81	16.49	21.21	59.03	21.84	
22.47	32.98	15.81	43.01	25.18	12.0	34.44	48.27	40.8	58.18	15.56	11.66	14.32	56.3	41.87	46.67	36.69	7.07	12.21	31.3	19.24	0.0	46.01	11.4	33.24	20.25	47.85	21.19	39.4	32.45	38.21	40.16	28.46	17.46	14.76	45.97	28.23	39.96	22.56	44.1	22.09	17.26	28.43	60.0	44.72	23.85	21.19	22.36	31.14	7.62	29.12	20.88	6.08	20.12	32.76	13.04	52.15	34.13	47.42	47.8	50.57	16.12	28.3	8.54	39.0	30.08	36.24	18.6	7.07	27.78	18.25	43.83	41.01	31.02	36.77	53.76	45.18	23.09	9.06	44.1	3.16	6.71	40.01	55.57	9.49	62.43	52.35	37.01	33.38	43.1	48.33	11.05	2.83	33.11	45.28	32.7	23.26	15.52	15.23	51.2	45.88	32.76	16.55	56.08	48.92	31.89	31.58	9.49	8.94	24.33	36.89	24.41	24.41	14.76	33.73	23.41	53.0	28.18	25.81	12.53	44.1	15.13	46.39	29.83	10.63	31.4	42.05	36.06	21.1	61.03	13.45	27.02	52.84	25.18	40.52	18.38	22.14	32.56	42.06	40.85	
26.42	39.05	51.89	35.11	31.58	54.82	46.1	28.02	43.29	20.88	49.24	57.28	39.45	16.28	7.07	2.24	20.02	40.8	34.21	18.03	43.46	46.01	0.0	34.83	57.43	42.72	29.68	27.78	50.25	62.37	35.23	47.52	40.61	62.8	52.77	2.83	63.25	10.0	28.64	33.62	37.11	57.14	57.49	17.12	16.64	69.66	42.45	39.05	28.16	49.04	39.46	59.51	49.58	27.2	38.05	45.62	14.32	28.0	18.44	49.34	19.85	59.91	74.03	49.82	31.4	39.32	17.03	51.43	40.36	60.44	33.62	12.08	34.48	33.0	17.0	8.54	33.11	26.83	39.05	39.22	47.38	48.83	34.21	18.03	38.01	20.1	45.18	33.54	26.02	33.24	19.1	39.41	48.84	45.18	57.56	44.18	43.01	59.67	42.06	48.85	51.42	24.08	31.38	24.7	6.32	58.86	40.0	37.54	49.2	67.74	54.0	70.29	22.02	60.14	24.02	68.24	15.23	73.6	20.62	44.72	7.62	58.41	42.72	38.33	35.47	60.21	17.46	36.35	26.42	19.03	32.65	68.88	61.85	37.48	20.62	55.07	27.29	25.08	54.33	46.17	
14.04	30.23	20.0	34.53	16.49	22.14	33.94	38.21	38.28	46.96	18.11	23.02	13.89	44.94	30.48	35.38	28.07	6.32	1.0	21.59	20.59	11.4	34.83	0.0	33.54	17.2	38.05	13.15	35.47	35.17	33.62	35.23	26.91	28.02	20.1	34.66	33.06	29.55	15.52	35.23	15.81	26.31	30.36	48.6	33.62	34.83	17.8	17.03	24.74	16.49	27.02	27.17	16.16	11.0	29.68	14.14	40.82	27.66	36.4	42.06	39.56	25.5	39.2	17.46	33.24	27.8	25.08	24.33	8.0	31.4	9.85	33.84	32.56	22.8	27.46	42.43	36.12	15.13	8.25	36.4	13.42	14.32	31.58	44.29	4.0	51.04	44.92	28.64	26.31	34.23	37.34	10.77	14.21	32.53	42.43	31.83	23.6	26.4	16.55	44.78	41.05	25.08	6.0	45.22	37.54	33.24	25.55	6.32	17.26	33.62	34.83	35.47	13.93	26.08	26.08	33.62	41.68	38.83	15.23	13.15	33.54	25.63	39.22	27.2	1.0	33.53	31.02	28.46	9.85	49.65	2.24	35.44	49.58	18.87	32.06	26.0	14.14	25.18	38.9	39.2	
46.82	63.63	18.03	30.61	26.02	42.72	66.61	41.05	71.69	57.71	17.69	38.01	45.8	58.69	50.64	56.72	59.44	29.41	33.11	51.97	51.86	33.24	57.43	33.54	0.0	16.76	39.41	46.24	13.89	7.21	67.12	17.2	59.91	31.78	19.72	55.73	13.34	57.08	48.85	32.8	21.1	48.55	6.08	63.69	45.88	37.12	16.49	19.1	57.94	40.46	60.21	18.25	38.42	43.66	63.13	20.62	54.78	60.75	47.01	24.17	49.19	26.93	39.01	41.23	66.48	61.06	40.79	51.74	37.8	10.05	26.68	62.13	29.41	25.0	57.87	61.85	34.21	48.1	39.41	28.28	36.12	27.02	28.84	56.36	30.02	64.88	32.76	27.29	59.14	32.2	47.42	42.2	33.42	65.22	15.0	64.64	55.61	43.38	47.63	28.64	20.25	57.57	31.32	52.15	56.52	3.16	18.38	38.28	41.87	28.02	7.62	38.12	44.15	40.31	58.52	32.02	55.15	37.05	44.91	21.4	60.0	44.29	27.8	60.54	34.0	5.39	43.32	24.19	34.53	63.56	34.93	25.32	22.2	20.02	63.35	50.8	47.17	57.87	13.34	72.4	
30.08	47.43	11.66	25.3	11.66	31.78	50.99	33.29	55.47	47.42	8.94	29.02	30.41	47.2	36.4	42.38	42.76	14.42	16.64	35.36	36.88	20.25	42.72	17.2	16.76	0.0	32.25	29.55	19.24	20.02	50.54	19.92	44.05	27.51	13.42	41.44	20.62	41.05	32.2	26.93	5.83	37.36	15.03	51.87	34.21	34.54	1.0	4.24	41.23	27.86	44.2	18.38	26.25	26.93	46.87	8.0	43.01	44.01	36.12	27.66	38.9	22.85	38.01	28.79	49.77	45.0	27.29	38.47	22.8	17.72	10.05	46.01	23.41	14.42	41.3	48.33	28.23	31.38	24.08	25.32	23.41	16.03	22.47	45.45	14.14	53.6	33.02	19.7	42.38	26.0	36.8	26.91	21.59	49.58	25.61	48.92	40.31	34.13	32.65	31.26	25.63	40.8	14.56	43.28	42.95	17.12	12.04	22.63	29.15	28.6	17.69	35.47	27.46	32.0	41.76	30.89	43.6	36.72	28.28	8.06	44.28	34.37	27.02	44.41	17.8	18.0	31.4	17.72	18.03	52.2	18.36	28.28	33.02	7.21	46.69	38.63	30.46	41.11	22.2	56.4	
40.8	59.62	43.91	8.94	22.8	59.68	65.79	2.0	66.19	19.42	41.18	58.94	50.25	22.0	23.43	27.78	44.41	40.79	37.05	38.08	56.57	47.85	29.68	38.05	39.41	32.25	0.0	41.48	27.31	46.23	58.67	23.77	58.82	59.51	45.65	26.93	50.21	36.07	43.97	6.71	27.31	64.28	42.45	27.02	13.04	66.64	31.38	28.18	49.19	54.33	58.19	50.22	53.6	39.05	58.69	39.4	19.24	50.61	11.7	22.02	12.04	55.01	70.24	55.33	55.76	58.52	17.0	62.03	46.04	46.67	29.61	40.36	10.0	17.89	41.4	29.12	5.39	42.06	46.0	12.37	50.64	46.49	10.63	19.03	38.47	27.29	15.81	12.81	48.37	7.21	11.4	48.04	50.22	64.51	32.98	63.57	58.25	63.35	53.24	20.22	25.32	46.14	32.06	13.0	25.08	42.01	21.93	44.0	55.23	60.75	33.12	67.54	34.79	62.1	46.65	63.13	19.1	68.96	34.18	39.0	36.24	62.97	15.03	57.58	39.05	44.05	12.73	15.56	29.07	26.17	37.0	60.0	35.01	25.06	46.86	64.03	41.76	47.01	30.68	68.45	
1.41	19.21	33.06	40.71	24.76	27.59	24.6	41.0	26.87	44.72	31.26	31.06	11.66	41.48	25.96	29.07	15.52	19.0	13.34	10.63	16.28	21.19	27.78	13.15	46.24	29.55	41.48	0.0	46.23	48.27	21.1	45.28	17.46	38.63	33.0	28.64	46.17	19.8	2.83	40.72	26.63	29.41	43.42	44.01	33.0	44.72	29.97	28.3	11.7	22.02	17.0	40.01	23.02	2.83	18.44	27.29	37.85	14.56	36.0	51.09	39.01	37.11	49.19	22.67	20.25	17.49	25.18	23.77	14.32	44.55	20.25	23.02	38.95	30.61	15.65	36.24	41.23	2.0	12.53	43.57	21.47	26.31	38.08	41.77	17.12	46.82	51.97	35.51	13.15	39.81	37.0	12.04	23.77	23.26	53.6	22.36	17.03	32.56	14.32	53.01	50.91	12.0	15.26	45.01	32.31	46.17	35.38	11.7	21.93	45.35	46.65	45.18	7.0	33.6	13.0	44.6	38.83	49.24	8.06	26.31	24.04	31.11	46.87	16.64	13.04	46.57	31.06	36.4	14.21	45.54	11.4	47.68	60.31	29.21	19.42	27.29	1.0	12.04	50.0	28.43	
46.4	65.12	27.17	18.38	21.95	50.6	69.35	29.15	73.0	46.49	25.5	47.07	49.2	48.27	43.19	49.09	56.8	33.62	34.71	49.19	55.8	39.4	50.25	35.47	13.89	19.24	27.31	46.23	0.0	21.1	67.2	3.61	62.24	43.0	29.15	48.09	26.93	52.2	49.04	20.62	19.8	56.3	18.97	53.37	36.22	49.16	18.36	18.44	57.43	47.01	62.23	30.27	45.31	43.42	64.44	26.57	44.72	59.91	36.67	10.44	38.33	38.0	51.62	47.93	65.73	62.94	33.24	57.71	41.88	23.41	26.17	57.28	17.72	17.72	54.63	53.08	21.93	47.8	43.01	15.26	42.54	34.48	17.46	45.61	33.02	54.12	18.87	17.03	57.98	20.25	36.88	45.8	40.5	67.94	7.62	67.21	59.03	52.39	51.61	14.87	7.0	56.08	31.14	40.31	48.01	17.0	11.18	41.4	48.33	40.79	6.4	50.16	42.19	49.82	56.94	44.41	44.91	49.82	42.54	26.93	54.34	52.89	14.14	62.24	36.24	19.24	34.06	14.0	32.45	52.89	36.07	38.6	14.14	17.03	60.42	57.78	47.01	56.6	4.12	74.28	
49.03	64.47	16.64	37.54	30.81	40.36	66.73	47.8	72.5	64.14	17.46	35.0	46.07	64.85	55.79	61.85	62.39	30.08	34.93	55.15	51.62	32.45	62.37	35.17	7.21	20.02	46.23	48.27	21.1	0.0	68.62	24.41	60.37	27.31	17.8	60.88	7.07	61.07	50.7	39.7	25.32	46.1	5.0	69.78	51.89	31.78	20.1	23.35	59.91	39.05	60.84	13.89	36.88	45.89	64.08	21.19	60.84	62.82	53.24	31.3	55.57	22.83	33.14	39.7	68.41	61.74	46.17	50.33	38.01	5.0	30.0	66.03	36.24	30.87	61.13	67.36	41.11	50.22	39.81	35.38	35.0	25.81	35.61	62.65	31.32	71.12	39.96	33.84	61.39	39.05	53.71	42.49	32.02	65.37	21.38	64.88	55.57	40.22	47.51	35.78	27.31	60.02	34.13	58.82	61.98	4.24	24.7	39.0	40.46	22.2	14.76	32.76	47.17	36.89	61.0	26.48	61.27	31.06	48.09	22.14	64.28	41.4	35.0	61.33	35.44	2.24	49.24	30.81	38.0	69.77	36.88	19.0	28.02	25.0	66.37	48.8	49.24	60.21	20.25	72.9	
20.81	7.21	52.63	59.82	45.45	38.83	13.04	57.71	8.06	55.9	51.24	44.41	24.02	51.48	37.64	37.34	15.3	38.6	34.01	20.59	21.59	38.21	35.23	33.62	67.12	50.54	58.67	21.1	67.2	68.62	0.0	66.07	12.08	54.08	52.17	37.48	65.73	25.32	18.36	59.41	47.71	37.34	63.91	52.04	47.54	58.69	51.0	49.4	9.9	35.13	10.77	58.86	37.05	23.85	6.71	47.43	49.03	8.06	50.33	71.42	52.81	54.04	62.97	35.23	4.12	9.85	41.68	29.15	31.4	64.56	41.34	24.02	58.26	50.93	18.44	43.01	59.64	19.42	29.43	63.13	37.01	44.55	57.49	52.95	37.34	55.04	71.22	55.23	10.3	58.6	51.26	27.17	40.05	12.81	74.63	12.04	18.03	43.42	24.08	72.92	71.59	12.53	36.36	58.52	41.44	66.85	56.22	29.83	34.23	62.0	67.74	58.86	25.46	45.89	12.08	60.13	50.01	63.64	25.5	46.49	28.02	41.48	66.6	9.49	33.24	67.07	46.52	56.57	34.83	54.08	32.2	65.07	81.22	50.22	15.03	33.62	20.25	11.66	71.03	11.0	
45.34	64.35	29.0	14.87	20.62	51.66	68.88	25.63	72.14	43.01	27.07	48.51	49.09	44.91	40.45	46.27	55.07	34.01	34.41	47.51	55.76	40.16	47.52	35.23	17.2	19.92	23.77	45.28	3.61	24.41	66.07	0.0	61.72	45.1	31.0	45.28	29.97	49.98	48.1	17.09	19.42	57.28	21.93	50.01	33.06	51.48	18.97	18.36	56.22	47.76	61.62	32.76	46.17	42.45	63.64	27.66	41.44	58.6	33.38	8.0	34.93	40.11	54.13	48.7	64.4	62.29	30.59	58.18	42.06	26.4	25.61	55.03	14.32	15.65	52.77	50.01	18.38	46.75	43.05	11.66	43.32	35.69	14.14	42.2	33.12	50.7	15.65	14.04	56.61	16.76	33.54	45.79	41.48	67.48	10.05	66.71	58.82	53.76	51.62	12.17	5.83	54.64	30.48	36.77	45.01	20.25	9.9	41.34	49.04	43.42	9.9	52.47	40.8	51.35	55.47	46.87	41.59	52.39	41.05	27.89	51.92	54.13	10.63	61.55	36.06	22.47	31.0	11.18	31.24	49.48	35.61	41.44	15.26	16.4	58.59	58.52	46.01	55.22	7.07	73.55	
18.03	5.1	43.86	58.14	41.62	27.17	7.21	58.24	12.37	60.01	42.94	33.02	14.32	56.14	41.0	42.43	21.54	30.53	27.59	23.02	10.0	28.46	40.61	26.91	59.91	44.05	58.82	17.46	62.24	60.37	12.08	61.72	0.0	43.05	43.08	42.3	56.65	30.81	14.87	58.18	42.45	25.3	55.95	57.71	49.5	47.17	44.69	43.84	12.65	24.08	1.41	49.34	26.17	20.12	5.39	39.45	53.01	13.89	52.47	68.01	55.33	43.57	51.35	24.02	15.0	2.24	42.2	17.09	22.36	55.95	36.12	31.38	56.36	47.71	24.04	49.03	58.69	16.76	20.59	60.9	26.68	35.11	55.47	57.01	30.0	60.67	69.35	52.84	15.23	57.27	53.46	17.89	29.83	5.83	69.31	5.0	6.08	31.58	13.34	70.18	67.48	16.76	31.24	61.29	46.27	59.17	51.86	21.63	23.02	51.24	61.72	47.27	24.04	34.23	17.09	49.01	54.01	52.15	24.74	38.59	34.48	29.61	64.14	2.83	26.25	59.06	47.85	53.54	31.38	59.54	26.17	54.59	76.38	45.34	23.32	21.54	17.09	15.81	65.76	12.53	
39.92	48.01	16.28	52.81	37.22	16.76	47.68	60.37	55.23	72.8	18.68	10.44	30.27	71.59	58.05	63.25	54.08	22.02	28.6	48.75	33.06	17.46	62.8	28.02	31.78	27.51	59.51	38.63	43.0	27.31	54.08	45.1	43.05	0.0	14.32	62.48	20.59	57.31	39.85	54.42	32.2	21.47	25.71	75.69	59.2	7.21	28.46	31.38	48.05	19.0	44.01	13.6	17.03	37.58	48.0	20.12	67.36	50.99	61.61	53.08	64.64	5.0	11.31	19.03	55.44	45.01	51.09	28.16	24.35	22.47	31.4	61.27	50.92	41.63	54.23	70.18	55.71	40.5	26.25	52.63	17.46	14.14	49.98	70.43	24.84	77.9	59.84	47.17	50.45	53.49	62.43	27.66	14.87	46.53	46.53	46.39	37.12	14.42	30.02	57.22	50.0	50.0	31.83	69.64	65.12	29.12	39.29	26.93	20.02	8.54	38.21	8.06	41.68	10.82	50.96	6.08	68.12	10.82	43.05	20.59	61.4	16.12	53.94	45.0	27.46	27.51	56.4	45.22	36.8	76.49	30.23	12.53	53.94	34.54	57.87	25.08	39.56	49.73	44.18	54.59	
34.01	47.43	2.0	38.63	24.08	23.02	49.19	46.65	55.36	60.14	4.47	18.38	28.79	59.46	47.17	52.84	48.17	14.0	20.22	41.59	34.0	14.76	52.77	20.1	19.72	13.42	45.65	33.0	29.15	17.8	52.17	31.0	43.08	14.32	0.0	51.97	13.6	49.04	35.06	40.31	18.6	28.84	14.21	63.89	46.67	21.19	14.32	17.49	44.18	21.26	43.66	7.07	19.1	31.06	47.13	7.21	55.23	47.17	48.84	39.0	51.74	9.49	24.6	21.93	52.47	44.6	39.05	32.56	20.88	13.04	19.42	53.6	36.77	27.78	47.52	59.36	41.63	35.0	22.8	38.33	17.2	8.06	35.85	57.98	16.12	65.86	45.54	33.11	46.04	39.4	49.58	25.3	14.21	47.85	33.53	47.42	38.01	23.77	29.97	43.05	36.12	45.0	21.54	56.4	54.08	17.8	25.0	22.36	22.67	15.56	25.0	22.14	33.73	20.88	46.0	17.49	55.9	23.32	34.93	8.06	52.81	24.6	39.62	44.27	20.02	16.97	43.84	31.02	26.4	64.44	22.2	16.12	41.11	20.59	52.15	31.24	34.0	45.01	30.81	55.54	
27.31	41.0	51.0	32.57	30.08	55.22	48.01	25.24	45.54	18.44	48.3	57.38	40.25	14.04	5.1	1.0	22.2	40.46	33.97	19.42	44.6	45.97	2.83	34.66	55.73	41.44	26.93	28.64	48.09	60.88	37.48	45.28	42.3	62.48	51.97	0.0	62.03	12.17	29.73	31.02	35.74	57.8	56.04	15.52	13.89	69.43	41.11	37.64	30.02	49.41	41.19	58.59	49.82	27.78	40.0	44.78	11.7	30.07	15.62	46.84	17.03	59.41	73.76	50.22	33.73	41.11	15.03	52.39	40.61	59.14	32.65	14.76	32.02	31.06	19.1	7.81	30.46	27.86	39.41	36.69	47.51	48.41	31.78	15.52	37.64	18.44	42.49	31.26	28.02	30.68	16.28	39.96	48.8	47.04	55.33	46.04	44.38	60.0	42.95	46.24	49.03	26.0	30.81	21.95	4.0	57.27	38.05	37.8	49.65	67.12	52.04	70.09	22.47	60.31	26.02	67.8	12.65	73.25	21.1	43.91	10.3	58.82	40.16	40.11	35.36	58.69	14.87	34.13	25.81	17.26	32.53	68.1	59.44	35.9	23.09	55.9	28.23	27.0	52.15	48.37	
47.1	61.03	13.15	41.87	32.2	34.71	62.65	51.62	68.95	67.2	15.0	29.0	42.38	67.42	57.01	62.97	61.0	27.29	33.02	54.08	47.42	28.23	63.25	33.06	13.34	20.62	50.21	46.17	26.93	7.07	65.73	29.97	56.65	20.59	13.6	62.03	0.0	60.83	48.37	43.93	26.4	40.31	8.06	72.2	54.38	24.74	21.02	24.6	57.56	34.13	57.25	7.81	31.91	44.05	60.73	19.0	63.29	60.53	56.04	37.34	58.6	16.4	26.08	34.67	65.92	58.19	47.85	45.22	34.48	3.61	29.83	65.62	40.36	33.6	60.07	68.94	45.34	48.17	36.4	40.22	30.41	21.54	39.62	65.46	29.07	73.78	45.62	37.48	59.3	43.19	56.61	38.9	27.29	61.33	28.16	60.93	51.48	34.06	43.46	41.79	33.53	58.14	33.24	62.37	63.56	10.2	28.28	35.9	35.51	15.13	20.88	25.71	46.1	30.61	59.14	19.42	63.81	24.02	47.17	20.0	64.33	35.38	40.31	57.87	33.14	8.06	51.62	34.66	37.66	72.4	35.01	12.04	35.0	26.93	65.0	43.28	47.17	58.22	26.68	69.08	
18.38	29.07	48.51	39.66	31.26	47.38	36.12	34.71	33.38	30.59	46.1	50.61	31.24	26.17	13.04	12.04	10.05	35.85	29.15	9.22	34.48	39.96	10.0	29.55	57.08	41.05	36.07	19.8	52.2	61.07	25.32	49.98	30.81	57.31	49.04	12.17	60.83	0.0	20.0	38.6	36.01	49.04	56.08	27.07	23.6	63.81	41.01	38.01	18.25	41.77	29.61	56.04	42.64	20.0	28.07	42.2	23.77	18.0	26.08	53.24	28.18	55.04	68.26	42.45	21.59	29.43	20.25	42.72	33.6	58.42	31.14	5.1	38.59	34.48	7.0	18.25	38.42	18.44	32.02	43.57	40.8	43.86	38.08	27.66	33.24	30.07	50.61	36.67	16.03	38.01	26.93	31.83	42.72	35.23	59.77	34.23	33.62	52.35	33.6	53.54	54.63	14.14	27.66	33.62	16.12	58.0	41.23	30.81	41.73	63.16	54.92	64.35	15.65	53.26	14.04	63.06	24.74	68.1	14.32	41.23	4.24	50.91	47.17	28.44	29.97	59.03	23.35	39.0	23.19	29.02	27.31	64.85	65.0	37.22	11.18	46.62	19.1	15.13	56.32	36.22	
3.16	16.4	35.23	43.42	27.59	27.8	21.93	43.42	24.04	46.39	33.54	31.76	11.31	42.95	27.46	30.08	14.32	21.1	15.81	10.82	14.87	22.56	28.64	15.52	48.85	32.2	43.97	2.83	49.04	50.7	18.36	48.1	14.87	39.85	35.06	29.73	48.37	20.0	0.0	43.38	29.41	29.07	45.88	45.22	35.06	45.69	32.65	31.06	9.22	22.47	14.32	42.01	23.71	5.66	15.62	29.61	39.46	12.17	38.05	53.91	41.01	38.64	50.16	23.02	17.72	14.76	27.46	22.83	15.52	46.87	23.02	22.67	41.68	33.42	15.0	37.16	43.86	2.0	13.6	46.32	22.47	28.07	40.82	43.42	19.42	48.08	54.71	38.28	11.0	42.49	39.05	12.53	25.0	20.62	56.4	19.7	15.03	32.8	13.6	55.8	53.74	10.2	18.03	47.01	33.53	48.7	38.21	13.15	22.2	46.87	49.4	46.1	9.22	34.13	11.18	45.88	40.45	50.33	10.05	28.64	24.21	31.24	49.65	13.89	15.3	49.04	33.24	39.2	17.03	46.84	13.93	49.37	63.13	32.02	18.03	26.63	2.24	10.05	52.8	25.61	
40.25	59.54	38.48	2.24	19.0	56.08	65.31	8.54	66.57	25.96	35.85	54.74	48.27	28.16	26.83	31.95	45.97	37.05	34.23	39.05	54.82	44.1	33.62	35.23	32.8	26.93	6.71	40.72	20.62	39.7	59.41	17.09	58.18	54.42	40.31	31.02	43.93	38.6	43.38	0.0	22.56	61.0	36.07	33.24	17.46	61.47	26.0	23.09	49.65	51.0	57.7	44.42	50.04	38.08	58.67	34.48	25.0	51.4	17.03	16.12	18.11	49.77	64.88	52.0	56.85	58.14	18.44	59.54	43.19	40.36	26.0	43.27	3.61	13.15	43.14	34.37	1.41	41.59	43.42	6.0	47.04	41.98	4.47	25.32	35.0	33.73	12.04	7.28	49.2	1.0	17.0	45.71	46.27	63.98	26.48	63.07	56.92	59.41	51.2	15.23	19.03	47.01	29.27	19.7	29.83	35.47	15.81	41.44	52.01	55.07	26.42	62.39	34.48	57.87	47.63	57.7	25.02	63.51	34.13	34.21	39.45	59.21	9.22	57.25	36.22	37.54	16.16	9.43	27.2	32.56	34.53	54.08	29.07	19.92	48.84	61.13	41.15	47.8	24.04	68.6	
26.93	45.34	17.03	21.21	5.83	34.06	49.58	28.18	53.26	41.73	14.21	32.25	29.68	41.4	30.68	36.69	38.6	15.3	15.0	31.05	36.36	22.09	37.11	15.81	21.1	5.83	27.31	26.63	19.8	25.32	47.71	19.42	42.45	32.2	18.6	35.74	26.4	36.01	29.41	22.56	0.0	39.32	20.4	46.04	28.43	39.36	5.39	2.0	38.08	29.43	42.43	24.08	28.16	23.85	44.69	12.08	37.2	40.71	30.41	26.4	33.24	27.78	43.05	30.41	46.53	43.14	21.47	39.22	22.85	23.41	6.4	41.05	19.24	9.49	36.88	42.54	23.77	28.3	23.71	22.02	25.18	19.42	18.25	39.7	13.93	47.8	30.27	15.3	38.91	21.59	31.11	26.42	24.0	48.17	27.02	47.42	39.41	37.05	32.25	29.41	25.24	37.16	11.4	37.8	37.16	22.02	9.85	21.95	30.59	34.06	20.12	40.25	23.41	35.36	38.08	36.06	37.8	41.88	24.04	11.7	39.05	37.0	24.33	42.45	16.64	23.19	25.61	14.0	13.6	46.4	16.28	33.97	33.94	3.16	42.45	40.02	27.46	37.58	23.43	54.49	
30.81	30.36	30.53	60.03	42.0	5.83	28.07	64.5	36.35	72.45	31.3	11.4	17.8	69.86	54.56	58.31	42.52	24.08	27.29	39.82	16.12	17.26	57.14	26.31	48.55	37.36	64.28	29.41	56.3	46.1	37.34	57.28	25.3	21.47	28.84	57.8	40.31	49.04	29.07	61.0	39.32	0.0	43.01	72.9	59.48	23.35	38.33	39.62	34.41	10.0	26.57	32.53	11.18	30.02	30.68	29.73	65.92	36.89	62.36	65.0	65.52	24.21	27.07	9.0	39.81	27.51	50.96	8.25	18.44	41.11	35.0	51.62	58.03	48.04	43.84	65.51	62.01	30.61	18.97	61.29	14.14	21.93	57.04	69.64	26.0	75.58	69.58	54.04	37.2	60.0	63.32	17.89	15.81	27.17	61.74	27.29	19.31	7.28	15.56	68.45	62.94	37.64	32.25	71.31	61.29	46.62	48.84	20.88	9.06	29.97	53.23	23.19	35.36	10.77	38.42	26.57	66.85	28.28	36.72	29.41	53.26	5.39	63.64	27.86	25.32	45.61	57.01	53.24	35.9	74.25	27.66	34.0	69.35	42.43	45.61	4.0	30.0	37.01	58.69	35.06	
44.15	59.93	12.73	33.97	25.96	37.2	62.43	43.93	67.98	59.91	13.04	32.25	41.68	60.42	50.96	57.01	57.43	25.5	30.08	50.16	47.43	28.43	57.49	30.36	6.08	15.03	42.45	43.42	18.97	5.0	63.91	21.93	55.95	25.71	14.21	56.04	8.06	56.08	45.88	36.07	20.4	43.01	0.0	65.3	47.41	31.06	15.13	18.44	55.08	35.36	56.36	12.17	33.24	41.0	59.51	16.55	56.36	57.97	48.88	29.41	51.31	20.88	33.06	36.07	63.6	57.25	41.44	46.67	33.62	4.47	25.0	61.03	32.53	26.42	56.14	62.63	37.48	45.35	35.36	32.2	31.14	21.93	31.83	58.31	26.57	66.73	37.58	29.83	56.52	35.36	49.4	38.08	28.28	61.06	21.02	60.54	51.31	37.59	43.27	33.84	25.71	55.11	29.15	54.82	57.25	3.61	20.62	34.44	36.77	22.09	13.15	32.06	42.19	34.44	56.09	26.0	56.82	31.14	43.1	17.46	59.3	38.59	32.25	56.8	30.68	3.16	44.72	26.91	33.0	65.37	32.02	19.65	28.28	20.25	61.4	45.45	44.38	55.32	19.1	68.48	
42.72	56.14	62.63	35.36	40.22	69.97	63.2	25.02	60.07	8.54	59.82	71.61	55.54	5.1	18.36	15.3	37.01	53.91	47.8	34.93	60.08	60.0	17.12	48.6	63.69	51.87	27.02	44.01	53.37	69.78	52.04	50.01	57.71	75.69	63.89	15.52	72.2	27.07	45.22	33.24	46.04	72.9	65.3	0.0	17.89	82.81	51.31	47.71	45.28	64.14	56.57	70.0	64.35	42.95	55.15	56.73	8.94	45.04	16.76	49.04	15.13	72.14	87.0	65.0	48.09	56.44	24.84	67.78	55.23	68.96	44.6	28.16	35.69	38.91	34.06	9.06	32.14	43.32	54.2	39.2	61.85	61.55	35.9	8.0	51.09	3.0	42.19	36.69	43.1	33.38	16.49	55.01	62.8	62.29	59.68	61.29	59.91	74.63	58.31	47.04	52.24	41.19	43.93	15.52	11.7	65.8	45.31	52.48	64.5	79.4	58.52	83.55	37.58	74.63	41.11	80.62	8.54	86.27	36.25	55.97	24.02	73.57	42.05	55.44	49.41	67.54	20.59	39.85	39.05	2.24	46.62	79.81	62.03	45.28	37.12	71.18	43.66	42.19	57.07	63.03	
32.02	49.48	45.28	19.24	22.67	55.71	56.09	11.4	55.36	13.6	42.45	56.36	43.42	13.04	10.63	14.76	32.65	38.08	32.7	27.2	49.09	44.72	16.64	33.62	45.88	34.21	13.04	33.0	36.22	51.89	47.54	33.06	49.5	59.2	46.67	13.89	54.38	23.6	35.06	17.46	28.43	59.48	47.41	17.89	0.0	66.4	33.6	30.0	38.6	49.98	48.66	52.5	49.77	31.06	48.51	39.62	8.94	39.56	3.0	33.54	6.08	55.32	70.43	50.92	44.28	48.84	8.54	55.73	41.11	51.11	27.8	27.59	19.03	21.02	29.53	17.03	16.76	33.06	40.52	23.35	47.01	45.22	19.0	11.31	35.36	19.42	28.64	19.24	37.34	17.26	4.0	41.98	47.41	54.92	43.01	53.94	50.01	60.01	46.39	32.57	36.12	35.11	28.18	12.04	12.37	47.93	27.51	38.6	50.6	62.23	41.0	67.2	26.0	59.48	35.47	63.78	9.43	69.53	25.02	38.95	23.35	59.24	26.68	47.85	34.54	49.66	2.83	22.36	23.77	18.03	31.95	62.37	46.39	27.46	34.67	58.46	33.02	36.06	40.11	57.87	
46.07	52.24	23.09	59.81	44.42	20.02	51.04	67.54	59.01	80.0	25.63	14.32	35.44	78.75	65.07	70.18	60.01	29.0	35.47	55.07	37.22	23.85	69.66	34.83	37.12	34.54	66.64	44.72	49.16	31.78	58.69	51.48	47.17	7.21	21.19	69.43	24.74	63.81	45.69	61.47	39.36	23.35	31.06	82.81	66.4	0.0	35.47	38.48	53.45	23.77	48.26	19.0	22.14	43.91	52.35	27.29	74.52	56.32	68.82	59.41	71.85	11.7	4.47	23.54	60.42	49.25	58.26	31.06	30.41	27.29	38.6	67.6	57.94	48.75	60.37	77.16	62.77	46.52	32.2	59.48	23.26	21.26	57.01	77.62	31.83	85.04	66.49	54.23	55.97	60.54	69.63	33.24	21.1	50.01	52.09	50.0	41.11	16.12	34.71	63.64	56.14	55.71	38.9	76.85	72.14	34.23	46.17	33.12	24.52	9.85	44.0	1.0	48.26	13.0	56.65	5.39	75.29	5.0	49.65	27.78	67.96	18.11	60.64	49.37	34.21	32.39	63.6	52.2	43.84	83.63	37.01	13.89	59.3	41.63	63.69	27.29	45.62	55.36	50.0	58.03	
30.46	48.01	12.53	24.35	11.18	32.76	51.66	32.45	56.04	46.75	9.85	30.02	31.14	46.62	36.06	42.06	42.95	15.26	17.2	35.51	37.64	21.19	42.45	17.8	16.49	1.0	31.38	29.97	18.36	20.1	51.0	18.97	44.69	28.46	14.32	41.11	21.02	41.01	32.65	26.0	5.39	38.33	15.13	51.31	33.6	35.47	0.0	3.61	41.63	28.79	44.82	19.1	27.2	27.31	47.43	9.0	42.44	44.38	35.47	26.68	38.21	23.77	38.91	29.73	50.16	45.61	26.83	39.36	23.6	18.03	10.2	46.0	22.47	13.6	41.44	47.93	27.31	31.78	24.84	24.33	24.35	17.03	21.54	44.82	14.87	53.01	32.02	18.79	42.72	25.08	36.12	27.66	22.56	50.25	24.84	49.58	41.04	35.13	33.42	30.27	24.7	41.11	14.87	42.52	42.54	17.03	11.05	23.35	30.08	29.41	17.03	36.4	27.66	33.0	42.06	31.76	43.01	37.59	28.44	9.06	44.18	35.36	26.02	45.0	18.44	18.03	30.81	16.76	18.11	51.61	18.87	29.0	32.2	6.4	46.87	39.56	30.87	41.44	21.4	57.01	
28.65	46.86	15.81	21.59	7.62	34.23	50.93	29.15	54.82	43.19	13.04	32.06	30.81	43.01	32.57	38.6	40.52	15.81	16.28	32.98	37.44	22.36	39.05	17.03	19.1	4.24	28.18	28.3	18.44	23.35	49.4	18.36	43.84	31.38	17.49	37.64	24.6	38.01	31.06	23.09	2.0	39.62	18.44	47.71	30.0	38.48	3.61	0.0	39.82	29.83	43.86	22.63	28.44	25.55	46.23	11.4	38.83	42.49	31.89	25.63	34.66	26.83	42.06	30.81	48.3	44.6	23.26	39.92	23.71	21.54	8.06	43.05	19.65	10.3	38.83	44.38	24.35	30.02	24.7	22.02	25.5	19.1	18.68	41.23	14.76	49.41	30.07	15.81	40.72	22.14	32.56	27.46	24.08	49.52	25.5	48.8	40.61	37.0	33.29	28.86	24.19	39.0	13.04	39.05	39.0	20.02	9.22	23.02	31.05	32.8	18.36	39.4	25.3	35.13	39.92	34.99	39.41	40.82	25.96	11.18	41.05	37.05	24.08	43.93	17.8	21.21	27.2	14.14	15.52	48.01	17.69	32.53	32.56	3.16	44.38	40.52	29.15	39.4	21.93	55.97	
11.18	11.05	44.41	50.0	35.61	34.44	18.0	48.33	17.0	48.09	42.76	39.22	18.03	44.0	29.27	30.07	8.94	30.27	25.0	11.4	18.44	31.14	28.16	24.74	57.94	41.23	49.19	11.7	57.43	59.91	9.9	56.22	12.65	48.05	44.18	30.02	57.56	18.25	9.22	49.65	38.08	34.41	55.08	45.28	38.6	53.45	41.63	39.82	0.0	29.73	11.4	51.09	31.32	14.32	10.05	38.83	41.11	3.0	41.48	61.52	44.15	47.27	57.87	30.08	8.54	11.18	32.2	26.91	24.08	56.09	31.76	18.79	48.41	41.04	11.4	36.5	49.93	9.85	22.09	53.26	30.59	37.0	47.63	45.1	28.64	48.26	61.4	45.34	2.83	48.83	42.45	20.4	33.38	17.03	64.9	16.03	16.4	39.36	19.24	63.03	61.72	4.12	26.83	50.01	34.01	57.87	46.4	22.0	29.15	55.44	58.18	53.76	15.56	41.23	4.47	54.13	42.11	58.24	15.62	37.85	21.84	37.59	56.73	10.2	24.52	58.24	37.34	46.67	25.0	47.17	23.09	58.14	71.4	40.5	11.31	31.24	10.77	3.16	61.29	19.31	
