120
0.0	14.76	10.44	2.0	41.98	12.21	36.12	26.25	16.28	13.0	45.4	31.4	10.2	46.0	34.13	42.45	41.62	39.2	40.0	35.23	52.39	43.83	46.1	17.46	35.11	32.28	50.99	26.4	16.49	13.42	31.06	16.0	24.21	16.12	21.93	38.64	50.54	39.12	40.5	50.99	14.76	18.25	25.5	55.22	44.94	22.56	23.09	32.39	52.5	3.0	42.05	5.0	15.03	31.24	3.16	45.69	34.0	14.14	24.7	21.1	18.25	23.26	33.62	37.11	48.01	11.66	29.68	46.87	35.44	23.77	54.13	37.64	41.76	37.12	53.14	56.61	9.49	35.11	45.69	6.71	31.02	45.28	31.78	11.18	15.65	18.87	5.0	51.22	27.59	23.19	37.64	17.12	31.38	6.32	46.32	19.42	22.8	32.39	40.72	23.54	16.03	39.66	42.19	48.27	48.7	43.14	24.02	35.06	35.13	49.82	6.71	25.61	34.01	31.89	32.89	17.03	20.02	26.42	32.56	7.28	
14.76	0.0	10.44	15.81	34.23	26.93	22.02	12.21	5.0	2.24	38.64	18.11	15.3	41.11	28.79	34.06	29.15	24.76	25.5	23.09	41.77	29.21	40.26	32.2	26.02	24.33	43.1	32.2	19.24	13.04	18.68	7.62	30.46	9.49	13.6	31.58	52.35	27.2	44.2	52.4	14.0	11.18	16.12	42.49	45.45	35.06	21.93	19.1	51.87	13.6	43.84	17.46	28.64	37.12	12.65	46.75	37.01	9.06	14.0	20.52	32.57	26.93	22.36	29.27	43.32	13.34	34.13	39.2	27.17	17.46	43.17	23.35	33.02	22.36	53.01	43.83	22.36	36.07	35.36	8.06	26.83	31.24	22.8	25.63	9.22	29.15	19.72	38.08	13.89	10.77	29.07	6.4	16.64	11.4	38.05	29.27	31.78	22.47	30.27	37.95	15.0	43.6	38.91	34.99	39.12	29.21	22.02	23.77	22.36	47.41	20.62	34.21	24.02	18.79	33.94	15.62	9.22	16.0	23.02	15.0	
10.44	10.44	0.0	10.05	44.01	20.4	31.91	22.36	8.49	8.25	48.17	22.47	17.69	50.01	37.66	44.01	39.56	34.21	34.83	33.53	52.17	38.21	49.5	26.31	36.06	34.01	53.0	35.38	23.6	3.61	21.59	6.71	33.3	6.08	23.02	41.11	58.25	37.64	48.92	58.52	5.0	8.0	26.02	52.8	51.97	32.98	28.64	23.41	59.03	11.66	49.65	15.23	25.32	40.36	10.82	53.0	42.01	4.12	24.19	26.83	28.0	31.24	32.76	39.01	52.17	3.0	38.21	49.01	37.0	26.31	53.6	29.53	43.05	30.48	59.94	54.13	19.92	42.19	45.71	7.21	35.17	41.05	21.38	21.02	17.26	29.07	14.0	48.3	24.17	14.32	39.01	8.6	25.5	4.12	48.01	29.53	32.76	22.09	40.61	33.06	21.02	48.17	47.13	45.18	49.37	39.12	29.15	25.02	25.71	55.36	13.34	35.51	34.23	29.15	39.96	21.93	10.77	26.17	22.2	15.62	
2.0	15.81	10.05	0.0	43.93	11.18	37.48	27.59	16.76	13.89	47.38	31.78	12.17	48.0	36.12	44.38	43.27	40.46	41.23	36.89	54.23	45.0	48.09	16.76	37.0	34.21	52.95	28.02	18.44	12.65	31.26	16.12	25.81	16.0	23.77	40.61	52.33	40.82	42.19	52.8	13.93	18.03	27.31	56.86	46.82	23.09	25.08	32.76	54.41	5.0	43.86	6.4	15.3	32.8	5.1	47.54	35.78	14.0	26.42	23.09	18.03	25.08	35.36	39.05	50.01	10.77	31.38	48.84	37.36	25.71	55.95	38.28	43.68	38.08	55.03	58.25	10.3	37.0	47.54	7.81	33.02	46.67	31.4	11.0	17.46	20.0	4.12	52.8	29.0	23.54	39.56	17.46	32.45	6.0	48.27	20.62	24.08	32.14	42.54	23.19	18.03	41.34	44.18	49.82	50.6	44.55	26.02	35.0	35.36	51.79	5.0	26.91	35.85	33.42	34.79	19.03	20.22	28.18	32.25	9.22	
41.98	34.23	44.01	43.93	0.0	51.62	24.76	26.4	38.64	36.12	5.0	42.19	32.89	10.3	9.22	2.0	16.55	27.8	28.6	16.28	13.89	31.38	7.81	54.12	8.54	10.0	9.06	32.02	28.18	47.1	44.78	41.59	32.56	43.57	21.0	3.61	32.25	14.42	31.78	31.4	48.17	44.91	18.11	23.35	25.02	47.51	21.1	42.72	26.57	39.05	27.17	40.16	46.65	33.62	38.83	27.02	27.31	43.29	20.4	22.83	51.62	27.59	14.42	5.0	12.21	47.01	29.68	5.0	7.07	18.25	16.12	40.36	3.16	33.94	28.46	24.52	42.05	22.47	9.06	38.12	12.81	26.0	52.8	47.42	27.07	39.82	45.88	23.02	24.6	40.5	5.39	39.81	30.81	43.1	4.47	39.05	38.18	51.43	8.94	56.04	26.25	32.02	13.04	22.36	8.6	24.6	19.72	50.25	46.04	19.7	48.51	38.29	11.18	20.81	22.36	25.3	41.48	18.44	52.33	35.74	
12.21	26.93	20.4	11.18	51.62	0.0	48.27	38.42	27.86	25.06	54.41	42.72	18.79	53.94	43.01	52.39	53.26	51.4	52.2	46.86	63.13	56.04	54.57	6.0	45.65	42.49	60.41	28.64	23.77	22.02	41.98	26.93	26.48	26.48	33.02	48.1	53.6	50.61	42.72	54.34	23.0	28.28	36.62	66.84	49.37	16.97	31.05	43.68	57.31	14.14	45.71	11.66	9.43	32.57	14.87	49.65	37.48	24.52	36.24	29.12	8.94	28.0	45.0	47.01	55.73	20.02	32.56	56.3	45.62	34.0	65.0	49.4	51.89	49.24	57.56	68.25	10.05	40.05	56.44	18.87	39.56	57.38	41.0	5.1	27.02	18.03	7.21	63.03	39.7	34.48	47.85	28.46	43.57	16.76	56.08	18.97	22.47	42.05	51.62	13.15	25.5	41.76	49.37	60.14	59.03	55.23	32.28	45.28	46.1	56.01	7.07	25.08	44.94	43.84	38.01	26.4	31.05	37.8	42.01	16.12	
36.12	22.02	31.91	37.48	24.76	48.27	0.0	9.9	23.71	24.21	29.7	19.42	32.2	34.83	26.0	23.35	10.44	4.0	5.0	8.6	24.74	9.06	32.56	53.01	17.49	19.31	31.06	43.1	32.02	33.54	22.36	26.4	42.3	28.23	18.44	24.41	54.23	10.82	50.01	53.71	34.01	28.46	16.03	21.59	46.62	52.55	29.02	19.65	50.25	34.21	47.13	37.44	47.89	47.0	33.42	48.47	43.42	29.07	14.32	29.15	52.48	37.12	11.18	21.63	36.88	34.48	43.01	28.43	19.72	21.02	25.32	15.81	21.93	9.22	51.97	22.8	41.68	40.02	20.12	29.7	26.93	9.22	31.26	46.04	22.36	45.22	41.11	16.76	8.6	21.38	20.0	24.17	8.0	33.42	26.4	44.92	46.1	29.43	16.4	57.8	27.2	49.82	35.85	13.6	24.6	7.21	28.0	27.2	22.47	43.83	42.43	47.68	14.76	6.0	38.64	26.93	24.04	14.04	30.41	33.62	
26.25	12.21	22.36	27.59	26.4	38.42	9.9	0.0	14.56	14.42	31.3	16.28	23.09	35.23	24.04	25.63	17.46	13.04	13.89	12.0	31.02	17.89	33.62	43.27	17.89	17.8	34.48	36.22	24.02	24.35	18.6	17.46	35.06	19.42	11.4	24.7	51.31	16.03	45.31	51.04	25.0	20.1	10.82	30.46	43.83	43.68	22.8	16.97	48.84	24.41	43.42	27.78	38.48	40.61	23.6	45.49	38.28	19.92	8.06	22.36	42.94	30.27	12.37	21.95	37.44	25.08	36.88	31.02	19.72	15.23	32.14	17.09	24.35	13.0	50.33	31.78	32.2	35.78	25.08	19.8	23.6	19.1	26.4	36.36	13.34	36.67	31.24	25.94	2.0	14.32	21.02	15.3	7.07	23.6	29.41	36.5	38.12	25.06	20.22	48.3	19.03	44.94	34.66	22.83	29.27	17.03	22.14	24.21	20.52	43.19	32.53	40.01	15.23	7.07	34.01	19.0	16.0	9.22	25.94	24.17	
16.28	5.0	8.49	16.76	38.64	27.86	23.71	14.56	0.0	4.47	43.17	15.13	19.31	45.88	33.62	38.33	32.02	25.81	26.4	26.31	45.28	29.73	44.92	33.53	30.27	28.86	47.38	36.72	23.85	9.85	15.03	3.0	34.89	5.0	18.38	36.14	57.31	30.41	49.04	57.38	10.44	6.32	20.62	44.94	50.45	38.05	26.91	16.12	56.86	16.0	48.8	20.0	31.06	41.68	15.0	51.74	41.87	5.39	18.25	25.46	34.53	31.62	26.02	33.73	48.1	10.82	38.83	43.57	31.58	22.36	46.53	21.54	37.22	22.02	58.01	46.24	25.0	41.04	39.05	10.0	31.76	32.76	18.03	27.46	14.21	32.76	20.88	40.31	16.49	7.0	33.38	1.41	17.03	11.18	42.3	32.98	35.74	17.89	34.01	39.81	19.85	48.41	43.83	37.16	43.0	30.89	27.02	19.65	19.0	52.35	21.02	38.28	28.07	21.59	38.9	20.52	4.47	20.22	18.36	18.44	
13.0	2.24	8.25	13.89	36.12	25.06	24.21	14.42	4.47	0.0	40.45	19.0	14.87	42.72	30.36	36.01	31.38	26.87	27.59	25.3	43.93	31.24	41.98	30.46	28.0	26.17	45.04	32.25	19.42	11.0	19.24	6.4	30.41	8.06	15.3	33.38	53.15	29.41	44.69	53.26	12.04	10.0	18.03	44.72	46.4	34.0	22.8	20.0	53.0	12.17	44.6	16.12	27.29	37.22	11.18	47.63	37.54	7.28	16.03	21.26	31.05	27.2	24.52	31.14	44.92	11.18	34.41	41.11	29.07	18.97	45.35	24.74	35.0	24.19	54.08	46.07	21.1	36.88	37.48	6.32	28.23	33.42	22.47	24.04	10.3	28.44	17.89	40.31	16.12	11.18	31.02	5.83	18.6	9.22	40.01	28.64	31.32	22.36	32.39	36.4	15.56	44.05	40.31	37.22	41.19	31.4	23.02	24.04	23.09	48.75	18.6	33.84	26.08	21.02	34.71	16.28	8.94	18.03	22.83	14.14	
45.4	38.64	48.17	47.38	5.0	54.41	29.7	31.3	43.17	40.45	0.0	47.17	35.9	6.08	11.4	6.4	21.1	32.65	33.42	21.26	15.3	36.06	3.16	56.46	13.42	14.32	6.4	32.56	30.68	51.35	49.74	46.1	33.42	48.05	25.18	7.07	29.0	19.21	30.08	28.02	52.47	49.48	22.56	26.0	22.2	48.83	23.41	47.71	22.56	42.43	25.0	43.17	48.75	33.42	42.3	24.19	26.63	47.68	25.0	25.3	53.67	28.84	19.42	9.49	7.62	51.16	29.73	3.16	11.7	22.0	17.46	45.34	7.81	38.9	24.52	27.02	44.6	21.63	12.37	42.0	14.87	30.41	57.7	49.98	31.02	41.34	49.03	26.48	29.53	45.31	10.3	44.38	35.81	47.0	5.0	40.5	39.2	56.36	13.6	57.8	29.43	30.46	10.44	26.25	10.05	29.15	22.14	55.23	51.04	15.52	51.79	38.95	16.12	25.81	22.02	28.44	46.17	23.09	57.25	38.83	
31.4	18.11	22.47	31.78	42.19	42.72	19.42	16.28	15.13	19.0	47.17	0.0	33.38	51.4	40.31	41.18	29.83	19.0	19.03	26.4	44.15	20.62	49.65	48.51	33.84	34.06	49.66	49.65	36.69	21.95	3.0	15.81	48.08	16.55	26.63	40.8	67.2	29.73	60.42	67.01	21.63	15.26	26.91	40.01	59.82	53.0	37.59	1.0	65.07	31.06	59.08	35.06	46.17	54.42	30.07	61.4	53.24	18.38	24.08	36.67	49.65	44.01	27.78	38.01	53.6	23.71	51.08	46.53	35.81	30.81	44.72	7.81	39.82	12.17	66.53	41.05	40.05	51.31	39.22	25.08	39.7	26.08	12.0	42.58	25.63	47.27	35.9	35.01	17.8	8.25	36.89	14.32	11.7	25.96	44.72	47.38	49.82	10.05	34.93	54.92	31.95	59.94	50.93	32.0	43.66	25.0	37.22	8.06	4.47	59.46	35.74	52.17	31.06	21.47	49.4	32.31	11.7	25.46	11.05	33.06	
10.2	15.3	17.69	12.17	32.89	18.79	32.2	23.09	19.31	14.87	35.9	33.38	0.0	36.06	24.52	33.62	35.38	35.85	36.77	29.07	44.42	40.85	36.35	22.02	26.93	23.71	41.76	17.8	6.32	21.26	33.96	20.59	15.81	21.63	14.87	29.41	40.82	32.53	31.24	41.18	22.67	23.85	18.38	48.8	34.93	20.62	13.0	34.37	42.38	7.28	32.25	7.28	15.81	22.8	7.62	35.78	24.41	20.0	18.6	11.0	20.62	13.6	26.87	28.23	38.01	20.0	20.52	37.64	26.83	15.26	46.32	38.01	33.11	35.69	43.08	50.21	9.9	25.08	37.74	10.63	21.21	40.82	37.12	15.0	9.85	14.0	13.15	45.34	23.77	25.96	29.07	20.62	29.61	14.42	37.34	14.04	16.49	37.16	33.02	25.81	6.71	30.48	32.06	42.64	40.25	38.59	14.04	38.9	37.66	39.62	16.03	18.97	26.4	26.93	22.85	7.62	23.77	19.85	37.58	3.0	
46.0	41.11	50.01	48.0	10.3	53.94	34.83	35.23	45.88	42.72	6.08	51.4	36.06	0.0	12.37	12.08	26.83	38.01	38.83	26.25	21.1	41.68	3.0	55.36	17.69	17.49	10.77	29.68	30.27	53.37	53.82	48.7	30.89	50.6	27.51	10.63	23.02	24.7	25.06	22.0	54.57	52.2	25.5	32.02	16.49	46.53	23.09	52.01	16.49	43.0	19.7	43.19	47.43	29.73	43.01	18.44	22.63	50.0	28.18	25.08	52.2	26.93	24.04	13.45	2.24	52.95	26.4	9.0	15.62	23.77	23.19	50.21	13.42	43.93	18.44	33.0	43.93	17.69	18.44	43.42	15.03	36.25	61.4	49.24	32.76	39.4	49.16	32.56	33.6	48.76	14.87	47.17	40.36	48.37	11.05	38.48	36.72	60.21	19.24	55.95	30.02	25.55	5.66	32.28	16.0	34.89	22.02	59.41	55.44	9.49	52.09	36.06	20.52	30.41	18.6	29.02	49.24	26.42	61.06	39.05	
34.13	28.79	37.66	36.12	9.22	43.01	26.0	24.04	33.62	30.36	11.4	40.31	24.52	12.37	0.0	10.63	21.0	29.73	30.68	17.72	22.8	34.21	12.0	45.19	9.06	6.71	17.46	23.02	19.31	41.0	42.52	36.4	23.43	38.28	15.23	5.66	28.23	18.03	25.0	27.73	42.2	39.92	13.6	31.02	20.62	38.29	12.08	41.01	24.84	31.14	21.38	31.78	37.59	25.08	31.06	22.47	19.42	37.64	16.4	13.93	42.54	18.38	14.87	6.32	14.56	40.61	21.02	13.42	7.0	11.4	25.0	40.22	10.82	34.48	26.4	32.31	33.24	15.03	17.0	31.14	3.61	30.15	49.65	38.63	20.4	30.61	37.66	29.61	22.67	36.89	8.25	34.93	30.0	36.12	13.6	29.83	29.0	48.6	14.32	46.87	18.11	25.02	10.63	28.16	17.69	28.28	10.77	48.17	44.55	19.21	40.45	29.21	11.4	20.59	14.32	17.12	37.12	14.87	49.41	27.46	
42.45	34.06	44.01	44.38	2.0	52.39	23.35	25.63	38.33	36.01	6.4	41.18	33.62	12.08	10.63	0.0	14.76	26.25	27.02	15.0	12.21	29.68	9.43	55.07	8.06	10.2	9.06	33.6	29.15	47.01	43.83	41.3	34.06	43.29	21.1	5.0	34.23	12.81	33.73	33.38	48.04	44.55	18.0	21.38	27.02	48.84	22.2	41.68	28.46	39.56	29.15	40.85	47.71	35.36	39.29	29.02	29.15	43.1	20.1	23.85	52.7	29.0	13.42	5.39	13.89	47.01	31.38	5.39	7.07	18.68	14.42	39.05	1.41	32.56	30.36	22.56	42.94	24.35	7.07	38.33	14.14	24.17	52.0	48.3	27.29	41.11	46.49	21.02	23.77	39.85	5.0	39.46	29.68	43.29	4.0	40.36	39.62	50.57	7.21	57.2	26.93	33.96	15.03	20.4	7.07	22.83	20.81	49.24	44.94	21.54	49.04	39.82	10.44	19.72	24.17	26.0	41.0	18.11	51.48	36.4	
41.62	29.15	39.56	43.27	16.55	53.26	10.44	17.46	32.02	31.38	21.1	29.83	35.38	26.83	21.0	14.76	0.0	12.21	12.81	6.4	14.32	15.0	24.19	57.28	12.04	15.3	21.26	42.06	33.29	41.76	32.76	34.93	41.79	36.88	20.52	17.46	48.27	3.16	46.0	47.54	42.45	37.48	17.03	13.6	40.79	54.38	28.23	30.08	43.08	39.2	42.19	41.77	51.09	45.12	38.6	42.76	40.2	37.36	17.03	29.07	55.97	36.4	8.6	15.13	28.65	42.38	41.0	19.21	14.0	21.1	15.03	25.94	13.42	19.24	44.94	15.0	45.28	36.01	10.0	35.85	23.19	9.49	41.59	50.21	26.25	46.65	46.4	10.0	15.52	31.02	13.15	32.76	18.25	40.25	17.03	46.14	46.52	39.81	7.62	61.07	29.21	46.01	29.12	7.62	14.42	8.06	26.93	37.64	32.89	36.25	48.26	47.54	10.44	10.44	35.13	28.6	33.24	15.56	40.79	37.48	
39.2	24.76	34.21	40.46	27.8	51.4	4.0	13.04	25.81	26.87	32.65	19.0	35.85	38.01	29.73	26.25	12.21	0.0	1.0	12.08	26.0	5.1	35.61	56.3	21.02	23.09	33.42	47.1	35.9	35.51	22.0	28.3	46.27	30.02	22.36	27.78	57.94	13.45	53.94	57.38	35.85	29.97	20.02	21.02	50.33	56.3	33.02	19.03	53.71	37.44	50.96	40.82	51.43	51.0	36.62	52.2	47.38	31.06	18.25	33.14	55.95	41.11	14.87	25.06	40.0	36.62	47.01	31.11	23.26	25.02	26.25	13.93	24.84	7.28	55.47	22.09	45.18	43.93	22.2	32.65	30.81	7.28	31.0	49.4	26.0	49.04	44.2	16.03	12.08	22.47	23.32	26.08	8.94	36.07	29.0	48.76	50.01	29.02	19.1	61.29	31.05	53.76	39.36	13.0	26.63	6.0	32.0	26.31	21.38	47.17	45.34	51.62	18.38	10.0	42.58	30.81	25.5	18.03	30.02	37.12	
40.0	25.5	34.83	41.23	28.6	52.2	5.0	13.89	26.4	27.59	33.42	19.03	36.77	38.83	30.68	27.02	12.81	1.0	0.0	13.0	26.4	4.12	36.4	57.14	21.93	24.04	34.06	48.09	36.88	36.06	22.02	28.84	47.27	30.53	23.35	28.65	58.87	14.21	54.92	58.31	36.36	30.41	21.02	21.0	51.26	57.25	34.01	19.0	54.59	38.28	51.92	41.68	52.33	52.0	37.44	53.14	48.37	31.62	19.24	34.13	56.82	42.11	15.81	25.94	40.8	37.2	48.01	31.83	24.17	26.02	26.57	13.6	25.61	7.07	56.36	22.02	46.07	44.91	22.8	33.42	31.78	7.07	31.02	50.25	26.93	50.0	45.0	16.0	13.0	22.85	24.19	26.63	9.43	36.77	29.7	49.73	50.99	29.0	19.85	62.18	32.02	54.74	40.25	13.04	27.2	6.08	33.0	26.17	21.21	48.02	46.1	52.61	19.31	11.0	43.57	31.78	25.94	19.03	30.0	38.01	
35.23	23.09	33.53	36.89	16.28	46.86	8.6	12.0	26.31	25.3	21.26	26.4	29.07	26.25	17.72	15.0	6.4	12.08	13.0	0.0	19.03	16.49	24.04	50.91	8.94	11.18	23.26	36.88	27.29	35.9	29.15	29.27	36.4	31.26	14.21	15.81	45.88	4.12	42.3	45.31	36.67	32.06	10.82	20.0	38.28	48.37	22.8	26.83	41.68	32.8	39.05	35.38	44.82	40.31	32.2	40.16	36.01	31.58	10.63	23.41	49.68	31.05	3.0	13.04	28.32	36.4	36.22	20.25	11.18	15.23	20.22	24.08	13.6	17.69	43.42	21.4	38.95	32.25	13.15	29.53	19.1	13.15	37.64	43.84	19.85	40.71	40.0	16.28	10.0	26.17	11.4	27.17	14.76	34.01	18.36	40.25	40.85	36.06	8.54	54.82	23.02	42.19	27.29	13.6	17.46	11.05	21.59	34.44	30.02	35.23	41.88	42.06	6.32	5.1	31.06	22.47	28.0	9.22	37.0	31.11	
52.39	41.77	52.17	54.23	13.89	63.13	24.74	31.02	45.28	43.93	15.3	44.15	44.42	21.1	22.8	12.21	14.32	26.0	26.4	19.03	0.0	27.46	18.11	66.29	17.49	20.81	11.18	45.8	40.61	54.74	47.07	48.26	46.23	50.25	30.46	17.2	44.1	15.0	45.22	43.05	55.58	51.09	26.93	11.4	37.48	60.81	33.97	44.38	37.05	49.66	40.26	51.48	59.2	47.51	49.24	39.46	41.15	50.49	28.16	35.47	64.2	41.11	19.42	16.97	22.0	55.11	43.57	12.17	17.8	29.15	2.24	39.92	12.04	33.24	39.05	12.17	54.08	36.25	6.71	47.43	26.25	20.81	55.9	59.36	36.77	53.04	56.8	13.6	29.02	45.04	15.62	46.17	32.56	52.2	10.44	52.33	51.74	54.13	11.7	68.88	37.74	45.54	25.71	14.87	5.39	20.59	32.56	51.92	47.13	30.02	59.09	52.01	18.38	24.0	36.24	36.89	47.01	26.25	55.11	47.01	
43.83	29.21	38.21	45.0	31.38	56.04	9.06	17.89	29.73	31.24	36.06	20.62	40.85	41.68	34.21	29.68	15.0	5.1	4.12	16.49	27.46	0.0	39.12	61.06	25.3	27.66	36.07	52.15	41.0	39.2	23.54	32.02	51.35	33.6	27.46	31.78	62.3	17.0	58.69	61.68	39.41	33.29	25.08	20.4	54.71	61.35	38.05	20.4	57.7	42.19	55.54	45.65	56.36	56.01	41.34	56.61	52.24	34.83	23.35	38.21	60.83	46.17	19.42	29.15	43.57	40.46	52.0	34.21	27.51	30.07	27.29	14.0	28.3	8.54	59.51	21.21	50.09	48.66	24.76	37.2	35.51	6.71	32.39	54.2	31.02	54.12	48.83	15.52	17.09	25.55	27.31	29.83	12.73	40.36	32.02	53.85	55.11	30.27	22.47	66.19	36.14	58.55	43.46	13.0	29.0	7.07	37.01	27.02	22.02	51.0	49.82	56.72	22.8	15.03	47.38	35.9	28.84	23.09	31.26	42.05	
46.1	40.26	49.5	48.09	7.81	54.57	32.56	33.62	44.92	41.98	3.16	49.65	36.35	3.0	12.0	9.43	24.19	35.61	36.4	24.04	18.11	39.12	0.0	56.3	15.81	16.16	8.06	31.4	30.81	52.77	52.15	47.8	32.45	49.73	26.68	8.94	26.02	22.2	27.73	25.0	53.94	51.24	24.35	29.02	19.42	48.02	23.54	50.22	19.42	43.1	22.47	43.57	48.47	31.83	43.05	21.38	24.84	49.24	26.93	25.5	53.31	28.18	22.02	11.66	4.47	52.47	28.32	6.0	13.89	23.19	20.22	48.1	10.82	41.73	21.38	30.0	44.64	19.85	15.52	43.1	15.13	33.54	59.94	50.0	32.25	40.71	49.5	29.61	31.91	47.42	12.81	46.17	38.42	48.09	8.06	39.82	38.28	58.67	16.64	57.25	30.07	28.18	8.06	29.41	13.0	32.25	22.36	57.69	53.6	12.37	52.35	37.8	18.6	28.43	20.52	29.07	48.1	25.08	59.54	39.32	
17.46	32.2	26.31	16.76	54.12	6.0	53.01	43.27	33.53	30.46	56.46	48.51	22.02	55.36	45.19	55.07	57.28	56.3	57.14	50.91	66.29	61.06	56.3	0.0	48.83	45.49	62.65	28.0	25.94	28.02	47.85	32.76	26.02	32.39	36.8	50.54	52.47	54.49	41.44	53.34	29.0	34.23	40.36	70.77	49.0	13.42	33.11	49.48	57.0	18.87	45.04	15.62	8.06	31.26	19.72	49.04	37.0	30.41	40.31	31.3	4.47	28.64	48.84	49.74	57.01	26.02	32.0	58.6	48.55	37.2	68.24	55.03	54.71	54.56	57.04	72.18	12.21	40.2	59.64	24.17	41.63	62.01	47.0	7.07	31.14	17.0	12.65	67.18	44.41	40.26	50.77	34.21	48.76	22.56	58.59	18.0	21.1	48.04	55.0	7.28	28.6	40.45	50.45	64.38	61.91	59.82	34.44	51.24	51.97	56.44	13.04	23.35	48.41	48.27	38.33	29.41	36.88	41.73	48.01	19.8	
35.11	26.02	36.06	37.0	8.54	45.65	17.49	17.89	30.27	28.0	13.42	33.84	26.93	17.69	9.06	8.06	12.04	21.02	21.93	8.94	17.49	25.3	15.81	48.83	0.0	3.61	17.12	30.46	23.35	39.0	36.36	33.24	30.41	35.23	13.34	7.07	37.0	9.0	34.01	36.4	40.01	36.5	10.05	23.32	29.41	44.05	17.2	34.41	32.76	32.31	30.41	34.0	41.87	33.24	31.95	31.32	28.16	35.06	12.04	18.44	46.86	25.06	6.4	4.24	19.85	39.05	29.12	13.34	2.24	11.66	19.42	32.56	7.0	26.4	34.48	24.7	36.62	24.0	10.82	30.59	11.18	21.1	44.28	41.88	19.65	36.24	39.4	21.19	16.12	31.95	3.16	31.4	22.67	35.51	12.04	35.61	35.51	42.94	6.4	51.66	20.25	34.0	18.36	19.42	13.6	19.24	15.81	41.88	37.8	26.4	41.79	36.24	2.83	12.73	23.09	19.42	32.98	10.05	43.83	29.53	
32.28	24.33	34.01	34.21	10.0	42.49	19.31	17.8	28.86	26.17	14.32	34.06	23.71	17.49	6.71	10.2	15.3	23.09	24.04	11.18	20.81	27.66	16.16	45.49	3.61	0.0	19.03	26.93	19.85	37.12	36.4	31.78	26.83	33.73	11.0	7.28	34.93	12.17	31.14	34.44	38.21	35.17	8.25	26.93	27.31	40.46	13.6	34.71	31.4	29.41	27.89	30.87	38.42	29.83	29.12	29.15	25.02	33.38	10.77	14.87	43.42	21.47	8.25	5.0	19.72	37.01	25.71	15.0	3.16	8.54	22.8	33.6	9.49	27.78	33.02	28.3	33.29	21.1	14.21	28.16	8.0	24.0	43.91	38.59	17.12	32.65	36.4	24.7	16.28	31.3	5.39	30.08	23.43	33.14	14.14	32.02	31.91	42.72	10.0	48.17	17.0	31.06	17.03	22.8	16.55	22.02	12.21	42.01	38.21	25.46	38.9	32.65	5.0	13.89	20.0	16.12	31.95	8.94	43.57	26.4	
50.99	43.1	53.0	52.95	9.06	60.41	31.06	34.48	47.38	45.04	6.4	49.66	41.76	10.77	17.46	9.06	21.26	33.42	34.06	23.26	11.18	36.07	8.06	62.65	17.12	19.03	0.0	38.95	36.77	56.04	52.39	50.36	39.82	52.35	30.02	12.37	33.38	20.25	35.78	32.25	57.08	53.6	27.02	22.56	27.2	55.22	29.55	50.09	26.0	48.05	30.46	49.04	55.01	39.7	47.85	29.12	32.8	52.15	29.15	31.38	59.94	35.23	22.14	14.04	11.18	56.0	36.07	4.12	16.0	27.29	13.04	46.87	10.2	40.22	28.0	23.35	50.7	27.8	11.31	47.17	21.02	29.83	60.75	56.08	36.12	47.71	54.82	24.17	32.57	48.76	14.04	48.51	38.01	52.15	5.1	46.87	45.61	59.24	14.76	64.14	35.17	36.24	16.12	24.7	7.21	29.0	28.23	57.7	53.24	19.03	57.49	45.34	19.42	28.23	28.32	34.21	50.01	27.17	60.17	44.64	
26.4	32.2	35.38	28.02	32.02	28.64	43.1	36.22	36.72	32.25	32.56	49.65	17.8	29.68	23.02	33.6	42.06	47.1	48.09	36.88	45.8	52.15	31.4	28.0	30.46	26.93	38.95	0.0	13.0	38.9	50.7	38.28	2.24	39.41	25.02	28.6	25.0	38.9	14.32	25.71	40.31	41.62	27.07	53.67	21.0	17.09	14.14	50.6	29.0	24.08	17.12	21.63	20.02	5.0	24.76	21.1	9.0	37.8	29.0	14.0	24.08	6.0	33.96	29.15	30.89	37.48	4.0	35.36	29.07	22.09	48.01	52.95	33.84	49.16	29.07	55.01	19.31	12.65	39.96	28.43	19.72	50.01	54.71	23.54	24.04	11.0	26.83	51.62	36.06	42.95	30.89	38.08	43.29	31.83	36.12	10.0	7.28	54.59	36.67	26.93	17.72	13.42	24.19	49.65	40.61	47.85	15.3	55.95	54.08	28.86	29.97	6.4	31.62	37.12	11.18	17.46	41.18	29.07	55.07	19.8	
16.49	19.24	23.6	18.44	28.18	23.77	32.02	24.02	23.85	19.42	30.68	36.69	6.32	30.27	19.31	29.15	33.29	35.9	36.88	27.29	40.61	41.0	30.81	25.94	23.35	19.85	36.77	13.0	0.0	27.2	37.7	25.61	11.4	26.91	13.6	24.6	34.67	30.23	25.46	34.99	28.6	29.07	16.55	46.23	28.64	21.1	7.28	37.64	36.06	13.6	26.08	13.0	18.6	17.89	13.93	29.53	18.44	25.46	17.72	5.39	23.6	7.81	24.7	23.85	32.14	26.08	15.0	32.7	22.8	12.21	42.64	40.31	28.84	37.01	36.77	47.63	13.93	18.79	34.06	16.4	15.81	39.92	41.88	19.31	11.18	13.42	19.0	43.27	24.19	29.97	25.0	25.24	31.0	20.59	32.65	13.0	14.14	41.68	29.7	28.32	5.0	24.76	26.0	40.82	36.06	37.7	8.54	42.95	41.11	33.38	22.02	16.0	23.43	26.25	16.55	5.1	28.3	18.38	42.19	9.22	
13.42	13.04	3.61	12.65	47.1	22.02	33.54	24.35	9.85	11.0	51.35	21.95	21.26	53.37	41.0	47.01	41.76	35.51	36.06	35.9	54.74	39.2	52.77	28.02	39.0	37.12	56.04	38.9	27.2	0.0	20.62	7.21	36.8	5.66	26.17	44.28	61.85	40.02	52.5	62.13	1.41	6.71	29.02	54.78	55.57	35.74	32.2	22.83	62.61	15.0	53.25	18.36	27.89	43.86	14.21	56.6	45.61	4.47	27.02	30.41	30.15	34.83	35.36	42.11	55.54	2.0	41.77	52.09	40.05	29.61	56.09	29.41	46.0	31.14	63.53	56.08	22.85	45.79	48.37	10.82	38.6	42.54	19.03	23.35	20.62	32.25	16.28	50.16	26.25	14.21	42.01	9.43	26.63	7.21	51.01	32.76	36.06	20.02	43.29	35.01	24.6	51.74	50.6	47.01	52.15	40.71	32.7	23.35	24.7	58.87	15.0	38.83	37.05	31.32	43.57	25.5	10.63	29.02	20.0	19.1	
31.06	18.68	21.59	31.26	44.78	41.98	22.36	18.6	15.03	19.24	49.74	3.0	33.96	53.82	42.52	43.83	32.76	22.0	22.02	29.15	47.07	23.54	52.15	47.85	36.36	36.4	52.39	50.7	37.7	20.62	0.0	15.13	49.04	15.52	28.43	43.27	69.03	32.57	61.91	68.88	20.12	13.93	29.0	43.01	61.72	53.08	39.12	3.16	67.18	31.02	60.8	35.01	46.01	55.54	30.02	63.25	54.71	17.46	26.17	38.08	49.25	45.19	30.41	40.5	56.04	22.47	52.33	49.19	38.28	32.65	47.68	10.3	42.49	15.13	68.59	44.05	40.01	53.01	42.06	25.02	41.73	29.07	9.0	42.19	26.83	47.68	35.36	38.01	20.25	8.06	39.45	14.0	14.56	25.32	47.42	47.85	50.45	7.07	37.7	54.45	33.11	61.4	53.15	35.0	46.49	28.0	38.83	5.66	4.12	61.72	34.93	52.89	33.62	24.17	51.04	33.54	11.05	27.66	8.06	33.38	
16.0	7.62	6.71	16.12	41.59	26.93	26.4	17.46	3.0	6.4	46.1	15.81	20.59	48.7	36.4	41.3	34.93	28.3	28.84	29.27	48.26	32.02	47.8	32.76	33.24	31.78	50.36	38.28	25.61	7.21	15.13	0.0	36.36	2.0	21.19	39.05	59.55	33.38	50.99	59.67	7.62	3.61	23.54	47.76	52.8	38.33	29.21	16.76	59.36	16.28	50.99	20.22	31.02	43.27	15.3	54.04	43.86	2.83	21.21	27.66	34.13	33.42	29.02	36.67	50.92	8.49	40.61	46.53	34.53	25.08	49.5	22.83	40.2	24.04	60.46	49.04	25.18	43.28	42.05	10.44	34.44	35.36	16.55	27.07	16.64	33.53	20.22	43.08	19.42	7.62	36.35	2.24	19.42	10.2	45.28	33.84	36.77	16.76	37.01	39.32	21.93	50.33	46.52	39.92	46.0	33.54	29.41	19.1	19.24	55.01	19.92	39.4	31.06	24.52	41.11	22.67	4.12	23.19	17.09	19.31	
24.21	30.46	33.3	25.81	32.56	26.48	42.3	35.06	34.89	30.41	33.42	48.08	15.81	30.89	23.43	34.06	41.79	46.27	47.27	36.4	46.23	51.35	32.45	26.02	30.41	26.83	39.82	2.24	11.4	36.8	49.04	36.36	0.0	37.44	24.02	29.07	27.2	38.63	16.55	27.89	38.21	39.66	26.31	53.71	23.02	15.65	13.6	49.04	31.02	21.93	19.24	19.42	18.0	7.07	22.63	23.19	11.05	35.81	28.07	13.15	22.2	5.39	33.53	29.41	32.2	35.36	6.08	36.12	29.15	21.38	48.41	51.62	34.21	48.04	31.14	55.07	17.09	14.32	40.22	26.4	20.0	49.48	52.84	21.38	22.56	9.06	24.6	51.48	35.0	41.23	31.06	36.24	42.11	29.7	36.77	8.06	5.83	52.77	36.72	25.3	16.28	15.65	25.5	49.4	41.11	47.3	14.87	54.23	52.5	30.59	27.73	5.83	31.38	36.35	12.65	16.12	39.36	28.28	53.24	17.69	
16.12	9.49	6.08	16.0	43.57	26.48	28.23	19.42	5.0	8.06	48.05	16.55	21.63	50.6	38.28	43.29	36.88	30.02	30.53	31.26	50.25	33.6	49.73	32.39	35.23	33.73	52.35	39.41	26.91	5.66	15.52	2.0	37.44	0.0	23.09	41.0	61.07	35.36	52.35	61.22	5.83	2.24	25.5	49.65	54.41	38.64	30.81	17.46	61.06	16.76	52.5	20.62	31.14	44.41	15.81	55.61	45.25	2.0	23.19	29.21	34.01	34.71	31.02	38.64	52.81	7.21	41.87	48.51	36.5	26.93	51.48	23.85	42.19	25.5	62.13	50.92	25.5	44.82	44.05	11.18	36.25	37.12	15.81	27.0	18.36	34.18	20.02	44.94	21.38	8.6	38.33	4.12	21.1	10.0	47.27	34.54	37.58	16.28	39.01	39.12	23.43	51.66	48.33	41.79	48.0	35.34	31.06	19.0	19.65	56.8	19.42	40.25	33.06	26.48	42.64	24.21	5.0	25.18	16.49	20.12	
21.93	13.6	23.02	23.77	21.0	33.02	18.44	11.4	18.38	15.3	25.18	26.63	14.87	27.51	15.23	21.1	20.52	22.36	23.35	14.21	30.46	27.46	26.68	36.8	13.34	11.0	30.02	25.02	13.6	26.17	28.43	21.19	24.02	23.09	0.0	18.11	40.61	17.69	34.01	40.46	27.29	24.7	3.61	33.97	33.3	34.44	11.4	27.46	39.05	19.24	32.45	21.4	30.61	29.27	18.79	34.83	26.93	22.56	4.12	11.05	35.47	19.03	12.04	16.0	29.73	26.02	25.5	26.0	14.04	4.24	32.2	28.46	20.22	24.19	40.36	35.38	24.76	24.7	23.77	17.26	13.6	26.4	34.83	29.73	6.32	26.93	26.42	30.48	11.05	22.02	16.12	19.7	18.44	22.2	25.08	26.57	27.66	33.97	18.79	40.61	8.94	33.62	25.55	27.8	26.93	24.17	10.77	34.06	31.06	34.13	28.64	29.27	12.08	12.65	22.83	8.54	21.95	5.0	34.71	17.03	
38.64	31.58	41.11	40.61	3.61	48.1	24.41	24.7	36.14	33.38	7.07	40.8	29.41	10.63	5.66	5.0	17.46	27.78	28.65	15.81	17.2	31.78	8.94	50.54	7.07	7.28	12.37	28.6	24.6	44.28	43.27	39.05	29.07	41.0	18.11	0.0	30.81	14.87	29.27	30.08	45.4	42.45	15.52	25.96	23.35	43.93	17.49	41.4	25.94	35.69	25.0	36.69	43.05	30.41	35.51	25.32	24.35	40.61	18.03	19.24	48.02	24.04	13.45	2.83	12.81	44.1	26.42	8.25	5.0	15.03	19.42	39.62	5.39	33.42	27.73	27.2	38.48	19.65	11.7	35.01	9.22	26.93	51.0	43.86	24.0	36.24	42.45	25.08	23.02	38.48	4.47	37.36	29.73	40.01	8.06	35.47	34.66	49.74	10.05	52.43	22.8	29.43	11.7	24.02	12.04	25.3	16.12	48.83	44.82	19.42	45.12	34.83	9.9	19.8	19.31	21.84	39.22	16.16	50.61	32.28	
50.54	52.35	58.25	52.33	32.25	53.6	54.23	51.31	57.31	53.15	29.0	67.2	40.82	23.02	28.23	34.23	48.27	57.94	58.87	45.88	44.1	62.3	26.02	52.47	37.0	34.93	33.38	25.0	34.67	61.85	69.03	59.55	27.2	61.07	40.61	30.81	0.0	45.61	11.05	1.41	63.25	63.13	40.5	55.0	7.62	40.01	30.41	68.01	8.6	47.89	8.6	46.1	44.72	21.21	48.37	5.83	16.55	59.82	43.27	31.89	48.26	27.29	43.08	33.24	22.2	60.75	21.19	32.02	34.79	36.4	46.17	68.1	35.36	62.61	7.07	56.01	44.27	16.28	41.11	51.04	27.78	57.72	74.97	48.51	43.14	35.69	51.62	55.23	50.25	62.29	35.17	58.73	57.8	55.23	34.0	34.71	31.4	74.33	40.79	50.0	37.64	12.04	19.24	54.59	39.01	56.04	30.41	74.65	71.61	14.56	54.78	29.15	39.56	48.75	18.44	36.88	61.52	42.19	75.01	43.42	
39.12	27.2	37.64	40.82	14.42	50.61	10.82	16.03	30.41	29.41	19.21	29.73	32.53	24.7	18.03	12.81	3.16	13.45	14.21	4.12	15.0	17.0	22.2	54.49	9.0	12.17	20.25	38.9	30.23	40.02	32.57	33.38	38.63	35.36	17.69	14.87	45.61	0.0	43.01	44.92	40.79	36.12	14.14	16.28	38.08	51.31	25.08	30.08	40.72	36.62	39.32	39.05	48.17	41.98	36.06	40.02	37.12	35.69	14.42	25.94	53.08	33.24	5.66	12.37	26.63	40.52	37.85	17.69	11.05	18.03	16.12	26.63	11.4	20.0	42.54	17.69	42.43	33.0	9.49	33.54	20.1	12.17	41.23	47.42	23.6	43.57	43.83	13.04	14.04	30.07	10.44	31.26	18.03	38.08	15.62	43.05	43.38	39.56	5.66	58.14	26.25	43.0	26.57	10.77	13.93	10.44	23.77	37.7	33.11	34.0	45.79	44.38	7.28	9.0	32.06	25.61	32.02	12.81	40.52	34.71	
40.5	44.2	48.92	42.19	31.78	42.72	50.01	45.31	49.04	44.69	30.08	60.42	31.24	25.06	25.0	33.73	46.0	53.94	54.92	42.3	45.22	58.69	27.73	41.44	34.01	31.14	35.78	14.32	25.46	52.5	61.91	50.99	16.55	52.35	34.01	29.27	11.05	43.01	0.0	12.0	53.91	54.49	34.79	55.11	10.0	29.0	22.83	61.29	17.09	38.01	5.66	35.85	33.73	10.2	38.6	8.94	7.21	50.91	37.34	23.85	37.22	17.69	39.32	31.06	25.24	51.22	10.82	33.24	32.0	30.08	47.43	62.39	34.53	57.57	16.49	56.29	33.62	10.05	40.79	41.77	23.19	55.08	67.01	37.64	35.23	24.74	41.15	54.33	44.6	54.64	33.06	50.45	52.2	45.61	34.79	23.77	20.4	66.61	39.12	39.01	29.21	1.0	19.7	53.08	39.85	53.15	23.26	67.42	64.88	19.85	44.28	18.11	36.12	44.15	11.4	28.6	53.41	36.69	67.2	33.6	
50.99	52.4	58.52	52.8	31.4	54.34	53.71	51.04	57.38	53.26	28.02	67.01	41.18	22.0	27.73	33.38	47.54	57.38	58.31	45.31	43.05	61.68	25.0	53.34	36.4	34.44	32.25	25.71	34.99	62.13	68.88	59.67	27.89	61.22	40.46	30.08	1.41	44.92	12.0	0.0	63.51	63.25	40.22	54.01	7.21	41.0	30.48	67.8	7.21	48.3	8.94	46.62	45.54	22.09	48.76	5.66	17.09	60.0	43.01	32.02	49.16	27.73	42.54	32.57	21.1	61.06	21.84	31.0	34.18	36.24	45.1	67.74	34.53	62.18	5.66	55.0	44.92	16.4	40.2	51.31	27.46	57.01	74.95	49.24	43.19	36.5	52.2	54.33	49.93	62.24	34.48	58.8	57.45	55.57	33.02	35.51	32.25	74.28	40.02	51.01	37.8	13.0	18.44	53.76	38.0	55.36	30.41	74.52	71.4	13.34	55.36	30.07	39.0	48.3	18.6	37.01	61.55	41.88	74.97	43.83	
14.76	14.0	5.0	13.93	48.17	23.0	34.01	25.0	10.44	12.04	52.47	21.63	22.67	54.57	42.2	48.04	42.45	35.85	36.36	36.67	55.58	39.41	53.94	29.0	40.01	38.21	57.08	40.31	28.6	1.41	20.12	7.62	38.21	5.83	27.29	45.4	63.25	40.79	53.91	63.51	0.0	6.4	30.07	55.36	56.94	37.0	33.54	22.47	63.95	16.4	54.64	19.72	29.12	45.28	15.62	57.98	47.01	5.1	28.0	31.76	31.26	36.24	36.22	43.19	56.75	3.16	43.19	53.15	41.11	30.81	56.89	29.21	47.01	31.24	64.88	56.65	24.17	47.17	49.25	12.21	39.85	42.94	18.0	24.52	21.84	33.62	17.46	50.7	26.93	14.14	43.05	9.85	26.93	8.6	52.04	34.13	37.44	19.1	44.18	36.06	25.94	53.15	51.87	47.54	53.08	41.15	34.01	22.56	24.17	60.17	16.03	40.22	38.01	32.02	44.94	26.83	10.63	30.0	19.03	20.52	
18.25	11.18	8.0	18.03	44.91	28.28	28.46	20.1	6.32	10.0	49.48	15.26	23.85	52.2	39.92	44.55	37.48	29.97	30.41	32.06	51.09	33.29	51.24	34.23	36.5	35.17	53.6	41.62	29.07	6.71	13.93	3.61	39.66	2.24	24.7	42.45	63.13	36.12	54.49	63.25	6.4	0.0	26.93	50.0	56.4	40.79	32.8	16.12	62.97	18.97	54.56	22.8	33.24	46.62	18.03	57.63	47.38	4.12	24.52	31.24	36.0	36.88	32.02	40.02	54.42	8.54	44.05	49.82	37.85	28.64	52.24	22.8	43.42	25.0	64.07	51.24	27.66	46.86	45.0	13.42	38.01	37.16	13.6	29.02	20.25	36.4	22.0	45.22	22.09	7.81	39.62	5.1	21.02	12.04	48.51	36.77	39.81	14.14	40.01	41.05	25.5	53.81	50.09	42.06	49.04	35.47	33.02	17.03	18.03	58.59	21.21	42.49	34.23	27.17	44.69	26.25	4.47	26.48	14.32	22.36	
25.5	16.12	26.02	27.31	18.11	36.62	16.03	10.82	20.62	18.03	22.56	26.91	18.38	25.5	13.6	18.0	17.03	20.02	21.02	10.82	26.93	25.08	24.35	40.36	10.05	8.25	27.02	27.07	16.55	29.02	29.0	23.54	26.31	25.5	3.61	15.52	40.5	14.14	34.79	40.22	30.07	26.93	0.0	30.41	33.02	37.59	13.0	27.66	38.18	22.83	32.65	25.0	34.06	31.02	22.36	34.67	27.89	25.18	2.83	13.15	38.95	21.1	8.49	13.15	27.73	29.02	27.07	23.09	11.05	5.0	28.64	27.73	17.03	22.8	39.62	31.83	28.28	25.08	20.25	20.62	12.81	23.41	36.06	33.3	9.85	29.97	30.02	27.02	9.85	23.32	13.0	21.84	17.46	25.5	22.0	29.55	30.36	35.0	15.23	44.05	12.21	34.48	24.21	24.41	23.54	21.19	12.04	34.66	31.24	32.8	32.2	31.78	8.54	10.05	23.41	11.66	23.77	2.0	35.81	20.62	
55.22	42.49	52.8	56.86	23.35	66.84	21.59	30.46	44.94	44.72	26.0	40.01	48.8	32.02	31.02	21.38	13.6	21.02	21.0	20.0	11.4	20.4	29.02	70.77	23.32	26.93	22.56	53.67	46.23	54.78	43.01	47.76	53.71	49.65	33.97	25.96	55.0	16.28	55.11	54.01	55.36	50.0	30.41	0.0	48.09	67.2	40.5	40.0	48.26	52.8	50.49	55.32	64.38	56.08	52.2	50.09	50.29	50.33	30.61	41.62	69.31	48.37	21.93	24.7	33.14	55.54	52.0	23.02	24.6	34.06	9.85	34.23	20.62	28.02	50.25	1.41	58.69	45.61	14.32	49.4	34.01	14.04	52.01	63.7	39.82	59.41	60.0	5.0	28.64	42.95	22.85	45.54	29.43	53.71	21.0	58.82	58.83	50.0	17.0	74.33	42.45	55.32	36.12	8.06	16.03	15.03	39.12	47.1	42.11	41.19	61.85	59.54	22.8	23.71	45.22	41.77	45.61	29.07	51.0	50.99	
44.94	45.45	51.97	46.82	25.02	49.37	46.62	43.83	50.45	46.4	22.2	59.82	34.93	16.49	20.62	27.02	40.79	50.33	51.26	38.28	37.48	54.71	19.42	49.0	29.41	27.31	27.2	21.0	28.64	55.57	61.72	52.8	23.02	54.41	33.3	23.35	7.62	38.08	10.0	7.21	56.94	56.4	33.02	48.09	0.0	37.48	23.6	60.61	8.0	42.15	4.47	40.8	41.01	18.44	42.54	2.0	12.0	53.25	35.81	25.24	45.04	21.84	35.47	25.71	16.16	54.59	17.0	25.32	27.2	29.07	39.62	60.54	28.07	55.01	8.25	49.16	39.62	9.85	34.0	44.78	20.25	50.22	67.9	44.28	36.24	32.0	46.57	48.04	42.72	55.15	27.66	51.86	50.25	49.19	27.17	31.0	28.07	67.18	33.38	47.52	31.06	10.82	12.0	47.27	32.25	48.51	23.43	67.36	64.2	9.9	49.73	26.31	31.95	41.15	12.08	30.23	54.56	34.67	67.88	37.7	
22.56	35.06	32.98	23.09	47.51	16.97	52.55	43.68	38.05	34.0	48.83	53.0	20.62	46.53	38.29	48.84	54.38	56.3	57.25	48.37	60.81	61.35	48.02	13.42	44.05	40.46	55.22	17.09	21.1	35.74	53.08	38.33	15.65	38.64	34.44	43.93	40.01	51.31	29.0	41.0	37.0	40.79	37.59	67.2	37.48	0.0	26.91	54.0	45.4	22.09	33.24	18.11	8.06	19.1	23.09	37.22	25.71	36.67	38.48	25.61	8.94	20.0	45.79	43.84	47.85	33.84	20.88	51.4	43.19	33.29	62.94	58.31	48.8	56.29	45.18	68.6	13.15	29.73	54.49	28.07	34.71	60.84	54.34	13.04	30.36	7.81	19.7	64.35	44.27	45.04	45.28	39.12	50.22	28.86	51.86	8.49	9.85	54.92	50.45	10.05	25.5	28.0	41.15	61.91	55.9	58.6	28.32	57.43	57.04	45.88	21.95	11.18	44.41	47.01	28.23	25.94	42.19	39.36	55.11	20.1	
23.09	21.93	28.64	25.08	21.1	31.05	29.02	22.8	26.91	22.8	23.41	37.59	13.0	23.09	12.08	22.2	28.23	33.02	34.01	22.8	33.97	38.05	23.54	33.11	17.2	13.6	29.55	14.14	7.28	32.2	39.12	29.21	13.6	30.81	11.4	17.49	30.41	25.08	22.83	30.48	33.54	32.8	13.0	40.5	23.6	26.91	0.0	38.47	30.41	20.1	21.93	20.1	25.55	18.03	20.22	24.84	15.65	29.68	15.13	2.0	30.53	8.25	19.92	17.03	25.02	31.38	14.14	25.5	16.28	8.0	36.07	39.85	22.02	35.51	31.38	41.88	21.19	14.14	27.59	21.54	8.54	35.9	44.6	26.57	12.73	19.1	26.08	38.01	22.36	32.02	18.38	28.32	29.83	26.25	25.55	18.44	18.36	44.05	23.6	35.0	7.62	22.36	19.1	35.85	29.21	33.73	1.41	44.65	42.06	26.93	29.02	19.31	17.89	23.02	12.04	6.71	31.11	15.0	44.69	16.0	
32.39	19.1	23.41	32.76	42.72	43.68	19.65	16.97	16.12	20.0	47.71	1.0	34.37	52.01	41.01	41.68	30.08	19.03	19.0	26.83	44.38	20.4	50.22	49.48	34.41	34.71	50.09	50.6	37.64	22.83	3.16	16.76	49.04	17.46	27.46	41.4	68.01	30.08	61.29	67.8	22.47	16.12	27.66	40.0	60.61	54.0	38.47	0.0	65.8	32.06	59.91	36.06	47.17	55.36	31.06	62.2	54.12	19.31	24.84	37.58	50.64	44.94	28.3	38.6	54.2	24.6	52.0	47.01	36.4	31.62	44.91	7.21	40.31	12.04	67.27	41.01	41.05	52.15	39.56	26.08	40.46	26.02	12.04	43.57	26.57	48.26	36.88	35.0	18.44	9.22	37.44	15.3	12.08	26.93	45.18	48.37	50.8	10.0	35.34	55.9	32.89	60.83	51.62	32.02	44.01	25.02	38.08	7.62	3.61	60.14	36.69	53.15	31.62	21.95	50.25	33.24	12.65	26.17	11.0	34.06	
52.5	51.87	59.03	54.41	26.57	57.31	50.25	48.84	56.86	53.0	22.56	65.07	42.38	16.49	24.84	28.46	43.08	53.71	54.59	41.68	37.05	57.7	19.42	57.0	32.76	31.4	26.0	29.0	36.06	62.61	67.18	59.36	31.02	61.06	39.05	25.94	8.6	40.72	17.09	7.21	63.95	62.97	38.18	48.26	8.0	45.4	30.41	65.8	0.0	49.65	12.17	48.51	49.01	26.31	49.98	8.25	20.0	60.03	41.01	32.2	53.04	29.61	39.12	28.65	15.13	61.74	25.0	25.32	30.53	34.83	39.01	65.0	29.73	59.08	2.0	49.16	47.52	17.46	34.93	51.89	25.5	52.55	73.88	52.24	42.72	40.0	54.34	49.03	47.51	61.07	30.41	58.25	54.82	56.46	27.46	39.0	36.06	73.0	35.47	55.44	38.01	18.03	14.42	48.76	32.25	51.08	30.02	72.84	69.35	7.07	57.49	34.23	35.51	45.22	19.65	37.12	60.8	39.62	73.76	45.22	
3.0	13.6	11.66	5.0	39.05	14.14	34.21	24.41	16.0	12.17	42.43	31.06	7.28	43.0	31.14	39.56	39.2	37.44	38.28	32.8	49.66	42.19	43.1	18.87	32.31	29.41	48.05	24.08	13.6	15.0	31.02	16.28	21.93	16.76	19.24	35.69	47.89	36.62	38.01	48.3	16.4	18.97	22.83	52.8	42.15	22.09	20.1	32.06	49.65	0.0	39.36	4.0	15.13	29.0	1.0	42.95	31.38	14.87	22.2	18.11	18.97	20.59	31.06	34.21	45.01	13.45	27.2	43.93	32.57	20.88	51.43	36.88	38.9	35.85	50.33	54.2	9.0	32.31	42.95	6.0	28.02	43.28	32.57	12.08	13.04	17.46	7.21	48.92	25.61	23.0	34.79	17.03	29.97	7.81	43.42	17.89	21.1	32.98	38.01	24.35	13.04	37.2	39.2	46.01	45.88	41.11	21.02	35.36	35.0	46.87	9.49	23.85	31.3	29.7	30.08	14.04	20.1	23.85	33.24	4.47	
42.05	43.84	49.65	43.86	27.17	45.71	47.13	43.42	48.8	44.6	25.0	59.08	32.25	19.7	21.38	29.15	42.19	50.96	51.92	39.05	40.26	55.54	22.47	45.04	30.41	27.89	30.46	17.12	26.08	53.25	60.8	50.99	19.24	52.5	32.45	25.0	8.6	39.32	5.66	8.94	54.64	54.56	32.65	50.49	4.47	33.24	21.93	59.91	12.17	39.36	0.0	37.7	37.12	14.14	39.82	4.0	8.25	51.22	35.36	23.35	41.0	18.79	36.14	27.07	19.72	52.15	13.15	28.16	28.28	28.3	42.45	60.37	30.07	55.15	12.0	51.62	36.14	7.81	36.22	42.44	20.25	51.48	66.53	40.61	34.66	28.07	43.32	50.04	42.49	53.91	29.07	50.21	50.09	46.65	29.83	27.07	24.0	65.95	35.01	43.29	29.07	6.4	14.56	49.01	34.93	49.65	22.02	66.4	63.51	14.21	46.49	22.09	32.76	41.44	9.9	28.32	53.04	34.44	66.6	34.89	
5.0	17.46	15.23	6.4	40.16	11.66	37.44	27.78	20.0	16.12	43.17	35.06	7.28	43.19	31.78	40.85	41.77	40.82	41.68	35.38	51.48	45.65	43.57	15.62	34.0	30.87	49.04	21.63	13.0	18.36	35.01	20.22	19.42	20.62	21.4	36.69	46.1	39.05	35.85	46.62	19.72	22.8	25.0	55.32	40.8	18.11	20.1	36.06	48.51	4.0	37.7	0.0	11.18	26.4	5.0	41.44	29.55	18.68	24.76	18.11	15.23	18.97	33.42	35.47	45.1	16.64	25.06	44.92	34.01	22.36	53.34	40.79	40.31	39.56	49.04	56.73	5.0	31.05	44.78	10.0	28.44	46.4	36.4	8.6	15.56	13.89	6.0	51.62	28.84	27.0	36.25	21.02	33.62	11.18	44.6	14.42	17.8	36.88	39.96	20.62	13.93	34.99	39.0	48.8	47.42	44.2	21.21	39.32	39.0	46.27	9.06	20.62	33.29	32.65	28.86	14.87	24.08	26.25	37.11	4.47	
15.03	28.64	25.32	15.3	46.65	9.43	47.89	38.48	31.06	27.29	48.75	46.17	15.81	47.43	37.59	47.71	51.09	51.43	52.33	44.82	59.2	56.36	48.47	8.06	41.87	38.42	55.01	20.02	18.6	27.89	46.01	31.02	18.0	31.14	30.61	43.05	44.72	48.17	33.73	45.54	29.12	33.24	34.06	64.38	41.01	8.06	25.55	47.17	49.01	15.13	37.12	11.18	0.0	23.54	16.12	41.11	29.02	29.15	34.41	23.85	5.0	20.62	42.52	42.44	49.04	25.96	24.02	51.0	41.4	30.41	61.22	51.97	47.43	50.6	49.09	65.8	6.32	32.14	52.63	21.1	34.0	56.6	46.69	5.0	25.55	9.06	11.7	61.07	39.36	38.05	43.6	32.02	44.6	21.21	51.11	10.05	13.34	47.38	48.17	10.0	21.93	32.76	42.45	58.41	54.64	54.38	26.93	50.09	50.04	48.37	13.89	15.81	41.73	42.72	30.27	22.63	35.0	35.61	47.52	14.32	
31.24	37.12	40.36	32.8	33.62	32.57	47.0	40.61	41.68	37.22	33.42	54.42	22.8	29.73	25.08	35.36	45.12	51.0	52.0	40.31	47.51	56.01	31.83	31.26	33.24	29.83	39.7	5.0	17.89	43.86	55.54	43.27	7.07	44.41	29.27	30.41	21.21	41.98	10.2	22.09	45.28	46.62	31.02	56.08	18.44	19.1	18.03	55.36	26.31	29.0	14.14	26.4	23.54	0.0	29.7	18.11	7.21	42.8	33.14	18.25	27.07	10.44	37.34	31.38	30.61	42.43	4.12	36.4	31.62	26.02	49.74	57.49	35.78	53.46	26.08	57.38	23.71	12.04	42.05	33.42	22.14	53.46	59.68	27.51	28.79	14.56	31.38	54.41	40.31	47.85	33.24	43.05	47.68	36.77	37.44	13.6	10.2	59.54	39.22	29.15	22.47	9.22	24.08	52.63	42.19	51.35	19.0	60.84	58.87	27.31	34.48	8.0	34.71	41.0	11.4	22.14	46.14	33.02	60.03	24.76	
3.16	12.65	10.82	5.1	38.83	14.87	33.42	23.6	15.0	11.18	42.3	30.07	7.62	43.01	31.06	39.29	38.6	36.62	37.44	32.2	49.24	41.34	43.05	19.72	31.95	29.12	47.85	24.76	13.93	14.21	30.02	15.3	22.63	15.81	18.79	35.51	48.37	36.06	38.6	48.76	15.62	18.03	22.36	52.2	42.54	23.09	20.22	31.06	49.98	1.0	39.82	5.0	16.12	29.7	0.0	43.38	31.91	13.93	21.63	18.25	19.92	21.1	30.53	33.96	45.04	12.73	27.8	43.74	32.28	20.62	50.99	35.9	38.6	34.93	50.7	53.6	10.0	32.7	42.54	5.0	28.0	42.52	31.62	13.0	12.53	18.38	7.81	48.27	24.84	22.0	34.48	16.03	29.07	7.07	43.17	18.79	21.95	32.02	37.58	25.3	13.0	37.8	39.32	45.34	45.54	40.36	21.1	34.37	34.0	47.07	9.85	24.7	30.87	29.0	30.46	14.0	19.1	23.32	32.28	5.0	
45.69	46.75	53.0	47.54	27.02	49.65	48.47	45.49	51.74	47.63	24.19	61.4	35.78	18.44	22.47	29.02	42.76	52.2	53.14	40.16	39.46	56.61	21.38	49.04	31.32	29.15	29.12	21.1	29.53	56.6	63.25	54.04	23.19	55.61	34.83	25.32	5.83	40.02	8.94	5.66	57.98	57.63	34.67	50.09	2.0	37.22	24.84	62.2	8.25	42.95	4.0	41.44	41.11	18.11	43.38	0.0	12.17	54.41	37.44	26.4	45.0	22.47	37.34	27.66	18.03	55.57	17.12	27.29	29.12	30.61	41.59	62.27	30.07	56.8	8.0	51.16	40.02	10.82	36.0	45.79	21.95	52.17	69.3	44.55	37.54	32.06	47.13	50.04	44.42	56.59	29.61	53.15	51.97	50.12	29.15	31.06	28.0	68.62	35.36	47.27	32.2	9.85	14.0	49.25	34.23	50.45	24.76	68.88	65.8	11.4	50.29	26.08	33.84	42.95	13.04	31.4	55.9	36.36	69.31	38.48	
34.0	37.01	42.01	35.78	27.31	37.48	43.42	38.28	41.87	37.54	26.63	53.24	24.41	22.63	19.42	29.15	40.2	47.38	48.37	36.01	41.15	52.24	24.84	37.0	28.16	25.02	32.8	9.0	18.44	45.61	54.71	43.86	11.05	45.25	26.93	24.35	16.55	37.12	7.21	17.09	47.01	47.38	27.89	50.29	12.0	25.71	15.65	54.12	20.0	31.38	8.25	29.55	29.02	7.21	31.91	12.17	0.0	43.86	30.36	16.64	33.06	10.82	33.02	25.71	23.43	44.41	5.0	29.68	26.31	23.09	43.38	55.36	29.73	50.7	20.1	51.55	27.89	5.0	36.06	34.83	17.03	49.01	59.82	32.39	28.02	20.0	35.11	49.03	37.64	47.43	27.66	43.28	45.22	38.83	30.89	19.0	16.12	59.41	33.73	35.69	22.02	6.71	16.97	47.52	35.78	47.0	16.16	60.21	57.71	20.25	38.28	14.56	30.02	37.48	5.1	21.4	46.23	29.83	60.0	26.93	
14.14	9.06	4.12	14.0	43.29	24.52	29.07	19.92	5.39	7.28	47.68	18.38	20.0	50.0	37.64	43.1	37.36	31.06	31.62	31.58	50.49	34.83	49.24	30.41	35.06	33.38	52.15	37.8	25.46	4.47	17.46	2.83	35.81	2.0	22.56	40.61	59.82	35.69	50.91	60.0	5.1	4.12	25.18	50.33	53.25	36.67	29.68	19.31	60.03	14.87	51.22	18.68	29.15	42.8	13.93	54.41	43.86	0.0	23.02	28.02	32.02	33.24	31.14	38.33	52.2	5.66	40.36	48.26	36.22	26.25	51.79	25.55	42.05	26.87	61.06	51.62	23.54	43.6	44.18	9.43	35.47	38.08	17.72	25.0	17.46	32.31	18.03	45.69	21.84	10.3	38.12	5.0	22.2	8.0	47.1	32.7	35.78	18.25	39.12	37.12	22.2	50.21	47.54	42.54	48.04	36.24	30.02	21.0	21.59	55.95	17.46	38.47	33.0	26.93	41.4	23.02	6.71	25.02	18.44	18.36	
