240
0.0	77.03	53.49	68.41	69.07	14.87	47.07	104.04	18.03	76.66	72.47	41.15	61.74	85.15	32.76	70.0	25.55	84.22	69.2	23.19	75.24	40.22	50.25	30.02	84.05	91.44	55.97	50.7	9.06	62.61	87.09	47.85	7.28	72.95	45.54	16.49	80.65	63.6	68.36	83.17	88.32	48.37	11.4	17.89	54.41	63.89	64.4	36.12	77.08	36.06	46.87	38.83	28.43	67.36	65.37	65.74	68.35	86.27	77.01	63.39	69.29	27.2	38.21	51.88	48.76	52.63	86.31	67.23	66.04	9.9	63.15	17.09	51.66	55.76	81.39	61.29	51.42	60.44	34.01	54.12	21.21	41.44	63.0	33.73	82.1	51.08	37.2	71.57	37.11	19.1	91.93	43.86	37.36	21.47	29.27	17.89	47.54	54.82	56.04	67.12	28.07	64.33	84.2	85.59	46.39	105.6	85.01	66.94	54.41	63.64	60.61	93.51	12.21	15.03	13.0	94.41	74.33	41.98	83.67	20.0	52.2	84.39	29.07	73.06	29.41	97.62	73.43	65.3	30.59	25.71	57.43	48.92	57.27	99.48	78.1	40.25	18.6	62.8	33.94	60.84	69.01	5.1	20.12	80.28	26.25	51.62	64.63	77.32	81.61	57.0	74.63	34.67	54.04	61.4	85.88	46.1	29.15	61.22	39.85	52.92	66.61	71.69	37.58	63.32	69.12	57.87	29.0	85.62	85.42	71.11	54.63	47.38	25.0	59.82	29.73	69.72	64.94	58.42	52.5	4.24	50.92	62.39	39.62	15.13	85.07	67.05	50.54	46.27	40.02	54.74	68.77	80.61	66.07	90.34	42.06	83.67	60.67	39.36	82.87	47.43	55.95	86.82	11.4	101.53	30.46	61.61	31.38	44.92	62.97	31.83	47.3	78.92	58.18	35.17	63.06	68.24	78.24	97.31	8.54	68.15	52.01	23.85	61.0	84.15	66.61	30.61	19.31	65.19	109.02	25.94	87.09	73.66	73.82	51.24	71.06	69.63	65.12	41.34	83.55	96.65	
77.03	0.0	86.83	29.68	107.69	63.07	35.0	47.52	61.47	1.41	104.29	49.01	44.78	38.59	103.74	74.25	51.48	19.65	30.23	92.85	101.83	90.14	63.15	68.47	78.82	31.78	30.27	80.75	73.93	14.87	107.94	111.31	69.97	105.26	120.7	93.02	58.05	118.0	67.08	57.98	63.7	28.65	87.66	62.97	84.17	18.25	32.2	51.4	102.46	42.01	116.66	54.38	104.04	91.76	39.82	98.27	14.32	37.59	78.39	31.26	94.92	60.21	40.8	65.46	32.02	55.54	48.01	9.85	103.58	80.23	60.01	64.85	55.32	21.54	46.75	97.32	119.85	30.36	68.12	53.85	74.25	116.62	71.51	74.17	36.62	26.91	45.71	91.42	107.0	94.85	28.16	62.17	106.74	90.44	104.79	68.68	123.57	33.38	21.84	101.2	103.08	59.51	99.74	73.88	48.75	46.1	82.66	87.28	52.89	47.17	31.62	32.39	79.12	71.78	66.03	120.7	55.8	76.06	49.68	96.9	26.91	17.26	102.45	72.95	47.85	50.7	40.46	12.04	102.14	87.69	46.1	99.01	92.07	50.92	13.89	85.02	86.33	17.0	45.22	65.12	74.73	80.45	78.59	94.85	86.31	60.42	29.15	83.65	88.19	69.64	36.8	97.86	101.08	45.4	46.62	31.4	102.18	30.68	79.0	25.46	13.04	39.2	63.29	92.42	77.47	79.31	88.65	98.84	47.2	78.29	62.36	37.74	75.31	31.32	76.22	64.88	82.22	76.66	128.86	76.01	28.32	92.2	115.16	89.55	59.41	53.71	127.53	47.85	40.31	48.76	26.08	21.47	69.86	50.77	34.99	108.85	29.83	64.5	103.08	57.38	118.95	40.31	79.48	55.71	55.9	17.12	108.24	112.81	81.61	75.8	34.21	103.12	41.11	43.93	42.05	33.29	114.98	60.03	68.6	48.02	108.17	90.52	27.89	55.9	47.01	106.02	57.98	61.29	48.0	80.41	55.44	16.28	8.6	63.35	77.39	87.32	50.09	118.34	26.4	51.48	
53.49	86.83	0.0	61.13	21.19	48.6	76.32	86.41	45.45	85.71	20.52	39.22	45.4	69.26	44.92	27.59	55.23	81.3	61.2	74.73	21.95	17.46	24.0	26.91	40.5	81.25	56.57	6.08	44.78	78.16	33.62	37.64	54.59	21.26	62.65	54.08	50.77	34.18	31.62	53.54	55.44	66.31	60.21	43.42	3.61	68.59	57.04	76.38	23.71	65.22	49.09	81.32	72.01	14.14	51.48	13.45	86.98	71.17	32.45	92.59	15.81	36.12	52.77	98.49	75.66	32.02	63.98	78.64	17.09	44.64	33.24	42.2	32.0	68.96	59.62	10.77	49.04	57.08	24.08	34.06	73.36	60.17	23.02	20.81	67.45	72.5	45.62	19.0	44.38	52.0	84.53	90.03	43.46	40.0	54.92	67.74	67.62	53.46	67.45	15.81	52.77	34.54	31.26	45.45	85.8	89.69	39.36	15.3	35.06	101.02	56.04	83.43	41.76	39.36	59.36	42.01	46.07	13.45	59.93	62.07	75.15	83.15	76.24	31.83	54.2	75.59	56.75	79.56	45.35	79.06	95.0	18.38	5.39	77.83	79.0	14.04	39.2	70.04	50.25	106.08	26.17	57.87	33.53	28.0	79.71	27.02	92.57	29.55	32.28	20.25	60.42	32.57	17.0	98.23	64.47	68.43	48.05	57.04	13.89	74.32	73.82	56.29	84.65	9.85	24.21	11.4	29.02	33.06	63.56	25.81	99.72	79.32	28.64	56.08	81.88	34.67	16.12	14.42	72.92	57.38	74.69	8.94	60.41	48.17	54.64	41.44	77.49	85.15	71.03	93.86	64.03	76.32	27.2	66.65	63.53	30.53	89.01	86.83	29.41	91.22	41.87	69.89	42.72	77.18	38.01	70.41	62.8	44.1	14.42	83.73	75.8	25.5	47.01	67.01	48.37	58.31	29.53	68.82	54.2	46.84	28.43	37.01	88.1	56.08	103.47	74.0	56.73	108.3	93.23	27.89	59.68	74.01	79.31	24.02	26.4	18.44	103.6	73.76	75.95	73.82	
68.41	29.68	61.13	0.0	81.06	53.6	44.18	35.85	50.45	28.3	76.66	29.41	16.12	17.72	87.66	44.94	45.62	20.22	1.0	89.19	73.55	68.31	37.22	49.24	49.2	23.43	13.0	55.23	62.24	29.53	78.77	91.18	62.68	77.65	106.25	82.02	29.21	94.37	37.7	29.68	35.85	30.0	79.81	50.99	58.03	14.76	4.47	57.31	73.98	42.76	98.84	62.13	96.83	63.79	10.44	71.18	37.2	18.38	48.76	51.48	66.91	44.05	31.3	78.1	41.3	29.15	23.19	25.61	77.03	67.9	31.05	52.35	29.27	24.52	19.92	71.0	101.13	8.06	47.42	27.07	74.09	102.42	42.95	53.31	14.56	34.37	31.24	62.82	90.05	82.81	25.06	72.03	89.55	75.21	91.68	67.23	110.0	13.6	22.36	74.17	89.64	30.36	70.38	44.55	60.13	37.2	53.01	59.03	26.08	66.41	7.81	25.61	65.86	58.05	61.29	91.71	26.25	52.63	23.09	87.86	36.67	22.02	97.08	43.38	41.15	31.58	11.66	28.84	86.53	86.82	62.82	75.93	66.03	32.98	18.44	62.64	71.4	17.89	34.99	81.05	45.54	73.01	62.43	65.55	86.01	34.13	50.09	54.13	58.59	42.11	9.22	79.16	76.94	63.89	22.09	35.0	87.42	7.21	56.32	34.71	19.21	10.0	70.46	65.19	48.38	52.09	70.24	69.35	22.2	49.04	76.42	48.26	57.45	8.6	79.12	35.34	53.94	49.16	115.6	69.07	37.48	65.12	101.4	77.16	31.38	24.17	116.18	59.14	45.1	64.13	3.61	15.3	40.8	27.07	34.37	80.08	48.47	72.34	74.0	69.07	98.03	19.65	66.53	36.35	39.7	19.7	96.94	94.37	53.6	79.56	43.19	74.46	14.32	45.71	13.15	3.61	87.57	36.35	61.29	18.36	85.87	74.33	46.62	28.18	67.42	99.02	52.77	79.31	40.61	62.27	28.79	13.93	21.1	37.12	48.1	58.69	69.57	108.19	16.12	31.26	
69.07	107.69	21.19	81.06	0.0	67.21	97.13	102.88	64.54	106.53	8.6	60.41	65.01	87.13	50.49	41.11	75.21	101.0	81.02	87.73	15.0	28.84	44.55	46.62	49.93	99.72	77.47	27.2	61.22	99.33	25.0	36.22	71.7	8.06	64.28	65.19	66.1	22.47	47.3	68.62	68.94	87.46	73.35	62.37	23.54	89.44	77.16	96.05	16.64	85.76	48.51	100.77	81.74	19.31	71.0	10.2	108.16	89.11	42.94	113.6	17.0	56.3	73.82	117.41	96.6	52.35	80.52	99.69	4.12	59.36	51.24	60.88	52.47	90.14	76.69	10.44	46.32	77.65	44.42	54.23	90.0	63.03	39.46	40.0	85.71	93.62	66.71	23.32	48.09	62.3	103.39	108.93	47.1	51.08	61.81	85.15	69.35	74.33	88.6	7.28	60.02	52.35	28.84	56.44	105.8	106.48	47.2	24.35	55.23	121.49	76.53	101.83	56.86	56.64	77.16	26.68	62.59	34.0	76.4	72.73	96.25	103.02	86.98	44.94	74.63	91.39	75.33	100.69	51.79	93.54	115.38	21.19	15.81	93.61	99.25	29.7	51.88	91.01	71.12	125.4	39.85	72.72	49.2	29.0	94.51	47.38	113.64	37.74	37.64	39.0	79.23	39.29	15.81	118.73	81.25	89.47	54.92	77.52	33.02	95.46	94.73	75.17	103.24	16.12	37.0	29.0	40.71	31.62	80.28	37.7	119.0	99.98	45.97	76.66	98.6	50.45	28.86	32.02	73.82	73.24	95.75	16.03	64.0	60.01	69.29	59.41	80.22	105.21	91.59	114.04	84.15	96.0	42.95	82.57	84.53	19.42	110.02	105.36	23.71	110.63	36.06	87.48	57.69	92.11	58.67	91.44	69.72	44.18	28.44	100.6	96.65	18.36	67.27	87.37	68.01	78.01	9.22	82.86	71.59	65.28	25.08	47.93	109.17	71.47	124.02	83.43	75.82	128.06	109.9	43.42	74.95	94.34	99.98	44.41	38.63	26.4	123.98	79.1	95.13	89.49	
14.87	63.07	48.6	53.6	67.21	0.0	36.01	89.31	4.0	62.61	68.88	27.2	47.76	70.49	42.19	59.84	12.17	69.43	54.41	36.4	70.46	39.66	39.32	21.95	73.33	76.58	41.11	44.42	11.18	49.04	81.63	53.94	9.49	69.53	57.87	30.02	67.47	66.71	57.08	69.86	75.31	34.54	26.25	5.39	48.55	49.2	49.65	29.53	72.11	24.02	56.04	33.84	43.28	61.4	50.99	61.85	55.54	71.56	66.91	53.15	63.81	15.13	23.43	50.21	37.05	40.11	72.09	53.23	63.64	17.46	51.04	6.4	39.12	41.59	67.23	58.05	60.01	45.61	25.5	41.3	26.48	53.76	52.95	27.8	67.42	38.08	22.47	64.85	46.04	31.78	77.08	41.73	46.01	29.02	41.79	19.92	60.54	40.0	41.68	63.78	40.16	52.09	77.39	74.0	39.81	90.8	74.81	59.93	41.44	56.65	45.8	78.64	17.03	11.7	11.4	90.6	61.19	35.51	69.64	34.71	39.62	69.66	43.57	62.39	15.23	83.19	59.03	51.62	40.31	36.22	50.33	49.4	53.26	85.0	63.41	37.54	25.0	48.26	19.1	58.26	59.03	19.42	20.25	73.01	36.06	40.05	54.04	68.15	72.8	47.07	60.03	39.81	53.82	54.08	71.59	32.98	39.81	46.4	34.83	40.02	52.15	57.25	36.12	58.25	59.67	50.16	31.62	78.39	71.18	61.61	51.86	37.34	21.4	45.0	34.48	58.0	57.01	49.98	65.8	15.65	38.47	57.43	52.2	26.57	71.81	53.94	64.66	39.4	29.07	48.33	53.91	65.76	55.44	76.16	28.46	79.06	50.04	38.29	77.03	43.6	62.17	72.2	17.12	87.24	17.12	47.17	45.28	53.04	55.15	36.06	36.0	73.78	43.86	24.08	48.85	53.54	76.38	83.49	8.25	54.41	55.15	30.07	50.0	70.6	59.46	45.45	8.94	61.29	94.2	25.06	73.38	58.9	59.36	40.31	61.39	62.24	58.69	55.8	68.68	82.29	
47.07	35.0	76.32	44.18	97.13	36.01	0.0	76.3	36.35	35.23	96.52	38.9	50.16	61.01	78.06	75.6	24.19	49.65	45.18	59.08	96.21	72.73	57.28	51.08	85.59	60.64	33.24	70.72	47.01	20.59	105.48	89.68	39.81	97.35	92.57	63.56	70.52	100.96	69.89	71.84	78.16	14.56	56.3	38.47	74.89	31.14	42.76	16.4	97.45	12.17	92.01	19.7	71.55	86.05	49.04	89.59	22.8	61.07	81.84	17.26	89.02	41.23	24.08	34.0	3.16	52.63	67.36	26.83	93.15	53.08	62.13	40.45	51.86	20.02	63.79	86.95	96.02	37.85	52.77	52.2	39.82	88.46	70.18	57.78	58.0	10.05	31.24	87.78	82.01	66.1	58.82	28.64	82.0	65.0	76.3	34.99	94.59	35.11	22.0	92.11	74.97	62.43	99.01	83.19	16.0	76.16	88.51	82.88	51.61	25.5	39.05	62.1	53.0	47.27	34.48	116.66	65.55	63.13	66.91	65.79	8.54	48.47	69.12	76.28	23.09	75.03	54.92	23.32	76.11	53.15	20.25	82.54	81.63	76.11	42.38	69.08	61.01	28.28	26.08	37.11	75.43	49.34	55.58	94.07	51.66	55.9	18.03	85.43	90.43	65.76	53.34	75.54	86.16	22.67	66.27	9.85	75.33	38.83	64.4	10.44	30.08	52.95	28.64	84.63	77.34	73.11	66.91	99.09	66.37	78.87	32.25	4.12	54.82	38.08	41.23	69.12	78.52	71.51	99.46	44.92	7.28	84.05	86.68	61.52	73.76	59.93	96.8	15.0	7.07	20.62	42.01	48.27	70.6	71.25	13.45	104.48	14.04	30.08	100.5	25.02	97.87	63.01	53.01	80.01	38.47	26.31	78.16	89.05	77.16	40.8	1.0	98.72	44.78	12.04	49.04	46.53	105.82	80.5	38.64	56.65	89.74	66.07	14.04	71.06	27.59	73.36	28.16	36.25	78.85	59.44	72.37	40.02	35.85	57.98	78.24	84.17	28.43	87.09	52.95	75.0	
104.04	47.52	86.41	35.85	102.88	89.31	76.3	0.0	86.02	46.39	96.32	63.78	44.69	19.1	120.62	61.85	81.41	28.07	34.99	125.03	91.41	97.94	65.19	82.13	57.01	16.0	48.76	81.39	97.45	57.14	92.09	121.26	98.48	97.29	139.6	117.03	36.88	120.54	55.66	34.53	36.0	63.6	115.43	86.4	82.86	45.35	39.66	91.21	91.08	77.49	130.43	95.57	132.41	83.68	39.6	92.72	61.13	17.8	61.52	78.06	86.35	78.64	67.12	109.9	73.16	58.01	22.47	51.04	99.33	102.83	53.23	87.62	58.6	56.52	26.83	94.24	132.02	43.91	79.51	55.8	109.66	135.95	63.91	84.81	22.02	66.29	66.85	80.6	122.44	117.52	19.42	104.92	121.82	108.93	125.87	102.88	143.68	49.4	54.82	95.6	123.75	51.89	83.1	50.0	92.07	4.12	61.0	78.59	55.0	94.05	43.57	15.13	100.57	92.85	97.13	105.02	40.5	81.84	26.57	123.23	67.9	30.27	132.85	58.25	76.94	12.0	31.89	55.04	119.75	122.54	92.05	103.77	90.25	10.05	35.0	92.11	105.36	48.05	70.83	111.11	63.06	108.72	96.18	79.31	121.67	62.13	76.11	67.48	70.11	66.21	29.73	110.8	103.37	92.01	21.93	68.41	121.02	43.05	85.98	65.92	46.39	33.24	104.29	86.98	65.97	75.39	102.45	81.02	22.85	65.51	107.47	80.06	90.61	44.42	114.23	52.5	74.04	72.24	149.34	104.85	69.05	87.28	135.15	111.87	34.23	45.18	150.63	91.08	78.85	94.19	36.25	28.16	60.08	20.4	68.95	95.43	76.0	105.99	88.28	101.12	127.14	17.69	101.32	13.93	74.52	50.01	131.64	125.67	74.63	114.49	75.31	90.8	46.69	80.32	42.45	35.81	107.08	23.54	97.1	40.5	114.06	107.63	74.0	31.58	94.19	134.62	88.59	108.0	7.07	95.02	28.28	36.35	42.0	64.66	64.54	76.9	97.08	143.09	23.35	14.0	
18.03	61.47	45.45	50.45	64.54	4.0	36.35	86.02	0.0	60.93	65.86	23.41	44.01	67.12	42.76	55.9	12.17	66.84	51.22	40.16	67.2	37.59	35.36	18.6	69.35	73.59	38.18	41.05	12.53	47.8	78.23	53.34	13.34	66.53	59.24	32.2	63.56	65.19	53.08	65.97	71.39	33.24	29.41	2.24	45.22	46.87	46.4	31.62	68.82	24.19	56.32	36.24	46.4	57.98	47.41	58.8	54.74	68.24	62.97	53.6	60.46	11.18	21.1	53.08	37.05	36.12	68.45	51.62	60.88	18.79	47.04	4.12	35.13	39.92	63.56	55.15	60.07	42.52	21.95	37.34	30.41	55.15	49.03	24.76	64.07	37.34	19.21	61.29	46.39	33.62	74.28	44.6	46.27	29.43	43.38	23.77	62.17	36.88	39.81	60.83	41.63	48.09	73.79	70.0	41.68	87.62	70.86	56.36	37.48	58.18	42.64	75.69	17.72	11.0	15.3	87.46	57.27	32.2	65.92	37.48	39.12	67.2	47.01	58.42	14.14	79.65	55.47	50.29	41.0	40.2	51.89	47.41	50.25	81.49	61.03	35.0	25.32	46.14	16.64	60.88	55.11	22.83	19.24	69.35	40.05	36.06	54.33	64.29	68.96	43.17	56.6	39.2	51.62	55.54	67.98	32.25	40.8	43.28	31.83	39.32	50.12	53.71	39.2	55.0	55.79	46.52	30.59	74.73	67.54	57.72	54.49	38.08	19.24	41.87	38.33	54.0	53.31	46.24	67.54	19.31	38.05	54.2	53.71	28.18	67.91	50.01	66.85	41.18	29.61	50.12	50.93	63.03	51.48	72.5	27.46	75.8	50.36	41.4	73.57	46.1	61.52	68.8	18.03	83.63	13.15	45.18	47.43	53.04	51.48	39.85	36.22	70.46	40.25	24.74	45.19	50.22	73.66	79.71	12.17	50.6	53.76	30.07	50.16	66.76	60.93	48.6	11.31	63.6	91.05	23.41	69.57	56.4	57.31	36.35	57.49	58.6	60.37	58.26	65.76	78.71	
76.66	1.41	85.71	28.3	106.53	62.61	35.23	46.39	60.93	0.0	103.08	48.04	43.46	37.22	103.09	72.92	51.11	18.44	28.84	92.76	100.58	89.2	61.98	67.6	77.42	30.59	29.15	79.63	73.41	14.87	106.62	110.48	69.64	104.05	120.15	92.59	56.64	117.0	65.74	56.57	62.29	28.3	87.37	62.39	83.02	17.12	30.87	51.61	101.19	41.87	115.95	54.71	103.81	90.52	38.47	97.08	15.13	36.24	77.03	32.14	93.68	59.44	40.16	66.1	32.2	54.34	46.62	9.43	102.42	79.71	58.69	64.26	54.13	21.02	45.34	96.18	119.1	29.12	67.19	52.63	74.28	116.08	70.23	73.25	35.23	26.87	44.91	90.14	106.32	94.37	27.07	62.65	106.04	89.81	104.28	68.62	123.07	32.25	21.19	100.02	102.55	58.18	98.41	72.47	49.24	45.04	81.27	86.02	51.66	48.09	30.36	31.26	78.55	71.17	65.8	119.4	54.41	75.03	48.27	96.57	27.02	16.12	102.3	71.59	47.41	49.4	39.05	12.04	101.51	87.73	46.87	98.02	90.93	49.65	12.53	84.05	85.7	16.03	44.6	65.92	73.41	80.16	77.88	93.52	86.37	59.23	30.07	82.3	86.83	68.41	35.38	97.08	100.04	46.27	45.22	31.24	101.59	29.41	78.01	25.5	12.0	37.8	63.63	91.22	76.16	78.1	87.86	97.49	45.8	76.97	63.06	38.08	74.53	30.08	76.4	63.53	80.96	75.43	128.38	75.72	28.43	91.01	114.63	89.05	58.0	52.35	127.14	48.33	40.36	49.48	24.7	20.12	68.54	49.4	34.67	107.56	30.59	64.88	101.77	57.94	118.09	38.95	78.92	54.42	55.11	16.28	107.82	112.06	80.36	76.03	34.41	101.84	39.85	43.86	40.72	31.91	113.78	58.67	68.26	46.65	107.23	89.84	28.64	54.49	48.0	105.8	57.69	62.2	47.01	79.62	54.04	14.87	7.21	62.17	76.06	86.03	51.04	117.99	25.08	50.16	
72.47	104.29	20.52	76.66	8.6	68.88	96.52	96.32	65.86	103.08	0.0	58.59	60.53	81.3	57.04	34.53	75.74	96.25	76.53	92.36	6.4	32.89	41.44	47.38	42.06	94.13	74.33	25.81	64.14	96.93	17.12	43.93	74.33	1.0	71.85	70.34	59.44	31.06	41.19	61.85	61.68	85.88	77.83	63.78	21.63	86.13	72.99	96.9	8.06	85.6	56.29	101.82	87.48	13.0	66.37	7.07	105.85	83.29	35.47	112.51	10.05	56.64	72.72	118.93	95.72	48.76	74.15	96.77	8.06	63.07	46.04	62.48	49.04	87.85	70.58	11.18	54.41	73.98	44.6	50.45	92.96	70.35	34.01	41.11	80.1	92.18	65.51	15.81	55.04	67.68	98.02	110.45	54.04	56.04	68.18	87.66	76.94	71.17	86.16	5.39	66.27	47.01	20.25	48.75	106.3	100.02	39.12	18.03	51.42	121.4	72.78	96.19	60.37	59.08	79.4	21.95	56.44	33.97	70.04	78.1	94.89	98.41	92.42	38.08	74.65	84.65	70.0	98.08	58.14	97.58	115.42	27.07	15.62	86.83	95.04	32.25	56.3	87.93	70.46	126.57	33.38	76.49	52.35	20.52	98.41	43.97	112.38	29.97	29.41	34.71	74.01	45.28	22.0	118.6	74.97	88.32	61.2	73.76	34.06	93.94	91.48	70.03	105.0	12.08	30.41	25.0	45.22	23.02	73.98	30.81	120.22	99.62	48.26	73.01	101.55	44.28	23.0	27.66	81.58	76.54	94.51	12.53	71.18	64.85	62.36	54.0	87.69	105.65	91.4	114.34	79.91	91.27	37.05	75.93	83.53	12.04	108.91	107.17	15.23	111.72	44.38	81.5	61.27	85.07	58.41	88.54	76.16	51.79	23.09	103.46	95.96	9.85	63.35	87.46	63.51	73.44	11.0	75.61	74.06	60.01	32.76	52.89	107.91	64.76	123.81	89.27	77.16	128.82	103.37	46.53	68.15	90.26	96.32	41.11	31.78	19.42	124.02	86.01	90.02	82.71	
41.15	49.01	39.22	29.41	60.41	27.2	38.9	63.78	23.41	48.04	58.59	0.0	20.62	44.69	58.31	37.59	24.33	48.33	30.0	63.57	57.69	41.19	18.38	20.25	49.34	52.8	19.65	33.24	33.84	39.05	66.6	63.06	36.69	59.48	76.84	53.26	40.45	69.01	32.89	42.76	48.37	27.29	52.35	23.26	37.16	31.26	25.0	43.86	58.82	29.68	69.86	49.24	69.12	47.43	24.41	51.89	47.8	46.01	44.28	54.08	50.48	14.87	14.87	67.12	37.64	14.87	45.18	40.11	56.3	39.05	25.71	24.19	13.93	29.83	40.25	49.98	72.45	22.36	19.24	15.3	52.09	73.01	31.62	25.32	41.77	33.62	8.06	48.92	60.83	53.76	54.38	59.24	60.37	45.8	62.37	45.04	80.6	17.09	28.44	54.63	60.31	26.48	60.14	48.66	51.31	65.76	51.62	44.05	15.13	64.35	21.95	55.0	36.8	29.07	37.34	78.01	34.23	27.29	42.54	59.64	36.36	49.4	70.21	39.0	20.88	56.6	32.45	40.61	57.14	63.15	58.8	50.0	44.6	58.52	43.97	36.01	42.01	32.02	14.32	73.06	37.22	46.1	33.02	55.23	62.8	17.2	53.85	47.17	52.15	26.91	34.06	50.33	52.24	61.52	44.78	30.0	58.01	22.83	30.02	35.36	36.06	30.81	55.36	46.53	38.83	34.41	41.23	60.31	44.29	40.5	67.12	42.45	28.18	21.47	59.03	32.98	39.62	32.65	86.21	42.72	36.06	46.07	72.01	48.1	44.72	27.07	87.0	50.48	35.0	58.41	30.89	43.83	32.65	49.19	25.5	65.8	50.48	57.57	61.62	58.59	70.41	46.23	37.54	60.42	10.82	32.02	67.9	65.55	38.29	60.13	38.21	60.0	17.2	32.25	21.95	28.32	68.54	56.3	35.44	27.2	59.21	44.94	49.4	43.42	66.48	71.34	30.0	73.82	69.3	33.11	46.17	38.9	42.43	19.1	39.96	45.28	67.21	79.31	45.49	55.57	
61.74	44.78	45.4	16.12	65.01	47.76	50.16	44.69	44.01	43.46	60.53	20.62	0.0	25.81	75.93	29.53	43.19	36.01	16.03	84.15	57.49	54.13	21.84	37.48	36.24	36.4	17.8	39.62	54.2	41.04	63.16	77.37	57.25	61.52	94.92	73.24	21.1	79.08	22.47	23.0	29.07	35.78	72.9	43.86	42.19	27.46	12.65	59.84	57.97	44.72	85.98	65.12	89.55	47.68	6.08	55.08	49.68	27.46	34.21	61.4	50.8	34.99	30.07	82.46	47.85	13.93	24.7	38.83	61.0	59.08	15.23	44.72	14.32	33.42	19.72	55.04	87.82	15.0	34.83	11.7	71.85	91.29	26.93	40.22	23.32	41.68	26.31	46.84	77.8	73.41	39.29	75.31	77.2	64.35	81.39	64.78	99.04	15.26	31.24	58.08	79.25	14.76	55.01	33.12	65.15	47.2	39.62	42.95	10.77	74.79	13.6	38.63	56.61	49.09	57.49	75.96	15.52	38.08	21.93	79.92	44.42	38.01	90.8	28.6	39.05	36.4	12.81	41.23	75.07	83.43	70.21	61.03	50.16	38.42	34.53	48.33	60.88	30.0	32.06	86.98	29.97	66.71	51.66	50.09	82.98	18.68	60.44	39.12	43.83	26.02	15.65	66.29	61.61	72.07	24.41	40.31	76.38	14.42	42.05	42.72	32.76	11.66	72.44	49.09	32.7	36.01	57.8	54.2	23.85	33.54	81.61	54.23	45.97	14.21	78.23	20.62	37.85	33.06	104.69	63.32	44.78	49.04	90.52	67.8	25.0	10.0	106.22	64.2	48.76	70.77	19.42	31.02	25.08	28.65	37.64	64.2	58.01	74.55	58.31	73.5	83.77	27.02	57.43	39.96	31.3	31.24	87.46	81.3	37.48	79.1	49.24	58.52	5.39	47.68	3.0	13.0	71.45	35.74	55.97	7.0	71.17	62.97	56.4	23.19	76.32	91.79	49.65	86.41	50.8	50.33	25.71	29.83	36.4	21.59	32.65	42.72	77.9	99.02	30.59	35.23	
85.15	38.59	69.26	17.72	87.13	70.49	61.01	19.1	67.12	37.22	81.3	44.69	25.81	0.0	101.67	47.01	63.16	20.52	16.76	106.47	77.03	79.65	46.96	63.13	45.88	13.15	30.68	63.91	78.41	43.93	79.63	102.96	79.76	82.3	120.62	97.95	23.77	103.41	40.11	22.47	26.93	47.27	96.52	67.42	65.8	30.07	21.02	74.81	77.0	60.42	111.77	79.51	113.46	68.36	20.52	76.94	49.98	2.0	48.37	65.97	71.25	59.55	48.85	95.01	58.0	39.45	10.0	38.6	83.36	83.74	36.14	68.6	39.96	41.0	11.18	77.88	113.53	25.63	60.61	37.22	91.76	116.93	47.68	66.03	3.16	51.0	48.02	66.03	103.6	98.41	17.72	89.27	103.0	89.87	106.78	84.86	124.65	30.87	39.01	79.91	104.66	34.93	70.71	39.56	77.01	21.4	50.0	63.29	36.36	81.58	25.08	15.03	81.47	73.76	78.72	92.78	25.0	63.53	13.0	104.2	53.04	23.35	114.06	44.05	58.69	14.04	13.04	42.45	100.77	104.39	78.64	86.01	73.5	15.3	24.7	73.82	86.28	33.14	52.33	97.33	48.04	89.89	77.1	66.37	103.62	43.83	64.29	54.33	57.87	49.04	10.63	92.09	86.03	79.25	8.6	52.24	101.98	24.7	67.6	51.04	32.76	14.21	87.97	71.02	51.04	58.69	83.6	69.05	9.43	51.0	93.05	65.0	71.59	26.0	96.84	37.05	58.42	55.54	130.3	86.09	54.01	71.2	116.1	92.76	23.26	27.89	131.53	76.01	62.51	80.31	19.1	17.2	44.28	12.21	51.97	82.15	63.35	89.81	75.33	86.02	109.12	2.0	82.22	19.0	55.44	35.13	112.54	107.07	58.69	97.27	60.01	77.03	27.59	63.35	23.43	17.0	92.27	21.47	78.39	22.47	96.25	88.62	61.39	19.7	82.23	115.68	70.26	95.04	25.0	76.06	18.03	23.41	30.87	46.52	50.0	62.07	84.72	123.99	12.73	14.04	
32.76	103.74	44.92	87.66	50.49	42.19	78.06	120.62	42.76	103.09	57.04	58.31	75.93	101.67	0.0	70.66	54.33	106.47	88.2	41.73	62.03	27.51	56.73	38.6	84.58	110.94	77.37	46.1	31.06	90.47	74.0	17.8	39.32	57.08	19.1	19.42	89.64	36.36	72.4	92.46	96.02	75.93	29.68	41.0	47.76	87.85	83.22	68.73	64.03	66.19	14.14	71.59	32.2	58.05	81.22	52.09	97.49	103.23	76.56	95.0	58.55	44.28	62.94	83.93	79.23	62.94	99.7	93.96	49.09	25.0	70.43	39.05	62.24	82.28	94.76	47.1	18.68	80.62	41.11	65.07	51.89	15.81	64.5	36.07	99.02	80.06	58.69	63.35	4.47	15.81	112.68	76.22	5.0	13.34	11.4	50.29	23.6	75.18	81.91	52.0	9.85	71.84	74.55	88.59	79.08	123.07	83.93	60.17	65.8	96.34	80.26	113.16	25.18	32.02	45.54	77.1	83.74	41.05	96.18	24.84	81.74	107.33	38.08	74.71	56.89	111.73	88.73	92.89	2.24	49.68	90.09	30.0	45.71	113.86	101.55	32.2	17.46	87.66	58.52	93.05	69.32	33.24	25.5	72.18	51.22	59.46	96.02	74.33	77.2	59.36	91.21	12.37	35.06	94.05	99.72	74.97	5.0	81.12	36.89	82.04	91.76	87.46	69.89	52.77	68.03	54.63	18.44	76.79	99.01	69.86	86.98	79.01	30.23	79.76	59.54	74.89	60.75	56.8	29.21	36.4	80.62	51.79	15.65	17.72	94.02	77.16	32.7	78.92	71.03	87.48	89.19	102.08	68.6	103.25	70.21	69.07	92.02	71.51	71.11	80.08	24.84	102.94	25.08	114.59	48.75	86.98	19.24	12.53	58.87	61.77	78.1	66.03	74.4	66.03	78.24	86.27	58.46	107.94	40.2	80.62	26.57	13.42	92.09	94.37	99.3	33.62	50.0	97.72	126.66	25.61	97.84	96.61	98.79	57.49	70.26	63.32	97.86	29.15	103.77	110.31	
70.0	74.25	27.59	44.94	41.11	59.84	75.6	61.85	55.9	72.92	34.53	37.59	29.53	47.01	70.66	0.0	61.1	63.35	44.6	93.05	30.02	43.57	20.62	40.01	14.32	60.01	46.4	24.7	61.01	70.0	33.84	65.19	68.36	35.51	89.19	75.71	25.0	60.21	7.28	27.51	28.3	62.29	79.31	54.59	24.08	56.94	42.05	81.39	30.02	67.23	76.4	86.76	93.74	21.84	34.54	31.02	78.82	49.01	7.07	89.1	24.52	44.72	52.15	104.65	73.88	23.02	39.62	68.26	37.7	63.39	14.42	54.33	23.85	61.72	36.12	33.12	76.58	44.42	36.01	23.43	86.31	86.35	7.0	37.66	46.04	68.62	45.65	19.03	70.83	74.46	64.12	96.66	69.97	62.94	79.48	79.62	94.02	43.42	59.67	33.84	77.25	14.76	25.5	18.03	88.84	65.51	15.03	16.76	24.08	101.04	43.05	62.0	60.41	55.01	71.2	46.84	22.02	30.36	35.51	83.55	71.45	65.73	96.88	4.24	58.18	50.29	36.5	70.46	70.68	95.19	95.8	45.97	30.0	52.5	63.25	38.47	60.88	59.36	51.88	110.64	1.41	75.01	52.77	20.62	95.34	20.62	88.41	9.9	14.87	13.0	40.61	58.67	44.05	98.23	40.45	66.07	73.01	43.91	34.18	70.01	62.27	36.88	92.48	25.5	4.12	16.4	52.92	24.7	39.46	4.12	104.71	79.4	46.53	43.57	94.15	10.05	12.53	13.89	99.48	73.06	71.51	25.94	86.31	69.63	28.23	20.88	103.32	87.98	72.4	95.69	48.47	58.46	5.0	41.48	62.2	35.51	85.56	94.7	29.12	96.18	69.35	47.1	61.4	51.08	43.68	60.46	86.98	71.4	13.6	95.57	74.81	30.15	33.84	69.84	32.2	41.44	45.4	42.06	67.48	26.93	55.9	60.41	84.15	30.36	102.94	95.9	65.52	111.22	68.88	48.51	33.84	58.87	65.8	19.65	3.16	15.13	104.02	98.43	56.57	48.38	
25.55	51.48	55.23	45.62	75.21	12.17	24.19	81.41	12.17	51.11	75.74	24.33	43.19	63.16	54.33	61.1	0.0	59.46	46.52	43.83	76.42	49.24	40.72	28.6	73.5	67.68	32.65	50.21	23.35	37.16	86.83	65.49	18.6	76.49	69.92	41.63	64.03	77.16	57.01	66.12	72.03	22.83	36.4	14.32	54.45	38.9	42.15	21.26	77.9	12.04	68.12	26.4	53.15	66.71	45.12	68.68	43.42	63.98	68.01	41.44	69.43	19.1	14.32	44.1	25.0	39.05	66.22	41.68	71.4	29.61	50.01	16.28	38.08	30.23	61.61	65.44	72.01	37.58	31.14	39.62	28.86	65.8	54.63	35.23	60.01	25.96	17.0	69.4	58.14	43.66	67.62	35.85	58.08	41.11	53.76	21.84	72.45	32.31	30.61	70.94	52.2	50.8	81.54	72.99	30.61	82.49	75.58	64.4	39.46	46.53	38.08	69.63	29.15	23.09	15.81	96.9	58.0	41.77	64.33	45.49	27.46	59.4	52.4	62.94	4.47	76.55	52.89	39.81	52.47	41.23	40.31	59.09	60.31	78.19	53.04	46.14	37.05	37.54	11.18	51.09	60.54	29.21	31.4	76.85	40.5	40.5	42.19	70.26	75.15	49.19	53.14	51.35	63.06	43.83	65.52	20.88	51.97	38.48	42.2	27.89	41.23	50.96	31.38	64.35	61.74	54.41	42.76	82.15	65.25	63.56	44.82	25.96	31.02	37.16	35.06	57.27	60.75	53.54	77.62	24.84	26.31	63.64	64.2	38.6	68.12	51.04	76.06	30.0	17.46	38.83	45.28	56.22	56.3	70.34	16.55	84.96	38.21	33.62	82.01	36.24	73.68	65.0	29.27	80.96	18.03	36.24	56.8	65.0	59.08	36.0	24.08	79.4	38.47	12.65	43.57	46.24	84.2	78.45	17.2	50.16	65.8	42.0	38.05	66.37	49.19	55.23	7.21	53.08	85.76	35.44	68.73	48.84	48.41	41.63	63.16	66.29	48.88	66.89	59.64	75.89	
84.22	19.65	81.3	20.22	101.0	69.43	49.65	28.07	66.84	18.44	96.25	48.33	36.01	20.52	106.47	63.35	59.46	0.0	20.1	103.08	92.78	88.32	57.43	68.54	64.88	12.17	29.15	75.43	79.2	29.61	97.02	111.0	77.78	97.25	124.68	99.02	42.94	114.59	56.09	42.19	47.2	38.59	95.48	67.8	78.16	20.62	24.52	65.39	93.06	53.0	118.19	69.29	112.43	83.29	30.0	91.02	33.06	19.1	66.1	50.01	86.37	62.27	46.01	82.57	46.49	49.37	30.48	23.35	97.01	85.21	50.25	69.4	49.5	30.89	30.53	91.05	120.7	26.0	67.07	47.27	85.98	120.74	62.29	73.05	19.42	39.92	48.26	81.88	109.12	100.21	9.22	78.16	108.69	93.65	109.55	79.63	128.16	31.3	29.68	94.02	107.62	49.37	88.32	59.06	65.0	27.07	68.94	78.41	46.27	66.01	26.57	13.0	83.49	75.72	75.17	110.11	42.38	72.78	33.02	104.14	41.11	2.83	111.87	61.13	55.17	31.3	26.93	27.29	105.19	99.3	64.2	96.1	86.15	31.38	7.28	82.71	89.69	22.47	50.33	83.29	64.13	88.39	81.01	83.68	98.18	54.33	48.04	71.84	75.89	62.0	22.8	98.62	97.16	64.01	29.07	42.94	105.82	25.63	76.4	39.22	19.7	26.48	78.19	85.02	67.08	72.0	89.55	86.98	29.83	67.47	79.91	53.16	76.49	26.93	89.47	53.37	73.33	69.01	133.69	84.15	42.38	85.01	119.57	94.63	43.27	42.58	133.6	64.03	53.23	66.48	17.72	5.0	59.68	32.56	44.65	98.84	48.04	79.71	92.42	73.98	118.0	21.93	84.05	36.25	57.8	24.19	114.2	113.85	73.17	89.44	48.7	93.38	34.53	55.57	33.02	23.02	107.23	41.4	76.37	36.5	105.99	93.06	46.04	39.66	66.12	114.55	66.6	80.01	29.43	81.44	38.42	10.63	14.14	57.31	66.49	77.78	69.03	125.1	7.81	32.25	
69.2	30.23	61.2	1.0	81.02	54.41	45.18	34.99	51.22	28.84	76.53	30.0	16.03	16.76	88.2	44.6	46.52	20.1	0.0	90.05	73.35	68.62	37.34	49.74	48.6	22.8	13.93	55.33	62.97	30.41	78.43	91.55	63.51	77.52	106.83	82.73	28.43	94.54	37.34	28.84	34.99	31.0	80.6	51.74	58.08	15.65	5.0	58.31	73.76	43.74	99.3	63.13	97.62	63.64	10.2	71.11	38.01	17.46	48.3	52.39	66.75	44.69	32.2	79.1	42.3	29.27	22.2	26.4	77.01	68.59	30.81	53.08	29.43	25.5	18.97	71.01	101.55	8.94	47.85	27.17	75.03	103.0	42.76	53.71	13.6	35.36	32.02	62.59	90.55	83.49	24.6	73.03	90.05	75.8	92.31	68.15	110.6	14.42	23.35	74.11	90.27	30.08	70.01	43.86	61.13	36.4	52.43	58.86	26.17	67.36	8.6	25.0	66.53	58.73	62.18	91.39	25.61	52.89	22.14	88.62	37.66	22.0	97.91	42.95	42.05	30.59	10.82	29.68	87.09	87.73	63.79	76.16	66.07	32.02	18.68	62.94	72.01	18.79	35.85	82.04	45.22	73.82	63.01	65.19	86.93	34.23	50.99	53.71	58.14	42.05	8.25	79.61	77.1	64.85	21.1	36.0	88.01	8.06	56.61	35.69	20.0	9.22	71.45	65.12	48.08	52.04	70.71	68.94	21.21	48.7	77.41	49.25	57.98	9.43	80.08	34.93	53.76	49.09	116.21	69.89	38.47	65.07	102.0	77.83	30.53	23.77	116.85	60.13	46.1	65.12	4.24	15.13	40.52	26.08	35.36	79.81	49.4	73.33	73.68	70.06	98.35	18.68	67.21	35.36	40.36	20.62	97.62	94.81	53.46	80.52	44.18	74.22	14.56	46.69	13.04	3.16	87.46	35.36	62.13	17.89	86.13	74.89	47.54	27.29	68.35	99.81	53.67	80.28	39.82	62.77	27.86	14.32	21.63	37.22	47.76	58.46	70.52	108.89	15.65	30.27	
23.19	92.85	74.73	89.19	87.73	36.4	59.08	125.03	40.16	92.76	92.36	63.57	84.15	106.47	41.73	93.05	43.83	103.08	90.05	0.0	95.88	59.46	73.44	53.04	107.17	111.5	76.32	72.69	32.06	77.99	107.97	59.46	26.93	92.7	44.94	23.02	103.58	77.62	91.55	106.04	111.32	65.07	14.56	40.52	76.12	82.46	85.48	43.83	97.8	50.93	53.6	43.66	15.03	88.84	87.32	86.02	81.84	107.42	100.02	72.5	90.47	50.22	57.98	49.01	61.61	75.71	108.46	83.49	85.23	30.27	86.31	40.02	74.73	72.86	103.62	81.27	58.6	81.12	57.04	77.13	19.7	41.63	86.05	56.14	103.35	65.95	58.6	93.38	45.97	26.4	111.4	43.29	46.67	36.67	32.2	24.21	44.38	75.66	73.66	86.98	32.65	87.48	105.91	108.78	51.87	126.25	108.02	88.96	77.37	67.47	81.49	113.46	33.24	38.05	28.02	114.02	97.27	64.28	106.04	17.03	66.22	102.83	10.44	96.19	48.26	119.44	95.34	80.81	39.62	9.22	62.1	66.64	77.88	121.2	96.43	60.88	36.06	80.81	54.2	58.08	92.02	18.11	41.44	102.26	11.18	74.81	74.25	100.08	104.24	80.06	96.15	49.4	72.01	65.97	107.94	61.55	36.77	81.99	61.66	67.48	84.22	93.52	37.66	84.4	92.01	80.31	47.17	107.52	107.54	94.01	53.01	57.8	47.17	80.62	23.02	92.91	87.37	81.1	47.52	20.88	64.82	83.43	39.4	27.73	107.97	89.99	42.0	52.2	52.8	58.69	89.04	100.0	89.2	112.54	58.73	104.04	70.66	38.33	104.05	48.66	66.48	108.24	32.25	123.57	53.16	79.31	28.23	53.81	85.38	25.0	59.64	99.72	80.23	48.92	85.23	89.47	96.61	119.87	28.23	90.76	66.85	39.81	71.59	106.9	70.41	16.03	36.62	64.0	129.54	46.87	109.73	92.46	91.24	74.43	94.0	91.79	67.9	32.02	103.47	118.6	
75.24	101.83	21.95	73.55	15.0	70.46	96.21	91.41	67.2	100.58	6.4	57.69	57.49	77.03	62.03	30.02	76.42	92.78	73.35	95.88	0.0	36.67	39.82	48.6	36.25	90.0	72.24	26.25	66.64	95.27	12.17	49.73	76.54	7.07	77.47	74.33	54.59	37.44	37.01	56.89	56.32	84.91	81.32	65.22	22.02	83.82	70.09	97.67	2.0	85.7	62.1	102.73	91.79	10.3	63.15	10.05	104.22	79.03	30.08	111.77	7.21	57.38	72.2	120.1	95.21	46.62	69.46	94.7	13.93	66.13	42.58	64.07	47.01	86.31	66.12	15.03	60.41	71.47	45.45	48.1	95.29	75.8	30.59	42.72	76.01	91.27	65.0	11.0	60.3	71.85	94.05	111.66	59.3	60.02	73.01	89.69	82.57	69.08	84.53	10.2	71.03	43.42	13.89	43.08	106.78	95.19	33.12	14.56	49.04	121.38	70.21	92.01	63.32	61.29	81.3	20.52	52.04	35.0	65.38	82.2	94.03	95.04	96.51	33.24	74.97	79.62	66.19	96.25	63.0	100.66	115.52	32.06	18.03	81.79	91.98	35.11	59.91	85.8	70.29	127.48	29.0	79.48	55.15	14.21	101.39	42.05	111.52	24.35	23.32	32.31	70.26	50.01	27.29	118.56	70.35	87.66	66.01	71.17	35.85	92.96	89.2	66.37	106.4	12.21	26.0	23.32	49.03	16.64	69.35	26.08	121.17	99.49	50.54	70.52	103.83	40.0	19.65	25.5	87.32	79.2	93.74	13.04	76.53	68.66	57.27	50.25	93.21	106.08	91.44	114.63	76.9	87.82	33.14	71.02	83.01	8.6	108.17	108.6	9.22	112.61	50.57	77.1	64.26	79.81	58.69	86.54	81.01	57.49	20.25	105.68	95.6	4.0	60.73	87.73	60.42	70.21	15.81	70.21	76.16	56.32	38.6	56.89	107.07	59.84	123.69	93.65	78.41	129.4	98.48	49.4	63.15	87.32	93.68	39.36	27.07	15.03	124.08	91.14	86.28	77.67	
40.22	90.14	17.46	68.31	28.84	39.66	72.73	97.94	37.59	89.2	32.89	41.19	54.13	79.65	27.51	43.57	49.24	88.32	68.62	59.46	36.67	0.0	32.76	22.2	57.25	90.47	60.67	18.87	32.56	79.16	48.84	23.32	43.14	33.24	45.65	37.66	64.38	28.44	46.1	67.21	70.09	65.62	44.94	35.36	20.25	72.44	63.89	69.12	38.64	60.75	33.24	73.5	55.23	31.06	60.01	26.68	87.46	81.41	49.19	89.84	32.02	31.78	51.48	89.5	72.8	40.25	76.03	81.01	25.94	30.53	45.45	33.62	39.81	70.06	71.28	21.84	34.21	62.59	22.02	42.49	61.22	42.95	37.8	16.0	77.37	71.2	45.1	36.22	27.29	35.23	93.05	81.06	26.42	23.35	37.48	56.59	50.54	57.87	69.01	27.51	35.36	46.86	48.0	61.59	79.26	100.85	56.46	32.76	43.38	95.71	61.85	92.7	28.02	28.43	48.84	54.63	58.9	16.12	72.2	45.54	73.55	89.74	59.84	47.71	49.65	88.01	66.65	81.06	27.89	64.85	89.44	9.85	19.03	90.21	84.72	5.83	23.41	73.17	47.85	97.8	42.19	43.91	20.52	45.18	65.76	35.85	90.25	46.82	49.73	33.24	69.78	15.23	14.21	93.04	76.28	66.49	30.59	62.82	12.08	73.16	77.23	65.74	75.17	26.0	40.71	27.29	12.37	50.04	75.45	42.49	91.4	75.03	18.36	61.61	69.81	48.84	33.24	29.68	55.95	44.41	72.78	25.0	43.08	32.02	68.59	53.01	60.17	78.77	66.48	87.71	70.6	83.52	42.01	79.2	61.39	44.64	86.4	77.23	45.28	83.23	29.73	80.62	28.84	90.27	35.36	73.06	45.4	28.28	31.38	71.84	72.42	40.61	54.08	61.85	56.86	66.13	38.01	82.76	43.14	57.45	18.03	20.22	85.87	69.43	98.41	57.14	48.55	100.96	104.45	14.87	73.0	79.62	83.6	33.29	42.94	35.9	97.95	56.29	84.15	86.4	
50.25	63.15	24.0	37.22	44.55	39.32	57.28	65.19	35.36	61.98	41.44	18.38	21.84	46.96	56.73	20.62	40.72	57.43	37.34	73.44	39.82	32.76	0.0	20.88	34.06	58.19	32.98	18.03	41.44	55.54	48.27	56.08	48.04	42.38	75.82	57.94	33.02	57.27	18.11	35.81	39.82	45.22	60.21	34.13	21.1	44.91	33.06	61.4	40.82	47.8	65.44	66.73	75.58	29.53	27.89	35.17	64.47	48.75	27.66	72.2	32.65	24.19	33.24	84.6	55.97	8.06	43.42	55.36	40.45	44.64	13.89	34.01	8.0	46.52	38.6	34.23	66.85	33.14	17.09	10.2	65.76	72.47	13.93	20.81	44.78	51.61	26.25	30.61	57.98	57.27	61.13	76.48	57.28	46.65	63.81	59.03	80.28	29.83	44.78	38.08	61.59	15.26	41.77	35.36	69.4	68.1	35.51	25.81	11.18	82.73	32.06	60.41	41.76	35.51	50.64	59.91	27.02	16.64	39.7	65.46	54.41	59.21	78.1	23.09	38.08	55.44	34.01	56.65	56.22	75.01	77.16	39.22	29.07	57.63	55.0	26.93	43.83	46.57	32.2	90.97	19.92	55.33	34.93	36.88	75.06	3.16	71.85	29.55	34.44	8.6	37.34	46.01	39.81	79.91	43.6	48.27	58.01	33.06	20.81	53.25	50.22	33.24	72.09	29.41	21.02	16.55	38.29	42.01	42.8	22.85	84.91	60.83	28.64	32.14	73.55	19.65	21.26	14.42	85.91	53.04	54.2	29.12	72.01	52.0	37.44	20.52	88.48	68.6	53.26	76.69	40.05	52.47	16.12	46.75	43.86	47.71	68.6	74.32	43.28	76.32	62.17	47.89	42.72	58.0	23.09	47.13	70.71	60.61	20.0	74.95	56.59	41.88	23.02	50.22	24.74	34.53	51.92	51.22	47.1	24.7	49.4	44.65	67.42	37.64	84.86	77.79	44.92	92.01	71.69	31.91	41.11	50.01	55.44	1.0	22.47	26.91	85.59	82.37	52.39	53.91	
30.02	68.47	26.91	49.24	46.62	21.95	51.08	82.13	18.6	67.6	47.38	20.25	37.48	63.13	38.6	40.01	28.6	68.54	49.74	53.04	48.6	22.2	20.88	0.0	54.15	72.4	39.85	22.47	21.0	57.04	59.68	42.95	29.12	48.08	57.49	37.16	53.24	50.64	38.83	55.95	60.42	43.42	39.46	16.64	26.63	51.2	44.78	49.58	50.22	39.36	49.66	54.45	54.71	39.45	42.64	40.31	65.28	64.66	47.0	68.01	41.88	9.85	29.27	71.59	50.92	25.24	61.72	59.14	42.8	23.77	34.54	15.65	24.41	48.0	56.73	36.88	52.2	42.54	4.0	27.2	47.76	53.81	33.02	6.71	60.44	49.03	23.0	42.95	40.82	36.72	74.3	63.13	40.31	26.91	44.05	41.63	61.55	37.34	47.04	42.45	41.87	35.85	55.54	56.09	59.2	84.5	55.0	38.08	27.8	74.95	42.05	74.63	20.88	15.0	33.11	68.88	47.01	13.6	58.41	44.6	51.42	69.64	57.27	43.19	28.18	73.66	50.25	59.0	37.64	55.44	68.8	31.78	31.83	75.74	64.2	18.03	23.6	51.62	25.71	79.2	39.0	35.0	14.42	51.26	55.73	22.85	68.31	47.38	51.79	27.02	52.63	30.08	35.11	72.2	61.62	44.38	38.9	42.95	13.6	50.99	55.73	48.92	57.8	36.4	39.12	28.46	21.02	56.65	60.96	41.11	72.84	53.67	8.49	41.63	56.08	40.52	35.44	28.64	67.21	33.24	50.7	35.61	53.04	31.3	57.71	39.96	68.88	58.6	45.18	67.42	50.99	63.98	36.22	65.44	39.29	57.2	64.51	60.0	55.07	64.35	50.49	64.44	21.84	76.84	13.15	51.35	50.48	45.31	33.53	57.78	50.7	51.87	35.81	40.82	39.7	47.71	55.61	71.02	28.46	42.64	40.05	25.5	63.89	57.45	77.52	56.92	29.83	81.57	88.09	13.04	60.75	59.14	62.37	21.84	41.05	40.5	77.39	62.13	65.37	72.35	
84.05	78.82	40.5	49.2	49.93	73.33	85.59	57.01	69.35	77.42	42.06	49.34	36.24	45.88	84.58	14.32	73.5	64.88	48.6	107.17	36.25	57.25	34.06	54.15	0.0	58.94	54.04	38.48	75.11	77.1	35.13	78.01	82.1	42.94	102.88	90.03	22.14	70.94	16.49	23.54	21.02	71.56	93.54	68.18	37.22	62.97	47.42	93.05	35.47	78.39	89.59	98.43	108.06	31.24	39.62	40.61	85.56	47.8	8.06	97.62	33.02	58.22	63.16	116.25	83.53	34.48	36.67	74.33	47.2	77.65	23.77	68.07	35.44	69.66	34.79	43.86	89.4	50.93	50.16	34.18	99.72	100.18	21.21	51.97	45.88	77.67	57.25	26.63	84.53	88.77	63.6	108.5	83.65	77.2	93.64	92.91	107.78	51.4	67.48	43.01	91.42	23.26	26.17	7.07	99.74	61.0	4.12	26.87	34.54	110.68	49.52	60.64	74.67	69.12	84.59	48.01	23.02	44.64	32.98	97.86	80.45	67.54	111.16	11.0	70.21	45.01	38.59	77.08	84.69	109.04	105.82	58.6	41.87	47.04	66.37	52.39	75.19	65.76	63.57	121.67	15.52	89.09	67.08	22.8	109.11	33.38	96.67	12.21	13.34	27.17	42.54	72.45	55.97	107.91	37.85	75.8	87.09	50.21	48.38	78.82	68.01	39.66	104.69	36.07	16.55	29.97	67.07	24.02	36.88	14.76	115.95	89.55	60.83	50.25	107.35	16.55	24.41	27.86	113.18	87.0	80.71	36.77	100.22	83.95	23.19	26.25	117.27	98.84	83.19	106.07	52.8	60.37	18.0	37.12	72.47	38.83	94.2	106.9	31.58	107.54	81.47	45.35	75.66	44.41	56.72	67.18	101.19	84.6	26.08	108.67	84.72	34.79	41.4	81.15	38.21	45.61	52.0	34.53	81.15	31.14	68.12	74.63	92.62	26.48	112.33	110.22	78.45	121.71	64.03	62.82	29.15	62.68	70.21	33.06	14.32	24.08	113.74	112.61	57.38	43.01	
91.44	31.78	81.25	23.43	99.72	76.58	60.64	16.0	73.59	30.59	94.13	52.8	36.4	13.15	110.94	60.01	67.68	12.17	22.8	111.5	90.0	90.47	58.19	72.4	58.94	0.0	35.47	75.69	85.56	41.19	92.78	113.64	85.43	95.13	129.62	105.38	36.88	115.25	53.01	35.44	39.4	48.47	102.83	74.25	77.88	30.08	27.8	75.89	90.02	62.65	121.8	80.08	119.85	81.15	30.46	89.56	45.18	11.18	61.52	62.07	84.1	67.48	53.6	94.05	57.49	50.33	22.47	35.06	95.89	91.29	48.51	75.66	50.7	41.11	24.33	90.26	123.89	31.11	70.33	48.1	95.29	125.8	60.3	76.06	14.04	50.7	54.45	79.0	113.21	106.22	5.0	89.27	112.68	98.6	115.11	88.68	133.41	36.77	39.56	92.54	113.07	47.38	83.86	52.5	76.3	15.52	63.06	76.11	47.17	78.06	31.14	2.24	89.27	81.47	83.49	105.93	38.05	74.46	25.96	111.07	52.17	14.56	119.81	57.14	63.25	20.0	24.52	39.05	109.86	108.41	76.06	97.41	85.7	19.72	19.0	84.69	94.81	32.57	57.63	95.13	61.0	95.9	85.8	79.51	107.42	55.03	60.13	67.48	71.02	61.19	20.88	102.08	97.8	76.01	21.19	53.14	110.8	30.41	78.39	50.22	30.59	25.0	88.89	83.6	64.0	71.02	93.3	82.2	22.14	64.03	91.55	64.33	80.71	31.83	99.4	50.0	71.18	67.9	139.01	91.83	53.37	83.73	124.81	100.57	36.06	40.31	139.6	75.31	63.57	78.23	22.67	12.37	57.08	23.32	54.13	95.26	60.0	90.52	88.46	85.33	120.15	13.6	89.94	24.7	63.13	34.48	120.34	117.24	71.34	99.54	59.67	90.09	36.72	65.39	33.62	24.7	105.12	31.14	84.02	34.53	107.56	97.65	58.0	32.57	78.23	122.02	74.89	92.01	18.38	85.44	30.46	20.62	26.0	57.87	63.03	75.01	81.1	131.55	8.06	21.26	
55.97	30.27	56.57	13.0	77.47	41.11	33.24	48.76	38.18	29.15	74.33	19.65	17.8	30.68	77.37	46.4	32.65	29.15	13.93	76.32	72.24	60.67	32.98	39.85	54.04	35.47	0.0	50.49	50.33	23.6	79.26	82.71	50.0	75.29	95.52	70.18	37.34	88.09	39.7	38.6	44.92	18.68	67.36	38.95	53.94	12.04	10.05	45.01	73.01	30.15	89.32	50.01	84.39	62.03	15.81	68.15	32.45	31.38	51.66	43.6	65.19	33.12	18.36	66.61	30.68	25.63	35.06	22.47	73.35	56.22	32.02	40.46	25.3	15.62	31.02	67.08	92.03	5.1	38.83	24.17	61.1	91.59	42.54	44.91	27.51	24.17	19.21	62.17	80.11	71.22	36.12	60.07	79.71	64.5	80.45	54.23	99.02	3.16	13.45	71.06	78.49	31.89	71.56	50.77	48.84	49.93	57.38	57.78	23.26	57.25	6.0	37.54	54.41	46.62	48.37	91.68	32.65	46.01	34.06	75.66	26.83	29.97	84.4	46.01	28.18	44.38	22.02	24.19	76.06	73.82	52.92	69.18	61.81	45.88	24.35	55.33	60.54	13.6	22.2	70.34	46.62	60.44	51.88	66.57	73.01	30.36	42.64	56.22	61.07	39.92	21.21	69.89	71.0	54.56	34.13	23.54	76.66	6.08	49.16	25.06	17.26	20.02	58.08	62.36	49.09	49.34	60.75	71.03	34.06	50.22	65.31	37.36	47.54	5.0	66.22	38.18	52.8	46.82	104.56	56.4	27.31	62.1	90.43	65.6	40.52	27.8	104.64	47.85	33.06	53.76	12.81	25.0	41.62	39.12	22.0	79.62	40.22	60.03	74.3	57.56	90.03	32.57	55.0	49.03	28.65	14.32	85.28	85.09	52.0	66.71	32.28	73.82	12.73	33.14	16.12	14.14	84.9	48.0	48.6	23.71	78.64	63.95	38.6	37.85	58.67	86.56	39.82	69.29	53.25	52.55	39.32	19.31	23.02	33.24	49.41	58.14	60.37	96.33	27.59	43.93	
50.7	80.75	6.08	55.23	27.2	44.42	70.72	81.39	41.05	79.63	25.81	33.24	39.62	63.91	46.1	24.7	50.21	75.43	55.33	72.69	26.25	18.87	18.03	22.47	38.48	75.69	50.49	0.0	41.76	72.12	37.22	41.04	51.08	26.63	64.5	53.08	46.4	39.56	27.59	49.2	51.62	60.42	58.31	39.12	4.24	62.51	51.09	71.45	27.8	59.82	51.86	76.49	71.18	17.0	45.71	18.87	80.96	65.79	30.46	86.83	19.42	31.14	47.01	93.86	69.97	26.08	59.06	72.57	23.09	42.43	28.18	38.08	26.02	62.94	54.56	16.76	52.33	51.04	19.21	28.16	69.86	61.72	19.1	17.09	61.98	66.64	39.82	20.88	46.14	51.35	78.85	85.43	45.28	39.46	55.36	63.95	69.35	47.38	61.4	21.47	53.16	29.53	33.53	42.72	80.66	84.58	37.95	16.28	29.15	95.6	50.01	77.88	39.46	36.06	55.47	46.69	41.34	8.94	55.07	61.07	69.32	77.23	75.0	28.84	48.92	70.83	51.24	73.5	46.24	76.4	89.64	22.47	11.4	73.06	73.01	13.93	38.05	63.95	44.65	101.24	23.32	55.32	31.26	29.61	76.92	21.1	86.77	28.64	32.14	15.26	54.82	34.0	22.14	92.8	59.48	62.65	48.7	51.01	11.05	68.45	67.74	50.7	80.21	14.14	21.93	8.54	28.86	34.93	58.59	23.77	94.92	73.82	25.71	50.04	78.29	30.48	15.13	10.82	74.79	54.41	68.88	13.45	61.74	47.04	50.45	36.25	78.79	79.98	65.6	88.62	58.08	70.46	23.35	61.91	57.8	34.83	83.24	82.42	32.65	86.37	46.04	64.62	40.45	72.67	32.65	64.33	63.06	46.86	13.15	80.06	70.18	29.41	41.05	61.72	42.58	52.47	35.34	64.66	50.57	41.44	32.76	36.67	82.3	51.61	98.01	73.25	52.2	103.25	88.14	26.02	55.22	68.0	73.25	18.11	24.17	19.1	98.23	74.33	70.21	69.12	
