220
0.0	16.03	105.76	70.77	79.65	40.79	82.0	33.84	71.59	17.26	101.55	33.02	76.0	112.54	12.81	60.61	77.62	93.15	5.66	4.47	79.01	86.98	81.6	71.02	36.06	12.65	67.94	7.07	72.62	26.0	64.07	33.96	55.01	25.46	77.62	98.98	75.18	24.33	14.87	76.03	28.79	35.44	77.13	40.5	57.08	63.95	67.74	77.23	65.97	62.97	39.01	56.86	43.93	51.26	38.64	67.2	14.04	38.12	78.26	28.64	41.23	36.07	75.43	65.15	30.23	84.17	75.17	56.04	76.49	25.0	54.13	56.3	22.36	56.73	55.01	50.0	44.6	81.5	6.4	28.6	35.36	72.47	41.77	71.81	20.81	28.44	74.0	11.18	52.01	92.44	75.03	88.32	10.77	64.38	33.0	97.84	36.35	1.41	105.12	20.62	72.28	65.0	54.41	33.24	60.81	84.22	18.03	6.0	40.25	83.26	11.0	28.28	26.93	82.22	26.87	44.27	76.69	53.08	49.24	87.37	68.12	24.08	101.14	67.12	77.18	57.22	69.12	26.4	40.31	30.02	54.34	11.18	28.64	49.01	36.89	52.5	52.39	69.92	76.3	77.16	56.3	28.28	72.47	83.76	1.41	29.15	75.11	85.96	73.44	7.07	58.94	23.02	25.5	64.62	62.43	53.49	78.09	93.41	34.21	59.48	95.13	67.68	70.8	32.02	39.4	52.89	42.3	36.24	19.85	87.32	39.85	109.6	17.69	95.19	38.83	89.69	67.36	75.66	44.72	64.44	104.8	53.15	57.0	50.16	11.7	94.43	78.34	42.43	87.6	33.84	10.63	35.36	89.04	77.67	49.03	48.26	75.17	99.76	102.0	76.48	37.36	27.78	42.64	50.6	72.47	85.88	21.84	27.59	3.16	76.32	35.78	13.0	62.2	19.24	64.03	105.12	27.66	86.82	73.0	12.53	
16.03	0.0	117.89	82.66	87.62	45.79	82.57	47.54	79.65	26.17	110.11	35.34	92.01	123.24	26.93	73.43	74.11	101.21	20.22	12.37	79.43	85.05	76.79	79.98	33.24	23.85	79.88	9.22	67.08	29.68	64.33	40.0	69.29	17.12	82.29	107.0	83.24	40.11	25.81	92.01	43.93	50.8	92.96	37.05	57.49	71.84	70.94	76.66	63.0	72.14	55.04	70.21	55.22	66.22	43.57	77.1	2.83	41.59	92.48	13.89	57.07	26.57	72.06	61.13	18.36	98.68	74.81	71.39	74.01	24.7	61.85	71.84	37.64	69.12	48.84	47.04	56.04	80.31	11.4	42.15	25.63	82.88	32.31	87.3	33.29	44.18	69.46	26.68	68.03	105.99	91.05	96.67	15.0	80.4	35.78	109.86	52.35	15.0	115.28	21.54	88.07	62.0	64.44	24.04	72.42	92.46	11.05	22.02	54.71	97.74	27.02	13.0	35.38	83.93	20.22	59.91	92.23	55.36	64.51	96.33	68.07	17.12	112.16	67.08	85.8	59.81	84.93	17.72	56.32	46.04	59.06	27.02	44.28	65.03	30.27	49.0	50.16	66.12	91.92	72.56	69.78	44.1	86.54	92.76	15.13	39.2	91.05	94.02	72.44	23.0	64.01	7.28	10.82	59.54	76.06	68.41	94.05	106.0	24.6	67.48	104.14	83.24	80.62	34.44	54.12	50.04	58.14	45.28	14.32	99.57	37.22	120.88	14.56	108.67	53.23	98.08	69.89	91.44	59.81	76.55	116.61	69.07	58.24	45.18	27.46	101.24	93.74	58.22	93.06	48.33	24.04	44.6	97.84	90.82	47.38	40.52	85.8	110.63	114.59	90.62	35.51	42.06	33.84	65.73	80.43	93.6	24.17	18.44	19.0	92.35	31.0	17.03	61.98	19.31	61.0	117.32	17.72	101.24	73.76	27.89	
105.76	117.89	0.0	35.23	43.05	78.19	82.2	72.18	47.27	115.36	32.45	89.16	68.18	15.81	92.96	45.28	101.24	37.34	100.12	110.11	82.73	95.71	108.37	43.74	99.02	111.04	38.01	111.83	109.0	91.24	84.1	80.96	53.6	110.91	61.4	36.72	45.04	85.7	111.8	66.19	79.25	74.65	86.21	99.62	84.72	53.15	71.01	87.46	97.08	49.34	80.78	49.52	62.68	59.91	79.85	43.32	117.41	83.57	34.79	131.75	88.12	114.02	100.12	101.18	117.63	34.23	86.28	59.48	96.25	98.39	61.03	91.39	99.02	49.04	107.69	97.08	61.85	90.93	107.2	77.23	114.39	37.0	115.11	53.15	109.48	82.33	105.02	101.83	74.85	20.1	70.26	36.88	102.9	76.9	88.24	8.06	85.76	105.89	19.1	124.46	86.7	97.13	54.56	112.92	45.49	39.32	123.69	101.24	67.27	34.37	97.59	130.63	83.01	76.3	132.55	90.8	52.35	79.43	95.08	33.38	85.0	129.83	12.08	85.01	41.05	76.79	86.15	132.14	83.73	85.8	70.61	96.21	81.57	76.06	107.56	98.66	94.54	101.0	54.33	106.12	50.25	83.1	38.01	35.06	107.17	78.77	64.28	39.62	89.14	99.82	66.91	124.81	128.71	105.3	44.82	57.98	81.1	13.04	139.95	56.04	30.08	91.59	40.52	89.55	68.77	96.51	74.09	73.43	107.91	18.44	97.72	9.49	123.33	18.0	102.47	36.14	74.01	58.31	97.08	41.4	3.61	69.86	81.74	103.37	100.42	45.69	49.25	73.25	55.08	101.87	95.27	73.93	33.73	29.41	93.17	111.57	33.84	13.93	6.0	35.47	96.46	78.52	113.53	61.59	47.17	41.77	124.46	112.26	102.83	75.17	103.46	117.46	86.21	123.79	97.19	1.0	113.6	32.06	81.15	101.86	
70.77	82.66	35.23	0.0	26.08	44.72	62.13	37.64	23.43	81.4	38.05	55.08	53.67	42.44	58.0	11.7	76.9	33.54	65.12	75.07	61.4	75.29	84.15	18.44	65.51	76.84	2.83	76.69	82.23	56.46	57.28	46.49	23.19	76.16	41.87	38.12	24.08	52.15	77.8	51.88	45.49	42.05	69.89	66.75	55.73	24.7	46.1	64.85	69.86	18.68	50.7	16.76	27.46	30.27	46.1	13.42	82.2	50.01	22.2	96.52	59.23	80.08	75.27	73.35	83.01	28.65	63.07	33.06	72.24	63.69	29.02	67.01	66.24	14.21	77.01	66.0	26.63	69.35	72.01	42.45	80.36	10.0	81.79	36.72	76.32	49.24	79.12	67.62	49.0	27.0	55.04	28.86	67.68	56.29	54.12	27.2	55.36	70.84	36.25	89.94	68.41	69.63	20.4	78.75	10.3	26.93	88.62	66.48	34.0	27.78	63.13	95.41	47.89	57.2	97.62	62.8	39.41	49.25	68.36	25.32	59.46	94.85	30.81	59.14	21.63	47.85	66.71	97.08	54.34	53.71	40.31	61.62	48.37	49.09	73.98	68.03	64.07	74.46	41.05	80.96	17.72	50.12	18.44	22.8	72.18	43.57	49.65	28.79	65.0	65.07	38.08	89.59	93.48	76.94	15.03	29.07	65.92	23.77	104.89	25.5	31.02	71.02	13.45	55.36	35.78	66.07	44.15	38.48	72.9	17.0	64.78	38.95	88.41	29.07	72.8	29.61	48.85	44.42	69.05	6.4	34.06	44.01	52.77	72.03	66.22	40.16	37.64	43.17	42.44	71.17	60.21	38.91	27.29	12.65	62.0	79.4	9.49	29.68	32.2	20.62	63.15	44.05	80.41	32.25	24.08	30.46	90.14	77.62	67.9	60.01	69.86	82.76	58.69	89.14	69.43	34.67	78.92	29.55	57.7	67.8	
79.65	87.62	43.05	26.08	0.0	42.43	39.85	51.97	8.06	93.78	22.63	53.76	79.65	40.16	68.03	34.48	58.22	13.6	74.24	83.35	40.02	53.45	65.38	10.0	61.61	88.77	26.83	84.06	66.07	58.14	41.44	47.63	46.32	76.42	18.68	19.42	4.47	67.47	90.25	77.9	61.0	60.13	95.46	61.06	43.01	15.81	28.16	44.55	54.33	17.46	71.01	39.05	38.08	52.95	44.55	16.12	88.01	47.42	47.42	100.66	80.02	76.84	57.08	58.55	82.33	53.08	43.29	57.28	53.24	64.35	25.81	90.26	82.0	33.38	66.41	56.46	37.85	48.27	78.77	55.08	77.42	16.12	76.66	62.77	90.8	65.76	62.0	80.06	72.37	46.53	80.95	9.22	73.24	81.27	53.04	36.5	75.03	79.26	31.02	100.18	93.64	54.45	26.68	76.4	27.46	5.0	95.96	76.97	52.04	52.35	75.03	99.16	53.0	34.18	105.69	84.1	65.46	38.91	90.27	10.44	42.05	102.63	32.14	42.11	4.47	35.47	91.71	104.29	75.03	71.45	31.06	73.16	64.78	71.85	69.89	57.58	53.49	58.08	67.12	63.07	40.02	66.75	44.41	8.0	81.01	50.54	75.66	6.4	46.1	75.64	26.42	93.61	97.95	62.8	39.92	52.39	91.71	38.28	111.83	20.25	17.49	95.6	13.6	54.45	54.04	55.36	65.12	43.42	75.01	32.2	59.36	40.61	96.9	47.42	92.2	10.63	31.14	70.49	90.02	28.79	40.0	67.68	40.16	62.77	78.77	16.03	63.6	64.12	16.4	89.56	69.32	44.29	11.18	36.77	52.8	71.59	17.03	30.15	43.74	46.1	58.82	57.72	74.79	54.92	7.21	6.32	101.08	77.23	77.37	85.87	66.03	92.59	43.74	98.88	54.59	43.1	78.64	53.26	38.12	80.65	
40.79	45.79	78.19	44.72	42.43	0.0	42.76	29.0	34.71	57.22	65.05	11.4	78.89	80.45	32.06	40.11	44.82	55.9	36.22	43.68	40.02	50.57	50.93	36.06	20.88	52.15	42.43	43.66	45.0	16.12	26.4	7.0	43.66	34.06	37.0	61.62	38.21	39.4	54.08	77.9	35.51	39.7	88.62	22.09	20.25	27.02	27.07	39.56	33.94	29.07	51.4	39.81	22.14	45.65	2.24	34.93	46.53	5.39	62.2	58.41	59.36	35.85	42.64	35.61	40.22	69.26	37.34	52.35	41.88	21.93	17.49	74.2	51.42	35.13	34.21	23.41	23.09	44.38	38.28	27.46	36.25	41.23	37.11	66.48	57.14	40.31	43.86	45.04	60.14	71.45	79.08	51.62	32.31	73.11	10.63	70.23	53.0	40.02	71.85	61.13	84.9	33.24	24.33	34.89	35.13	47.38	55.04	40.05	35.61	68.26	40.11	56.85	15.13	42.05	64.88	63.81	71.17	13.93	70.49	51.86	30.46	61.74	70.24	29.55	41.23	17.26	82.04	63.06	55.22	46.53	13.6	38.12	39.45	57.98	29.41	26.0	22.83	38.9	71.87	46.67	40.02	41.18	56.32	48.41	41.98	16.55	76.06	48.8	36.67	39.01	18.38	51.4	55.8	37.74	45.54	46.96	87.01	68.15	70.33	23.02	59.55	83.55	38.01	12.04	36.88	24.6	48.8	12.04	32.65	61.13	20.1	79.18	56.65	73.68	66.48	53.04	27.02	73.41	68.0	40.11	76.16	57.63	18.79	28.64	44.1	55.47	71.17	48.08	47.42	62.3	32.02	12.73	53.15	56.14	19.7	35.0	44.38	68.48	76.24	60.21	18.44	30.53	35.69	46.65	35.38	48.17	62.59	35.0	39.32	82.66	25.3	53.6	25.55	59.48	32.56	77.83	36.4	71.11	33.96	46.1	
82.0	82.57	82.2	62.13	39.85	42.76	0.0	68.94	38.95	99.05	54.15	49.01	111.8	76.01	74.67	65.8	21.19	46.01	78.1	84.1	3.16	13.6	27.46	43.91	49.48	94.09	61.61	83.29	31.76	56.0	18.25	49.65	75.17	66.48	21.19	49.16	39.4	81.61	96.13	110.34	76.9	79.62	125.0	46.17	25.18	38.29	18.03	7.81	24.08	44.69	91.71	68.62	56.94	80.0	44.55	48.83	84.17	44.1	84.31	92.35	100.32	61.33	21.02	28.28	69.64	90.74	8.6	86.05	16.55	58.42	40.22	114.06	94.15	62.24	41.4	36.77	57.45	9.06	78.16	68.95	62.24	52.84	58.18	96.21	99.72	81.93	26.83	87.57	97.94	86.01	112.61	45.4	72.11	109.62	49.0	76.16	94.15	81.01	67.01	101.32	122.07	24.84	49.68	62.39	58.05	42.95	93.21	82.22	73.43	89.89	82.73	90.44	57.87	6.0	102.77	104.79	99.9	29.15	111.49	48.84	14.56	99.64	70.58	15.52	43.08	25.5	119.54	100.22	95.75	88.26	31.38	80.75	80.99	96.38	54.78	35.78	33.24	25.0	101.24	26.57	69.35	82.87	80.0	47.54	83.01	58.94	108.21	42.58	12.04	81.3	29.15	86.13	90.52	32.56	72.18	80.43	122.29	78.11	106.48	39.62	53.08	122.11	48.88	50.01	75.18	34.01	87.71	52.81	68.25	71.87	45.61	78.16	95.75	87.09	108.81	46.27	16.55	103.97	109.56	61.85	78.92	94.3	25.0	41.18	86.7	39.2	98.72	86.83	28.02	104.81	74.33	53.76	48.51	74.43	35.44	49.93	55.01	68.59	83.43	82.66	47.07	72.11	55.95	81.61	38.47	40.45	103.17	66.1	81.06	117.03	52.5	94.13	20.62	99.41	25.61	82.38	67.36	91.42	9.0	88.68	
33.84	47.54	72.18	37.64	51.97	29.0	68.94	0.0	44.41	43.83	71.87	32.2	51.62	80.0	21.1	26.91	73.76	64.56	28.3	38.28	66.64	78.55	79.93	42.2	42.72	39.2	34.83	40.31	73.76	28.86	54.64	24.41	21.84	46.01	56.57	70.21	47.68	15.52	40.22	50.92	9.06	10.82	59.82	46.1	49.04	38.01	51.26	67.23	62.94	34.53	22.83	23.02	14.04	20.02	28.32	37.0	46.52	31.4	44.94	61.33	31.38	53.46	71.59	64.44	53.04	51.24	65.0	26.31	70.6	35.36	30.41	45.49	30.08	23.43	60.9	51.04	14.14	72.2	36.25	5.39	53.34	41.15	57.27	42.11	39.4	14.0	72.84	30.0	31.24	58.67	51.48	59.48	33.24	44.41	31.3	64.35	25.3	34.13	73.25	52.35	55.97	62.23	25.32	51.24	28.3	55.79	51.87	29.07	8.06	50.29	25.5	60.54	18.97	66.73	60.44	35.85	47.1	42.2	42.54	57.58	58.52	57.8	68.41	57.69	48.51	44.42	53.08	60.22	26.83	20.1	37.58	24.04	13.0	29.0	49.48	53.82	51.22	67.88	47.27	75.66	22.47	15.0	39.0	54.08	35.23	14.32	49.34	57.72	64.9	27.66	40.16	54.78	58.18	66.22	28.65	22.0	58.52	59.67	68.01	34.01	65.0	54.56	40.5	31.78	8.54	52.8	19.8	17.03	41.19	53.76	44.28	76.58	51.22	61.4	41.19	60.73	52.39	47.85	40.8	31.24	71.42	29.15	47.2	55.07	28.6	67.9	48.0	19.1	64.0	38.0	23.71	16.28	59.46	43.83	47.8	58.87	43.42	67.2	68.25	43.08	41.63	6.4	56.75	20.22	45.4	58.25	52.5	48.0	30.81	54.59	45.88	45.28	54.2	51.62	61.52	71.51	49.01	53.76	60.83	30.23	
71.59	79.65	47.27	23.43	8.06	34.71	38.95	44.41	0.0	85.8	30.48	46.1	75.72	46.52	60.01	29.53	55.32	21.63	66.19	75.29	38.48	52.33	62.59	5.0	54.38	80.78	23.35	76.01	62.13	50.25	37.01	39.7	40.85	68.77	18.44	27.46	3.61	59.84	82.28	74.06	53.46	53.0	90.79	54.12	37.48	7.81	24.33	42.38	50.01	10.0	64.2	33.62	30.41	47.13	36.8	10.82	80.0	39.82	45.61	92.76	73.25	69.64	53.94	54.01	74.81	51.87	40.8	52.0	50.45	56.59	17.8	84.17	74.33	27.51	60.64	50.29	30.27	46.62	70.72	47.3	70.18	13.89	69.77	59.2	82.97	58.31	58.42	72.11	66.48	47.43	76.85	17.03	65.22	76.16	45.34	40.01	68.03	71.2	37.59	92.13	88.64	50.0	19.1	69.07	21.93	12.81	87.92	68.94	45.04	51.04	67.07	91.29	44.94	33.84	97.64	77.41	62.37	32.57	83.73	17.2	38.33	94.58	37.36	38.21	6.71	29.61	86.54	96.26	68.26	64.12	24.17	65.19	57.31	65.73	62.77	51.66	47.54	54.15	63.89	59.84	34.54	59.3	41.73	13.89	72.95	42.49	71.85	14.42	43.17	67.62	19.92	85.7	90.03	58.08	35.51	46.82	87.32	40.45	103.81	12.21	24.84	90.14	10.0	46.75	47.04	49.48	58.55	35.36	67.18	33.73	52.35	46.17	88.84	48.76	85.02	18.44	27.29	67.01	83.22	24.41	44.55	61.98	34.53	56.61	70.84	23.54	60.83	57.56	20.88	82.22	61.27	36.24	18.44	35.51	46.49	65.19	16.16	35.44	47.01	44.05	51.62	50.01	67.98	49.04	1.0	14.32	93.04	69.66	69.32	81.63	58.83	84.53	39.01	90.82	50.01	47.17	71.06	52.48	35.44	72.73	
17.26	26.17	115.36	81.4	93.78	57.22	99.05	43.83	85.8	0.0	114.93	50.16	74.95	123.81	25.96	70.29	94.83	107.02	21.02	16.55	96.08	104.24	98.67	84.58	53.16	5.1	78.6	18.87	89.54	43.1	81.22	50.25	62.29	40.82	93.56	112.81	89.32	29.7	3.61	75.43	36.12	41.11	72.01	57.57	74.24	78.43	84.29	94.43	83.2	76.56	39.4	65.86	56.36	57.01	55.15	80.06	23.35	55.0	84.81	32.89	37.66	51.31	92.65	82.28	44.05	89.87	92.35	60.21	93.74	42.2	68.96	50.04	18.38	67.2	71.69	67.19	56.82	98.73	22.47	39.45	50.48	84.72	57.14	74.69	9.0	33.3	91.09	13.89	51.55	100.0	73.55	102.04	27.89	61.81	50.09	107.71	35.11	18.44	117.05	11.18	67.01	82.23	67.54	48.55	72.11	98.09	19.31	17.26	48.1	89.05	18.79	33.62	42.58	99.05	22.09	39.12	79.2	70.0	42.11	100.62	85.29	21.02	112.2	84.29	90.87	74.03	64.0	24.02	38.9	31.38	70.58	20.62	33.97	48.7	53.23	69.64	69.63	87.09	78.39	94.25	65.12	32.65	79.51	97.05	16.49	43.68	75.0	99.92	90.67	18.44	74.97	30.53	30.46	81.6	70.71	59.2	74.11	102.55	30.27	74.0	108.24	61.2	83.65	49.16	46.67	70.09	44.78	50.96	35.78	97.08	57.01	120.25	15.52	102.83	29.43	103.37	84.1	76.9	37.12	75.0	114.87	54.23	74.06	67.07	15.26	109.11	81.39	45.28	103.08	25.08	25.32	50.0	102.42	86.27	66.29	64.41	87.13	111.02	111.02	83.24	54.57	37.44	58.31	55.8	86.73	100.09	9.85	42.72	18.0	73.68	52.55	9.43	79.4	12.0	81.25	114.63	42.44	92.66	90.05	13.6	
101.55	110.11	32.45	38.05	22.63	65.05	54.15	71.87	30.48	114.93	0.0	76.38	88.77	22.2	89.55	49.37	74.81	9.43	96.04	105.39	55.44	67.0	81.5	30.53	84.02	110.02	40.2	106.25	84.17	80.72	61.1	70.18	61.2	99.04	35.74	5.0	26.91	87.32	111.36	86.83	80.65	78.59	106.1	83.23	63.95	38.29	47.93	60.67	73.38	38.59	88.28	54.45	58.6	68.26	67.18	34.93	110.42	70.04	53.45	123.24	97.02	99.2	74.15	77.79	104.89	56.86	60.02	71.0	69.87	86.98	48.27	105.0	101.84	50.22	87.24	77.9	58.18	63.2	101.02	75.64	99.81	31.05	98.74	71.81	111.23	85.07	79.62	101.08	87.02	45.49	90.47	13.45	95.6	93.54	75.66	29.73	92.76	101.24	13.93	121.94	105.22	73.68	47.41	98.86	44.38	17.69	118.22	98.49	70.34	56.46	96.15	121.75	75.21	48.17	127.88	100.72	73.08	60.75	106.38	14.32	60.73	124.85	20.62	61.03	24.41	56.94	103.82	126.61	92.07	90.25	53.41	94.37	84.12	87.14	92.2	78.71	74.71	76.4	75.0	80.06	55.44	86.02	52.95	17.89	102.93	72.4	84.65	16.28	63.35	97.13	48.6	116.18	120.51	82.22	53.01	67.12	101.64	35.23	134.2	42.64	7.07	108.46	31.38	77.08	72.28	76.48	81.88	65.46	97.62	32.7	81.61	25.63	118.98	45.0	110.22	12.04	50.7	78.85	106.92	43.42	28.84	82.01	61.29	84.12	99.74	15.0	70.52	80.89	26.17	108.17	91.07	66.29	12.53	43.17	74.43	93.15	29.43	19.1	36.12	52.89	81.22	78.0	96.8	70.26	29.73	17.2	122.67	99.82	99.13	95.57	88.41	114.39	63.69	120.74	74.0	33.02	101.24	55.9	55.54	101.55	
33.02	35.34	89.16	55.08	53.76	11.4	49.01	32.2	46.1	50.16	76.38	0.0	83.77	91.81	27.31	49.16	46.1	67.18	29.43	35.13	46.0	54.34	51.11	47.43	11.05	45.28	52.63	34.53	43.42	7.07	31.06	9.0	50.64	22.67	46.96	72.86	49.58	38.29	47.38	83.01	36.24	41.88	91.53	13.93	24.08	38.42	35.74	44.28	34.44	40.31	52.5	48.01	30.0	51.24	9.43	46.07	36.4	6.4	71.03	47.43	59.41	25.0	43.86	34.67	28.84	78.01	42.19	57.87	44.27	10.82	28.84	74.97	47.85	44.18	28.84	19.85	31.0	48.66	29.27	28.84	25.3	52.33	27.07	73.01	51.66	40.31	43.57	39.56	62.97	81.39	83.67	62.97	23.19	76.32	1.0	81.15	53.04	32.0	83.23	52.47	87.42	33.54	34.79	23.77	45.12	58.73	45.22	33.73	39.92	77.01	35.11	45.8	13.6	49.5	55.03	63.7	77.88	20.4	70.18	63.25	35.13	51.87	81.49	34.13	52.63	24.74	84.4	52.92	55.9	46.01	23.85	33.24	39.62	60.46	19.1	22.67	21.1	38.95	78.34	46.65	48.04	41.01	65.01	59.82	34.0	17.89	81.34	60.11	40.61	32.98	28.84	40.5	44.94	35.47	54.0	52.89	90.55	78.75	59.93	34.41	70.94	85.15	49.24	1.0	40.72	22.2	51.31	18.03	21.63	71.78	12.08	90.43	47.3	83.74	64.14	64.38	34.93	79.4	67.01	50.01	87.24	61.29	24.02	23.02	38.9	66.4	78.26	50.77	57.8	59.54	26.25	18.11	64.54	65.92	17.49	26.93	55.46	79.76	86.98	69.03	9.49	31.4	26.0	51.87	46.75	59.41	54.23	23.6	32.25	86.77	15.03	45.18	29.27	50.64	32.65	88.77	25.0	80.06	40.01	40.8	
76.0	92.01	68.18	53.67	79.65	78.89	111.8	51.62	75.72	74.95	88.77	83.77	0.0	83.0	66.48	46.4	121.82	86.38	72.11	80.02	110.32	123.76	128.6	71.02	94.34	72.99	52.84	83.01	123.71	80.32	101.67	75.58	36.8	95.71	93.6	90.14	77.18	52.15	72.37	2.0	50.01	43.17	18.03	97.69	97.42	73.88	94.05	112.49	112.07	67.62	37.01	43.19	57.43	33.29	78.77	64.9	90.01	82.3	35.51	104.17	37.36	104.29	119.81	114.28	102.42	34.01	110.39	26.63	117.92	86.4	72.18	29.83	56.89	49.58	112.26	102.0	56.61	117.41	81.1	55.66	104.05	63.53	108.52	17.09	66.22	48.26	122.07	66.19	24.02	48.09	2.24	82.08	80.62	13.89	82.86	64.03	40.31	77.01	81.5	86.12	18.97	111.5	62.23	101.87	54.2	80.53	91.55	70.0	43.86	34.0	65.0	104.08	70.58	107.81	96.88	36.77	16.03	90.21	36.89	78.19	105.0	95.35	73.25	104.35	75.18	91.05	19.24	98.31	36.35	46.01	83.1	65.03	48.37	27.02	100.88	104.71	101.71	117.07	14.04	124.62	42.45	48.17	36.06	76.16	77.01	65.92	4.12	82.35	111.29	69.01	83.49	99.01	101.12	116.62	40.22	32.2	13.04	57.04	105.12	72.18	82.28	25.06	66.37	83.38	43.08	103.45	34.37	67.12	90.26	56.72	95.85	77.03	88.96	50.25	49.19	82.64	96.18	10.05	41.18	51.31	70.03	23.35	95.0	106.45	65.12	93.62	19.0	34.53	95.88	51.62	69.46	66.65	80.06	45.61	98.49	110.49	63.07	73.44	62.2	35.9	93.23	53.85	108.16	32.25	76.55	84.1	84.65	97.86	73.01	7.0	97.41	81.88	102.0	86.68	110.94	67.19	98.66	36.12	105.38	65.28	
112.54	123.24	15.81	42.44	40.16	80.45	76.01	80.0	46.52	123.81	22.2	91.81	83.0	0.0	99.9	53.85	96.33	30.07	106.89	116.73	77.1	89.05	103.17	44.42	100.72	119.2	45.22	118.09	105.22	95.0	81.25	84.4	63.98	114.28	56.57	27.17	43.46	94.58	120.21	81.0	87.92	84.22	101.0	100.62	83.17	53.71	67.91	82.22	93.94	51.61	91.79	58.67	68.62	70.77	82.38	46.23	123.11	85.76	48.37	136.88	99.72	115.97	95.52	98.27	120.65	49.01	81.39	71.47	91.35	101.83	62.97	104.56	108.56	56.61	106.57	96.57	67.94	85.02	113.15	84.65	116.47	40.36	116.28	67.27	118.73	91.59	100.84	110.0	87.36	35.13	85.01	31.78	108.3	90.8	90.97	19.1	96.66	112.49	9.22	132.14	101.18	94.15	58.8	115.25	51.86	35.44	130.12	108.58	76.32	49.0	105.42	135.59	87.86	70.01	139.39	102.79	67.01	78.92	107.56	29.73	81.39	136.52	11.66	81.58	39.81	75.61	100.4	138.6	95.08	95.77	70.68	103.86	90.74	88.23	109.18	97.74	93.64	97.32	69.01	101.49	59.54	92.44	50.45	32.7	113.95	84.17	79.01	34.93	84.59	107.17	66.31	129.83	133.96	102.61	55.04	69.08	96.01	26.08	146.37	57.45	23.35	105.68	42.8	92.36	78.03	95.52	85.09	77.99	112.0	28.46	98.84	6.32	130.23	33.38	113.85	30.59	70.83	73.01	109.11	48.83	13.15	82.28	80.32	102.88	108.6	37.12	64.0	84.17	48.0	112.73	101.91	78.64	29.12	40.8	92.85	111.62	37.48	12.81	21.59	48.66	98.01	86.4	114.49	72.62	46.1	36.67	132.44	115.38	109.79	90.0	105.19	124.84	83.68	131.24	94.37	16.76	116.76	47.1	76.66	110.21	
12.81	26.93	92.96	58.0	68.03	32.06	74.67	21.1	60.01	25.96	89.55	27.31	66.48	99.9	0.0	47.8	73.41	81.39	7.21	17.2	71.85	81.32	78.29	59.06	34.06	20.88	55.17	19.24	70.18	20.59	57.49	25.08	42.54	29.73	67.74	87.21	63.56	14.56	22.56	66.27	17.12	24.08	70.01	38.42	50.7	52.55	59.0	70.83	61.74	51.0	30.36	44.1	31.4	39.29	30.15	54.92	25.63	30.81	65.8	40.5	34.99	39.36	71.18	61.77	36.14	71.87	68.66	44.55	71.51	23.35	43.01	50.77	20.59	43.93	53.91	46.65	32.02	75.43	15.52	15.81	38.91	60.0	44.42	60.53	25.08	18.25	70.71	13.0	42.95	79.76	65.76	76.48	14.14	56.04	26.93	85.04	29.07	13.04	92.62	32.45	65.39	60.84	42.19	36.67	48.1	72.45	30.81	8.94	27.86	70.94	8.06	39.85	17.0	74.11	39.62	38.83	65.49	45.54	44.82	75.29	61.61	36.88	88.46	60.64	65.3	49.25	62.24	39.2	32.7	21.93	45.04	6.08	18.11	40.02	37.8	49.4	48.3	66.19	65.28	73.82	43.57	18.44	59.93	71.69	14.21	17.72	65.12	74.25	67.45	7.62	49.25	34.21	37.34	62.13	49.74	41.48	70.21	80.6	47.01	48.1	83.01	61.77	58.52	26.4	27.2	49.24	32.14	25.0	24.04	74.52	37.2	96.88	30.41	82.49	37.2	77.83	59.08	65.03	41.04	51.66	92.02	43.19	50.01	48.41	12.04	83.22	66.91	32.06	77.13	32.45	3.0	24.04	77.03	64.9	44.72	48.92	62.63	87.11	89.2	63.98	34.41	15.23	44.65	38.83	60.93	74.32	33.12	31.95	9.9	67.68	35.38	25.0	56.04	31.4	59.93	92.31	32.57	74.46	65.76	14.04	
60.61	73.43	45.28	11.7	34.48	40.11	65.8	26.91	29.53	70.29	49.37	49.16	46.4	53.85	47.8	0.0	77.9	44.05	55.0	65.0	64.54	78.24	85.0	25.08	60.07	65.86	9.22	66.85	81.71	49.24	57.71	40.2	12.04	68.68	47.2	49.01	31.38	40.8	66.71	44.82	34.21	30.41	61.27	62.01	54.78	27.59	48.41	67.2	69.46	21.26	39.05	5.1	19.42	19.0	41.01	18.79	72.72	45.01	22.09	87.32	47.68	73.82	76.06	72.45	75.69	29.15	65.22	22.8	73.57	56.52	27.73	56.22	54.71	5.0	73.98	62.97	18.44	72.01	62.43	32.02	73.98	19.1	76.24	30.41	64.9	37.74	79.2	56.64	38.21	32.89	47.43	39.12	58.59	46.82	48.17	37.48	43.68	60.8	47.93	79.2	59.24	69.08	17.46	72.18	7.81	36.5	78.6	55.97	22.47	28.16	52.33	86.35	39.85	61.55	87.32	51.35	34.21	47.76	57.08	36.0	60.54	84.65	42.19	60.03	30.08	47.42	57.25	87.01	42.76	42.05	39.4	50.93	36.89	38.01	68.26	65.31	61.61	74.32	35.47	81.39	6.08	38.59	16.28	33.06	62.01	35.11	42.64	38.47	66.57	54.56	38.59	80.53	84.22	75.58	6.4	18.11	57.8	32.8	94.81	26.4	42.3	61.13	20.88	49.25	24.19	63.56	32.56	31.4	64.85	26.87	60.01	50.0	78.1	35.47	61.13	40.05	50.8	38.18	57.56	6.0	44.6	33.38	52.0	68.59	55.23	49.82	33.29	31.58	50.16	59.46	50.22	31.58	38.0	17.46	59.03	75.06	20.02	41.18	41.4	20.1	58.01	33.24	75.11	21.0	30.41	39.81	79.25	70.34	57.63	52.15	64.2	72.18	58.6	78.52	68.71	44.6	71.57	31.02	60.0	56.73	
77.62	74.11	101.24	76.9	58.22	44.82	21.19	73.76	55.32	94.83	74.81	46.1	121.82	96.33	73.41	77.9	0.0	66.27	74.95	78.64	19.42	13.04	7.28	59.91	41.77	90.25	75.77	77.1	11.31	52.92	20.25	50.48	85.21	57.04	40.0	69.87	56.72	83.53	92.44	120.6	80.21	84.5	132.94	37.48	24.76	52.2	31.05	14.14	11.7	58.31	96.21	79.61	64.54	88.73	45.8	63.57	76.24	43.57	98.49	81.39	104.04	49.25	2.24	13.0	58.22	105.31	15.0	95.27	5.0	52.63	50.25	119.02	93.94	73.57	26.48	27.66	65.3	12.53	72.57	72.2	50.25	68.68	44.72	107.62	97.41	84.88	6.4	85.44	104.69	102.62	122.29	65.01	66.94	117.39	46.52	94.64	97.65	76.4	87.21	94.76	129.42	12.65	60.54	51.09	70.66	62.03	85.15	79.38	79.91	104.39	81.15	79.4	58.31	26.93	94.01	108.47	111.83	31.83	115.11	68.03	17.46	91.02	90.02	17.89	60.67	30.81	126.62	91.01	100.0	90.97	38.83	79.31	84.05	102.65	44.0	25.32	25.3	8.0	112.9	5.39	80.16	85.7	93.47	66.19	78.34	61.03	118.6	62.0	12.17	78.77	39.36	76.06	80.16	15.52	84.22	89.64	130.97	95.71	96.25	51.89	73.11	128.32	64.56	47.01	81.34	24.74	93.51	56.73	60.41	89.05	37.85	98.02	88.36	104.05	110.06	66.03	28.16	115.11	112.36	75.15	98.13	101.83	26.91	29.0	84.86	60.02	111.14	92.76	48.66	105.55	72.24	57.49	68.0	89.54	28.79	35.69	71.31	88.02	101.83	96.66	40.26	75.21	42.58	90.03	55.11	60.01	97.02	56.0	77.49	126.25	43.19	88.28	19.85	92.66	13.6	101.32	57.01	106.4	20.1	86.73	
93.15	101.21	37.34	33.54	13.6	55.9	46.01	64.56	21.63	107.02	9.43	67.18	86.38	30.07	81.39	44.05	66.27	0.0	87.71	96.9	47.04	59.21	73.11	22.47	74.65	102.04	35.23	97.64	75.31	71.7	51.87	61.22	56.08	89.81	26.68	5.83	18.03	80.08	103.47	84.5	73.5	72.01	103.16	73.82	54.56	29.41	38.63	52.15	64.29	30.46	82.3	49.01	50.92	63.03	58.05	27.66	101.61	60.81	51.88	114.21	91.2	89.81	65.49	68.68	95.59	56.3	51.35	66.48	61.29	77.83	39.41	100.24	94.64	44.1	77.88	68.48	50.6	55.0	92.36	68.01	90.43	25.0	89.31	69.29	103.73	78.1	70.86	93.23	82.22	46.67	87.92	5.1	86.84	89.82	66.48	32.76	86.58	92.78	21.0	113.65	101.87	64.56	39.56	89.5	38.12	8.94	109.55	90.34	63.79	55.76	88.24	112.7	66.57	40.01	119.27	95.08	71.18	51.31	101.0	8.25	51.66	116.21	25.3	51.92	16.16	47.51	100.22	117.89	86.21	83.55	44.05	86.41	77.13	82.05	82.8	69.32	65.3	67.47	73.01	71.45	50.01	79.08	50.33	11.0	94.51	64.01	82.28	7.21	54.59	89.0	39.2	107.17	111.52	73.08	48.51	62.13	98.98	36.88	125.43	33.84	7.28	104.56	24.33	67.9	65.76	67.08	76.11	56.94	88.53	32.65	72.2	32.25	110.45	46.75	103.95	4.0	41.44	76.69	101.18	38.05	33.84	77.32	51.88	74.71	91.92	8.6	68.88	75.11	18.11	101.61	82.76	57.8	6.32	41.15	65.0	83.73	24.19	23.41	39.82	50.99	71.84	70.52	87.37	65.03	20.81	7.81	114.49	90.55	90.82	92.97	79.03	106.07	54.42	112.38	64.85	37.7	91.97	55.8	46.69	93.78	
5.66	20.22	100.12	65.12	74.24	36.22	78.1	28.3	66.19	21.02	96.04	29.43	72.11	106.89	7.21	55.0	74.95	87.71	0.0	10.0	75.17	83.74	79.31	65.51	34.0	16.0	62.29	12.08	70.66	22.36	60.41	29.27	49.66	26.08	72.78	93.54	69.77	20.0	18.03	72.03	23.77	30.59	74.33	38.47	53.46	58.6	63.29	73.68	63.25	57.45	35.36	51.31	38.29	46.17	34.13	61.61	18.68	34.01	72.92	33.53	38.63	36.4	72.73	62.77	31.78	78.92	71.57	51.2	73.5	22.83	48.85	54.13	21.26	51.09	53.54	47.54	38.95	78.09	9.0	23.02	35.81	66.84	41.87	67.08	22.47	24.02	71.69	10.82	48.26	86.95	71.25	82.86	10.0	61.0	29.27	92.2	33.24	5.83	99.49	25.94	69.57	62.3	48.83	33.6	55.15	78.77	23.6	4.47	34.93	78.0	8.06	32.98	21.84	78.03	32.53	42.05	72.01	49.01	47.51	81.84	64.5	29.73	95.48	63.51	71.69	53.01	66.41	32.02	37.11	26.48	49.65	7.28	24.08	45.28	36.12	50.16	49.65	67.42	71.7	74.85	50.77	24.0	67.08	78.23	7.07	23.71	71.0	80.53	70.04	4.24	54.13	27.46	30.36	62.61	56.94	48.38	74.95	87.8	39.82	54.13	89.59	65.39	65.22	28.44	34.18	50.33	38.01	30.87	20.25	81.69	37.58	103.95	23.35	89.69	38.21	84.22	63.07	71.25	43.27	58.8	99.16	49.0	53.15	48.37	10.63	89.16	73.55	38.05	82.57	33.24	5.0	29.97	83.53	72.11	46.17	47.51	69.53	94.11	96.4	71.11	34.93	22.36	42.45	45.61	67.08	80.5	26.93	28.3	3.16	72.84	34.41	18.36	58.69	24.7	61.35	99.49	28.65	81.54	69.12	12.21	
4.47	12.37	110.11	75.07	83.35	43.68	84.1	38.28	75.29	16.55	105.39	35.13	80.02	116.73	17.2	65.0	78.64	96.9	10.0	0.0	81.06	88.46	82.28	74.89	36.88	12.81	72.25	3.16	73.05	28.28	66.01	37.0	59.48	24.41	80.65	102.73	78.89	28.64	15.0	80.1	33.24	39.85	80.6	41.23	59.01	67.6	70.41	79.03	67.08	66.85	43.01	61.29	48.1	55.71	41.48	71.22	10.05	40.61	82.73	24.33	44.72	35.0	76.49	65.97	28.32	88.64	77.01	60.44	77.78	26.17	57.71	59.48	25.3	61.07	55.15	50.99	48.8	83.15	6.08	33.02	34.21	76.58	40.8	76.16	21.93	32.76	74.73	14.32	56.01	96.9	79.0	92.11	12.0	68.18	35.23	102.18	40.11	4.24	109.22	17.46	75.71	66.1	58.41	32.2	65.07	87.98	13.6	10.2	44.72	87.73	15.13	24.08	30.41	84.59	22.67	47.54	81.02	55.44	52.2	91.26	70.0	19.8	105.36	69.0	80.99	59.68	72.57	22.02	44.1	34.01	57.28	15.52	32.98	53.01	36.67	53.37	53.6	70.83	80.6	77.88	60.75	32.56	76.94	87.66	3.16	33.02	79.23	89.69	75.11	11.4	61.98	19.03	21.21	65.15	66.89	57.94	81.74	97.8	29.83	63.13	99.05	70.88	74.81	34.13	43.86	53.94	46.53	39.96	19.24	91.68	40.79	113.86	13.6	99.64	41.18	93.49	69.87	79.91	47.54	68.77	109.12	57.31	59.14	50.6	15.13	97.94	82.71	46.69	90.82	36.24	14.87	39.12	92.91	82.1	50.36	47.89	79.31	103.97	106.4	80.95	38.47	32.25	41.88	55.03	76.16	89.55	19.1	26.4	7.62	80.16	36.06	10.05	64.01	15.81	65.12	109.48	26.25	91.29	75.11	15.52	
79.01	79.43	82.73	61.4	40.02	40.02	3.16	66.64	38.48	96.08	55.44	46.0	110.32	77.1	71.85	64.54	19.42	47.04	75.17	81.06	0.0	13.89	26.08	43.38	46.32	91.14	60.75	80.22	29.55	53.01	15.13	46.87	73.59	63.32	21.38	50.49	39.22	79.06	93.19	108.89	74.46	77.37	123.23	43.01	22.09	37.2	16.28	5.39	21.21	43.6	89.44	67.18	54.92	78.24	41.77	48.02	81.05	41.19	83.53	89.19	97.99	58.18	18.97	25.5	66.48	90.05	5.66	84.39	14.56	55.33	38.42	111.89	91.44	60.83	38.42	33.62	55.47	8.25	75.11	66.48	59.09	52.33	55.07	94.92	96.88	79.48	24.7	84.72	95.96	85.8	111.07	46.1	69.07	107.8	46.01	76.49	91.79	78.0	68.03	98.25	120.21	21.93	48.1	59.24	56.85	43.42	90.09	79.31	71.34	89.19	79.91	87.28	55.11	7.62	99.64	102.46	98.72	26.31	109.17	49.37	11.4	96.51	71.25	12.37	43.01	22.8	117.64	97.08	93.47	85.8	29.07	77.93	78.55	94.34	51.62	32.65	30.08	22.47	100.0	24.74	67.88	80.41	79.06	47.85	80.0	56.32	106.78	43.19	9.22	78.41	27.2	82.97	87.36	29.83	70.94	78.75	120.62	78.16	103.32	38.21	54.0	120.11	48.3	47.0	73.06	30.87	85.59	50.33	65.12	71.78	42.45	79.03	92.66	86.98	106.25	47.04	14.42	102.65	107.15	60.8	79.51	92.42	22.02	38.08	83.86	40.61	97.62	84.72	29.27	102.2	71.45	51.26	49.16	73.82	32.28	46.87	54.63	69.26	83.74	81.84	43.93	69.64	52.84	79.81	38.08	41.11	100.12	62.94	78.1	115.43	49.34	91.09	17.46	96.33	22.67	82.87	64.2	90.82	6.08	85.84	
86.98	85.05	95.71	75.29	53.45	50.57	13.6	78.55	52.33	104.24	67.0	54.34	123.76	89.05	81.32	78.24	13.04	59.21	83.74	88.46	13.89	0.0	16.64	57.25	52.01	99.46	74.63	87.21	24.21	61.39	24.17	57.01	86.98	68.18	34.79	62.0	52.92	89.96	101.61	122.38	85.88	89.36	136.24	48.01	30.68	51.04	29.83	11.4	22.2	57.43	101.36	80.72	67.62	91.35	52.0	61.91	87.01	50.6	97.42	93.21	109.66	61.19	14.32	25.0	70.04	103.94	13.6	97.62	11.18	62.29	51.62	124.02	101.51	74.41	38.9	38.01	68.25	6.4	82.39	77.83	62.17	66.19	57.01	108.58	105.99	90.79	19.42	93.86	108.6	99.54	124.45	58.86	76.53	120.74	54.57	89.74	103.35	85.84	80.16	105.12	133.06	23.19	61.55	62.8	70.6	56.52	96.02	88.07	83.82	103.08	89.29	91.24	65.19	19.42	105.17	114.13	112.45	36.67	120.83	62.37	20.12	102.12	84.01	21.02	56.65	34.13	130.42	102.31	105.31	97.05	41.4	87.36	89.89	106.83	55.44	36.12	35.01	20.25	113.7	17.69	81.39	91.68	92.91	61.13	87.82	67.12	120.28	56.09	13.93	87.32	40.31	87.57	91.79	28.23	84.65	91.97	133.79	91.71	107.91	51.86	66.37	132.64	62.18	55.32	85.45	35.01	97.91	61.77	71.0	85.44	48.01	91.44	99.01	100.66	117.0	59.68	27.59	116.28	118.51	74.63	92.4	105.26	31.78	40.61	93.15	52.0	111.4	97.08	41.11	112.72	80.52	62.65	61.98	87.71	38.12	48.08	68.45	82.04	97.02	95.72	50.09	80.95	54.82	92.85	51.89	53.94	107.23	67.36	86.49	128.72	54.08	98.33	25.3	103.08	24.19	95.9	68.47	104.71	18.38	95.08	
81.6	76.79	108.37	84.15	65.38	50.93	27.46	79.93	62.59	98.67	81.5	51.11	128.6	103.17	78.29	85.0	7.28	73.11	79.31	82.28	26.08	16.64	0.0	67.19	45.54	94.24	83.01	80.52	10.05	57.71	27.29	56.22	92.09	59.68	47.04	76.53	63.95	89.05	96.46	127.41	86.05	90.61	139.39	41.11	31.24	59.46	38.33	21.0	17.03	65.55	102.18	86.61	71.22	95.43	51.74	70.84	79.08	49.2	105.7	83.01	109.81	51.04	8.94	16.55	60.03	112.54	22.09	102.0	12.17	56.65	57.31	124.96	98.88	80.62	28.07	31.78	72.01	18.44	76.24	78.1	52.04	75.96	46.01	114.59	101.77	90.6	7.62	89.96	111.02	109.9	129.02	72.01	70.84	123.84	51.62	101.83	103.41	80.32	94.09	97.86	135.77	17.8	67.6	53.15	77.82	69.12	87.82	83.77	86.31	111.62	85.87	81.01	63.82	33.38	96.33	114.2	118.85	38.42	120.8	75.11	24.7	93.43	97.08	25.08	67.9	37.74	132.94	93.19	105.89	96.61	45.79	84.08	89.81	108.9	46.53	29.15	30.02	12.21	119.89	4.47	87.13	91.4	100.65	73.33	82.22	66.84	125.43	69.03	19.42	83.26	46.52	78.1	82.02	17.26	91.3	96.4	137.54	102.96	98.0	59.09	80.02	134.47	71.84	51.97	87.69	29.07	99.72	62.94	63.56	96.32	41.79	105.0	91.24	111.32	115.25	73.0	35.44	122.04	117.89	82.35	105.23	108.3	33.6	31.78	89.47	66.61	118.21	99.01	55.33	110.64	76.92	63.66	75.03	96.8	33.62	37.0	78.59	95.08	109.04	103.87	44.38	81.06	44.0	96.67	62.37	67.01	100.22	58.42	81.71	132.91	46.32	91.68	26.63	95.71	18.6	108.46	59.3	113.65	27.29	91.29	
71.02	79.98	43.74	18.44	10.0	36.06	43.91	42.2	5.0	84.58	30.53	47.43	71.02	44.42	59.06	25.08	59.91	22.47	65.51	74.89	43.38	57.25	67.19	0.0	56.36	79.62	18.44	75.8	66.37	50.99	41.19	40.36	36.69	70.0	23.43	28.23	6.32	57.72	81.02	69.34	51.2	50.16	86.33	56.46	41.11	9.49	28.86	47.17	54.15	8.06	61.01	29.41	28.46	43.17	38.01	6.32	80.16	41.34	40.61	93.34	70.03	71.59	58.46	58.03	76.28	46.87	45.54	47.76	55.08	57.63	18.6	80.41	72.28	23.54	63.95	53.37	28.16	51.48	70.6	45.54	72.07	8.94	72.09	54.41	81.27	55.9	62.8	70.77	62.59	42.72	72.2	17.46	65.3	71.87	46.62	36.22	65.03	70.72	35.81	91.42	84.31	54.08	17.09	70.83	17.72	13.6	87.8	68.0	42.05	46.04	65.8	91.93	44.82	38.83	97.42	74.11	57.49	35.69	80.31	16.4	42.76	94.4	34.54	42.58	6.32	33.14	82.28	96.21	65.03	61.52	26.93	63.98	54.92	61.98	64.85	54.92	50.8	58.42	59.03	64.33	30.36	56.89	36.77	12.81	72.4	41.88	67.12	15.52	47.8	66.65	23.19	86.27	90.52	62.0	30.89	42.72	82.76	36.12	103.86	13.04	24.21	86.02	5.0	48.01	44.05	52.77	55.15	35.0	68.01	29.27	54.63	43.46	88.48	44.15	82.22	18.79	31.78	62.2	80.02	19.72	41.23	57.97	38.12	59.67	69.46	26.02	55.9	54.15	25.08	79.63	60.54	35.81	18.03	30.53	49.48	68.01	11.4	32.7	43.05	39.05	53.67	48.08	70.38	45.12	5.66	16.12	92.18	71.03	68.6	77.03	60.83	83.86	43.05	90.21	54.04	43.57	72.42	47.51	40.16	71.31	
36.06	33.24	99.02	65.51	61.61	20.88	49.48	42.72	54.38	53.16	84.02	11.05	94.34	100.72	34.06	60.07	41.77	74.65	34.0	36.88	46.32	52.01	45.54	56.36	0.0	48.7	63.15	35.36	36.67	14.42	31.32	20.02	61.66	17.09	52.01	80.16	57.69	46.86	50.92	93.64	45.79	51.88	101.36	4.47	24.7	47.01	39.66	43.42	30.27	49.77	61.85	59.03	41.01	62.1	19.42	55.71	35.06	15.52	82.01	43.08	68.12	15.26	39.62	29.12	21.4	89.0	41.59	68.68	41.11	11.18	38.08	83.87	54.41	55.08	19.85	14.14	42.01	47.1	30.81	38.91	15.81	62.03	16.28	83.95	56.36	49.41	37.95	44.78	72.95	92.07	94.15	70.8	25.3	86.35	12.04	91.08	61.85	34.79	91.92	53.15	97.1	29.27	45.12	14.87	55.73	66.61	44.1	38.47	50.6	88.0	41.05	41.23	23.77	51.26	53.46	72.25	88.84	24.21	78.52	71.56	34.93	50.36	90.8	33.96	61.06	28.6	94.03	50.8	65.0	54.67	30.61	39.41	48.83	70.33	8.54	16.49	17.0	33.96	89.27	41.11	59.08	50.0	76.0	68.26	36.69	28.46	92.03	67.8	39.2	38.08	35.47	36.69	41.11	28.64	65.01	63.79	100.65	89.02	57.01	43.38	79.06	94.4	58.69	11.18	51.26	17.12	61.29	29.07	19.03	82.01	4.0	99.74	47.0	94.37	71.22	72.2	38.08	90.25	74.97	60.67	96.93	71.59	25.94	14.42	44.42	72.84	89.27	60.83	63.25	66.4	32.2	29.15	72.67	76.66	14.14	16.16	65.19	89.0	97.12	80.01	2.83	41.18	15.03	62.64	54.92	66.84	55.33	17.0	36.25	97.08	4.47	46.53	28.86	51.09	28.28	98.68	18.36	91.02	40.8	46.14	
12.65	23.85	111.04	76.84	88.77	52.15	94.09	39.2	80.78	5.1	110.02	45.28	72.99	119.2	20.88	65.86	90.25	102.04	16.0	12.81	91.14	99.46	94.24	79.62	48.7	0.0	74.03	15.56	85.23	38.21	76.32	45.18	58.26	37.2	88.46	107.84	84.31	25.61	2.24	73.35	31.83	37.2	71.25	53.14	69.35	73.39	79.23	89.56	78.59	71.59	36.69	61.52	51.48	53.25	50.09	75.18	21.1	50.01	81.02	32.56	36.06	47.8	88.06	77.79	41.01	86.28	87.46	56.82	89.05	37.64	63.89	49.5	16.12	62.63	67.54	62.64	51.97	93.9	18.36	34.67	47.01	79.92	53.6	71.69	9.43	29.41	86.65	9.22	49.24	96.05	71.7	97.08	23.41	60.21	45.18	103.32	32.76	13.93	112.33	13.89	66.27	77.62	62.61	45.0	67.42	93.11	19.1	12.17	43.86	85.44	13.89	32.98	37.48	94.02	24.04	38.05	76.32	65.01	41.77	95.71	80.4	22.36	107.62	79.4	85.91	69.01	63.2	25.32	36.67	28.23	65.49	15.65	30.0	46.32	49.24	65.15	65.0	82.57	75.61	89.81	60.81	28.84	75.6	92.13	12.08	38.6	72.78	94.94	85.84	13.34	69.87	29.15	29.83	77.25	66.53	55.47	73.01	98.29	32.28	68.95	103.35	60.83	78.77	44.28	42.52	65.52	41.63	45.88	31.91	92.7	52.5	115.75	16.03	98.86	29.73	98.41	79.06	74.33	36.88	70.43	110.45	51.55	69.12	62.77	10.63	104.06	78.39	42.05	97.98	25.0	20.22	44.92	97.49	82.07	61.61	60.54	82.38	106.4	106.79	79.4	50.0	32.8	54.64	52.15	81.71	95.08	13.45	39.2	13.04	72.17	48.33	9.0	74.55	13.93	76.66	110.32	39.05	89.04	85.09	9.22	
67.94	79.88	38.01	2.83	26.83	42.43	61.61	34.83	23.35	78.6	40.2	52.63	52.84	45.22	55.17	9.22	75.77	35.23	62.29	72.25	60.75	74.63	83.01	18.44	63.15	74.03	0.0	73.88	80.78	53.85	55.97	43.97	21.02	73.54	41.73	40.01	24.41	49.4	75.0	51.11	42.72	39.4	68.71	64.5	54.13	23.71	45.18	64.01	68.41	17.46	48.27	14.32	24.7	28.07	43.74	12.81	79.4	47.68	22.83	93.74	56.89	77.62	74.09	71.81	80.41	29.55	62.18	31.26	71.18	61.1	27.17	65.07	63.53	11.4	75.06	64.03	23.85	68.6	69.2	39.62	77.88	10.77	79.43	36.06	73.57	46.53	77.79	64.82	47.04	29.07	54.12	30.41	64.9	54.82	51.66	30.0	52.89	68.01	38.91	87.11	67.05	68.15	18.11	76.24	7.62	28.16	85.8	63.66	31.3	28.64	60.31	92.65	45.18	56.85	94.79	60.53	39.05	47.52	66.19	27.07	58.31	92.02	33.6	57.94	22.36	46.32	65.25	94.26	51.97	51.08	38.64	58.8	45.65	47.01	71.59	66.12	62.2	73.08	40.61	79.71	15.3	47.41	18.44	24.33	69.35	40.82	48.88	30.08	63.98	62.24	36.69	86.82	90.7	75.31	13.34	27.0	64.88	26.4	102.07	24.04	33.14	69.43	13.6	52.89	33.11	64.2	41.77	35.85	70.21	19.72	62.51	41.77	85.59	31.26	70.34	31.26	47.85	43.83	66.75	3.61	36.88	42.11	51.2	70.0	63.41	41.48	37.48	40.79	43.05	68.62	57.38	36.25	29.07	14.14	60.03	77.23	11.05	32.45	34.89	21.1	60.83	41.23	78.09	30.07	24.08	31.62	87.32	75.03	65.07	59.03	67.47	79.93	57.28	86.31	67.91	37.44	76.32	30.68	56.82	65.0	
7.07	9.22	111.83	76.69	84.06	43.66	83.29	40.31	76.01	18.87	106.25	34.53	83.01	118.09	19.24	66.85	77.1	97.64	12.08	3.16	80.22	87.21	80.52	75.8	35.36	15.56	73.88	0.0	71.17	27.89	65.12	37.16	61.74	21.95	80.65	103.46	79.61	31.4	17.69	83.05	35.74	42.45	83.74	39.62	58.14	68.26	70.09	78.01	65.62	67.8	46.0	63.29	49.52	58.19	41.44	72.35	7.0	40.26	85.0	21.59	47.85	32.45	74.97	64.33	25.46	91.0	76.03	63.06	76.42	25.0	58.31	62.64	28.46	62.8	53.14	49.5	50.25	82.02	5.39	34.99	31.62	77.83	38.28	78.85	24.84	35.51	73.01	17.46	59.0	98.98	82.01	92.91	11.4	71.25	34.71	103.86	43.19	6.32	110.45	18.03	78.85	64.63	59.55	29.68	66.6	88.75	12.04	13.04	47.01	90.08	18.03	21.21	31.06	84.01	21.63	50.7	83.74	54.92	55.36	92.2	69.07	18.6	106.79	68.07	81.84	59.23	75.71	20.52	47.17	37.0	57.25	18.25	35.69	56.0	34.54	51.79	52.24	69.23	83.36	76.16	62.77	35.36	79.16	88.6	6.0	34.06	82.15	90.43	74.01	14.14	62.03	16.0	18.44	63.32	68.96	60.41	84.85	99.62	28.28	63.81	100.0	74.04	75.93	33.54	46.24	52.47	49.37	40.8	17.09	93.41	39.32	115.36	13.0	101.71	44.29	94.3	69.43	82.73	50.7	70.43	110.75	60.21	58.42	48.76	18.25	98.41	85.38	49.5	91.0	39.36	16.64	40.0	93.81	84.06	49.09	45.62	80.62	105.36	108.23	83.19	37.12	34.44	39.45	57.57	76.85	90.21	20.02	23.85	10.2	83.22	34.21	11.18	63.03	16.12	63.64	111.21	23.6	93.62	74.33	18.68	
72.62	67.08	109.0	82.23	66.07	45.0	31.76	73.76	62.13	89.54	84.17	43.42	123.71	105.22	70.18	81.71	11.31	75.31	70.66	73.05	29.55	24.21	10.05	66.37	36.67	85.23	80.78	71.17	0.0	49.65	25.18	49.52	87.71	50.01	48.66	79.31	64.01	81.69	87.46	122.64	79.21	84.22	133.54	32.2	26.93	57.87	38.0	24.17	12.37	63.56	95.46	82.76	66.37	90.43	45.45	69.23	69.43	42.45	103.09	73.0	102.73	41.11	10.82	9.43	50.09	110.06	24.35	97.1	15.26	47.85	54.08	118.14	90.74	77.08	18.25	23.6	67.23	23.6	67.07	71.42	42.11	74.81	36.0	110.48	93.04	83.55	5.0	81.41	105.0	108.67	123.98	73.55	61.85	118.07	44.05	102.04	96.33	71.31	96.03	88.29	129.73	12.65	64.26	43.29	74.95	70.26	78.09	75.13	80.6	109.11	77.52	71.0	56.64	37.16	86.47	107.06	114.93	34.01	113.57	76.24	24.02	83.6	98.18	24.0	68.01	34.48	126.81	83.29	99.04	89.38	42.38	75.8	82.81	102.73	36.88	20.81	22.63	8.0	115.84	6.71	83.19	84.29	97.74	74.06	73.16	60.11	120.74	70.46	20.88	74.71	44.15	68.18	72.06	8.06	87.85	91.59	132.0	102.49	88.01	56.75	81.88	128.0	70.71	44.2	81.84	21.26	93.51	57.01	54.12	95.63	33.12	106.47	81.58	110.32	107.34	74.67	35.0	117.72	110.42	79.7	106.04	102.62	29.73	22.47	81.01	69.64	114.54	92.85	58.24	102.63	68.6	57.63	76.42	94.83	26.17	27.02	77.65	96.19	109.11	101.19	35.85	74.25	34.01	91.53	62.07	68.59	90.71	48.66	72.92	127.64	37.0	82.28	23.54	86.12	13.0	109.0	49.5	111.4	28.64	82.76	
26.0	29.68	91.24	56.46	58.14	16.12	56.0	28.86	50.25	43.1	80.72	7.07	80.32	95.0	20.59	49.24	52.92	71.7	22.36	28.28	53.01	61.39	57.71	50.99	14.42	38.21	53.85	27.89	49.65	0.0	38.12	10.63	49.01	19.7	52.92	77.47	53.81	32.56	40.31	79.7	31.38	37.58	86.95	18.44	31.14	42.45	42.2	51.35	41.23	43.42	47.43	47.38	29.83	48.66	13.89	48.83	30.41	12.37	70.58	42.52	53.81	25.0	50.7	41.18	26.57	77.41	49.25	55.11	51.24	7.28	32.53	69.53	41.18	44.38	33.97	26.08	30.81	55.73	22.56	24.7	25.02	54.92	28.44	70.71	44.64	35.0	50.12	32.57	58.59	82.01	80.06	67.27	16.49	72.01	7.0	83.19	47.51	25.02	86.68	45.71	82.68	40.31	36.72	23.09	46.24	63.03	39.0	26.68	36.88	76.42	28.23	41.04	10.05	56.32	48.85	58.0	75.66	27.17	64.35	67.18	42.19	45.69	84.31	41.19	56.57	31.4	79.61	46.96	50.61	40.36	29.55	26.4	34.41	55.95	20.62	28.84	27.73	45.62	75.95	53.24	47.27	35.61	64.5	63.66	27.02	15.03	78.16	64.54	47.68	25.96	34.44	35.47	39.82	41.62	53.46	50.49	86.31	80.23	54.2	38.18	74.95	80.0	52.2	6.08	37.36	28.65	46.96	18.03	17.03	73.41	16.97	93.19	40.8	84.48	57.69	68.68	41.59	76.69	60.96	50.92	89.55	57.38	31.0	28.28	31.95	71.56	76.32	46.52	63.51	53.0	19.31	17.72	68.59	66.48	24.17	30.41	57.98	82.66	88.64	68.59	14.14	26.83	27.89	49.03	50.99	64.03	47.38	21.19	25.18	82.86	17.09	38.33	36.35	43.93	39.4	90.79	22.47	79.63	47.0	33.84	
