210
0.0	60.75	31.32	51.66	45.69	75.29	51.88	21.95	71.61	66.73	76.32	38.08	38.6	76.84	39.45	66.57	77.8	26.02	29.0	73.78	56.36	61.07	19.85	76.66	2.83	51.97	88.81	14.21	38.33	13.34	67.27	36.72	51.48	72.01	80.28	14.32	65.8	51.48	38.21	60.96	81.63	58.18	30.23	39.05	51.43	63.32	72.12	32.02	13.93	45.31	54.45	50.12	54.74	46.24	53.26	31.06	83.77	67.23	32.76	57.25	63.7	59.08	15.62	26.08	30.0	42.2	54.04	10.05	81.93	34.93	63.35	45.54	41.76	47.01	28.84	17.12	55.01	37.64	82.28	38.6	6.08	60.07	80.81	31.76	44.29	20.59	72.62	77.99	29.15	52.39	15.0	55.23	12.04	31.02	38.59	60.3	70.26	60.22	34.0	67.01	36.67	39.85	74.97	78.75	81.4	25.96	49.82	33.38	72.01	47.0	42.3	49.04	50.57	85.48	15.56	37.95	52.95	50.33	31.95	26.17	19.24	67.9	25.0	7.62	84.53	13.45	40.61	52.2	75.13	50.36	56.85	19.8	37.01	33.53	46.07	47.85	19.1	49.5	49.98	36.4	43.86	44.38	25.81	27.2	54.13	51.08	28.43	23.6	67.0	42.72	36.07	68.66	12.17	37.16	13.0	28.79	66.85	60.44	28.32	49.98	14.87	17.8	51.48	38.95	56.94	76.97	42.95	24.76	46.96	70.72	8.06	68.01	83.73	85.96	53.08	53.08	30.27	81.71	73.82	20.0	29.43	46.07	42.11	63.06	54.71	63.25	60.21	42.05	71.02	51.0	30.0	29.68	34.83	26.91	64.66	32.65	25.0	33.84	42.19	48.75	13.89	76.55	20.0	43.93	44.38	55.23	83.73	25.61	27.46	42.3	
60.75	0.0	60.07	41.63	69.58	14.87	57.22	80.92	75.33	66.37	47.17	36.06	62.13	17.49	73.82	69.18	17.8	42.2	62.27	73.82	30.23	7.21	42.05	33.97	57.98	23.0	87.56	74.4	45.22	52.35	42.15	94.79	40.0	39.96	21.1	54.45	16.16	85.44	85.15	73.17	21.02	61.0	30.53	92.96	83.82	56.57	18.0	38.95	72.47	35.17	72.01	107.49	42.11	101.98	67.74	34.71	26.0	13.04	28.02	7.0	76.11	2.0	76.28	49.5	89.5	76.01	67.6	69.84	66.31	43.01	22.83	100.66	23.71	14.14	36.14	46.01	8.25	92.76	29.73	46.17	56.4	37.11	57.31	29.21	78.0	40.22	13.42	19.7	31.62	92.61	57.31	16.12	51.74	62.13	55.97	40.02	63.35	2.83	84.2	35.78	67.0	94.92	85.05	84.48	21.26	72.8	42.05	86.56	77.23	52.89	93.6	51.55	106.89	77.79	65.79	93.43	104.62	70.41	62.07	70.41	79.92	46.82	73.25	62.48	25.32	64.26	85.23	36.67	68.88	48.1	78.45	80.21	34.93	29.83	72.44	81.71	79.63	26.08	105.0	77.03	100.45	81.44	86.53	73.01	56.04	53.15	64.14	83.24	36.67	63.51	96.21	24.08	53.31	66.01	54.78	33.24	59.03	71.11	33.11	50.16	73.11	68.62	33.11	32.02	4.47	67.72	33.54	59.91	54.74	18.11	68.01	84.21	77.2	25.63	70.04	73.55	47.1	25.18	76.53	78.29	77.2	103.25	89.04	6.4	108.85	19.42	86.12	33.38	71.57	75.95	69.58	67.48	60.01	87.01	19.72	36.22	35.85	47.93	93.01	82.64	46.87	76.12	45.28	18.44	50.99	5.66	23.41	63.51	55.57	87.98	
31.32	60.07	0.0	29.73	15.0	74.43	77.08	49.04	98.35	91.97	92.7	24.52	7.28	71.31	70.26	92.63	73.01	46.75	58.67	99.7	40.31	56.72	26.63	87.32	30.08	63.25	115.26	41.0	60.96	39.66	84.1	62.65	70.49	86.73	74.04	42.19	56.92	82.64	69.23	89.02	79.91	83.45	36.4	68.0	82.46	86.21	63.57	51.4	43.19	28.64	83.23	75.5	74.09	73.44	81.22	26.31	86.05	71.11	39.22	60.13	92.01	58.08	40.11	11.7	54.74	16.49	81.84	31.02	103.73	17.46	73.01	73.25	52.2	50.49	25.71	38.21	58.22	66.03	88.28	61.62	34.44	76.49	99.76	39.92	75.24	33.6	67.68	71.17	37.16	83.68	44.29	47.3	37.44	2.24	65.3	77.83	93.86	58.22	64.63	81.34	7.62	68.07	103.41	106.4	76.4	57.28	69.89	63.13	99.16	19.24	72.11	21.95	76.94	109.99	19.1	66.07	82.01	19.24	2.0	14.21	39.81	86.35	18.6	38.9	85.29	20.0	71.81	33.02	99.36	25.0	86.61	44.28	54.38	45.62	16.28	78.92	43.29	62.39	77.41	67.68	70.58	75.61	46.57	58.52	78.57	75.07	58.59	49.25	81.71	11.4	58.24	77.47	21.1	7.21	19.24	41.18	89.81	88.09	31.95	73.11	44.18	19.65	34.48	28.28	58.01	100.42	28.46	54.2	72.12	61.68	37.34	97.35	108.47	84.85	81.61	82.38	13.0	85.0	100.45	31.95	60.64	72.01	72.99	65.01	82.39	52.55	90.79	28.16	96.88	21.21	10.82	8.6	63.25	50.8	53.85	24.02	32.65	57.98	72.17	79.85	31.14	102.53	41.73	42.01	68.62	56.01	82.73	55.9	55.22	73.35	
51.66	41.63	29.73	0.0	32.02	53.37	81.02	73.05	102.42	94.41	84.96	15.13	27.29	47.04	84.29	96.15	49.09	52.63	71.34	102.47	13.0	35.74	35.0	74.63	49.24	55.17	117.83	64.85	64.62	53.0	77.79	87.66	68.51	77.99	49.01	56.0	32.06	97.33	88.46	95.86	57.56	86.76	35.11	90.71	96.52	86.28	38.01	54.42	65.52	8.94	91.76	101.02	71.85	97.72	88.54	24.33	66.22	54.56	36.25	44.94	99.02	39.81	65.0	26.4	80.23	41.23	88.87	55.95	100.9	16.76	61.4	97.12	46.62	38.9	26.17	48.17	43.83	89.29	71.31	65.55	51.48	70.84	94.05	38.08	89.36	40.31	44.28	46.01	37.0	101.0	59.01	25.63	51.01	31.89	72.8	73.11	94.03	39.0	85.0	72.92	33.62	91.48	109.93	111.4	52.01	75.24	69.12	84.93	103.79	13.34	93.74	11.05	101.84	110.11	45.79	89.56	104.56	31.14	31.24	43.84	66.19	81.47	48.1	57.87	64.33	45.65	90.2	5.1	99.86	7.0	96.77	69.46	54.56	44.28	35.17	93.34	68.54	56.08	101.53	84.0	95.19	91.09	73.36	76.16	81.39	77.82	72.17	74.09	73.59	26.57	84.97	64.35	39.56	32.25	39.22	42.38	89.59	94.34	32.02	75.13	66.48	47.43	8.54	17.09	41.68	99.86	12.08	67.19	76.69	36.01	59.48	105.95	109.0	62.51	89.84	91.92	21.93	66.1	104.2	59.91	79.4	97.14	92.54	47.85	106.32	27.02	102.77	13.0	99.76	37.34	40.46	38.29	73.35	76.56	28.0	21.1	35.69	63.89	93.56	94.34	43.01	105.19	50.49	29.0	72.62	39.96	60.67	70.06	65.76	92.35	
45.69	69.58	15.0	32.02	0.0	83.1	91.93	61.4	113.28	106.78	106.0	33.73	8.6	78.23	84.97	107.52	80.16	61.52	73.57	114.56	44.72	65.07	41.11	99.3	44.72	76.06	130.14	53.76	75.69	54.64	97.62	74.0	84.63	99.74	80.5	57.14	63.29	97.17	82.97	104.02	88.0	98.29	49.74	80.5	97.08	100.77	69.58	65.95	56.52	35.0	98.23	86.21	88.23	85.01	96.21	38.48	95.43	81.58	52.35	70.83	107.0	67.6	52.35	25.61	66.0	10.63	96.83	43.74	118.0	27.2	85.09	85.05	65.3	61.98	38.47	53.15	69.12	78.31	98.84	76.38	49.24	90.05	113.53	53.34	89.9	48.17	75.06	77.52	50.77	97.72	59.17	55.01	52.43	14.76	80.28	91.59	108.47	67.36	78.1	94.37	9.22	80.22	118.41	121.38	83.29	71.51	84.2	76.12	114.11	18.68	85.0	21.19	88.05	124.65	31.78	78.23	94.34	5.0	13.89	23.0	51.01	100.17	27.07	53.31	94.13	33.24	85.73	36.67	114.02	25.3	101.55	56.14	68.6	59.36	3.16	93.52	55.15	75.59	89.01	82.08	82.0	90.08	57.08	72.8	93.35	89.83	73.43	61.13	94.81	6.08	68.36	89.19	36.06	8.54	34.13	55.22	104.35	103.08	45.28	87.78	57.49	31.26	39.32	37.85	68.25	114.98	36.12	69.12	87.0	67.6	50.96	112.33	123.17	93.0	96.61	97.35	25.06	94.76	115.36	42.05	74.63	83.05	86.59	75.13	94.01	58.42	105.59	36.22	111.73	6.71	18.0	17.12	78.24	62.0	59.54	35.47	46.62	72.86	85.16	94.43	46.1	117.39	56.64	52.63	83.44	66.29	91.01	70.71	70.21	87.09	
75.29	14.87	74.43	53.37	83.1	0.0	64.85	95.0	80.31	71.34	46.32	50.09	76.01	11.18	84.91	74.55	9.49	55.15	74.2	78.06	40.8	18.03	56.86	30.08	72.56	31.3	90.27	88.75	55.57	66.22	44.05	108.58	47.13	39.62	13.34	68.12	22.36	95.71	97.45	80.28	6.4	67.47	45.18	106.08	93.91	61.29	19.1	51.09	86.61	48.17	80.32	121.02	48.27	115.26	75.89	49.48	13.0	12.37	42.54	18.44	82.98	16.76	90.74	64.13	103.6	90.09	75.58	84.53	67.08	57.14	25.18	113.85	36.07	28.3	50.96	60.0	20.62	106.08	20.52	56.44	70.72	41.3	56.75	43.57	88.68	54.71	10.63	14.32	46.14	103.59	70.84	28.16	65.8	76.53	66.24	44.28	67.01	16.28	97.0	37.05	81.15	108.19	90.67	89.14	11.0	85.63	49.65	99.7	82.39	65.62	106.3	63.95	120.22	79.63	80.65	106.79	117.15	83.49	76.42	85.15	94.51	49.04	88.06	76.61	11.05	79.12	97.2	48.27	72.03	60.21	86.98	94.58	46.4	43.28	86.05	92.18	94.03	34.89	118.11	88.81	113.9	92.44	101.02	85.7	63.06	60.73	76.22	97.42	38.05	77.06	110.44	23.09	68.15	80.1	69.64	47.2	63.07	78.1	47.93	57.87	87.2	83.49	44.91	46.17	18.36	70.18	47.01	72.35	63.32	20.62	82.38	91.22	79.4	10.77	78.43	82.28	61.52	13.6	81.15	93.11	89.94	116.78	101.21	12.73	121.75	27.31	94.92	47.0	76.16	89.27	84.17	82.04	71.02	101.26	26.83	50.8	50.54	59.08	105.65	93.06	61.4	80.01	58.9	33.24	60.01	20.12	8.54	75.93	67.62	100.0	
51.88	57.22	77.08	81.02	91.93	64.85	0.0	57.22	21.63	15.0	34.48	66.65	83.49	73.35	27.86	15.62	72.78	30.48	26.17	22.63	76.66	63.01	51.09	45.34	51.11	34.37	38.21	56.52	16.64	39.12	27.66	64.5	17.72	34.71	76.69	37.59	72.01	33.97	44.27	16.0	70.23	6.4	46.07	56.75	31.83	13.04	75.17	26.93	52.17	72.09	15.65	72.8	17.0	65.8	11.18	57.8	64.88	52.5	44.78	50.25	19.03	57.08	59.67	66.6	64.0	91.68	10.77	60.54	31.26	69.34	40.31	63.89	36.5	47.27	56.6	38.95	49.09	58.25	57.43	15.81	46.14	25.24	33.73	42.95	29.15	44.05	69.87	76.12	44.29	43.42	37.16	65.62	41.05	77.83	13.6	22.8	18.68	59.08	47.07	32.65	84.22	59.67	29.12	30.41	75.43	39.01	15.3	51.79	22.83	84.6	54.08	85.23	70.52	33.62	66.89	59.23	62.61	95.59	78.52	77.1	64.76	24.7	76.66	46.24	67.98	64.66	42.15	78.19	23.26	84.12	22.36	60.83	26.57	36.77	93.35	31.4	61.0	31.14	67.07	34.48	65.97	33.62	67.6	38.05	3.16	4.12	28.07	60.21	31.89	87.11	71.03	44.29	56.85	84.17	59.03	38.95	16.03	14.04	49.74	7.07	51.97	69.46	75.27	63.98	53.08	25.3	68.94	28.86	5.0	75.06	52.81	27.02	31.91	72.09	13.89	18.03	68.41	61.77	23.6	70.23	41.3	69.12	46.62	53.94	68.94	73.25	30.41	68.03	19.8	98.29	80.0	79.03	19.1	64.12	74.17	61.4	46.87	19.1	53.14	32.02	46.01	25.46	35.38	54.57	8.6	53.01	70.38	30.27	24.7	44.78	
21.95	80.92	49.04	73.05	61.4	95.0	57.22	0.0	72.73	70.41	87.82	59.93	56.0	97.62	34.44	69.12	98.41	41.15	31.06	75.96	78.29	82.02	41.62	91.71	24.7	68.45	89.32	8.25	48.84	28.84	79.08	14.76	63.15	84.93	101.14	27.29	87.32	42.52	24.21	60.75	101.4	62.65	50.91	19.1	43.42	70.11	93.51	46.62	8.49	67.12	53.49	28.18	65.76	24.74	54.12	53.0	102.22	85.76	53.08	76.61	62.77	79.4	9.06	46.84	8.6	54.82	55.08	18.03	88.46	56.3	79.71	24.33	59.68	66.84	50.77	35.0	74.4	17.0	99.32	48.66	24.76	72.78	90.02	51.74	37.74	41.01	93.38	98.99	49.52	39.41	25.08	76.84	29.21	48.0	44.01	72.18	75.66	80.72	18.6	80.52	52.24	19.03	72.9	77.88	101.98	18.97	60.83	15.23	72.45	66.91	23.77	69.23	28.79	88.77	30.0	17.03	33.02	66.37	49.0	38.64	11.66	78.41	35.17	18.44	103.46	29.07	27.66	73.93	79.43	71.06	53.24	5.83	52.0	51.87	60.83	40.0	6.71	65.39	28.64	28.3	22.14	35.61	10.77	20.25	60.13	58.01	29.15	3.0	80.28	60.01	15.65	85.09	33.62	53.15	33.84	47.8	73.25	61.03	49.68	58.03	7.81	30.15	73.35	60.9	76.84	82.04	64.85	29.07	53.04	92.2	13.89	64.5	86.83	105.44	52.81	51.08	51.24	99.85	74.95	21.02	18.87	24.17	26.93	82.42	33.54	85.0	53.6	63.95	73.5	65.31	43.57	44.28	38.12	7.07	86.4	54.59	46.01	43.74	24.04	40.61	34.71	78.45	36.36	65.12	52.04	75.29	103.23	27.02	34.23	28.02	
71.61	75.33	98.35	102.42	113.28	80.31	21.63	72.73	0.0	9.0	39.36	88.19	104.89	90.02	38.83	6.32	89.09	52.01	43.42	4.47	97.41	81.74	72.62	55.03	71.22	52.47	17.2	73.82	38.28	59.55	37.11	76.66	35.69	43.32	93.09	57.63	90.93	37.34	54.15	12.17	84.85	15.65	67.6	67.12	35.23	19.03	93.26	48.55	69.35	93.47	19.42	82.02	33.24	75.01	18.79	79.4	77.37	68.12	66.19	68.36	11.05	75.54	76.97	88.09	78.1	112.54	17.89	79.4	23.6	90.97	55.15	73.01	56.92	67.19	78.23	60.14	67.6	69.26	68.31	37.44	66.22	39.05	32.65	64.41	37.12	65.6	87.01	93.01	65.86	46.87	56.61	85.62	61.62	99.01	33.3	36.06	14.32	77.52	58.55	43.93	105.36	70.11	10.77	9.22	91.27	53.76	34.21	63.64	2.24	106.23	63.0	106.85	79.1	17.03	87.01	70.26	68.73	117.03	99.72	97.45	81.94	32.28	96.61	65.19	81.02	84.81	51.04	99.4	12.04	105.68	22.09	77.25	47.85	58.14	114.59	37.01	77.62	49.82	75.17	45.71	76.03	41.01	83.49	52.5	21.02	24.6	44.72	75.58	42.95	108.58	84.53	57.71	77.79	105.38	79.93	60.54	17.46	11.7	71.34	27.31	68.94	89.4	96.38	85.42	71.57	15.62	90.34	47.17	26.4	93.43	71.2	15.81	15.03	85.7	19.92	22.2	90.0	74.22	2.24	88.59	54.57	79.01	55.0	71.03	75.66	92.76	27.51	89.44	4.47	119.55	100.66	99.82	36.89	79.12	93.56	83.01	68.51	40.46	62.0	37.05	67.21	6.0	56.64	75.27	30.23	71.85	84.34	47.41	44.2	53.0	
66.73	66.37	91.97	94.41	106.78	71.34	15.0	70.41	9.0	0.0	31.62	80.45	98.29	81.02	38.01	3.61	80.1	45.25	39.85	8.06	88.96	72.84	65.8	46.62	66.04	43.57	23.6	70.52	31.14	54.08	28.46	76.01	26.93	34.93	84.1	52.48	82.04	39.56	54.23	13.89	75.95	8.6	59.91	67.19	37.34	10.05	84.29	41.23	66.1	85.48	19.65	82.73	24.33	75.66	17.03	71.85	68.68	59.14	58.31	59.41	14.87	66.61	73.68	81.34	76.53	106.67	16.03	75.15	19.65	83.6	46.17	73.68	48.47	58.52	70.8	53.91	58.69	69.07	59.81	30.41	61.06	30.07	26.4	56.6	37.48	58.73	78.01	84.01	58.25	49.4	51.88	76.92	56.04	92.76	28.18	27.07	7.21	68.59	58.01	35.17	99.16	70.18	19.42	18.11	82.3	51.62	25.63	63.0	11.05	98.81	63.64	99.3	80.06	18.79	81.84	70.06	70.6	110.34	93.43	92.09	78.75	23.77	91.59	60.84	72.28	79.61	51.48	91.24	9.06	97.94	24.6	74.46	39.96	50.25	108.25	38.33	74.73	41.0	76.3	45.01	76.32	41.77	81.02	50.49	13.45	17.03	41.48	73.35	34.21	101.86	83.29	48.84	71.84	99.09	74.03	53.01	8.94	12.08	63.82	19.42	65.8	84.38	88.14	77.52	62.65	12.04	82.37	43.08	20.0	84.48	67.23	22.2	17.0	76.9	19.24	22.8	82.98	65.52	10.2	84.69	53.15	79.4	55.73	62.03	77.37	83.95	31.62	81.49	5.39	113.17	95.0	94.02	32.89	77.1	84.72	75.45	61.22	34.06	62.65	38.6	60.96	10.82	50.33	66.85	23.35	62.97	75.5	43.97	39.36	53.76	
76.32	47.17	92.7	84.96	106.0	46.32	34.48	87.82	39.36	31.62	0.0	74.06	97.49	57.28	62.17	35.23	55.79	50.36	57.72	35.85	75.82	54.38	66.73	17.0	74.55	30.23	45.18	85.09	39.12	63.13	9.06	97.27	25.0	7.21	59.67	63.01	63.13	68.01	78.39	44.6	49.37	32.65	56.36	90.48	65.8	23.35	63.16	44.41	81.22	76.69	48.27	106.63	22.09	99.72	44.2	67.6	40.01	35.85	53.67	41.4	46.23	48.26	88.05	81.02	95.52	109.0	43.42	86.21	21.02	79.4	24.41	97.86	40.71	46.1	67.54	59.68	41.87	91.71	30.15	39.2	70.26	16.49	10.44	52.8	63.63	60.44	55.36	60.44	55.54	77.67	64.03	61.85	64.28	94.15	44.92	16.03	25.06	49.93	80.65	12.04	100.32	93.3	50.09	46.82	57.07	71.31	27.07	85.07	41.59	93.23	88.24	92.8	104.55	34.01	88.84	92.66	97.06	108.41	94.54	97.53	93.02	9.85	98.49	73.0	44.0	86.68	76.49	80.62	28.46	90.27	54.49	90.27	39.81	47.17	108.23	65.73	90.2	30.41	101.24	68.54	99.62	68.1	97.33	70.6	31.38	31.78	59.91	90.8	11.4	100.24	102.77	23.77	76.4	99.81	78.59	51.87	22.8	42.45	60.84	30.68	81.3	91.78	77.08	70.21	45.0	25.71	74.03	58.86	36.77	63.98	80.0	53.82	34.13	49.01	47.01	51.22	80.95	37.0	39.4	96.25	74.33	102.79	80.96	41.18	103.32	66.57	62.23	73.41	34.89	112.71	98.98	97.41	51.24	94.89	66.89	70.83	60.17	44.18	87.32	66.29	65.51	37.0	56.44	56.08	36.4	46.23	48.09	61.39	53.6	79.16	
38.08	36.06	24.52	15.13	33.73	50.09	66.65	59.93	88.19	80.45	74.06	0.0	26.08	46.84	69.18	81.99	48.51	37.64	56.22	88.51	18.6	32.25	20.1	65.92	35.47	43.83	104.01	51.88	50.09	38.05	66.22	74.69	55.32	67.42	49.65	41.05	32.7	82.22	73.82	81.15	55.44	72.56	20.59	76.84	81.39	72.8	39.4	39.81	52.0	7.28	76.84	88.1	58.8	84.31	73.74	9.22	62.03	47.85	22.2	37.11	84.31	34.06	52.48	15.81	67.6	40.01	74.09	43.83	88.39	7.07	51.89	83.57	33.97	28.64	11.05	33.06	35.44	75.61	65.12	50.99	37.11	58.9	82.46	23.85	74.24	25.18	43.17	46.82	22.36	86.05	44.1	22.8	36.12	26.68	57.87	60.88	80.6	34.0	70.61	62.13	31.06	77.83	95.34	97.06	51.92	60.53	55.61	70.88	89.47	19.21	79.56	19.1	88.64	96.83	35.38	75.96	90.52	35.11	26.48	36.67	54.41	69.43	40.31	43.68	61.03	34.66	75.43	14.32	86.4	17.49	81.74	56.94	40.5	30.23	36.5	78.23	56.08	44.05	88.02	69.03	81.94	76.03	61.61	61.4	67.23	63.63	57.08	61.29	62.68	27.66	72.95	55.71	26.42	30.02	26.63	27.73	76.22	79.71	17.09	61.06	52.92	37.64	13.42	4.12	34.53	86.68	5.0	52.09	62.17	37.58	46.1	91.08	95.6	60.41	74.95	76.92	12.08	61.2	90.05	49.5	64.78	84.1	77.93	41.44	92.7	28.65	87.66	4.24	85.76	40.26	34.79	32.57	58.25	64.14	30.02	6.0	20.62	49.04	79.31	79.23	28.16	91.27	35.36	18.97	58.14	32.56	58.31	55.01	50.64	77.65	
38.6	62.13	7.28	27.29	8.6	76.01	83.49	56.0	104.89	98.29	97.49	26.08	0.0	71.85	77.47	99.09	73.68	53.04	65.76	106.1	39.22	58.03	32.56	91.09	37.34	67.62	121.7	48.04	67.18	46.65	89.07	69.35	76.03	91.29	74.33	49.24	57.07	89.89	76.49	95.8	81.15	89.83	41.18	75.03	89.69	92.2	63.56	57.38	50.36	28.44	90.14	82.04	79.63	80.22	88.01	30.08	88.09	73.82	43.83	62.97	98.81	60.13	47.01	17.03	61.4	14.32	88.6	38.01	109.4	19.24	76.84	80.1	56.8	53.85	29.97	44.82	61.19	73.0	91.08	67.88	41.63	81.49	104.96	44.78	82.46	39.62	68.47	71.39	42.19	90.96	51.43	48.17	44.42	8.0	72.01	83.01	99.9	60.03	71.85	85.91	6.4	75.01	110.21	113.07	76.94	64.56	75.6	70.26	105.76	14.87	79.23	17.69	83.6	116.1	26.0	73.01	89.01	12.21	7.0	19.31	46.39	91.59	23.77	46.17	87.0	27.07	79.08	31.38	105.48	21.4	93.65	51.09	60.0	50.77	10.77	86.16	50.09	67.08	84.21	74.95	77.32	82.87	52.95	65.8	84.85	81.32	65.74	56.08	86.33	4.12	64.54	81.04	28.18	5.0	26.4	46.62	95.78	94.81	36.72	79.25	51.35	26.17	33.53	30.15	60.53	106.4	29.07	61.29	78.57	61.61	44.55	104.31	114.63	86.15	88.48	89.36	16.55	87.28	106.96	38.08	67.91	78.64	80.23	67.48	89.2	52.39	97.94	29.02	103.28	15.26	14.76	13.0	70.18	57.43	53.6	27.2	38.01	64.44	79.31	87.09	37.8	108.93	48.27	44.72	74.97	58.55	84.1	63.07	62.13	80.6	
76.84	17.49	71.31	47.04	78.23	11.18	73.35	97.62	90.02	81.02	57.28	46.84	71.85	0.0	91.24	84.1	2.24	59.64	79.76	88.02	34.06	15.81	57.43	41.23	74.03	39.05	100.72	90.79	62.39	69.35	54.45	111.73	55.73	50.45	3.61	71.59	15.0	102.69	102.63	89.11	11.66	76.53	46.75	110.26	101.02	71.01	9.49	56.44	89.14	43.42	88.53	124.58	57.31	119.21	84.17	48.3	22.67	22.09	44.55	23.77	91.92	18.6	92.46	62.03	106.15	86.15	83.95	85.45	77.88	53.85	35.06	117.92	41.18	31.4	50.12	62.97	25.5	109.99	31.4	63.32	72.92	51.0	67.72	45.97	95.34	56.64	4.24	3.16	48.1	110.02	74.52	24.04	68.59	73.5	73.16	54.0	77.1	17.03	101.61	47.52	77.47	112.16	100.18	99.0	5.1	90.21	58.05	103.86	92.05	60.01	111.02	58.01	124.08	90.26	80.06	110.63	122.07	78.01	73.25	83.22	95.8	59.41	86.54	79.21	19.42	78.77	102.73	42.01	82.3	54.04	95.08	96.54	52.33	47.2	81.3	99.01	95.9	42.45	122.29	94.51	117.59	98.84	102.62	90.44	71.85	69.23	81.63	99.82	48.51	72.34	112.7	33.73	68.26	76.3	69.46	50.33	73.03	86.98	48.6	66.29	89.83	82.73	39.01	43.32	21.95	80.62	42.95	77.39	71.31	11.4	84.39	100.13	89.94	16.16	86.59	90.25	58.82	24.08	91.0	93.3	94.63	120.34	106.53	19.42	126.21	20.02	102.88	43.17	86.0	84.05	81.61	79.4	77.39	103.48	19.1	48.85	51.86	65.31	110.44	99.92	63.13	90.09	62.48	33.02	67.72	23.02	14.76	80.99	73.06	105.48	
39.45	73.82	70.26	84.29	84.97	84.91	27.86	34.44	38.83	38.01	62.17	69.18	77.47	91.24	0.0	36.06	91.24	33.54	13.0	42.43	84.21	77.83	49.5	71.22	40.25	53.82	55.03	37.01	29.41	31.78	54.71	38.05	41.11	61.59	94.81	28.86	85.73	13.04	16.49	26.68	90.97	31.58	51.24	29.27	12.37	40.52	90.48	35.11	32.65	76.06	19.42	45.12	42.2	38.08	21.0	60.07	87.97	73.24	51.62	67.54	28.46	73.01	40.0	62.64	39.29	81.54	22.0	44.6	57.31	69.05	63.03	36.14	50.16	60.75	58.14	36.12	65.74	31.06	82.04	28.6	35.85	50.61	61.4	49.65	5.1	44.05	87.24	93.52	49.25	18.79	26.25	76.9	33.96	70.21	19.1	48.83	44.28	74.85	20.0	58.6	76.06	32.25	38.47	43.46	94.41	15.81	38.29	25.02	38.33	83.43	26.25	84.93	42.72	55.44	54.64	32.06	34.99	89.47	71.11	65.22	44.65	52.33	63.25	31.91	90.43	52.7	14.32	83.02	47.0	85.16	18.87	39.45	38.91	45.61	85.48	9.06	39.96	50.22	39.22	7.0	38.47	7.62	45.19	14.42	31.02	30.41	12.17	37.16	58.01	81.54	45.71	67.9	49.4	76.48	51.08	44.55	42.95	27.29	53.01	31.91	32.02	56.4	81.01	68.01	69.35	50.04	73.03	17.12	25.55	89.81	36.12	30.23	53.46	93.81	19.1	16.76	65.97	85.04	41.0	52.5	15.81	41.59	18.79	72.56	41.15	85.38	20.81	72.03	40.2	90.43	69.34	69.12	13.89	40.5	86.59	63.2	49.0	25.94	25.3	10.05	41.77	44.72	34.0	64.33	27.02	68.54	91.84	14.56	19.24	17.0	
66.57	69.18	92.63	96.15	107.52	74.55	15.62	69.12	6.32	3.61	35.23	81.99	99.09	84.1	36.06	0.0	83.22	46.1	39.0	7.21	91.08	75.54	66.71	50.16	66.03	46.27	22.63	69.64	32.2	54.2	31.95	74.11	29.43	38.48	87.21	52.43	84.72	36.69	52.04	10.77	79.25	9.43	61.4	65.03	34.48	13.34	87.14	42.44	65.19	87.21	17.12	80.4	27.07	73.33	15.13	73.25	72.12	62.29	59.94	62.2	11.4	69.35	72.8	82.22	74.97	107.06	14.14	74.71	22.47	84.88	49.37	71.34	50.6	60.88	72.11	54.45	61.4	67.0	63.32	31.4	61.03	33.24	29.83	58.18	35.13	59.67	81.01	87.05	59.68	46.49	51.62	79.31	56.22	93.35	28.02	30.27	10.63	71.34	56.04	38.6	99.72	68.03	16.12	15.52	85.48	50.22	27.89	61.07	8.06	100.12	61.29	100.7	77.65	19.65	81.84	68.0	67.91	111.2	94.05	92.2	77.83	27.31	91.53	60.42	75.69	79.63	49.16	93.11	11.18	99.48	21.54	73.38	41.59	51.88	108.89	35.69	73.68	43.57	73.82	43.05	74.11	39.32	79.81	49.03	14.76	18.36	40.5	72.03	37.64	102.73	81.61	52.17	72.25	99.7	74.41	54.38	12.53	9.22	65.19	21.02	64.85	84.31	90.08	79.18	65.38	14.56	84.08	42.49	20.52	87.28	66.64	18.6	17.72	80.28	17.0	20.22	84.02	68.96	8.06	84.1	51.48	77.16	53.34	65.0	74.73	86.49	28.3	83.19	4.47	113.85	95.27	94.37	32.2	75.71	87.3	76.85	62.43	34.66	60.3	35.9	61.52	10.0	50.91	68.95	24.21	65.62	78.85	43.08	39.12	51.35	
77.8	17.8	73.01	49.09	80.16	9.49	72.78	98.41	89.09	80.1	55.79	48.51	73.68	2.24	91.24	83.22	0.0	60.0	79.92	87.0	36.12	17.0	58.52	39.56	75.0	38.6	99.5	91.68	62.24	70.01	53.24	112.43	55.11	49.03	4.0	72.18	17.03	102.55	102.9	88.46	9.43	75.8	47.63	110.75	100.85	70.06	11.7	56.6	89.94	45.28	88.06	125.21	56.57	119.75	83.68	49.66	20.52	21.0	45.34	23.71	91.24	19.1	93.41	63.57	106.96	87.97	83.43	86.53	76.49	55.54	34.0	118.44	41.34	31.89	51.43	63.64	25.55	110.54	29.41	63.16	73.76	50.04	66.22	46.69	95.27	57.49	5.39	5.0	48.92	110.02	75.07	25.71	69.31	75.19	73.01	53.04	76.03	17.69	102.0	46.27	79.25	112.7	99.32	98.02	3.61	90.6	57.49	104.35	91.14	62.0	111.4	60.03	124.65	88.96	81.39	111.2	122.41	80.0	74.95	84.76	96.83	58.22	88.02	79.98	17.2	80.06	102.93	44.05	81.15	56.08	94.64	97.45	52.35	47.63	83.22	98.9	96.83	42.06	122.79	94.67	118.19	98.84	103.6	90.8	71.2	68.66	81.84	100.66	47.27	74.24	113.57	32.39	69.46	78.09	70.71	50.93	72.0	86.31	49.65	65.73	90.61	84.1	41.0	44.92	22.2	79.4	44.72	77.67	70.88	13.6	85.28	99.46	88.68	13.93	86.13	89.84	60.44	22.02	90.02	94.51	95.0	120.97	106.78	18.97	126.66	22.09	102.49	44.91	85.02	86.02	83.24	81.04	77.37	104.35	21.21	50.33	52.8	65.3	110.8	99.81	64.03	89.02	63.03	34.13	67.36	23.43	12.53	81.27	73.25	105.69	
26.02	42.2	46.75	52.63	61.52	55.15	30.48	41.15	52.01	45.25	50.36	37.64	53.04	59.64	33.54	46.1	60.0	0.0	20.88	53.08	51.0	45.18	20.62	51.2	24.19	27.31	68.68	36.4	14.21	13.15	41.3	53.82	25.71	46.0	63.25	13.93	52.55	46.27	43.05	43.83	61.52	36.8	18.03	50.93	45.1	39.66	57.7	6.0	33.24	43.93	39.22	65.95	29.12	60.11	36.25	28.46	61.29	45.0	18.11	36.8	46.96	41.05	39.05	36.12	49.65	61.85	36.67	36.0	57.71	39.36	38.63	58.69	19.1	28.3	26.93	9.49	34.71	50.93	58.18	14.87	20.0	34.06	55.36	16.12	38.33	13.6	55.47	61.59	16.03	51.92	16.12	43.42	14.0	47.63	20.25	34.37	47.2	42.72	42.01	41.05	54.04	53.04	58.18	60.46	63.41	30.61	24.35	44.55	53.01	54.59	51.4	55.46	65.07	63.25	38.9	51.66	62.43	65.12	48.27	48.33	43.74	42.2	48.7	23.77	62.8	36.69	43.38	50.64	52.63	54.78	44.15	42.06	11.18	12.53	63.03	42.3	41.76	24.35	62.97	35.47	58.8	41.0	49.04	30.81	31.83	28.32	22.47	43.86	41.01	56.64	56.8	44.01	27.29	53.91	29.53	11.05	43.27	42.54	20.62	26.4	33.62	41.76	48.26	35.69	37.8	53.82	40.79	17.89	25.61	56.86	30.59	53.49	61.72	65.19	37.34	39.29	38.01	58.83	54.04	46.01	35.0	61.72	47.01	42.43	66.71	51.92	50.36	39.81	50.25	67.94	50.61	49.4	21.02	47.93	53.16	31.95	17.09	11.66	50.8	43.29	16.12	55.9	6.08	30.81	21.93	36.62	63.03	21.47	14.32	46.07	
29.0	62.27	58.67	71.34	73.57	74.2	26.17	31.06	43.42	39.85	57.72	56.22	65.76	79.76	13.0	39.0	79.92	20.88	0.0	46.1	71.25	65.8	36.67	64.01	29.21	43.84	60.54	30.68	20.25	19.31	49.34	39.56	34.01	55.71	83.35	16.55	73.39	26.02	23.35	32.2	80.43	31.78	38.33	33.62	25.18	39.05	78.39	23.32	26.25	63.07	25.5	49.65	36.06	43.05	24.7	47.1	78.52	63.03	38.83	56.3	34.83	61.29	33.84	50.33	38.12	71.06	25.55	36.06	57.43	56.29	54.04	41.34	38.59	48.75	45.18	23.19	54.38	34.44	73.6	19.72	24.41	43.86	59.14	36.88	18.03	31.06	75.66	81.88	36.35	31.05	14.42	64.29	21.54	58.83	13.04	42.72	44.72	63.06	23.85	51.89	64.9	36.24	46.01	50.0	83.22	13.6	31.38	27.73	43.57	70.88	32.65	72.28	48.02	58.52	44.55	35.34	43.14	77.9	59.68	55.17	38.9	48.05	53.81	22.02	80.62	42.45	23.02	70.03	48.76	72.37	28.02	34.71	27.8	33.24	74.33	22.02	34.93	40.31	45.22	14.76	42.49	20.22	41.44	13.0	29.07	27.02	2.24	34.06	51.48	69.77	45.28	59.2	37.59	65.19	39.45	31.78	42.19	31.91	40.01	27.29	25.96	46.69	68.01	55.01	57.8	51.2	60.03	4.47	22.0	77.62	27.78	39.05	56.65	83.63	24.21	24.08	53.45	75.74	45.65	45.18	17.0	45.62	27.02	61.61	48.27	72.8	32.31	59.03	43.46	79.32	58.9	58.41	7.07	38.01	74.04	50.25	36.0	15.62	31.89	23.02	29.12	48.75	21.0	51.66	21.38	56.82	81.57	4.12	6.71	25.81	
73.78	73.82	99.7	102.47	114.56	78.06	22.63	75.96	4.47	8.06	35.85	88.51	106.1	88.02	42.43	7.21	87.0	53.08	46.1	0.0	96.93	80.41	73.66	51.92	73.24	51.2	15.62	76.69	39.05	61.4	34.37	80.4	34.79	40.26	91.0	59.64	89.63	41.59	58.03	16.0	82.39	16.28	67.96	71.03	39.46	17.26	91.66	49.2	72.24	93.54	23.09	86.09	32.02	79.06	21.84	79.88	74.53	66.0	66.37	66.91	15.3	74.15	79.85	89.2	81.58	114.21	20.88	81.88	19.21	91.61	53.0	77.06	56.46	66.41	78.82	61.55	66.29	73.11	65.25	38.29	68.24	37.05	28.6	64.66	41.01	66.6	85.15	91.05	66.29	51.2	58.83	84.77	63.41	100.45	35.23	34.06	11.18	76.12	62.29	41.3	106.83	74.03	14.42	11.18	89.05	57.01	33.62	67.36	6.4	106.83	67.03	107.34	83.22	13.04	89.05	74.11	72.99	118.19	101.14	99.4	84.86	29.43	98.74	67.6	78.26	86.84	55.0	99.28	7.81	106.0	26.31	80.32	48.02	58.31	115.97	41.11	80.65	48.76	79.31	49.37	80.0	45.01	86.68	55.79	21.4	25.0	47.54	78.85	40.31	109.71	88.12	55.23	79.4	106.79	81.57	61.03	15.0	15.13	71.85	27.46	71.87	91.53	96.18	85.59	70.21	11.31	90.43	49.65	27.59	91.92	73.79	20.25	11.05	83.02	23.35	26.02	90.91	71.39	3.61	91.24	58.05	83.01	59.03	69.26	79.91	91.68	31.95	89.55	2.83	120.92	102.45	101.53	39.36	82.46	92.42	83.49	69.2	41.73	66.03	41.19	68.62	2.83	58.0	74.85	31.14	70.61	81.74	50.16	46.32	57.04	
56.36	30.23	40.31	13.0	44.72	40.8	76.66	78.29	97.41	88.96	75.82	18.6	39.22	34.06	84.21	91.08	36.12	51.0	71.25	96.93	0.0	23.71	37.34	64.03	53.67	47.17	111.89	70.33	61.0	54.57	69.4	93.06	62.24	68.68	36.01	57.49	19.1	97.13	90.71	92.2	44.72	81.91	33.02	94.7	96.05	80.11	25.02	51.35	70.21	12.04	88.96	106.47	65.31	102.46	85.33	25.63	53.76	43.27	33.06	34.66	95.34	28.6	71.02	33.94	86.09	53.45	85.51	62.43	93.19	24.08	51.62	101.64	40.5	30.89	27.86	48.84	33.97	93.62	59.48	61.98	54.78	62.97	85.43	35.06	89.14	40.79	31.4	33.02	35.01	101.97	60.64	14.21	52.89	42.54	70.35	65.51	87.66	27.46	87.93	63.89	45.31	95.85	105.77	106.57	39.01	77.37	63.32	88.6	98.98	26.17	97.08	24.02	106.89	103.35	53.76	94.02	108.17	44.1	42.06	53.82	73.01	73.5	57.8	61.47	51.66	53.15	91.98	8.06	93.47	20.0	94.53	75.47	50.22	40.45	47.85	93.13	74.63	48.76	106.1	85.0	100.18	91.44	80.21	78.1	76.54	73.08	72.44	79.76	64.66	39.05	91.53	53.91	44.94	44.01	45.22	40.01	83.19	90.47	31.4	70.21	71.11	55.87	5.83	17.46	31.14	93.06	13.6	67.48	72.78	23.02	64.41	102.77	102.42	49.65	86.98	89.56	29.73	53.85	99.02	67.94	81.74	102.42	94.83	36.62	110.69	14.04	101.18	14.42	94.34	50.25	51.11	48.88	72.01	82.68	15.0	23.71	35.51	61.29	96.77	94.13	45.22	99.54	50.36	22.14	68.66	29.7	47.85	70.71	65.07	94.37	
61.07	7.21	56.72	35.74	65.07	18.03	63.01	82.02	81.74	72.84	54.38	32.25	58.03	15.81	77.83	75.54	17.0	45.18	65.8	80.41	23.71	0.0	41.62	41.01	58.26	29.27	94.37	75.07	50.01	54.04	49.24	96.26	46.17	47.17	19.21	56.4	9.22	89.84	88.19	79.01	23.19	67.12	31.11	95.21	88.32	63.15	12.65	42.72	73.54	30.15	77.41	109.22	48.51	104.02	73.25	32.7	30.59	19.85	29.07	13.6	82.0	6.32	76.69	46.84	90.52	72.17	73.17	69.63	73.41	39.32	30.02	102.8	27.89	17.09	34.44	47.63	14.14	94.81	35.78	50.99	57.28	43.97	64.5	30.61	82.22	41.01	11.66	16.97	32.56	96.57	59.41	10.2	53.15	58.86	60.64	46.84	70.09	4.47	86.82	42.94	63.29	97.01	91.27	90.93	20.59	75.47	48.04	88.81	83.6	47.68	96.25	46.1	108.85	84.76	64.4	95.43	107.38	65.49	58.69	68.01	80.0	53.85	71.17	63.66	29.07	63.06	88.55	30.68	75.69	42.45	83.73	80.81	39.29	32.65	68.03	86.02	80.16	32.06	107.2	80.53	102.3	85.44	86.83	75.8	62.03	59.0	67.54	84.17	43.83	59.03	97.0	31.24	52.48	62.2	53.71	35.23	65.73	77.0	32.8	56.0	74.25	67.12	27.2	28.44	10.2	74.63	29.0	63.06	60.21	12.17	68.68	90.02	84.12	28.16	75.43	78.77	43.93	30.36	83.02	77.52	79.92	105.0	92.18	13.45	111.25	12.21	91.24	29.02	78.09	71.25	66.71	64.54	64.2	87.78	12.53	33.53	36.12	52.2	95.72	86.98	47.42	82.76	47.43	17.2	56.32	10.0	26.08	66.65	59.09	91.24	
19.85	42.05	26.63	35.0	41.11	56.86	51.09	41.62	72.62	65.8	66.73	20.1	32.56	57.43	49.5	66.71	58.52	20.62	36.67	73.66	37.34	41.62	0.0	63.2	17.03	38.33	89.27	34.06	34.66	18.0	57.94	56.3	43.91	61.13	60.8	21.0	45.97	62.51	53.76	64.14	63.07	57.38	12.17	57.38	61.81	59.67	52.35	24.84	33.29	27.29	59.03	69.64	47.51	65.3	56.44	11.7	66.48	50.22	15.13	39.56	67.23	40.25	35.36	15.56	49.82	42.49	56.94	28.02	77.1	19.65	49.04	64.4	27.17	29.12	9.49	13.6	37.36	56.36	66.48	35.38	17.46	50.33	73.35	15.0	54.59	7.07	53.25	58.41	12.0	66.01	24.02	35.38	16.03	27.78	40.31	51.48	67.36	41.18	50.7	55.79	34.13	58.6	78.55	81.02	62.13	40.45	43.27	51.26	73.6	34.54	59.77	35.74	69.84	83.55	24.33	56.8	70.84	44.55	28.3	31.26	38.42	59.93	33.0	24.17	66.73	22.56	55.33	34.37	72.92	35.69	63.32	39.62	27.78	19.65	42.8	58.55	38.9	36.88	68.88	49.0	63.13	56.14	45.34	41.3	52.35	48.8	37.34	43.42	56.04	36.07	55.9	54.0	11.4	33.84	13.15	14.87	63.25	62.97	8.94	46.69	34.13	27.29	32.98	19.92	38.63	73.88	24.52	32.39	46.23	50.91	27.8	73.35	82.07	67.62	57.25	58.69	17.49	64.76	74.65	36.25	44.72	65.51	57.87	45.22	73.41	43.42	68.68	23.54	70.84	47.63	32.28	30.68	39.56	46.75	44.82	14.14	7.0	32.2	59.48	59.54	8.06	76.49	16.55	24.41	42.52	36.77	65.39	35.13	31.62	57.56	
76.66	33.97	87.32	74.63	99.3	30.08	45.34	91.71	55.03	46.62	17.0	65.92	91.09	41.23	71.22	50.16	39.56	51.2	64.01	51.92	64.03	41.01	63.2	0.0	74.43	25.0	62.13	87.56	43.83	64.33	18.36	102.96	30.23	11.7	43.32	65.0	49.04	79.21	86.53	58.31	32.56	45.49	51.48	97.62	77.1	37.12	48.02	45.35	84.2	67.12	60.61	113.65	29.07	107.04	56.22	61.13	23.02	21.26	48.51	29.68	60.42	35.47	90.24	75.71	99.96	103.81	55.61	86.7	38.01	72.11	14.32	105.31	36.06	37.34	61.61	59.54	30.89	98.41	13.34	44.29	70.86	20.62	27.17	48.26	73.66	58.0	39.82	44.38	51.24	88.41	66.76	49.82	64.94	89.05	52.43	22.63	40.8	36.8	87.82	12.73	94.83	100.24	65.79	63.06	40.52	77.37	33.02	91.71	57.25	84.53	96.25	83.65	112.0	51.01	87.01	99.3	106.02	101.02	89.27	94.43	94.92	22.85	96.13	74.95	27.0	85.0	85.21	69.89	44.91	80.62	67.2	93.15	40.02	44.0	101.83	76.38	92.89	27.17	109.08	76.84	106.47	77.99	100.17	76.94	42.64	41.73	66.24	94.56	13.45	93.3	107.22	10.3	74.03	94.11	76.06	49.0	37.7	56.08	55.73	39.62	84.48	90.01	66.29	61.85	33.02	42.43	64.85	63.98	46.01	49.09	81.79	68.43	51.09	32.02	59.03	63.25	74.73	20.0	55.36	96.52	81.01	109.59	89.63	27.59	111.77	53.08	75.21	64.4	50.6	105.95	95.04	93.21	58.52	98.67	53.15	63.89	56.22	48.75	95.41	77.08	64.07	53.37	56.89	47.01	44.2	34.67	31.14	67.08	58.6	88.01	
2.83	57.98	30.08	49.24	44.72	72.56	51.11	24.7	71.22	66.04	74.55	35.47	37.34	74.03	40.25	66.03	75.0	24.19	29.21	73.24	53.67	58.26	17.03	74.43	0.0	49.65	88.41	17.03	37.0	12.08	65.49	39.45	49.82	70.06	77.47	13.6	62.97	52.55	40.05	60.83	78.89	57.45	27.46	41.48	52.39	62.24	69.3	30.15	16.55	42.72	54.49	52.84	53.15	48.85	53.08	28.3	81.15	64.62	30.02	54.56	63.64	56.3	18.44	24.0	32.8	41.87	53.81	12.37	80.78	32.56	61.0	48.1	39.29	44.29	26.08	15.0	52.33	40.16	79.81	37.34	5.0	58.22	79.31	29.07	45.19	17.89	69.81	75.17	26.42	53.94	14.87	52.4	10.44	29.97	38.01	58.55	69.32	57.43	36.06	65.01	35.85	42.38	74.97	78.57	78.6	27.46	48.27	35.69	71.7	45.04	44.55	47.0	53.23	84.72	15.81	40.5	55.32	49.24	30.87	26.25	21.95	66.29	25.55	9.06	81.86	13.6	42.3	49.65	74.3	48.17	57.2	22.63	35.01	31.05	45.28	48.85	21.93	47.27	52.55	37.64	46.52	45.54	28.6	28.64	53.24	50.09	28.84	26.4	65.03	41.44	38.9	66.29	10.0	36.24	11.18	26.25	65.8	60.21	25.5	48.85	17.46	18.36	48.85	36.24	54.2	76.03	40.31	24.84	46.14	67.9	10.82	68.25	83.01	83.24	53.04	53.26	28.07	79.12	73.41	22.09	31.14	48.76	44.01	60.37	57.25	60.44	60.9	39.4	70.46	50.25	29.73	29.21	34.66	29.73	61.85	29.97	22.2	32.7	44.41	49.77	11.18	76.03	18.11	41.11	43.38	52.48	81.01	26.08	27.02	44.1	
51.97	23.0	63.25	55.17	76.06	31.3	34.37	68.45	52.47	43.57	30.23	43.83	67.62	39.05	53.82	46.27	38.6	27.31	43.84	51.2	47.17	29.27	38.33	25.0	49.65	0.0	65.46	63.57	24.41	40.16	22.63	80.78	17.0	23.71	42.45	41.23	38.47	64.41	67.18	50.25	37.22	38.0	26.93	76.84	62.61	33.96	41.0	21.95	60.54	46.69	49.48	92.42	19.24	86.21	45.12	37.58	34.71	19.42	24.04	16.0	53.15	23.09	66.1	51.55	76.92	79.7	44.91	61.98	46.04	49.24	11.4	84.65	11.18	16.4	37.7	34.93	15.13	77.2	30.87	25.24	46.32	15.81	38.9	23.54	57.45	33.0	35.51	41.77	26.48	72.4	43.38	34.01	40.52	64.85	34.99	18.36	41.11	25.08	67.36	18.36	70.84	79.2	62.07	61.66	41.44	56.22	19.1	70.6	54.33	63.01	76.42	62.63	91.21	56.36	62.01	78.01	86.98	78.29	65.15	69.58	70.6	26.4	71.18	50.92	36.8	60.0	66.6	51.09	46.82	60.21	56.04	69.29	16.64	19.0	78.39	60.9	68.95	3.61	88.73	58.14	85.21	61.29	76.22	56.08	33.06	30.27	45.97	71.18	18.87	70.21	84.1	16.76	49.04	70.23	51.09	24.0	36.69	48.17	31.32	27.29	60.93	65.01	47.63	40.0	19.1	46.1	43.93	42.64	32.28	41.05	57.57	61.29	55.54	40.0	47.54	51.24	51.08	32.02	53.76	71.7	60.31	88.23	70.77	19.65	92.02	40.52	63.89	43.28	48.84	82.76	70.41	68.66	40.0	75.24	41.23	40.71	31.4	28.32	75.69	61.77	39.12	53.6	32.57	26.17	28.79	19.42	38.01	46.1	37.54	69.43	
88.81	87.56	115.26	117.83	130.14	90.27	38.21	89.32	17.2	23.6	45.18	104.01	121.7	100.72	55.03	22.63	99.5	68.68	60.54	15.62	111.89	94.37	89.27	62.13	88.41	65.46	0.0	90.79	54.67	76.69	46.27	92.2	49.66	51.0	103.48	74.81	103.58	51.24	69.43	28.64	94.02	31.89	83.49	82.2	49.37	31.78	105.12	64.82	86.31	108.91	35.85	96.33	46.62	89.45	35.85	95.44	85.15	78.64	81.84	80.78	26.57	88.06	93.91	104.8	94.25	129.63	34.99	96.57	24.52	107.2	65.76	87.46	71.55	81.15	94.4	77.08	80.36	84.53	75.33	53.91	83.41	50.45	35.69	80.16	52.63	82.22	98.15	103.82	81.84	60.01	73.82	99.37	78.75	115.97	50.45	47.54	24.35	89.99	74.22	53.24	122.35	85.16	18.0	12.04	101.24	70.38	48.76	79.31	17.0	122.41	77.65	122.89	93.19	11.4	104.2	85.51	82.0	133.79	116.67	114.63	98.84	41.3	113.81	82.38	89.09	102.0	66.1	114.53	18.68	121.49	36.88	94.02	63.51	73.78	131.52	51.79	94.43	63.32	89.14	61.68	90.8	56.09	100.09	69.08	37.01	40.61	61.77	92.11	52.24	125.32	100.42	67.19	94.85	122.33	97.0	76.61	28.79	28.65	87.42	43.01	85.87	106.61	111.36	101.02	84.2	20.1	105.82	64.35	43.14	105.54	88.32	27.02	11.05	94.05	36.67	38.28	106.53	82.1	15.0	105.68	70.84	93.65	69.72	82.57	89.0	105.95	40.01	104.96	18.44	136.47	117.8	116.93	54.08	95.52	106.61	99.05	84.81	57.28	76.66	51.62	84.15	12.81	73.54	89.9	46.75	84.77	93.01	64.5	61.4	67.74	
14.21	74.4	41.0	64.85	53.76	88.75	56.52	8.25	73.82	70.52	85.09	51.88	48.04	90.79	37.01	69.64	91.68	36.4	30.68	76.69	70.33	75.07	34.06	87.56	17.03	63.57	90.79	0.0	46.01	23.41	76.16	22.85	60.13	81.61	94.26	22.56	79.98	46.86	29.97	62.18	95.13	62.36	44.05	27.0	47.42	69.05	86.28	42.2	4.47	59.03	55.07	36.25	63.03	32.98	55.04	45.22	96.6	80.06	46.4	70.49	64.5	72.8	3.16	38.6	15.81	47.76	55.95	10.05	87.66	48.1	74.95	32.56	54.13	60.46	43.01	29.07	68.26	25.08	94.34	46.0	18.03	69.46	88.2	45.22	41.04	34.21	86.56	92.02	42.8	45.18	21.1	69.43	23.26	40.05	42.95	69.18	75.19	74.03	24.7	76.94	44.55	27.17	75.17	79.76	95.27	21.26	58.03	22.36	73.79	58.69	31.26	61.0	37.0	89.2	22.09	25.18	41.01	58.69	41.05	31.32	8.25	76.0	28.23	12.65	97.62	21.0	33.12	65.8	79.4	62.82	55.8	5.83	47.54	46.07	53.37	43.86	5.39	60.73	36.88	31.83	30.36	39.7	12.65	22.67	59.23	56.72	29.15	9.43	76.79	52.09	21.93	80.32	25.5	45.4	25.63	41.68	72.37	62.17	42.43	56.32	5.0	22.56	65.3	53.0	70.46	81.74	56.82	27.66	51.97	84.9	6.4	67.2	87.32	99.32	54.12	53.0	43.01	94.37	76.06	15.56	22.8	32.31	33.24	76.32	41.77	77.47	57.28	55.95	74.09	57.97	36.14	36.67	37.64	12.73	78.87	46.65	38.95	41.0	31.4	44.6	27.66	79.31	31.02	58.0	50.36	68.82	97.1	26.57	32.25	34.01	
38.33	45.22	60.96	64.62	75.69	55.57	16.64	48.84	38.28	31.14	39.12	50.09	67.18	62.39	29.41	32.2	62.24	14.21	20.25	39.05	61.0	50.01	34.66	43.83	37.0	24.41	54.67	46.01	0.0	25.0	30.27	59.24	14.32	36.14	65.92	24.33	58.55	40.31	43.28	31.32	61.59	22.8	29.55	53.85	38.63	25.55	62.59	10.3	42.11	55.71	28.07	69.84	17.03	63.29	24.33	41.18	58.73	43.83	28.46	38.63	34.48	44.64	49.0	50.21	56.75	76.03	24.52	47.85	43.86	52.7	33.97	61.59	22.2	33.24	39.96	23.32	37.0	54.59	53.41	1.0	32.28	24.04	42.58	26.57	33.12	27.59	58.52	64.85	27.73	48.02	25.02	51.0	26.57	61.85	10.77	23.35	33.02	46.57	44.1	31.95	68.25	56.44	45.31	47.01	65.31	33.54	12.04	47.89	39.45	67.96	52.8	68.6	68.26	49.04	52.39	55.47	63.03	79.21	62.48	62.18	54.01	30.02	62.24	34.13	61.07	50.16	42.43	61.98	38.42	67.54	34.01	51.16	11.0	20.62	77.23	36.67	51.09	20.81	65.46	33.94	62.65	36.89	58.22	33.12	17.69	14.14	22.47	51.79	31.62	70.72	64.03	39.05	41.34	68.12	43.57	22.36	29.15	29.73	33.12	12.21	42.19	55.15	59.2	47.54	40.8	39.66	52.55	20.25	12.08	62.17	41.11	41.77	47.51	64.4	26.08	29.02	51.86	55.87	40.22	57.87	37.22	65.76	46.69	43.38	68.41	59.08	41.3	51.62	36.24	82.13	64.66	63.51	15.62	55.9	60.13	44.78	30.23	5.1	52.01	37.58	30.23	41.87	19.72	39.2	8.06	40.26	62.43	23.26	14.87	45.25	
13.34	52.35	39.66	53.0	54.64	66.22	39.12	28.84	59.55	54.08	63.13	38.05	46.65	69.35	31.78	54.2	70.01	13.15	19.31	61.4	54.57	54.04	18.0	64.33	12.08	40.16	76.69	23.41	25.0	0.0	54.08	42.45	38.21	59.03	72.92	3.0	60.21	44.72	36.14	49.58	72.62	45.49	23.32	41.34	44.15	50.16	66.03	19.1	20.59	45.18	43.6	55.23	41.44	50.0	41.77	29.27	73.43	56.94	25.0	47.8	52.5	50.91	25.96	31.02	37.44	53.04	42.45	23.09	68.71	37.34	51.55	48.83	30.89	38.21	27.17	6.4	45.61	40.8	70.94	25.3	7.28	47.0	67.47	23.43	36.88	13.93	65.12	70.94	21.63	48.01	6.08	50.12	2.24	40.0	26.25	47.1	57.25	52.35	33.62	54.15	46.23	43.01	63.89	67.18	73.54	22.8	36.5	34.99	60.14	51.66	42.95	53.15	54.82	72.72	27.78	41.4	54.13	58.83	40.8	38.01	30.59	54.59	37.59	10.77	74.63	25.55	37.48	52.24	62.27	53.46	47.01	29.15	24.33	23.02	55.61	40.79	28.79	37.36	53.25	31.0	48.27	38.21	36.06	23.54	41.18	38.01	19.65	31.38	54.08	50.61	44.42	56.92	18.6	46.4	20.62	19.1	53.71	48.8	23.41	36.77	21.1	30.41	50.64	37.48	48.17	63.95	42.3	14.87	34.13	64.9	17.46	57.69	71.02	76.61	42.01	42.72	34.21	71.12	61.72	33.14	27.2	50.99	40.26	53.6	57.45	58.59	51.62	41.3	58.6	60.61	41.11	40.31	23.6	35.36	59.94	32.06	19.31	20.62	42.54	41.77	10.05	64.2	7.62	37.74	31.3	46.69	74.4	17.26	15.62	39.81	
67.27	42.15	84.1	77.79	97.62	44.05	27.66	79.08	37.11	28.46	9.06	66.22	89.07	54.45	54.71	31.95	53.24	41.3	49.34	34.37	69.4	49.24	57.94	18.36	65.49	22.63	46.27	76.16	30.27	54.08	0.0	88.89	16.03	7.07	57.22	54.0	58.31	61.62	70.66	39.96	48.09	27.2	47.89	82.46	59.46	18.79	59.2	35.36	72.34	69.31	42.52	98.62	13.34	91.79	38.21	59.36	40.26	32.39	45.28	35.78	42.06	42.95	79.1	72.45	86.88	100.32	37.54	77.16	24.17	71.28	19.65	89.96	32.45	38.95	59.17	50.64	35.85	83.57	31.38	30.41	61.2	7.62	16.28	44.29	56.61	51.55	51.97	57.56	46.96	71.06	55.08	55.76	55.23	85.49	36.77	7.0	23.19	44.78	72.62	7.0	91.71	85.23	47.8	45.54	55.04	62.94	18.25	76.9	39.29	85.43	80.5	85.15	96.66	35.9	79.83	84.5	89.69	100.17	85.91	88.6	84.05	5.0	89.5	64.01	43.93	77.67	68.96	73.66	28.0	82.81	49.04	81.39	30.81	38.48	99.76	59.03	81.3	22.2	93.47	60.83	91.55	61.03	88.46	62.3	24.76	24.41	51.55	82.04	6.0	91.92	94.15	21.0	67.45	91.24	69.64	43.08	19.65	37.74	52.35	22.83	72.44	82.76	70.18	62.48	39.36	26.17	66.53	50.22	29.15	59.77	71.01	50.09	35.51	48.66	41.04	45.28	72.56	37.11	37.66	87.21	66.13	94.7	73.43	36.69	95.77	61.27	57.01	65.86	32.76	104.32	90.14	88.6	43.08	86.15	61.74	62.68	51.48	35.36	79.61	59.67	56.52	36.12	47.38	48.8	28.23	40.31	47.38	52.89	44.91	71.69	
36.72	94.79	62.65	87.66	74.0	108.58	64.5	14.76	76.66	76.01	97.27	74.69	69.35	111.73	38.05	74.11	112.43	53.82	39.56	80.4	93.06	96.26	56.3	102.96	39.45	80.78	92.2	22.85	59.24	42.45	88.89	0.0	73.39	95.19	115.28	40.46	101.83	41.79	22.8	64.5	114.98	69.12	65.19	10.82	43.32	77.52	107.94	58.83	23.02	81.86	57.31	13.42	75.58	11.05	59.03	67.74	115.11	98.81	67.21	90.14	65.92	93.35	22.8	61.35	8.0	66.37	60.03	32.02	95.08	70.94	91.79	11.4	72.8	80.66	65.51	48.8	87.97	8.06	111.51	58.87	39.2	83.22	98.15	65.76	39.62	55.32	107.49	113.22	63.7	35.51	37.8	91.4	43.14	61.4	52.39	82.22	82.05	94.75	18.11	91.18	65.03	8.49	74.73	80.28	115.97	25.96	70.84	13.04	75.95	81.02	16.4	83.43	14.32	93.43	43.57	7.21	21.54	79.0	62.39	51.0	23.02	87.56	47.04	32.65	116.61	42.95	26.25	88.64	85.02	85.44	55.32	18.44	64.14	65.3	73.06	40.52	19.42	77.52	15.03	31.06	8.0	36.14	17.26	26.68	67.6	66.1	37.36	13.6	90.82	73.25	9.22	97.13	48.33	66.07	48.47	61.55	80.31	65.28	64.2	66.71	22.2	43.19	88.1	75.66	90.61	88.0	79.61	39.0	61.0	106.67	28.65	65.8	91.44	118.85	57.14	54.45	65.79	112.61	78.77	32.06	23.19	9.49	23.26	95.9	20.02	99.62	53.49	78.71	78.23	77.23	56.0	57.04	46.1	12.0	101.02	69.35	60.44	54.23	17.2	40.8	49.2	82.61	49.68	79.51	60.88	89.14	116.66	36.06	44.38	25.08	
