250
0.0	86.98	97.05	70.6	74.85	117.65	17.03	61.33	66.76	44.28	43.19	21.95	81.94	67.23	47.85	14.87	29.07	26.08	27.8	72.28	28.65	65.76	74.09	86.09	58.25	108.76	120.15	64.54	29.97	32.28	90.08	33.0	39.85	84.4	109.2	83.68	60.17	82.86	44.41	72.01	21.38	108.24	88.84	62.24	111.16	84.29	71.34	26.08	87.02	46.24	29.15	109.27	86.41	60.83	95.88	74.33	19.31	98.49	59.01	87.64	86.98	107.49	110.22	95.63	87.32	39.05	100.62	87.97	20.81	85.49	89.0	111.31	40.79	12.17	85.15	32.39	49.5	44.82	84.17	73.44	71.78	72.2	90.55	22.8	95.48	32.02	41.04	73.0	84.17	66.75	65.19	29.02	66.22	26.93	84.72	105.72	20.62	75.47	67.62	35.69	73.76	25.71	72.18	17.46	74.71	136.95	105.08	35.51	77.49	95.26	109.02	87.09	27.46	43.01	13.04	15.0	123.71	83.01	85.48	59.3	116.0	42.72	114.48	97.02	105.69	71.06	119.97	82.35	55.57	62.64	117.41	48.38	90.14	127.63	84.17	56.44	106.71	54.2	31.11	25.55	97.74	40.79	45.31	67.42	53.71	82.76	53.82	83.0	84.91	82.15	1.41	110.54	43.29	65.01	116.85	54.64	24.35	80.45	8.6	98.84	111.99	98.01	23.09	20.12	125.26	105.89	17.46	35.11	114.98	44.92	38.47	76.06	18.03	79.65	84.65	78.11	91.92	89.81	75.45	5.0	46.65	64.12	19.24	72.11	66.53	81.4	76.22	95.82	68.12	78.39	25.08	90.97	103.41	82.3	52.43	58.83	81.32	126.76	77.08	90.09	18.11	47.01	80.71	70.26	39.82	86.45	92.03	28.18	112.15	43.01	5.39	84.93	117.05	30.02	28.07	35.36	92.65	111.32	21.1	51.42	50.93	57.43	47.04	84.21	18.97	90.82	35.36	82.46	99.72	67.12	100.44	75.8	54.04	95.02	94.51	68.88	105.68	90.55	89.69	29.61	26.25	109.59	111.13	50.25	86.65	74.46	87.56	106.83	78.16	21.63	
86.98	0.0	17.46	47.43	56.75	70.77	84.48	27.02	20.25	44.29	54.33	65.73	59.54	21.0	76.92	87.66	97.91	85.0	74.63	78.49	70.46	25.5	14.04	61.85	35.69	33.24	48.92	47.01	87.8	93.41	61.0	83.29	58.9	46.01	40.2	47.04	74.25	4.12	43.83	59.77	91.92	21.38	21.19	65.76	28.79	19.03	35.11	72.95	28.28	58.73	58.69	30.46	9.85	61.72	66.89	89.89	76.42	13.6	36.12	1.41	55.01	22.2	25.32	19.21	56.01	107.0	17.89	39.2	83.01	70.77	26.68	28.46	54.82	89.47	85.7	55.15	48.84	72.25	89.5	20.59	15.3	51.22	45.18	69.46	42.38	57.71	78.49	27.86	40.0	83.24	27.66	60.37	47.01	60.17	9.0	49.66	66.48	23.6	21.02	76.53	47.54	61.35	40.8	69.64	62.48	54.49	31.11	77.52	76.84	71.28	41.11	6.32	72.67	48.01	92.61	83.19	37.12	25.0	64.54	40.0	42.01	59.41	28.07	42.06	31.58	45.22	33.62	11.31	59.24	24.35	44.64	55.23	49.74	46.4	85.04	33.02	23.09	71.28	61.13	70.11	12.37	46.62	59.41	69.64	65.19	12.04	69.07	100.69	59.67	31.02	87.64	57.87	79.83	32.45	52.15	68.51	68.96	54.49	78.85	18.03	54.2	21.21	81.06	86.09	59.68	41.01	79.51	92.31	29.0	55.87	49.65	24.04	83.73	62.94	5.1	75.29	39.81	41.59	27.02	85.44	60.64	29.07	91.79	98.41	44.42	29.21	31.14	56.57	33.54	12.08	62.1	25.0	60.88	33.02	40.2	65.86	41.23	45.8	57.27	40.45	95.71	60.21	55.9	58.19	81.32	63.25	56.14	59.44	29.73	57.31	82.87	44.0	66.64	100.96	85.02	57.14	24.52	58.6	81.15	50.33	46.87	32.2	87.56	32.02	77.41	6.32	99.02	9.22	44.38	96.18	50.29	17.0	72.67	22.02	21.02	21.21	43.91	20.62	75.17	62.77	60.73	26.4	56.57	46.69	54.01	69.81	47.04	40.01	48.66	75.29	
97.05	17.46	0.0	64.85	74.22	85.44	91.76	35.85	33.24	57.38	59.03	75.15	76.94	30.23	78.1	99.86	111.4	90.61	88.46	74.09	84.22	31.38	24.08	53.01	40.26	15.81	59.08	45.4	101.86	107.52	78.1	87.57	73.66	63.2	23.0	64.28	72.57	19.7	56.73	77.2	104.81	21.4	11.4	63.56	35.47	36.12	52.5	86.45	45.0	74.4	70.46	13.6	11.31	60.02	55.87	85.8	83.82	22.85	52.15	18.25	72.17	26.91	29.7	32.98	73.17	121.02	27.73	56.0	96.05	62.68	43.05	34.71	69.35	101.24	78.89	66.85	52.61	88.01	83.24	37.7	27.59	46.49	33.97	77.16	29.21	70.43	93.86	45.22	57.14	80.36	43.91	72.8	64.26	70.24	26.31	64.29	76.48	23.19	29.68	80.4	65.0	72.2	58.24	79.61	56.86	40.22	42.95	81.39	71.11	60.83	24.02	12.53	86.37	55.03	104.31	95.44	29.0	42.19	56.04	56.44	51.87	74.65	28.3	57.71	14.14	62.64	25.0	15.0	59.21	36.8	27.2	71.03	38.95	31.24	78.39	47.51	30.0	87.82	68.31	76.92	21.54	58.6	75.0	66.1	65.28	14.42	85.59	95.75	51.04	48.26	97.51	42.38	82.0	49.19	35.0	85.09	81.84	47.01	88.57	2.0	68.01	4.12	87.32	99.02	42.3	24.52	86.98	106.78	30.23	71.22	58.6	41.48	96.4	55.95	22.56	69.32	56.14	30.48	25.0	96.25	63.07	45.28	104.4	95.51	42.43	22.8	27.29	73.11	50.7	19.21	72.01	13.04	76.79	50.25	45.88	82.73	33.54	30.48	74.73	57.04	107.9	76.03	48.37	75.58	96.54	54.41	73.0	68.88	36.12	72.47	93.54	61.13	80.96	114.34	90.26	70.77	11.4	73.08	87.8	66.29	50.64	46.86	89.09	49.09	84.77	11.18	113.17	15.56	30.02	94.11	65.92	34.18	89.19	7.07	6.4	37.22	57.87	9.49	66.4	75.93	71.2	12.65	40.8	50.8	71.18	64.47	64.03	23.19	66.1	88.24	
70.6	47.43	64.85	0.0	10.05	47.42	77.83	45.61	38.21	33.94	64.2	57.45	15.65	45.4	88.53	63.2	66.75	83.22	46.04	102.08	43.29	50.99	46.01	96.05	55.71	80.65	53.6	72.8	55.58	60.21	21.93	85.6	30.81	14.04	87.1	13.15	92.91	45.35	34.66	12.37	64.03	60.8	65.49	87.32	54.67	30.53	12.37	46.27	25.5	25.08	44.78	77.83	55.11	83.24	103.94	111.22	71.34	49.65	20.12	46.82	17.2	55.97	57.28	40.36	17.8	72.8	48.27	19.92	56.04	102.46	28.32	55.32	30.08	66.37	113.16	43.27	63.29	34.21	115.41	27.46	42.0	80.96	85.21	65.46	85.01	40.25	41.48	19.65	15.81	102.9	24.19	42.95	4.47	51.87	39.0	36.0	55.95	59.14	46.39	81.47	3.16	49.74	6.71	58.14	91.18	99.64	43.57	82.22	103.32	106.96	87.86	52.63	45.18	55.0	69.26	59.41	78.41	25.0	97.8	15.81	51.62	28.28	63.7	28.44	78.85	2.24	76.03	53.46	78.03	37.85	92.05	22.36	88.57	92.59	112.26	28.64	53.04	28.65	61.62	68.6	49.93	38.9	26.08	93.06	82.1	54.45	26.83	122.59	93.86	19.8	71.84	102.12	88.39	18.25	98.84	25.94	46.32	87.8	65.55	65.46	42.05	68.41	78.23	59.01	106.73	87.13	73.43	57.72	62.94	25.71	50.25	23.41	58.14	93.92	42.38	102.46	23.77	82.1	62.29	66.71	73.6	23.35	65.0	116.04	71.78	68.07	66.48	25.5	15.0	50.16	53.54	69.46	33.11	18.44	55.01	21.63	77.78	92.13	11.4	21.59	70.01	25.0	89.02	10.77	44.64	97.27	21.95	53.6	55.44	27.66	65.25	15.03	46.49	69.87	84.31	35.85	69.72	40.79	77.18	19.31	62.27	28.23	96.21	20.62	72.2	53.76	65.0	51.62	88.09	112.16	30.15	30.81	30.02	68.45	67.47	30.0	37.66	65.76	107.52	41.11	50.77	72.92	101.24	61.4	16.64	96.66	17.12	86.49	7.62	50.49	
74.85	56.75	74.22	10.05	0.0	43.17	83.76	55.54	48.26	42.2	72.95	64.03	7.21	55.44	96.83	65.73	67.0	89.81	48.51	111.36	46.49	61.0	56.0	105.99	65.46	89.99	55.95	82.54	56.04	60.03	15.23	92.76	35.36	15.81	96.69	14.42	101.87	54.92	43.01	4.47	65.49	68.6	75.33	96.6	60.88	39.0	22.09	49.34	32.45	28.64	51.22	86.98	64.78	92.57	113.95	120.22	77.8	57.71	29.73	56.04	13.0	63.25	64.2	47.71	13.04	71.7	55.76	24.08	58.25	112.27	35.23	61.62	35.81	69.12	122.65	50.25	72.47	34.01	124.78	37.22	52.01	90.8	95.26	72.35	95.0	46.4	41.01	29.27	20.52	111.83	34.23	48.83	13.0	58.8	48.08	36.4	62.2	69.18	56.44	89.11	9.22	56.22	16.12	64.07	100.9	107.82	48.84	89.81	112.81	116.93	97.49	62.17	48.08	63.81	71.81	62.36	85.98	33.11	107.7	25.08	55.23	32.2	70.8	30.89	88.29	12.0	83.86	63.29	87.24	47.85	101.39	26.93	98.62	101.13	121.74	38.28	60.0	26.31	69.35	75.74	58.14	47.01	29.55	102.42	91.07	64.28	25.08	131.55	103.81	27.29	76.16	112.07	96.33	28.28	108.5	24.08	50.57	97.74	70.71	74.73	41.77	77.88	84.81	61.0	116.3	96.88	79.63	57.14	69.81	30.53	58.6	32.76	60.64	103.74	51.66	112.0	27.2	92.14	72.34	70.58	82.38	33.38	66.75	124.62	81.61	78.1	76.53	22.02	25.02	60.07	60.31	79.31	29.27	25.55	64.47	19.1	87.82	100.72	2.24	25.0	71.85	27.86	98.95	5.0	44.05	107.2	18.03	60.83	61.55	32.25	69.46	17.8	43.29	70.01	91.05	41.62	79.51	39.05	83.6	25.5	71.55	37.95	104.0	27.46	78.6	63.06	64.28	61.4	98.05	120.6	29.83	40.45	27.46	78.09	77.1	40.01	39.81	75.54	117.34	46.14	57.49	81.71	111.16	70.66	13.04	106.23	17.89	96.18	9.22	53.76	
117.65	70.77	85.44	47.42	43.17	0.0	125.22	84.39	74.65	80.16	108.47	104.71	36.5	81.4	133.42	108.91	109.46	130.36	91.68	143.28	89.56	87.8	78.23	131.37	95.67	98.84	34.21	111.83	98.73	102.31	28.28	132.31	77.83	34.67	107.71	34.99	135.77	71.55	80.71	46.69	108.5	69.35	91.92	128.89	55.01	53.34	51.22	92.44	44.1	71.47	92.13	94.37	80.62	124.65	137.31	153.57	118.6	62.82	64.4	69.46	30.68	62.29	61.07	52.5	30.36	113.0	58.25	35.38	101.41	139.52	44.78	56.01	77.47	112.29	152.8	90.43	106.08	76.79	155.86	60.44	75.45	118.46	115.87	112.51	113.09	87.66	83.49	54.45	37.54	145.69	63.66	90.38	51.89	98.98	62.61	21.19	103.31	91.92	82.2	127.64	44.28	97.06	47.71	105.55	129.62	105.39	43.42	128.46	143.22	141.42	108.91	77.08	91.21	99.36	114.98	105.51	82.15	48.83	133.78	61.59	39.32	74.95	67.0	29.15	98.49	47.41	82.01	81.39	120.24	76.49	109.18	69.29	120.3	102.0	152.0	71.7	58.31	68.26	107.9	115.43	64.03	85.15	72.42	134.06	125.16	82.29	67.48	164.94	129.14	44.69	118.93	127.78	134.01	59.67	119.44	66.48	93.3	123.49	112.92	84.9	18.03	89.56	125.4	104.14	125.45	109.9	120.77	99.18	65.01	72.8	95.8	54.67	103.81	131.19	66.64	142.0	32.8	112.31	95.52	113.53	117.52	63.7	109.84	159.83	110.0	99.3	99.98	21.93	55.44	80.13	100.72	95.63	14.32	43.19	96.88	61.52	111.02	102.0	41.0	33.3	114.93	70.88	124.87	48.05	86.37	132.74	25.63	100.5	55.0	74.67	112.27	35.0	5.1	112.36	131.37	83.26	94.92	12.37	124.42	66.71	104.65	70.94	142.0	42.64	119.47	75.61	106.08	79.16	114.83	156.4	21.4	61.61	69.18	91.71	90.76	65.95	27.66	91.18	144.27	88.39	98.01	86.83	126.24	103.95	31.02	136.21	31.62	108.42	39.81	96.84	
17.03	84.48	91.76	77.83	83.76	125.22	0.0	57.56	65.03	46.57	33.54	20.88	90.97	63.64	31.62	31.58	46.1	9.06	41.05	56.3	40.46	60.64	70.71	72.62	51.55	101.64	123.17	53.6	46.17	49.03	98.79	16.03	48.6	90.87	100.72	90.38	44.38	80.4	46.32	81.61	38.33	105.8	82.28	47.71	111.0	85.59	75.89	38.6	90.03	55.61	33.11	102.88	82.0	47.01	82.2	57.56	8.06	97.13	62.64	85.38	94.89	106.17	109.11	96.19	95.38	56.01	100.0	92.97	36.4	70.83	91.59	111.0	48.02	29.15	68.96	35.11	40.25	57.63	67.68	74.55	69.26	60.14	79.81	15.03	85.45	37.59	55.23	75.93	89.54	50.22	67.08	34.99	73.36	26.93	84.0	111.0	21.93	68.95	63.79	19.7	80.95	28.23	78.0	19.72	60.8	130.55	106.79	19.31	61.85	80.99	100.34	83.36	40.0	36.88	30.0	30.68	119.85	85.51	71.61	64.26	118.23	52.01	112.54	101.83	98.49	77.82	115.95	77.88	42.45	61.01	109.18	56.86	78.64	121.08	68.01	57.87	106.02	66.6	23.54	14.87	96.19	41.98	54.82	52.35	39.41	78.1	65.8	66.01	71.7	85.87	16.0	99.16	26.68	68.41	107.07	66.48	34.66	67.9	14.42	93.68	117.32	92.03	6.71	36.4	115.21	96.9	5.0	51.66	113.36	53.25	35.01	78.26	33.84	65.8	83.1	62.65	96.77	79.63	68.15	21.38	33.97	66.29	36.22	55.08	56.04	73.35	67.98	103.31	72.12	74.33	25.0	83.77	110.91	86.4	45.88	70.04	71.03	120.15	85.98	95.19	35.01	56.85	67.94	79.63	54.59	72.8	99.76	26.31	112.0	51.61	19.92	91.0	123.98	47.0	11.05	42.19	85.62	117.55	5.0	58.67	42.05	58.86	30.02	88.06	7.07	87.3	52.35	78.45	89.63	50.09	106.4	76.24	66.71	88.6	88.26	69.26	109.9	84.15	74.71	37.8	27.51	104.4	100.0	41.63	94.41	59.54	94.02	98.11	85.42	34.67	
61.33	27.02	35.85	45.61	55.54	84.39	57.56	0.0	10.0	23.32	27.89	39.56	61.03	6.08	51.89	64.2	76.37	58.01	54.04	58.9	49.82	6.32	13.15	50.45	11.31	48.84	71.11	27.78	67.48	73.11	65.8	56.57	41.15	51.97	51.4	52.35	51.86	23.0	22.47	56.72	69.43	48.26	29.0	44.55	54.74	33.29	35.34	51.74	41.11	43.97	34.83	48.6	25.08	40.31	58.55	69.3	49.5	40.11	26.17	28.0	59.93	49.04	52.09	41.44	60.84	86.37	43.57	49.04	60.83	57.01	41.4	54.59	36.67	65.46	68.8	31.24	23.26	57.01	71.61	24.04	12.17	35.47	41.44	42.58	43.01	35.38	61.72	30.23	47.43	61.62	21.93	37.48	42.76	34.44	28.16	65.12	40.72	17.0	6.32	50.01	47.43	36.36	40.85	43.86	46.07	76.01	53.31	50.99	59.08	61.39	51.61	25.96	51.86	21.0	68.51	59.82	62.64	36.12	52.2	31.14	65.0	43.08	55.08	55.87	45.97	43.97	58.82	21.02	36.24	8.06	58.8	41.23	44.05	66.85	67.96	18.0	49.37	59.44	34.13	43.1	39.05	23.35	44.27	49.68	41.62	21.47	57.27	80.62	48.27	39.7	61.85	60.44	54.08	27.51	61.4	57.07	46.67	42.2	52.92	37.59	70.94	37.2	54.04	63.7	69.97	49.4	52.61	72.8	56.01	40.16	23.09	29.73	60.96	48.47	26.31	57.98	51.66	38.83	18.97	60.42	35.34	22.47	68.88	76.22	26.4	25.63	22.36	65.19	31.38	17.09	36.25	32.02	71.61	41.23	13.93	56.32	33.02	66.03	57.01	51.09	72.2	45.88	43.42	54.59	64.01	51.66	63.13	33.24	55.73	40.85	57.71	50.77	81.34	79.21	58.08	36.62	33.3	73.54	54.15	37.48	21.47	18.03	62.03	41.77	50.49	29.83	78.75	21.19	46.82	73.24	63.03	23.6	60.64	34.71	34.06	18.44	61.4	30.41	62.03	41.11	35.36	48.3	60.08	21.02	59.03	52.15	54.38	49.65	50.7	53.04	
66.76	20.25	33.24	38.21	48.26	74.65	65.03	10.0	0.0	24.41	37.34	45.71	53.15	7.28	61.72	67.6	78.41	66.37	55.32	68.68	51.09	13.42	9.43	58.52	21.26	48.01	61.33	37.2	68.68	74.33	57.25	65.51	40.46	42.95	52.33	43.46	61.85	16.16	23.85	50.01	72.11	41.48	29.55	54.45	46.1	23.32	26.93	53.41	31.14	41.68	38.48	46.75	21.93	50.21	65.97	79.21	57.01	32.14	20.62	20.88	51.26	41.19	44.1	32.02	52.2	87.86	35.01	39.41	63.25	65.74	31.4	46.04	36.12	69.32	78.24	34.93	33.12	55.23	81.22	14.21	5.66	44.29	47.04	50.01	47.27	37.74	60.8	21.02	38.08	71.59	14.04	40.31	36.0	40.02	19.1	55.17	46.32	21.0	8.25	59.2	39.62	41.11	32.76	49.48	55.23	73.11	43.66	60.17	68.6	69.26	52.8	21.4	53.26	29.61	72.45	63.13	57.27	26.17	60.54	25.5	55.36	41.62	47.85	45.97	45.49	36.35	53.67	18.6	46.23	4.12	58.83	38.47	50.36	64.38	77.42	14.42	41.0	56.08	42.11	51.09	31.26	26.4	42.19	59.46	51.61	19.42	53.85	90.51	56.3	30.0	67.45	64.63	63.69	20.02	63.32	53.49	49.09	50.33	58.69	34.66	60.96	35.61	62.13	66.29	71.69	51.26	60.03	73.54	48.51	38.28	30.02	20.0	63.81	57.25	18.11	67.42	41.87	44.0	24.08	65.19	45.18	15.0	71.87	86.21	35.51	30.02	28.28	55.95	23.35	14.42	41.98	33.24	62.13	31.62	23.71	51.92	39.62	63.66	49.5	41.4	75.66	43.42	51.62	48.0	63.41	59.81	54.13	39.46	47.1	39.41	62.63	41.59	71.51	81.4	66.61	37.64	34.01	63.66	62.03	34.01	31.38	13.89	71.69	32.02	58.01	24.7	79.98	17.69	50.64	83.23	53.26	13.6	57.38	34.13	33.29	8.94	51.4	30.41	70.68	43.01	40.52	44.82	63.95	30.89	50.33	61.61	45.18	51.08	42.45	55.47	
44.28	44.29	57.38	33.94	42.2	80.16	46.57	23.32	24.41	0.0	30.89	25.71	49.04	27.66	54.67	43.38	54.04	50.57	31.11	70.01	26.87	29.53	33.3	69.0	28.28	71.51	76.79	44.05	44.55	50.21	55.87	52.15	18.03	45.49	74.63	45.22	59.94	40.31	1.0	41.68	47.71	65.0	52.01	55.36	66.91	40.05	29.55	29.07	43.57	22.02	15.13	70.72	46.1	51.55	78.1	78.29	39.22	54.71	16.16	44.72	50.99	63.6	66.22	51.35	51.66	63.66	56.52	46.62	38.83	73.55	45.28	67.08	13.6	45.31	81.91	12.0	31.32	34.21	83.57	29.15	30.0	53.01	63.6	32.7	65.92	13.42	38.48	29.43	43.38	69.84	21.0	16.16	29.73	19.65	40.8	64.62	25.18	40.31	28.43	47.63	36.8	19.03	32.45	28.07	61.66	97.45	61.01	48.41	72.12	80.01	74.89	45.8	29.0	21.93	48.47	38.91	81.41	39.2	70.06	18.6	72.17	20.4	70.84	55.36	68.77	33.3	77.9	42.45	45.88	20.62	81.84	20.1	65.51	88.62	80.96	12.17	62.59	38.01	27.8	35.36	54.08	5.0	22.09	61.35	49.19	43.14	36.0	89.55	67.01	39.29	45.18	83.22	54.45	21.84	84.72	36.01	24.7	61.03	37.0	58.9	70.94	59.4	45.69	41.88	93.3	72.72	41.76	49.68	71.17	18.03	16.4	32.06	39.45	65.28	41.23	71.57	50.33	61.35	42.05	41.98	40.31	20.02	47.51	82.42	44.01	48.75	44.94	58.6	25.63	38.21	21.59	55.22	66.03	39.85	25.02	36.5	54.57	87.86	44.2	48.85	51.43	24.02	62.01	39.45	40.71	70.01	55.44	20.62	67.9	18.25	39.62	45.28	78.39	57.01	51.43	13.45	56.4	71.55	44.94	18.03	30.81	13.15	62.29	41.48	40.16	49.09	55.87	41.87	69.86	78.41	60.37	31.58	39.05	57.38	56.64	24.74	63.32	53.26	78.64	18.6	19.24	69.2	83.01	29.83	50.33	65.97	48.55	72.95	41.11	31.06	
43.19	54.33	59.03	64.2	72.95	108.47	33.54	27.89	37.34	30.89	0.0	23.26	79.63	33.54	25.0	51.88	66.71	31.58	49.5	39.56	46.17	29.02	40.31	44.6	19.03	68.15	98.62	21.4	61.13	66.1	86.05	29.02	44.91	74.25	67.23	74.25	29.07	50.49	30.02	72.56	58.6	75.03	49.04	25.32	82.57	60.42	57.31	46.53	67.23	50.96	29.0	69.57	50.09	22.02	54.42	47.41	26.08	67.74	44.6	55.44	80.81	76.53	79.63	69.26	81.57	77.47	71.39	73.41	51.87	46.39	68.0	82.38	41.48	51.62	51.97	27.17	6.71	60.3	53.16	50.12	40.02	29.53	47.38	20.52	52.5	33.14	62.01	54.41	70.94	38.95	45.0	33.0	60.22	22.36	56.04	90.7	26.0	35.9	33.38	22.2	66.84	26.31	61.55	28.18	34.53	97.14	80.99	23.19	42.43	54.82	66.89	52.0	47.38	9.22	54.08	48.33	87.69	62.27	44.64	48.41	92.7	48.27	82.1	81.27	65.0	63.25	83.73	46.04	16.03	34.01	75.66	49.98	47.01	87.66	50.99	36.8	77.1	66.49	12.21	18.87	66.61	26.4	50.7	31.4	18.38	46.1	64.76	58.67	43.08	64.64	43.14	67.36	26.4	48.84	74.03	65.0	40.45	38.01	34.83	61.0	96.8	58.94	28.46	53.85	82.33	63.51	29.15	67.19	83.22	47.13	14.87	55.23	50.7	39.05	54.13	42.19	76.61	46.75	34.79	44.41	9.43	44.82	57.25	51.86	23.35	39.81	34.44	87.68	53.08	43.01	22.8	50.33	94.79	65.8	14.14	66.41	38.21	86.73	74.89	75.6	58.83	52.89	38.48	70.33	63.13	45.22	84.9	19.42	83.55	46.57	41.62	73.59	106.04	68.88	31.26	37.48	52.2	98.6	29.15	48.75	8.54	37.54	34.44	66.85	26.93	56.0	71.17	47.0	56.73	48.1	87.62	50.57	67.27	55.36	55.08	44.29	87.82	50.96	51.24	38.0	24.33	71.59	67.94	8.25	80.06	37.01	77.1	64.66	70.94	45.35	
21.95	65.73	75.15	57.45	64.03	104.71	20.88	39.56	45.71	25.71	23.26	0.0	71.22	45.54	37.36	28.65	43.46	25.81	28.16	59.01	25.71	43.83	52.5	67.78	36.4	86.82	102.42	44.42	38.47	43.17	78.82	29.07	29.83	70.21	87.46	69.77	47.1	61.61	25.5	62.29	35.34	87.1	66.89	46.39	91.14	65.12	55.03	25.18	69.23	36.88	12.81	87.32	64.62	43.93	77.62	64.13	13.89	77.78	41.76	66.49	74.63	86.83	89.68	76.0	75.17	54.23	80.31	72.11	28.86	68.88	70.86	91.2	28.32	28.6	72.0	14.32	28.84	42.15	72.17	54.08	50.45	52.77	69.81	8.6	74.33	17.69	41.98	55.11	68.71	55.73	46.39	15.62	53.0	6.08	64.28	90.14	3.0	53.54	45.88	26.83	60.54	7.81	57.27	5.0	57.28	115.0	86.28	27.29	63.13	77.79	87.32	65.46	26.31	21.26	31.24	25.08	102.14	64.78	67.68	43.46	97.62	33.42	93.56	80.96	83.76	57.31	98.35	60.54	38.08	41.59	95.6	37.48	69.89	105.68	71.0	37.22	86.37	50.12	11.4	12.53	76.94	21.21	36.24	52.24	38.12	60.93	48.88	74.46	66.31	65.0	22.36	90.0	34.93	47.54	95.46	49.4	19.42	61.27	13.42	76.97	96.46	76.06	20.81	30.68	103.95	84.29	16.16	44.55	94.2	33.94	16.55	57.56	27.51	61.98	63.79	63.29	75.89	68.77	53.6	21.93	29.43	45.54	34.0	65.19	46.04	59.67	54.56	82.86	51.24	56.65	4.12	69.07	90.43	65.52	30.61	52.2	60.44	104.81	66.22	74.33	35.81	38.42	61.74	60.21	42.43	68.35	79.4	6.32	92.14	32.56	19.1	70.26	103.32	45.62	27.02	22.63	70.72	96.77	19.72	38.6	30.0	38.21	41.68	67.19	14.76	69.26	48.08	60.75	78.57	60.54	85.62	56.0	50.54	73.06	72.56	49.0	89.02	68.6	73.55	19.72	6.71	87.73	90.43	29.21	74.09	58.69	73.35	85.15	65.0	23.02	
81.94	59.54	76.94	15.65	7.21	36.5	90.97	61.03	53.15	49.04	79.63	71.22	0.0	60.42	103.71	72.53	73.11	97.01	55.36	117.72	53.49	66.22	60.3	111.4	71.31	92.57	52.48	88.39	62.29	66.03	8.25	99.9	42.54	14.76	99.72	13.42	108.45	58.14	49.82	10.2	72.01	69.35	79.01	102.96	60.22	41.0	26.31	56.3	33.24	35.78	58.41	89.27	68.12	98.88	119.1	126.78	85.0	58.87	35.78	58.69	8.06	63.53	64.14	48.33	7.62	77.23	56.36	23.32	65.0	117.99	35.85	61.03	43.01	75.96	128.81	57.38	78.89	40.31	131.06	41.05	56.44	96.46	99.85	79.51	99.18	53.6	47.1	33.06	20.62	118.43	39.29	56.04	19.42	65.95	50.64	32.2	69.4	73.82	61.39	96.17	13.6	63.41	20.4	71.28	106.78	108.75	47.63	96.88	118.97	122.26	100.6	65.28	55.03	70.46	78.59	69.26	86.35	34.93	113.23	31.38	52.63	39.36	70.83	28.32	91.08	17.09	84.53	67.0	93.65	53.16	103.94	34.13	103.41	102.53	127.91	44.28	60.03	32.0	76.38	82.88	59.46	53.91	36.67	108.71	97.64	68.0	31.06	138.13	109.2	28.86	83.26	116.02	103.32	33.53	111.65	30.07	57.7	103.16	77.9	77.28	37.0	80.75	92.01	67.68	119.22	100.24	86.84	63.0	69.64	37.74	65.44	36.01	67.45	109.44	54.45	118.11	25.61	96.63	77.1	77.62	89.05	38.6	73.35	131.4	87.32	82.61	81.39	16.28	29.83	64.07	67.48	83.01	23.0	26.93	70.66	25.08	92.76	102.18	5.0	23.6	78.45	34.93	104.4	11.7	50.04	112.64	12.37	67.94	60.8	39.45	76.56	17.0	37.01	76.06	98.23	48.83	83.05	33.54	90.8	32.65	77.9	43.86	111.04	28.46	85.8	65.76	70.03	65.01	102.04	127.44	25.5	44.0	33.02	81.3	80.31	44.55	36.62	79.06	123.03	53.34	64.66	83.52	115.0	77.03	8.6	112.31	15.62	99.41	11.0	60.75	
67.23	21.0	30.23	45.4	55.44	81.4	63.64	6.08	7.28	27.66	33.54	45.54	60.42	0.0	57.01	69.63	81.39	64.0	58.73	62.23	54.49	6.4	7.07	51.26	15.65	43.86	66.24	30.48	72.18	77.83	64.51	62.39	44.94	50.16	47.17	50.7	56.04	17.03	26.91	57.08	74.65	42.19	24.41	48.27	49.03	29.07	34.21	56.57	37.54	47.01	40.22	43.28	19.24	44.05	58.69	73.0	55.58	34.23	27.17	22.02	58.52	43.1	46.17	36.25	59.46	91.22	37.85	46.32	65.95	58.59	37.48	48.84	40.5	71.02	71.4	36.62	28.46	60.37	74.52	21.1	6.71	37.22	40.0	48.66	40.61	40.36	65.51	28.23	45.18	65.6	21.21	42.64	43.05	40.31	22.85	61.55	46.62	14.14	1.0	55.73	46.87	42.06	40.02	49.77	48.26	70.46	48.3	56.72	61.85	61.98	47.51	19.92	56.59	27.02	74.09	65.22	56.61	32.65	53.31	32.14	59.93	46.53	49.04	52.5	41.11	43.57	52.81	15.26	40.5	8.25	54.2	44.01	43.19	61.4	70.6	19.92	43.57	61.98	40.2	49.16	33.14	28.43	47.42	53.04	46.14	15.81	59.77	84.22	49.04	36.89	67.78	58.05	59.48	27.17	57.7	59.48	51.74	43.08	58.87	31.91	67.18	31.89	60.07	68.88	66.19	45.62	58.69	77.34	50.0	43.38	29.12	26.93	66.22	50.12	20.62	60.61	48.6	37.05	17.0	66.19	40.5	22.09	74.2	80.45	28.6	23.19	21.1	63.06	30.59	11.18	42.15	27.78	69.12	38.59	19.42	58.25	32.39	60.61	56.72	48.26	77.67	48.85	44.38	55.04	67.96	52.55	61.33	39.22	50.01	44.29	63.51	48.75	78.1	84.29	64.03	41.11	28.84	70.18	60.21	39.85	26.57	19.65	67.36	38.83	56.57	23.77	83.49	15.23	44.15	77.7	60.0	19.85	63.25	29.73	29.0	16.16	57.38	25.61	63.51	45.97	41.15	42.54	57.49	26.25	57.58	54.82	52.33	45.65	49.73	58.14	
47.85	76.92	78.1	88.53	96.83	133.42	31.62	51.89	61.72	54.67	25.0	37.36	103.71	57.01	0.0	61.13	76.32	23.71	65.31	24.7	63.06	51.55	63.25	44.2	41.44	83.73	123.0	33.06	74.11	78.0	110.45	16.64	65.74	99.09	80.28	99.04	13.04	73.38	53.91	96.02	68.18	96.51	67.01	18.87	105.65	85.0	82.22	62.37	92.11	72.47	48.33	86.28	71.02	20.25	53.08	27.07	29.07	90.52	69.31	78.16	105.38	98.95	102.11	93.23	106.1	86.7	94.56	98.41	64.07	40.46	92.78	105.36	63.13	59.41	37.36	47.89	28.64	79.38	36.35	74.95	63.69	35.74	56.3	29.43	62.94	53.23	79.31	79.4	95.9	19.03	70.0	52.0	84.39	40.31	79.85	115.68	40.26	55.44	56.65	12.17	91.29	44.01	86.28	40.61	32.2	112.61	105.19	12.37	30.41	50.99	79.56	73.55	63.56	34.06	60.83	59.0	107.07	87.13	42.52	72.86	116.87	69.32	103.75	106.25	80.62	87.73	103.08	67.27	19.03	58.67	88.77	72.2	53.71	103.25	36.4	61.72	100.0	86.93	28.18	25.32	89.29	49.82	72.01	21.93	13.15	67.08	85.49	37.11	43.83	89.63	47.07	73.43	5.66	73.76	83.93	85.91	56.75	41.59	42.05	80.1	121.76	77.0	25.0	65.0	91.29	75.69	30.41	80.06	105.12	68.96	38.29	80.16	62.01	37.01	77.49	31.38	101.61	57.28	53.15	51.35	16.55	69.81	66.27	28.18	36.06	56.04	51.0	112.49	77.99	65.0	39.56	67.07	119.67	90.8	38.01	88.12	49.24	102.26	98.86	100.6	65.92	74.24	41.18	93.81	79.62	44.05	109.6	37.58	106.61	68.0	49.16	98.49	131.03	77.65	21.95	58.14	69.07	123.6	26.93	71.85	30.46	62.48	11.0	91.84	29.15	77.47	82.1	68.66	66.73	23.85	112.61	75.18	87.46	73.01	73.0	69.12	112.68	69.01	43.83	56.65	42.15	90.0	74.71	30.87	104.66	29.07	101.98	77.37	95.48	59.68	
14.87	87.66	99.86	63.2	65.73	108.91	31.58	64.2	67.6	43.38	51.88	28.65	72.53	69.63	61.13	0.0	15.3	40.61	17.26	85.0	20.0	69.53	76.01	96.25	63.7	112.93	115.28	73.06	15.26	17.46	80.78	47.27	33.06	77.23	114.56	76.32	72.84	83.65	43.83	62.36	7.07	108.34	92.96	73.76	109.2	81.74	66.37	17.0	82.87	38.12	29.41	112.8	88.75	71.78	106.1	88.02	32.06	97.86	55.54	88.1	78.45	106.63	109.11	93.41	78.64	25.96	99.3	82.01	7.62	96.77	85.16	109.48	35.51	3.61	98.01	33.02	57.45	33.11	97.42	71.47	73.06	81.41	98.23	33.24	102.45	29.97	28.02	69.43	78.0	80.16	62.94	27.29	59.08	31.24	83.93	99.13	26.08	79.98	70.21	49.04	66.27	28.28	66.01	23.71	85.44	140.09	101.61	49.01	89.82	106.04	114.55	88.84	18.03	49.2	6.08	4.47	124.78	79.43	96.01	54.59	111.88	35.01	114.02	91.0	109.99	64.07	121.24	84.88	66.13	63.63	122.43	41.01	98.48	131.02	97.02	55.15	105.3	42.49	39.81	36.88	97.31	41.34	37.12	79.31	65.25	85.45	42.54	97.13	94.85	77.52	16.16	118.46	57.0	61.39	123.24	43.46	18.97	89.89	19.1	101.51	105.23	101.4	37.12	5.66	131.8	111.76	31.02	20.25	114.23	38.01	43.19	73.01	5.1	90.25	84.58	90.24	86.01	97.01	80.61	10.2	57.25	61.68	5.39	86.47	74.63	87.0	82.13	87.48	63.79	80.71	30.0	95.59	94.92	77.32	58.14	48.1	88.81	130.21	67.91	84.0	8.06	38.33	90.34	60.88	26.25	96.77	83.55	33.6	110.16	36.01	12.0	78.1	108.85	17.09	42.58	31.32	97.08	103.82	35.13	45.04	58.52	56.08	61.4	79.4	32.02	92.28	21.0	84.6	106.67	81.5	93.34	74.33	42.06	98.86	98.23	67.78	100.02	94.49	101.24	25.3	29.73	112.06	118.81	57.69	78.26	86.13	80.31	112.43	70.46	13.15	
29.07	97.91	111.4	66.75	67.0	109.46	46.1	76.37	78.41	54.04	66.71	43.46	73.11	81.39	76.32	15.3	0.0	55.15	23.32	100.28	27.46	82.07	87.32	111.23	77.2	125.18	120.22	87.66	11.18	7.28	81.22	62.03	39.81	80.5	127.48	79.4	88.12	94.05	54.67	63.03	8.25	117.83	105.36	89.02	117.0	89.55	72.42	25.0	89.19	42.72	41.87	124.65	100.12	86.98	121.08	103.12	47.27	106.94	63.51	98.18	80.0	115.38	117.63	101.24	80.01	10.77	107.79	86.49	15.62	111.97	91.71	117.39	43.42	17.0	113.28	45.34	72.01	33.02	112.64	80.06	84.02	96.18	112.36	48.51	116.25	41.04	26.02	76.69	82.38	95.34	71.59	38.9	63.15	45.28	93.15	102.49	40.72	92.76	82.07	64.2	69.58	41.88	70.83	38.63	100.57	151.49	108.16	64.12	105.12	121.15	127.56	99.81	25.24	63.29	16.28	18.38	134.83	86.38	111.07	61.47	117.63	40.5	123.0	95.19	122.33	68.07	131.47	96.43	81.27	74.65	135.1	46.17	112.87	142.64	112.29	64.9	113.64	41.19	54.78	52.17	106.55	53.04	41.76	94.59	80.52	97.08	42.05	112.02	109.77	83.52	30.15	132.61	72.06	68.94	136.65	43.05	29.7	104.69	34.37	112.93	108.3	113.28	52.0	13.04	145.24	124.96	46.04	10.77	122.98	44.01	56.86	80.62	16.12	105.34	94.34	105.54	90.43	110.94	93.72	25.02	72.42	70.24	10.05	101.18	89.07	100.26	95.6	89.01	70.58	92.2	44.29	108.25	96.08	82.97	71.85	48.04	102.93	141.87	69.01	88.28	11.7	42.2	105.19	62.0	23.09	111.79	85.01	47.89	117.92	42.15	27.17	81.74	110.11	3.16	57.14	40.8	109.62	106.02	50.0	50.92	72.95	65.73	76.11	85.16	47.17	103.0	6.71	95.9	120.43	96.19	96.25	83.24	40.31	111.04	110.34	77.18	104.39	106.78	116.48	35.47	43.57	123.23	132.85	72.07	80.01	101.39	83.38	125.5	73.33	23.35	
26.08	85.0	90.61	83.22	89.81	130.36	9.06	58.01	66.37	50.57	31.58	25.81	97.01	64.0	23.71	40.61	55.15	0.0	49.24	48.33	48.26	60.21	71.01	66.48	50.49	99.3	126.13	49.65	55.08	58.05	104.62	7.28	55.17	95.77	97.58	95.38	36.72	81.01	50.16	87.97	47.38	106.08	80.52	41.11	112.45	88.07	80.11	46.65	93.3	62.24	38.6	100.96	81.5	41.04	75.82	48.84	12.04	98.08	66.71	86.01	100.4	107.04	110.07	98.15	100.96	65.0	101.32	97.17	45.22	63.82	94.64	112.36	54.04	38.21	60.75	39.96	38.08	65.46	59.2	77.13	70.06	55.22	75.47	17.89	81.49	43.42	63.53	79.38	93.94	41.76	70.21	41.11	78.77	31.38	85.48	115.16	27.66	67.47	64.01	12.73	86.28	33.6	82.76	26.17	54.49	128.39	109.24	12.04	54.12	74.2	97.08	83.22	48.02	37.01	39.01	39.56	119.22	88.6	65.19	68.88	120.83	58.69	113.02	105.85	96.14	83.01	115.26	77.41	37.2	62.51	106.1	63.13	73.82	118.9	59.81	61.03	107.23	74.2	24.33	15.52	97.05	45.69	61.52	45.22	33.24	77.52	73.25	57.04	65.76	89.54	25.02	94.2	18.38	72.24	103.08	73.88	42.2	62.48	22.85	92.57	121.46	90.47	5.0	45.35	110.98	93.47	10.82	60.64	114.0	59.55	36.88	81.32	42.72	59.46	84.15	55.07	100.85	75.66	66.22	30.41	29.53	69.57	45.28	46.04	52.33	70.84	65.46	108.56	76.16	74.17	29.68	81.61	116.11	90.25	45.18	77.16	67.12	117.95	92.01	99.4	44.0	63.64	62.37	85.91	63.07	66.53	105.15	29.97	113.44	58.05	28.86	95.71	128.83	56.01	2.0	48.27	83.52	122.1	6.4	64.4	40.02	61.98	21.0	91.76	11.31	87.21	61.4	78.23	85.59	41.05	110.92	78.45	74.4	86.83	86.59	71.59	113.55	82.46	67.42	44.55	32.45	103.16	95.21	39.81	99.86	52.43	98.88	94.85	90.74	42.94	
27.8	74.63	88.46	46.04	48.51	91.68	41.05	54.04	55.32	31.11	49.5	28.16	55.36	58.73	65.31	17.26	23.32	49.24	0.0	87.09	4.24	60.0	64.38	93.62	56.36	102.59	98.62	68.96	13.45	19.1	63.6	54.63	16.76	60.07	105.42	59.14	75.24	70.8	31.83	45.22	18.44	94.51	82.98	74.06	93.98	66.48	50.01	3.0	66.71	21.0	21.19	101.83	77.16	71.25	103.32	92.23	38.08	83.65	40.31	74.89	61.19	92.14	94.43	78.19	61.39	32.56	84.58	65.12	10.0	95.89	69.12	94.34	20.12	20.62	100.04	24.17	53.6	17.03	100.32	56.8	60.96	77.88	92.14	35.9	95.38	18.87	14.32	53.76	61.07	83.86	48.3	17.46	42.0	27.17	69.84	82.02	25.18	70.8	59.46	54.12	49.09	23.19	49.16	24.74	84.01	128.43	85.62	54.41	91.01	104.14	105.6	76.69	2.24	43.97	23.35	13.93	111.52	63.6	93.94	38.6	95.52	18.11	99.73	74.06	99.82	47.0	108.17	73.55	65.28	51.66	112.81	24.08	93.23	119.67	99.05	41.62	90.47	26.4	39.0	40.02	83.24	30.81	20.0	80.02	66.0	74.25	26.08	102.39	91.92	61.19	29.21	112.25	62.36	45.88	115.11	26.93	9.06	86.4	26.63	89.94	88.09	90.51	44.72	13.04	123.71	103.23	38.47	18.87	99.74	21.38	37.0	57.58	12.17	88.46	71.02	91.05	69.12	90.35	72.11	23.02	57.04	46.96	19.1	92.72	69.89	78.77	74.43	70.21	47.8	69.31	27.02	86.05	77.67	60.83	51.48	31.3	82.76	118.93	50.7	67.07	24.02	21.1	87.09	43.68	14.32	94.37	66.29	30.15	94.92	19.42	22.67	61.01	91.59	26.42	51.0	17.69	87.32	86.58	42.94	28.44	54.12	42.44	68.35	62.97	38.48	79.81	24.76	72.92	99.48	87.93	76.16	59.94	26.25	88.46	87.73	53.85	83.15	84.29	100.72	13.04	25.18	100.12	112.29	53.16	61.0	86.21	63.13	103.6	53.24	6.4	
72.28	78.49	74.09	102.08	111.36	143.28	56.3	58.9	68.68	70.01	39.56	59.01	117.72	62.23	24.7	85.0	100.28	48.33	87.09	0.0	84.29	55.87	66.71	26.31	47.63	74.97	127.2	31.89	97.13	101.4	123.49	41.15	84.4	110.44	69.12	110.68	12.17	75.8	69.08	111.4	92.07	94.85	62.77	14.76	106.68	91.24	93.48	84.1	99.72	90.52	67.9	78.64	70.33	18.87	32.7	11.7	53.15	91.59	81.99	79.88	117.89	98.88	102.0	97.01	118.73	110.82	96.25	107.94	87.21	18.79	99.7	106.17	81.04	83.55	13.04	66.49	38.91	99.46	13.6	82.88	68.62	27.73	44.18	52.15	51.16	72.37	100.5	89.02	106.21	8.94	80.21	71.85	98.41	60.41	83.87	123.76	62.01	54.92	61.52	36.69	104.45	64.38	98.48	63.03	17.46	102.08	109.2	37.0	6.4	29.15	68.07	73.57	85.15	48.1	85.15	82.49	101.65	94.79	23.54	86.35	120.43	87.8	102.04	114.63	72.18	100.85	97.8	67.42	24.17	66.84	77.01	89.49	40.01	93.26	12.04	73.57	100.85	105.99	48.17	48.26	90.21	65.79	90.25	9.22	21.38	66.89	104.29	22.2	27.07	98.6	71.57	56.52	29.97	85.15	69.46	104.55	78.16	28.28	65.92	75.96	129.4	71.78	49.65	88.46	75.5	64.07	54.82	103.17	103.79	86.68	54.41	88.62	85.38	20.0	80.6	8.06	110.54	46.53	51.62	75.5	30.59	80.45	90.26	22.09	34.21	51.48	47.89	123.81	89.31	66.61	60.21	61.35	130.42	100.12	47.17	105.95	40.8	92.27	113.18	109.99	90.24	92.44	27.17	109.17	101.24	25.5	121.49	57.43	107.54	86.13	73.16	109.4	140.19	101.79	46.52	76.9	63.25	132.32	51.55	88.02	39.82	74.09	30.48	100.66	53.37	77.03	105.8	69.34	54.01	22.2	121.92	82.04	106.73	67.68	68.01	77.34	119.55	64.62	20.62	76.79	62.39	84.2	58.25	40.71	117.05	10.05	113.0	66.12	108.23	82.0	
28.65	70.46	84.22	43.29	46.49	89.56	40.46	49.82	51.09	26.87	46.17	25.71	53.49	54.49	63.06	20.0	27.46	48.26	4.24	84.29	0.0	55.8	60.14	90.03	52.33	98.35	95.34	65.25	17.69	23.35	61.68	53.24	13.15	57.31	101.21	56.44	72.56	66.61	27.59	43.46	22.14	90.43	78.75	71.0	90.14	62.63	46.53	3.0	63.15	18.25	17.46	97.59	72.92	68.07	99.69	89.82	36.72	79.61	36.4	70.72	58.94	88.14	90.47	74.33	59.2	36.8	80.62	62.01	13.34	92.54	65.51	90.48	16.16	23.09	97.19	20.25	50.01	17.2	97.62	52.8	56.73	74.22	88.14	33.84	91.3	14.76	16.28	50.0	58.0	81.39	44.28	13.6	39.12	24.0	65.76	79.16	22.8	66.61	55.23	52.2	46.39	20.0	46.01	22.85	80.62	124.2	82.0	52.55	88.02	100.62	101.4	72.47	2.24	40.26	26.02	16.12	107.38	59.91	90.43	34.93	92.07	15.03	95.71	71.0	95.59	44.1	104.01	69.31	62.07	47.42	108.58	21.02	89.32	115.43	96.19	37.44	86.54	26.17	36.12	37.95	79.18	26.63	17.26	77.01	63.07	70.01	25.5	100.17	88.29	57.71	30.02	108.23	60.41	42.06	110.94	26.25	6.32	82.71	26.17	85.7	85.29	86.27	43.57	16.49	119.54	99.05	37.44	23.02	95.75	18.03	33.24	53.76	15.03	85.0	66.89	88.0	66.01	86.31	67.96	24.17	54.01	42.95	22.56	90.76	66.1	74.63	70.33	67.91	44.15	65.07	24.08	81.84	75.43	57.43	47.54	30.23	78.79	114.69	48.7	64.0	27.29	18.68	83.43	41.79	17.0	90.8	64.03	27.0	91.08	16.03	23.32	58.14	89.27	30.53	49.93	13.45	83.1	84.01	41.88	25.08	50.45	38.28	66.71	59.54	37.22	75.6	29.0	68.68	95.38	86.03	73.44	55.9	26.25	84.22	83.49	49.74	80.02	80.06	97.42	8.94	22.0	95.9	108.24	49.48	58.69	83.05	60.41	99.4	50.64	7.28	
65.76	25.5	31.38	50.99	61.0	87.8	60.64	6.32	13.42	29.53	29.02	43.83	66.22	6.4	51.55	69.53	82.07	60.21	60.0	55.87	55.8	0.0	11.7	45.22	10.2	43.42	72.2	24.08	73.41	79.03	70.58	58.03	47.42	56.36	45.45	56.86	49.93	21.84	28.65	62.39	74.97	46.01	23.43	42.01	54.12	35.38	40.16	57.63	43.93	50.29	40.31	43.57	21.38	37.8	52.95	66.71	52.63	39.05	32.02	26.68	64.62	47.68	50.8	42.06	65.55	92.2	43.01	52.7	66.48	52.33	43.84	53.85	42.95	70.6	65.0	36.77	23.35	63.32	68.12	27.46	12.81	30.89	35.23	45.88	36.69	41.23	67.98	34.44	51.48	59.41	26.93	43.19	48.37	39.12	28.65	67.94	45.28	10.82	5.66	51.16	52.63	41.4	45.88	48.37	41.88	71.2	54.2	52.15	55.44	56.04	45.61	23.02	57.8	23.77	73.6	65.19	59.23	39.05	47.17	37.01	65.76	49.4	53.08	58.9	40.46	49.24	55.32	17.26	34.48	13.15	53.04	47.54	38.0	61.91	64.2	24.08	48.51	65.73	37.11	45.89	37.85	29.21	50.6	46.69	40.25	17.46	63.56	77.9	43.01	43.27	66.19	54.12	54.34	32.76	55.23	63.35	52.4	37.0	57.25	33.24	73.54	32.25	56.57	69.3	63.81	43.27	55.79	78.82	54.23	46.49	27.29	33.29	66.48	43.83	26.0	54.2	55.0	32.56	12.65	65.19	35.17	27.66	74.33	74.33	22.2	19.31	16.12	69.35	36.4	14.0	40.82	26.17	75.47	44.94	15.03	62.51	27.02	61.06	62.37	54.64	77.47	52.2	38.28	60.3	70.24	46.49	67.54	37.59	55.08	47.17	62.43	55.01	84.5	84.86	60.07	42.72	27.59	76.58	56.89	43.74	21.38	24.02	62.1	45.22	53.6	27.02	84.65	18.03	40.5	71.69	66.4	26.25	66.94	29.41	28.84	22.36	63.7	25.0	57.27	47.01	40.22	44.01	53.76	21.21	63.69	48.41	58.59	43.6	55.66	58.73	
74.09	14.04	24.08	46.01	56.0	78.23	70.71	13.15	9.43	33.3	40.31	52.5	60.3	7.07	63.25	76.01	87.32	71.01	64.38	66.71	60.14	11.7	0.0	53.24	21.84	38.6	60.75	34.83	77.79	83.45	63.56	69.26	49.82	48.76	42.95	49.48	61.4	10.2	32.65	58.14	80.8	35.13	20.25	53.25	42.45	25.0	34.06	62.37	34.13	51.11	46.65	37.48	12.81	49.09	59.81	77.8	62.65	27.46	29.73	15.13	57.49	36.22	39.32	30.53	58.46	96.94	31.32	43.86	72.01	61.29	33.6	42.2	45.45	77.52	75.07	43.05	34.93	64.66	78.49	19.42	4.12	40.46	39.62	55.73	39.0	46.4	70.21	27.29	43.32	70.72	22.36	48.83	44.28	47.17	17.2	57.8	53.49	13.93	7.0	62.51	47.04	48.75	40.05	56.65	51.74	64.2	42.72	63.51	65.76	63.56	43.46	13.0	62.29	34.06	80.62	71.56	49.65	29.53	55.57	34.48	54.2	51.04	42.01	49.09	36.06	44.0	45.88	9.22	46.07	12.73	49.4	47.89	43.42	55.32	74.33	23.85	36.88	65.39	47.27	56.22	26.31	34.67	51.62	57.63	51.89	10.0	63.16	88.87	51.0	34.54	74.67	56.14	65.97	28.28	54.08	62.77	57.8	45.28	65.79	25.61	63.13	26.25	67.12	75.0	62.39	42.06	65.76	82.76	43.01	47.71	36.14	25.0	72.42	53.01	14.32	64.38	45.65	36.35	17.46	72.92	46.84	23.54	80.45	85.76	32.56	22.36	21.93	61.1	31.02	5.0	49.04	24.04	66.64	36.4	26.17	61.03	33.24	54.56	57.04	45.62	84.06	52.84	46.65	56.22	72.8	54.59	59.77	46.17	43.42	48.83	70.26	47.13	74.63	90.27	71.01	46.69	24.7	66.61	67.27	43.38	32.98	23.32	73.76	36.25	63.64	16.76	89.11	8.6	42.11	83.24	56.94	17.09	66.71	24.7	23.85	16.03	53.08	21.02	66.04	51.86	47.93	36.06	55.33	32.76	56.52	58.69	50.6	41.79	49.37	64.2	
86.09	61.85	53.01	96.05	105.99	131.37	72.62	50.45	58.52	69.0	44.6	67.78	111.4	51.26	44.2	96.25	111.23	66.48	93.62	26.31	90.03	45.22	53.24	0.0	41.19	50.6	110.34	25.08	105.65	110.68	115.77	60.14	86.21	101.39	43.74	101.95	32.25	60.22	68.0	107.08	103.08	74.4	42.52	25.5	87.86	78.03	85.38	90.71	87.32	91.01	72.57	54.78	52.4	25.61	9.85	37.0	67.12	73.54	76.49	63.25	109.79	79.51	82.46	81.06	110.72	122.0	78.49	97.05	96.46	9.85	86.61	87.21	82.1	95.71	26.57	70.04	40.02	102.4	31.32	72.09	56.36	16.03	19.7	63.53	26.25	75.95	105.22	79.48	96.25	34.93	72.12	76.49	93.17	66.76	69.07	110.68	70.58	39.45	50.33	53.76	97.8	70.6	91.09	72.62	12.04	76.42	92.85	54.45	21.0	11.05	42.58	55.97	91.44	49.82	97.95	92.85	78.39	82.76	3.16	81.39	103.25	89.09	81.27	102.22	48.1	94.37	74.73	50.61	30.53	58.24	51.24	89.02	14.87	67.9	26.25	68.07	82.13	107.0	56.46	60.54	72.12	66.12	91.02	22.83	33.3	49.82	105.0	44.91	2.24	87.66	85.76	30.36	49.82	77.88	43.19	105.0	84.65	8.25	78.29	54.64	115.68	49.93	66.07	98.43	49.24	38.64	69.63	111.68	83.23	87.01	56.89	77.88	95.27	7.21	65.22	19.0	98.88	22.83	35.85	88.12	39.45	72.8	101.64	48.04	25.02	32.65	31.38	114.13	81.61	51.31	67.36	40.0	119.85	89.47	44.01	105.17	20.62	66.91	107.45	98.84	102.86	93.01	7.07	104.92	106.71	1.41	112.54	63.89	88.62	87.05	85.42	99.92	127.62	113.32	65.05	79.51	41.62	119.57	67.62	86.21	39.62	68.25	53.34	89.44	67.68	58.69	115.77	52.8	28.44	48.51	110.15	70.21	108.02	46.04	46.62	67.42	105.44	44.05	13.45	81.39	68.68	61.27	32.02	40.61	108.85	16.76	103.47	40.79	100.88	89.84	
58.25	35.69	40.26	55.71	65.46	95.67	51.55	11.31	21.26	28.28	19.03	36.4	71.31	15.65	41.44	63.7	77.2	50.49	56.36	47.63	52.33	10.2	21.84	41.19	0.0	50.61	81.88	17.09	69.46	74.95	76.48	48.0	46.1	62.97	51.09	63.29	40.61	32.02	27.29	66.22	69.66	56.08	30.87	33.24	64.29	44.41	46.14	53.71	52.4	50.25	35.51	51.48	31.06	29.0	50.0	57.98	43.66	49.24	35.74	36.88	70.71	57.87	61.0	51.89	71.59	87.66	53.16	60.31	61.61	46.84	52.63	64.03	41.77	64.35	57.8	32.25	13.15	62.37	60.46	35.36	22.36	25.5	35.85	37.16	39.12	37.58	66.1	41.4	58.6	50.33	32.76	38.95	52.5	32.53	38.48	76.42	38.29	17.46	15.23	41.05	57.78	35.47	51.43	41.23	35.47	79.2	63.95	42.05	48.02	52.24	50.99	33.02	54.12	15.26	67.21	59.55	68.73	47.42	42.58	40.52	75.58	48.66	63.2	67.18	47.51	54.23	64.78	27.02	25.0	19.21	59.2	48.04	37.36	69.78	56.94	27.2	58.69	66.19	28.23	36.69	48.05	26.25	50.36	38.42	30.53	27.07	64.12	69.31	39.12	50.99	58.52	55.9	44.15	38.01	59.55	64.07	48.02	33.06	49.65	42.2	82.22	40.5	47.07	64.2	68.12	48.08	46.82	75.18	64.38	46.27	20.52	41.04	61.22	38.33	36.06	47.01	62.97	34.0	17.2	58.26	25.0	33.12	68.77	65.0	16.28	23.35	18.44	76.28	42.06	24.08	33.97	32.76	82.8	52.5	5.83	64.03	26.57	68.88	67.07	62.37	71.42	52.24	34.13	64.03	68.01	42.3	74.09	30.48	65.25	46.53	55.44	61.85	92.66	79.81	50.25	40.16	34.48	84.85	47.54	45.04	11.18	27.51	51.92	53.08	44.6	37.01	80.45	28.02	43.27	62.13	74.33	34.83	67.27	37.16	36.77	29.73	72.62	32.7	51.92	43.38	33.97	52.89	55.95	11.05	69.84	41.18	65.46	48.84	61.27	54.08	
108.76	33.24	15.81	80.65	89.99	98.84	101.64	48.84	48.01	71.51	68.15	86.82	92.57	43.86	83.73	112.93	125.18	99.3	102.59	74.97	98.35	43.42	38.6	50.6	50.61	0.0	69.86	50.8	116.04	121.7	93.43	95.34	88.41	78.64	9.43	79.76	76.0	35.47	70.77	93.01	118.26	30.46	20.0	67.01	45.69	51.62	68.31	100.42	60.21	89.59	83.63	5.0	26.42	64.12	50.61	86.49	93.94	36.22	67.6	33.96	87.57	37.34	39.4	47.1	88.57	135.07	40.61	71.18	109.66	60.41	58.08	44.78	84.02	114.02	77.16	80.06	61.47	103.17	81.91	53.49	42.44	49.0	31.05	87.66	24.35	84.15	108.81	61.03	72.56	82.39	59.48	86.31	80.06	82.42	41.98	77.93	88.48	33.29	43.14	88.06	80.78	84.81	74.04	91.53	57.56	29.12	55.54	89.02	70.83	55.95	10.82	28.23	100.45	65.86	117.0	108.58	28.3	57.71	53.76	72.01	62.77	89.63	35.51	72.11	3.16	78.45	25.0	29.41	64.78	51.22	11.4	86.28	35.74	19.65	76.84	62.43	41.11	103.35	78.71	86.82	35.13	72.14	90.14	68.18	70.58	28.6	101.12	95.34	49.04	63.79	109.08	31.4	88.28	64.88	20.62	100.65	95.48	46.69	100.17	15.3	81.02	12.53	96.57	112.54	27.0	13.45	97.08	121.17	37.74	86.27	70.46	57.28	109.79	55.32	38.33	68.88	71.01	28.44	33.54	108.47	70.34	60.83	117.69	97.02	47.85	28.46	33.84	88.01	66.48	33.6	84.05	17.89	91.2	65.76	56.44	98.41	35.0	18.68	90.47	72.06	120.88	91.27	47.85	91.39	111.4	51.87	88.14	80.71	46.1	87.42	105.68	76.53	94.15	128.04	98.67	84.96	16.12	86.49	97.31	81.63	59.62	61.85	94.64	64.5	94.85	26.93	127.35	30.53	22.83	96.42	80.22	49.98	104.71	14.14	14.87	52.77	71.2	18.44	63.16	89.81	83.6	13.04	29.41	60.01	86.58	64.94	79.31	11.31	81.79	101.86	
