250
0.0	69.29	20.1	21.21	73.06	57.01	92.66	37.12	59.3	70.03	108.0	91.35	24.08	73.35	52.63	5.1	97.06	110.86	53.04	67.05	81.91	47.54	38.05	90.47	52.8	41.11	43.42	22.02	55.04	22.0	68.31	65.8	55.95	101.95	54.04	79.21	37.95	58.9	111.83	78.77	46.52	86.09	95.51	107.08	102.53	109.18	107.04	44.65	100.88	97.75	58.03	66.73	47.89	88.75	77.03	60.75	107.35	41.68	13.04	66.48	58.05	78.59	64.03	50.57	67.78	47.17	110.49	69.58	81.32	96.18	33.24	56.64	101.71	108.17	82.8	78.0	26.87	52.09	115.69	104.62	37.66	125.67	18.25	99.01	76.49	27.73	94.05	31.62	86.31	77.16	34.06	56.65	33.24	65.92	103.79	19.1	102.32	95.19	42.72	21.0	42.15	104.65	40.85	42.54	18.6	40.79	58.18	35.85	66.85	31.4	48.26	32.45	74.06	31.24	33.24	126.05	29.68	58.18	108.63	67.72	48.17	98.08	79.76	42.95	76.58	100.69	50.6	77.67	65.86	105.0	61.03	65.3	56.75	36.88	101.2	114.06	112.54	85.23	92.27	75.47	59.67	118.07	51.26	98.79	65.22	80.4	113.85	65.49	114.76	79.7	46.04	28.02	112.38	105.1	66.19	33.14	64.64	55.08	114.54	96.65	50.04	36.25	49.65	86.4	108.81	77.39	127.02	28.84	75.82	50.57	115.0	40.8	115.52	37.85	78.16	115.8	109.84	66.48	34.23	39.81	44.1	61.52	45.49	85.42	45.45	52.89	88.09	11.7	87.21	80.8	58.03	67.96	13.0	110.94	37.34	113.99	66.84	51.55	41.44	10.0	75.01	75.17	95.88	56.29	46.82	66.07	39.81	83.6	89.44	80.06	17.89	45.0	35.9	43.83	40.25	47.2	118.61	76.16	90.97	108.52	84.39	48.26	38.33	45.12	54.41	77.62	104.92	46.32	50.49	67.68	88.77	88.81	99.5	97.74	102.42	93.64	82.42	87.86	107.0	68.41	103.08	93.98	105.34	80.78	43.46	64.2	69.34	91.78	48.05	12.17	
69.29	0.0	67.12	48.75	22.47	58.83	44.2	35.0	68.6	26.48	49.74	41.23	63.0	8.06	25.63	66.76	29.7	42.3	68.03	4.12	13.04	51.08	34.83	62.64	17.12	38.64	28.43	64.03	70.21	65.03	3.0	60.31	85.96	67.98	72.92	81.61	80.06	74.09	43.29	14.56	79.88	21.93	26.48	60.21	67.54	58.73	46.96	72.95	63.13	32.2	26.93	11.4	78.23	26.57	14.14	16.64	38.83	45.61	56.61	30.61	66.73	11.7	22.02	82.68	55.87	43.08	74.43	33.24	33.73	71.84	61.66	71.31	78.45	40.05	26.02	27.29	46.27	24.7	46.52	82.57	32.76	57.14	79.92	42.2	82.2	53.01	35.81	47.04	35.06	82.04	38.01	12.65	76.38	4.12	73.93	76.28	33.11	25.96	52.5	65.07	79.81	75.77	79.65	75.21	61.03	59.2	14.56	72.35	41.11	40.31	25.5	38.47	66.12	65.8	63.78	59.41	49.01	53.85	39.4	43.0	30.08	28.79	16.49	40.22	26.93	32.14	54.56	20.02	87.09	47.17	22.36	34.71	39.29	82.76	56.4	48.17	77.52	21.54	31.91	64.01	34.83	56.65	52.77	78.34	18.44	35.34	44.72	70.21	48.17	49.24	70.52	58.0	85.62	37.01	19.03	38.28	62.17	40.8	45.79	29.73	99.82	50.8	57.27	76.11	68.24	10.3	95.02	68.59	82.38	19.24	47.51	44.41	72.47	42.52	23.02	73.25	45.0	42.01	61.81	76.84	70.88	70.21	42.38	63.95	30.41	40.5	30.48	70.33	33.02	24.0	103.41	85.7	56.3	82.86	33.84	61.85	79.4	55.01	61.4	59.77	75.66	17.12	27.17	37.36	52.92	67.47	84.96	22.8	46.14	25.81	69.63	68.31	43.86	41.76	51.04	27.29	54.34	62.01	74.81	67.42	31.02	74.0	71.39	87.46	59.81	24.33	38.21	57.94	22.67	65.3	21.1	25.94	36.77	48.17	34.21	60.54	24.08	42.58	48.88	42.01	79.7	61.47	68.96	13.34	50.6	79.38	62.39	25.71	59.62	76.06	
20.1	67.12	0.0	28.6	76.9	38.91	98.98	42.54	39.81	75.29	111.99	97.12	5.66	69.05	44.92	15.3	91.48	109.37	69.89	66.0	80.16	31.24	43.86	101.79	50.04	31.02	47.13	3.61	35.23	2.83	67.01	47.85	75.27	112.51	71.69	95.8	57.72	76.32	110.37	73.25	65.79	79.7	93.43	114.59	112.87	115.74	110.32	63.07	110.48	91.08	63.91	61.39	66.85	81.34	71.31	54.57	102.36	28.02	18.38	55.57	74.2	78.0	68.41	69.89	50.77	33.6	120.93	76.69	70.49	108.6	14.32	73.78	114.63	107.17	74.32	82.46	21.02	56.61	111.61	117.92	41.11	120.21	38.01	103.16	93.48	14.87	97.49	20.88	75.8	94.05	40.25	55.0	52.89	63.2	115.38	39.2	98.66	92.66	26.25	2.24	61.68	116.5	60.44	61.47	35.36	22.36	53.6	54.78	53.15	27.02	52.2	29.07	88.39	49.19	50.61	118.85	18.68	71.51	104.92	77.52	39.85	95.04	73.76	52.7	67.08	99.25	33.29	70.23	84.58	109.04	65.52	53.25	66.37	56.89	109.0	106.78	123.31	78.75	94.89	89.2	47.71	121.06	34.41	112.16	57.87	86.65	109.66	46.1	115.0	89.55	26.0	43.83	125.0	99.72	69.63	38.91	79.21	65.19	109.64	90.8	70.0	21.4	64.44	101.12	118.07	73.16	138.96	47.54	92.91	48.01	108.78	52.01	124.39	48.01	81.39	124.81	102.16	76.16	15.23	59.14	24.02	78.01	32.45	97.8	38.08	62.97	91.41	31.58	77.41	72.62	78.1	86.31	20.52	123.22	41.79	120.21	84.38	34.13	22.47	17.2	91.05	68.31	94.26	65.37	30.0	81.57	59.84	85.59	96.93	83.74	37.36	25.08	46.4	31.38	53.74	40.79	120.27	89.38	104.8	117.63	74.71	28.16	18.25	65.12	69.43	68.94	105.0	28.18	53.6	49.04	88.02	90.35	101.49	104.04	97.27	103.94	74.46	75.6	111.0	77.9	116.04	104.45	115.49	80.01	27.59	81.99	83.45	92.02	29.55	32.0	
21.21	48.75	28.6	0.0	52.0	52.35	72.37	16.0	57.97	49.25	87.09	70.86	28.32	53.54	36.06	20.1	77.39	89.84	44.01	46.24	61.1	41.11	17.03	73.25	33.02	28.64	22.2	27.59	55.36	28.32	47.54	60.03	54.04	84.12	46.84	68.96	40.02	50.92	90.8	59.41	45.01	67.01	74.67	87.36	84.53	89.05	86.0	40.2	82.35	78.6	37.34	47.63	45.04	70.18	57.8	42.43	87.32	33.0	10.77	51.48	47.41	57.57	43.01	49.0	60.13	37.22	92.59	49.48	65.46	80.0	34.48	48.1	86.05	87.09	65.07	57.08	16.12	31.0	95.27	89.38	16.49	105.68	31.89	78.1	67.08	23.77	73.0	23.19	70.0	67.54	13.04	36.24	35.17	45.65	86.82	29.07	81.86	74.46	37.48	27.66	42.3	87.92	41.44	40.0	15.23	39.22	39.05	34.13	54.71	16.49	27.07	16.16	60.21	27.02	27.07	106.83	22.56	43.14	88.14	49.19	32.65	77.47	60.61	24.19	59.82	79.7	45.28	59.41	61.19	84.1	40.01	51.48	38.01	41.11	81.61	95.0	94.89	66.22	71.11	60.81	46.24	97.01	45.1	83.63	47.42	60.02	93.47	63.35	93.56	61.27	48.76	19.1	96.4	85.23	45.04	12.0	51.22	36.72	94.41	77.1	57.78	30.59	36.89	73.0	90.08	57.45	110.39	27.46	66.64	30.81	95.41	23.43	96.57	19.42	57.04	96.93	91.05	47.85	35.36	39.2	47.51	51.43	35.23	69.2	29.53	34.48	67.01	22.02	70.29	62.94	63.89	62.1	9.22	94.63	16.12	93.74	58.87	46.27	40.85	13.34	63.81	56.64	74.95	37.16	41.3	54.08	43.97	62.39	69.64	59.0	23.02	46.96	17.8	33.24	25.81	30.23	97.42	60.88	76.38	89.69	67.48	51.97	43.6	48.27	41.88	60.21	83.74	43.17	29.27	63.29	67.72	67.6	78.31	77.47	82.49	75.59	64.35	73.06	86.09	49.66	87.46	76.06	87.21	59.77	37.22	56.92	55.23	70.61	45.35	27.46	
73.06	22.47	76.9	52.0	0.0	77.9	23.6	36.0	87.32	5.83	35.23	21.1	74.04	29.83	43.86	72.03	43.97	42.8	54.56	19.24	22.56	68.6	35.01	40.26	31.4	53.85	30.15	74.46	88.01	75.43	19.7	80.72	73.59	45.65	59.55	62.64	72.4	59.41	43.6	35.23	69.53	41.01	31.62	40.0	45.28	39.82	34.0	62.48	41.05	48.27	15.81	33.54	67.27	46.01	35.51	37.2	49.24	61.59	62.13	52.48	51.61	17.26	9.06	71.45	76.84	60.61	52.43	12.65	56.04	49.48	75.24	57.01	56.04	39.41	47.52	5.83	56.32	21.0	53.26	60.17	36.22	65.6	78.85	26.31	63.91	64.85	21.0	59.62	56.89	63.57	39.01	26.25	69.84	25.06	51.48	74.33	41.34	32.76	68.8	75.19	70.8	53.31	71.03	65.6	59.67	74.79	33.3	64.66	62.68	50.6	25.08	48.38	46.57	59.48	56.82	71.2	61.1	38.01	46.4	23.41	47.01	36.36	37.22	33.24	49.34	33.94	72.62	41.98	72.11	32.25	12.04	56.3	24.76	75.8	35.38	61.85	55.47	41.0	19.42	43.93	55.44	45.01	71.06	56.09	40.31	13.04	52.01	89.83	43.46	27.17	86.45	53.49	63.16	48.75	7.28	40.0	44.72	26.91	54.64	44.64	91.84	65.3	44.55	55.15	46.75	30.15	72.95	63.07	64.26	32.45	59.06	37.16	51.66	37.64	5.39	52.35	60.08	22.85	75.64	68.24	86.35	54.38	59.41	42.11	46.04	27.8	15.03	70.41	54.45	45.71	93.61	69.97	61.03	60.42	36.06	43.86	63.13	73.25	77.03	65.07	56.92	39.29	30.61	23.43	70.21	50.09	77.39	12.21	24.21	7.0	67.72	84.22	39.56	58.25	42.54	43.01	45.89	41.59	53.08	46.01	52.77	90.05	85.49	78.6	45.45	46.57	34.48	74.89	23.35	85.63	23.02	17.49	26.93	28.3	46.1	38.08	45.4	64.76	34.23	22.14	57.28	39.0	46.87	18.68	67.12	63.81	43.66	22.67	76.84	76.49	
57.01	58.83	38.91	52.35	77.9	0.0	101.41	56.46	9.85	79.21	108.56	98.72	33.62	55.95	34.06	51.92	71.7	95.6	95.57	60.22	69.78	11.4	57.78	113.6	46.67	26.83	56.44	35.85	13.0	36.25	60.46	8.94	106.3	121.92	98.84	118.93	91.05	102.61	96.57	56.61	97.13	60.02	80.32	117.8	121.83	117.0	105.68	92.54	118.14	69.18	71.4	48.3	97.33	59.3	54.71	42.19	82.49	19.92	48.17	31.78	98.08	70.33	72.18	101.18	12.81	18.03	129.5	83.74	43.05	122.07	24.6	99.69	128.71	94.56	51.24	83.63	36.22	63.82	92.66	132.57	52.8	98.0	75.19	100.96	117.64	30.15	94.58	29.15	48.17	117.95	56.3	51.66	86.05	54.92	126.66	75.13	81.79	78.75	15.0	37.16	94.01	128.23	93.0	92.2	66.0	16.55	45.0	86.05	23.0	37.36	59.91	38.9	107.35	79.16	79.4	93.54	30.02	90.47	87.3	89.31	31.14	79.81	56.04	69.46	43.29	86.65	7.07	50.22	113.44	106.0	70.18	27.46	79.76	91.27	113.28	82.15	132.38	59.03	90.74	106.89	24.7	114.93	7.62	127.32	41.63	90.52	90.67	12.21	104.06	99.81	19.24	71.45	137.8	79.4	71.42	55.03	99.54	79.65	89.27	70.58	106.37	22.0	86.98	119.85	124.46	59.24	149.58	79.01	117.34	46.01	86.0	71.17	129.56	66.73	80.43	130.23	77.16	87.92	23.71	91.02	21.1	102.2	19.72	112.06	32.8	77.83	89.05	66.91	51.04	50.49	113.75	114.14	50.09	135.42	54.63	120.43	110.35	6.08	16.64	49.5	113.3	50.0	81.93	78.03	11.05	103.46	94.26	81.54	101.83	83.24	71.34	18.03	66.1	21.47	75.96	35.47	111.62	106.07	121.43	123.76	49.0	21.19	26.25	99.13	91.71	46.53	94.7	10.77	59.41	11.0	78.29	84.72	95.29	105.89	77.65	113.57	52.47	44.38	107.7	89.05	130.1	114.34	123.84	71.59	15.13	108.68	102.46	83.63	9.43	69.12	
92.66	44.2	98.98	72.37	23.6	101.41	0.0	56.75	110.89	23.77	18.87	3.16	96.57	50.25	67.36	92.4	56.32	42.72	61.27	41.77	38.63	92.2	55.54	26.57	55.0	77.39	51.87	96.8	111.61	97.74	41.87	103.95	79.76	26.17	65.76	59.03	83.82	63.81	43.08	54.13	78.39	57.87	40.01	16.4	25.32	16.76	20.52	71.87	20.4	61.52	35.17	55.61	75.64	62.64	55.01	60.14	57.22	85.15	82.98	74.81	56.44	34.89	30.87	79.16	99.82	84.2	31.02	23.09	76.03	34.71	98.39	62.27	40.2	39.22	66.31	17.8	78.92	42.38	57.01	44.1	57.87	69.26	95.26	12.21	61.62	87.73	14.14	82.73	75.77	60.96	59.44	49.82	82.46	47.51	33.06	90.35	49.09	42.05	92.36	97.41	80.99	35.06	81.6	75.61	77.0	98.27	56.59	76.66	85.28	73.41	46.82	71.18	43.84	73.16	70.21	77.67	84.1	44.38	51.79	28.16	70.6	45.0	55.95	50.04	69.84	38.33	96.21	61.72	74.81	16.4	33.62	78.87	37.12	87.64	12.21	71.18	34.18	58.19	18.0	40.31	78.52	30.02	94.64	41.77	62.63	12.37	56.52	113.28	37.44	20.62	109.93	69.18	44.41	58.03	30.53	60.64	46.87	39.2	60.21	57.43	101.77	88.68	53.76	47.01	24.19	49.19	51.48	77.1	62.29	56.04	66.61	53.01	28.32	55.08	21.26	29.07	71.0	28.86	98.84	79.06	109.77	57.69	83.01	32.25	69.63	41.11	15.52	88.0	72.8	64.88	101.53	71.7	81.58	41.44	57.28	21.38	64.66	96.83	100.5	85.7	54.49	59.54	38.0	37.01	93.81	51.4	88.54	22.85	6.4	18.44	84.15	107.7	57.08	81.84	56.44	66.61	34.71	37.48	42.15	23.32	71.69	113.53	108.67	88.39	52.39	66.65	32.89	98.47	45.69	108.89	33.54	23.35	22.14	5.1	56.0	21.38	64.08	84.17	18.03	26.93	41.11	22.36	25.96	34.93	90.7	66.4	43.42	29.07	100.44	94.01	
37.12	35.0	42.54	16.0	36.0	56.46	56.75	0.0	64.01	33.38	71.11	55.11	40.82	41.01	30.27	36.06	64.54	74.67	41.0	31.91	46.53	45.19	1.41	60.31	21.95	29.73	6.71	40.71	62.68	41.59	33.29	62.64	55.79	70.46	45.1	62.64	46.32	48.01	75.61	47.42	48.1	55.23	59.93	72.11	70.72	73.5	70.0	41.76	68.1	66.47	21.59	36.62	47.13	59.03	46.1	33.11	73.82	36.67	26.31	45.89	42.43	42.54	27.02	51.55	61.19	38.9	78.77	34.18	57.94	67.88	44.6	45.01	74.28	71.78	55.23	41.11	24.08	15.0	81.12	77.9	4.0	92.09	45.18	62.13	61.61	33.3	57.0	29.83	61.74	61.85	3.16	23.35	42.2	32.56	73.88	41.34	67.74	59.94	43.05	41.15	46.96	75.17	46.53	43.08	26.08	47.01	28.65	38.95	52.01	20.0	11.18	18.03	51.0	31.91	30.41	94.26	30.41	34.01	73.93	35.61	29.02	63.13	48.92	13.0	51.48	64.62	49.66	49.09	60.13	68.12	24.02	47.27	24.76	48.6	66.48	82.76	81.27	54.56	55.15	50.77	43.01	81.01	48.85	72.35	38.48	44.38	79.4	68.45	77.88	47.43	58.05	23.6	84.17	72.01	29.07	4.0	43.08	24.08	80.71	64.44	65.8	37.2	31.26	63.63	75.59	44.6	97.45	34.21	61.39	20.12	82.46	15.13	81.86	11.0	41.05	82.29	79.21	34.21	45.28	43.83	57.28	46.53	37.0	57.31	26.08	22.02	51.01	35.85	61.29	53.0	70.33	60.0	25.08	82.13	2.0	78.1	55.23	50.57	49.04	29.15	56.92	46.04	60.01	23.43	46.07	47.13	51.04	46.53	54.42	43.0	34.67	55.97	11.18	35.11	21.02	25.02	81.5	50.22	65.8	75.13	58.59	61.55	54.67	54.2	35.69	51.0	68.15	49.4	13.6	66.73	52.55	51.79	62.39	61.85	69.2	61.85	54.08	66.41	70.11	35.81	75.69	62.43	73.25	44.78	42.06	54.04	46.07	55.08	51.62	41.79	
59.3	68.6	39.81	57.97	87.32	9.85	110.89	64.01	0.0	88.41	118.34	108.23	35.23	65.8	43.6	54.23	81.22	105.36	101.83	69.89	79.62	19.21	65.37	122.29	55.97	35.0	64.64	37.34	5.66	37.48	70.18	13.6	111.31	130.91	104.81	125.92	95.19	108.81	106.32	66.41	101.97	69.63	90.14	127.28	130.86	126.61	115.49	97.86	127.28	78.52	80.16	58.14	102.42	68.73	64.51	51.97	91.92	27.46	52.24	41.48	104.75	80.13	81.32	106.07	19.42	26.87	138.6	92.7	52.04	130.6	26.08	105.95	137.2	104.36	60.67	93.09	42.06	72.47	102.11	141.01	60.54	107.07	77.52	110.68	124.42	34.53	104.31	35.11	57.0	124.79	63.51	61.07	90.2	64.66	135.47	78.1	91.44	88.54	21.02	38.47	98.51	137.0	97.42	97.16	70.58	19.1	54.64	90.8	32.25	44.28	68.41	46.07	115.0	84.17	84.72	102.18	35.44	97.95	96.88	97.8	40.36	89.56	65.8	76.94	52.77	96.46	14.87	59.91	119.1	115.76	79.21	37.11	87.92	95.02	122.67	91.01	141.45	68.66	100.5	114.74	34.54	124.78	16.28	135.67	51.48	99.82	100.13	6.32	113.89	108.58	15.26	76.9	146.49	88.81	80.72	62.17	106.89	87.66	98.62	80.06	109.29	27.51	93.78	127.63	133.73	69.08	158.55	83.6	124.06	55.17	95.08	78.29	138.95	73.82	90.0	139.6	86.01	96.4	25.08	95.63	17.49	108.85	28.32	120.43	41.73	85.76	98.74	70.03	60.03	60.02	117.07	120.07	54.33	144.17	62.27	130.1	116.69	14.14	18.0	53.04	120.42	59.77	91.76	86.27	18.03	110.57	98.02	91.27	111.13	92.8	75.03	15.23	73.01	29.83	82.64	44.55	121.46	114.06	129.54	133.06	58.14	15.56	23.71	103.08	98.62	56.09	104.55	14.87	68.12	11.4	88.14	94.51	105.12	115.42	87.13	122.49	61.98	52.47	117.48	97.62	138.6	123.24	132.94	81.41	21.95	114.84	110.06	93.47	12.65	71.45	
70.03	26.48	75.29	49.25	5.83	79.21	23.77	33.38	88.41	0.0	38.01	21.84	72.8	34.23	45.45	69.35	49.65	48.27	48.84	22.8	28.16	69.43	32.25	36.4	32.56	54.2	28.16	73.05	88.73	74.0	23.54	82.62	67.9	43.01	53.81	57.01	67.23	53.6	49.04	40.01	64.03	46.17	37.44	39.82	42.8	40.5	37.34	57.01	38.95	53.85	12.0	37.0	61.72	51.16	40.11	39.82	55.07	62.01	59.68	55.46	45.8	22.8	7.21	65.86	79.06	61.55	50.33	7.07	60.21	45.54	74.71	51.22	52.2	44.82	52.15	8.25	55.15	18.68	59.03	56.3	34.21	71.4	74.73	29.02	58.19	63.98	24.52	59.06	61.4	57.87	36.22	27.8	64.85	28.46	48.37	70.09	47.17	38.59	69.2	73.68	65.46	50.12	65.73	60.22	55.73	74.89	35.51	59.54	65.37	49.66	23.09	47.42	41.0	54.63	51.89	77.03	60.37	32.2	52.2	17.72	48.08	42.19	42.01	28.86	53.37	39.62	73.59	46.39	66.29	35.01	9.85	59.06	19.21	70.71	34.67	67.62	53.26	46.1	23.77	38.47	57.69	48.37	72.14	51.92	43.46	11.66	57.8	91.29	48.3	22.8	86.53	49.04	59.94	54.56	8.06	37.34	38.91	21.4	60.46	50.29	86.53	65.19	38.95	50.01	45.34	35.0	70.6	58.31	58.52	33.24	64.88	32.57	50.8	33.54	10.63	51.4	65.79	17.09	75.18	62.97	86.28	48.55	60.21	37.48	46.75	22.47	18.97	66.61	59.14	50.25	88.09	64.14	58.42	57.31	33.73	44.92	57.31	74.28	77.1	62.51	51.24	43.57	36.4	18.03	70.94	44.28	72.2	17.69	22.8	11.18	63.56	84.31	35.51	58.9	37.58	43.86	50.0	36.22	48.37	44.69	57.31	90.14	85.0	73.24	39.7	50.8	39.66	75.43	21.93	87.46	28.84	22.8	31.38	28.79	51.89	34.99	50.09	69.05	37.01	16.49	53.49	35.85	44.69	24.35	67.62	57.98	37.95	28.28	77.47	72.69	
108.0	49.74	111.99	87.09	35.23	108.56	18.87	71.11	118.34	38.01	0.0	18.38	108.91	53.41	75.13	107.17	50.99	30.02	80.06	48.75	39.7	100.62	70.06	43.01	64.26	87.09	65.38	109.44	119.88	110.42	48.3	109.62	98.62	38.28	84.6	77.1	102.18	82.68	30.0	55.15	97.08	56.4	34.48	20.22	37.0	15.0	4.12	90.47	32.31	56.36	50.01	60.46	94.37	60.46	56.59	66.37	48.27	94.54	97.33	79.03	75.29	38.28	44.1	97.95	104.81	92.57	39.32	39.81	76.58	49.65	109.42	81.12	53.85	27.17	66.07	30.02	91.22	56.14	45.01	57.25	71.45	56.22	112.29	9.0	79.91	99.46	14.56	93.96	75.0	79.2	74.06	58.87	100.58	53.71	45.22	107.52	41.11	36.72	101.64	110.22	99.54	47.13	100.09	94.15	93.54	108.08	63.95	94.87	89.64	85.38	60.3	83.2	62.37	90.96	88.06	66.0	95.6	63.07	41.59	46.62	79.2	38.48	56.59	66.48	71.42	30.08	104.24	62.94	93.6	3.0	47.1	83.41	54.57	105.95	21.93	61.98	42.19	57.01	17.89	58.8	84.31	11.18	102.47	56.36	67.42	28.86	45.1	119.82	21.59	39.41	119.62	86.31	54.92	50.0	42.43	75.11	65.73	56.75	49.16	52.33	120.42	99.02	72.24	64.2	31.26	50.99	57.22	94.83	80.62	65.79	56.44	69.87	31.14	71.34	30.59	32.14	63.06	47.17	109.73	97.5	119.77	76.55	91.71	49.68	78.92	58.46	20.62	104.48	71.61	65.19	120.35	90.43	96.19	51.97	71.25	14.87	83.41	104.71	110.31	100.24	72.86	61.55	32.25	54.13	102.42	70.21	106.98	27.31	25.0	28.28	101.12	117.39	73.33	90.87	73.98	75.77	16.4	55.97	58.52	30.27	71.22	123.17	119.54	107.02	71.11	67.9	21.59	107.35	58.55	114.62	31.83	23.85	14.21	15.56	48.7	36.89	63.89	83.6	1.0	45.31	54.42	37.74	36.14	37.2	99.81	85.21	62.2	26.17	109.12	110.55	
91.35	41.23	97.12	70.86	21.1	98.72	3.16	55.11	108.23	21.84	18.38	0.0	94.58	47.17	64.66	90.93	53.24	40.31	61.77	38.9	35.47	89.63	53.94	29.12	52.43	74.95	50.0	94.87	109.04	95.82	38.95	101.12	80.45	29.27	66.37	60.8	83.82	64.64	40.72	50.99	78.72	54.71	37.0	19.1	28.44	18.79	19.42	72.09	23.54	58.42	33.54	52.63	76.03	59.48	51.88	57.28	54.33	82.68	81.39	71.84	57.14	31.76	28.79	79.65	96.94	81.61	34.18	22.02	72.9	37.48	96.18	62.97	43.1	36.77	63.16	15.26	76.9	40.52	54.41	47.04	56.04	66.73	94.53	10.63	63.25	85.62	11.4	80.53	72.62	62.63	57.87	47.2	82.28	44.6	36.12	89.68	46.17	39.01	89.89	95.51	81.15	38.12	81.71	75.77	76.06	95.88	53.81	76.54	82.33	71.31	44.92	69.08	45.34	72.78	69.86	74.95	81.94	44.72	49.03	28.23	68.01	42.01	52.8	49.01	66.73	35.51	93.6	58.59	75.93	15.65	31.62	75.93	36.5	87.6	15.26	68.26	37.34	55.03	15.03	41.87	75.66	29.55	92.01	44.55	59.67	11.0	53.85	110.54	35.61	21.93	107.54	68.47	47.52	55.08	28.18	59.03	47.8	38.64	57.49	54.33	102.04	86.35	53.85	49.19	27.29	46.07	54.63	76.69	63.89	53.54	63.79	52.15	31.24	54.0	18.38	32.02	68.01	28.79	96.61	79.12	107.42	58.6	80.45	34.44	67.12	40.45	12.37	87.05	69.64	61.74	102.08	72.92	80.06	44.55	55.54	23.09	65.86	94.2	98.11	84.17	56.08	56.44	35.01	36.22	91.26	52.5	88.6	19.7	8.54	15.56	83.38	105.31	56.0	79.32	55.9	64.07	33.6	39.05	44.6	26.42	68.54	111.14	106.45	88.64	52.77	63.53	30.46	95.96	43.66	106.08	30.41	20.22	19.7	7.21	53.01	24.19	60.93	81.02	17.46	26.93	44.05	25.18	29.12	31.78	88.2	67.48	44.6	26.02	97.91	93.09	
24.08	63.0	5.66	28.32	74.04	33.62	96.57	40.82	35.23	72.8	108.91	94.58	0.0	64.5	40.02	19.03	86.59	105.12	71.2	62.13	76.01	25.61	42.19	100.8	46.04	25.96	44.78	2.24	31.0	2.83	63.07	42.54	77.88	111.22	73.35	96.8	60.83	77.83	106.12	68.45	68.41	74.73	89.14	112.4	111.52	113.3	107.08	65.19	108.91	86.02	61.74	56.72	69.26	76.22	66.49	49.82	97.51	22.47	19.24	50.12	75.17	74.11	65.79	72.53	45.28	28.02	119.57	74.69	65.0	107.94	9.22	75.18	114.11	103.02	69.08	79.7	17.72	54.23	106.89	117.52	38.91	115.25	42.3	100.17	94.67	10.05	94.37	16.12	70.33	95.19	38.83	51.16	55.9	59.01	114.4	43.0	94.05	88.28	20.62	3.61	64.54	115.6	63.35	63.89	37.34	17.09	49.16	57.28	47.51	23.54	49.77	25.71	88.53	51.26	52.39	113.65	14.04	71.45	100.28	76.28	34.93	90.55	68.88	51.86	61.74	95.05	27.78	65.15	86.73	105.99	62.97	47.71	65.22	60.3	106.93	101.59	122.04	73.76	91.59	89.11	42.19	117.71	28.84	111.8	52.89	84.31	104.92	41.44	111.07	88.2	22.36	45.18	124.33	94.83	66.76	37.44	79.51	64.2	104.79	85.87	74.11	15.81	65.0	101.32	116.36	68.59	138.0	50.0	94.15	44.1	103.74	51.62	122.54	47.42	78.34	123.0	96.93	74.89	10.2	61.85	20.62	79.08	26.93	97.19	33.38	62.01	88.29	35.06	72.01	67.42	82.0	88.24	21.47	122.44	39.82	117.65	85.88	28.65	17.46	18.97	91.84	63.32	90.05	64.07	24.41	82.2	63.29	82.2	94.85	80.78	40.45	21.1	45.97	25.94	54.04	36.22	116.62	89.11	104.65	115.88	69.32	25.0	15.65	68.47	70.0	63.69	101.08	22.85	50.92	43.97	84.02	86.83	98.01	101.59	92.42	102.63	69.29	70.0	107.94	76.55	115.52	103.17	114.06	76.06	21.93	83.63	83.55	88.2	24.35	36.22	
73.35	8.06	69.05	53.54	29.83	55.95	50.25	41.01	65.8	34.23	53.41	47.17	64.5	0.0	25.02	70.38	23.85	41.11	75.77	12.17	13.89	49.48	41.04	70.09	20.59	39.01	34.71	65.76	68.01	66.75	11.05	56.3	93.48	74.85	80.62	89.68	86.83	81.93	42.11	6.71	87.13	14.42	25.18	65.8	74.32	63.78	50.22	80.26	69.78	25.46	34.93	8.06	85.59	18.79	6.08	15.03	34.01	45.18	60.42	25.61	74.63	15.62	30.07	90.05	51.4	41.77	80.95	41.11	26.25	79.31	62.01	79.12	85.87	39.46	18.0	34.18	48.76	32.2	42.72	89.99	38.29	52.33	85.21	46.67	90.26	54.45	40.31	48.37	27.17	90.09	43.86	17.69	82.98	8.6	80.99	81.84	29.61	24.02	51.62	66.91	86.84	82.87	86.61	82.38	66.71	58.55	15.52	79.2	36.24	43.01	32.45	41.44	74.17	72.47	70.6	53.41	50.49	61.85	35.9	51.01	30.0	26.08	8.54	47.51	19.7	31.4	52.5	12.17	94.92	51.09	30.41	30.0	47.3	89.38	62.43	41.77	84.08	13.89	36.07	72.03	31.3	59.06	50.6	85.91	14.32	42.38	40.8	66.73	48.51	56.89	69.43	64.44	92.7	31.76	27.0	43.93	70.21	48.76	41.23	23.6	106.53	51.01	65.0	84.05	74.43	4.12	101.53	75.07	90.43	22.83	41.88	51.62	78.24	49.41	29.55	79.06	38.21	50.04	62.03	83.82	70.04	78.16	41.44	71.7	31.14	48.38	35.61	75.45	25.0	16.03	110.44	93.61	60.37	89.89	39.62	66.47	87.36	52.81	60.67	63.56	83.73	9.49	26.48	45.35	51.42	75.5	91.68	27.8	52.8	32.2	75.29	67.27	50.61	41.19	58.31	28.28	55.71	70.0	82.61	73.57	23.09	72.78	71.25	94.4	67.68	16.76	38.9	56.52	29.68	61.29	22.36	29.73	39.66	53.82	29.07	67.68	16.03	34.93	52.63	50.0	87.09	68.62	75.58	16.28	49.65	87.28	70.46	27.78	57.97	80.99	
52.63	25.63	44.92	36.06	43.86	34.06	67.36	30.27	43.6	45.45	75.13	64.66	40.02	25.02	0.0	48.83	46.57	66.12	71.11	26.42	37.85	25.5	31.14	80.78	13.04	14.14	27.07	41.48	44.78	42.45	26.83	37.2	85.91	88.41	75.33	91.08	74.85	78.06	67.12	28.44	77.88	34.79	50.16	83.74	88.24	83.01	72.5	71.81	84.39	46.24	38.91	17.0	77.13	36.67	26.48	10.0	57.49	20.22	39.7	15.81	72.03	37.34	38.6	81.49	34.0	17.46	95.78	50.48	29.41	89.55	37.0	75.06	96.25	64.38	30.23	49.58	26.08	31.95	66.91	100.24	26.31	75.29	67.36	67.23	90.55	30.08	60.9	24.04	34.06	90.67	31.78	17.69	70.26	21.54	93.48	65.0	54.23	49.04	26.93	42.72	76.22	95.13	75.61	72.8	51.11	33.73	11.18	68.01	22.2	21.26	28.86	20.52	77.62	60.75	59.77	74.25	26.25	61.81	60.41	57.27	5.1	51.01	28.86	42.01	24.04	56.32	29.15	25.5	90.35	72.47	36.89	17.03	49.04	76.49	79.25	62.17	98.72	33.84	57.25	76.54	13.34	82.28	27.46	95.26	13.0	56.59	64.94	45.97	73.16	66.89	44.92	52.2	104.85	54.82	37.54	31.05	71.02	49.48	64.76	45.88	93.48	26.0	61.0	89.49	90.52	29.0	116.04	62.24	90.45	13.0	63.91	45.04	95.52	41.19	46.4	96.21	57.71	55.95	37.01	73.05	45.35	76.06	16.76	80.06	7.21	48.05	55.23	57.49	34.66	28.3	99.01	90.09	40.31	102.34	28.28	86.53	85.01	29.68	35.9	42.64	85.16	23.41	51.35	47.13	27.31	75.66	79.2	47.89	67.9	49.2	59.08	42.72	41.44	16.28	51.24	5.83	79.81	75.27	90.08	89.81	31.83	48.38	46.27	83.01	65.07	25.0	63.35	32.31	27.51	42.01	46.32	51.48	62.39	71.84	52.39	80.21	30.02	37.12	74.24	56.8	97.62	81.02	90.14	38.9	25.0	84.02	73.01	51.24	34.01	62.24	
5.1	66.76	15.3	20.1	72.03	51.92	92.4	36.06	54.23	69.35	107.17	90.93	19.03	70.38	48.83	0.0	93.94	108.68	56.08	64.76	79.56	42.54	37.12	91.68	49.98	36.77	42.01	17.0	50.01	17.03	65.97	60.73	60.17	102.96	57.43	82.22	42.45	62.2	109.66	75.58	50.7	82.76	93.15	107.2	103.47	109.04	106.02	48.37	101.59	94.41	57.43	63.51	51.89	85.23	73.79	57.31	104.39	36.89	10.2	62.24	60.83	76.49	63.07	54.78	62.77	42.44	111.49	69.43	77.16	97.75	28.16	59.82	103.46	106.1	79.06	77.16	22.8	51.04	112.95	106.51	36.06	122.65	23.35	98.18	79.65	22.83	93.02	27.02	82.22	80.28	33.14	54.12	37.64	63.25	105.12	24.02	99.62	92.72	37.7	16.03	46.49	106.07	45.22	46.52	21.26	35.69	55.04	39.81	62.2	27.78	47.0	29.07	76.22	34.67	36.4	122.67	25.0	59.91	105.95	68.35	44.2	95.51	76.48	43.32	72.62	98.49	45.54	74.09	69.77	104.17	60.07	60.88	57.25	41.59	101.39	110.64	113.64	81.88	91.02	77.42	55.23	117.0	46.24	100.69	61.59	80.06	111.07	60.41	113.0	80.41	41.11	30.41	114.06	102.04	65.0	32.06	66.84	55.71	111.62	93.47	55.08	31.3	51.86	88.73	109.44	74.46	128.5	32.65	79.03	47.76	111.8	41.63	116.06	38.28	77.0	116.38	106.33	67.07	29.15	44.01	39.2	64.44	40.8	86.95	41.62	53.49	87.01	16.28	83.24	77.1	63.01	71.69	11.0	112.51	36.0	113.77	70.21	46.49	36.35	7.07	77.79	71.69	93.62	56.61	41.79	68.62	44.55	82.15	89.5	79.03	22.14	40.01	36.4	39.2	41.88	43.57	117.21	77.94	93.01	109.11	80.43	43.42	33.54	49.82	56.73	73.82	103.1	41.23	49.04	62.59	86.68	87.28	98.13	97.49	99.4	94.54	78.77	83.49	106.17	68.95	104.85	94.94	106.23	78.64	38.48	67.68	71.4	89.94	42.95	17.26	
97.06	29.7	91.48	77.39	43.97	71.7	56.32	64.54	81.22	49.65	50.99	53.24	86.59	23.85	46.57	93.94	0.0	26.4	96.38	33.3	21.54	68.01	64.44	81.06	44.42	60.64	58.05	88.06	84.59	89.02	31.89	69.38	114.83	82.49	101.36	106.61	109.71	102.0	27.2	18.38	109.2	12.04	16.76	68.68	81.61	64.85	46.96	102.2	76.66	5.39	54.71	30.46	107.42	12.65	20.25	37.0	11.05	65.62	84.08	40.11	94.37	26.93	48.3	111.83	63.6	61.2	86.68	56.61	30.46	90.01	82.87	99.36	96.02	26.87	20.62	45.71	71.87	54.04	21.02	100.04	62.01	28.79	109.04	47.8	107.84	76.66	42.76	70.6	26.93	107.52	67.48	41.4	106.08	32.02	89.36	105.6	11.4	14.56	71.18	89.29	109.34	91.35	109.22	104.64	90.43	78.16	38.91	101.98	49.03	66.31	55.17	64.88	90.52	95.48	93.43	29.73	72.8	80.96	15.81	67.36	51.66	12.53	17.72	69.66	28.44	21.1	70.06	22.02	114.95	49.77	49.74	44.28	66.65	112.45	67.27	18.6	89.82	13.04	38.47	87.8	48.01	52.01	68.07	97.02	33.73	53.34	19.03	80.52	36.8	69.72	88.01	87.69	100.72	8.25	44.72	67.62	88.39	68.48	18.25	1.41	129.5	72.01	85.76	98.48	79.08	20.0	106.48	98.29	108.17	46.65	18.03	73.88	80.96	72.18	40.79	81.91	16.16	66.73	82.73	106.4	89.01	97.51	61.4	84.59	53.45	68.6	41.05	99.3	23.32	21.21	132.91	113.16	84.12	97.74	63.25	65.8	106.51	70.11	80.1	87.21	100.88	23.35	18.97	64.88	70.01	93.78	114.63	35.13	61.03	42.43	99.02	86.0	73.55	61.66	80.43	50.92	45.97	85.38	95.52	78.1	24.17	91.05	91.27	117.03	87.71	25.18	30.23	75.0	52.35	74.04	23.0	33.06	37.34	58.05	6.0	77.03	19.24	35.0	50.57	66.1	97.05	78.03	82.04	25.3	69.18	106.89	87.6	27.29	76.03	104.85	
110.86	42.3	109.37	89.84	42.8	95.6	42.72	74.67	105.36	48.27	30.02	40.31	105.12	41.11	66.12	108.68	26.4	0.0	96.9	43.93	29.27	90.26	74.09	69.29	59.41	80.02	68.01	106.23	108.17	107.23	42.76	94.34	116.0	67.08	101.83	100.5	115.11	101.18	1.0	39.05	112.29	36.25	16.0	50.04	65.92	45.01	26.0	105.26	61.0	31.14	57.98	49.16	109.99	38.59	41.0	56.14	19.72	86.28	98.49	63.89	93.38	32.28	50.77	114.11	88.77	82.73	69.12	53.74	56.44	77.2	103.08	99.01	82.23	3.61	46.07	41.01	88.57	60.84	15.0	85.91	73.38	26.68	119.62	31.05	102.63	95.08	29.07	89.05	53.25	102.08	77.83	54.74	112.36	46.17	74.15	115.45	15.0	17.12	92.66	107.3	113.6	76.12	113.81	108.41	100.32	99.61	56.01	107.34	73.74	82.61	63.69	80.75	84.6	101.87	99.32	36.01	91.09	79.91	12.53	63.78	71.06	15.81	39.56	75.29	53.31	10.2	92.96	45.54	113.45	30.07	53.34	68.31	67.48	118.43	50.64	32.57	72.06	37.16	26.63	81.3	71.06	27.31	91.01	84.2	54.74	45.8	15.13	105.34	10.82	61.4	110.32	95.29	84.48	22.2	47.51	78.43	85.28	69.66	19.24	27.8	134.62	92.09	87.21	89.47	61.07	37.22	87.21	105.31	103.17	61.52	26.68	79.4	61.13	79.18	37.64	62.13	34.44	63.7	103.12	111.02	111.02	95.67	82.49	74.73	72.0	70.6	31.4	110.49	49.65	46.1	136.36	110.89	97.98	81.5	74.0	44.41	103.86	93.17	101.71	101.64	95.41	45.61	15.13	66.22	92.23	90.43	120.1	30.61	48.85	37.48	108.75	108.19	80.95	82.3	85.15	69.01	20.25	78.55	84.86	60.07	50.25	113.6	112.36	121.4	87.69	49.77	9.85	97.32	61.1	99.16	22.14	25.5	20.62	42.2	21.93	63.89	44.28	61.4	30.0	62.37	82.98	64.85	65.49	30.08	90.67	105.0	83.01	20.25	98.66	116.46	
53.04	68.03	69.89	44.01	54.56	95.57	61.27	41.0	101.83	48.84	80.06	61.77	71.2	75.77	71.11	56.08	96.38	96.9	0.0	63.98	75.17	84.17	40.01	46.04	61.0	69.72	44.41	69.97	99.37	70.49	65.31	102.59	19.1	58.01	5.0	26.17	25.08	7.07	97.62	82.46	17.46	89.96	86.05	70.09	59.03	74.33	81.12	12.04	59.41	99.76	41.68	74.04	14.56	94.54	81.71	72.37	103.23	75.71	51.97	86.47	6.08	69.89	48.26	17.89	101.71	78.92	66.03	43.19	97.29	48.51	78.29	4.12	52.63	93.38	92.66	55.9	59.77	43.66	107.81	54.71	45.0	120.1	44.72	72.2	23.6	67.78	70.21	66.76	100.42	24.21	40.11	60.17	25.96	67.42	57.31	39.82	95.6	87.01	81.04	69.64	21.02	57.56	22.0	16.03	34.83	83.22	67.47	20.25	93.01	58.25	44.38	56.89	24.33	22.02	19.8	125.1	66.41	17.2	100.9	33.84	70.01	90.6	84.31	29.43	90.47	88.46	88.53	86.33	19.42	77.41	46.65	88.14	30.0	29.07	64.29	114.91	67.19	89.55	71.06	27.07	84.01	91.24	88.07	49.04	77.67	52.43	106.53	107.0	95.6	41.44	92.61	26.08	63.32	102.34	51.87	41.19	16.03	28.02	109.02	96.75	40.8	74.33	10.77	34.93	67.27	78.29	78.59	25.24	23.02	59.68	112.89	26.08	74.24	30.0	59.41	74.17	112.38	33.6	79.2	20.1	91.24	8.6	76.94	39.01	67.03	27.78	66.07	42.64	99.33	90.44	40.31	19.0	49.74	62.59	43.0	79.4	14.87	89.5	84.86	52.7	22.2	83.17	85.15	31.62	84.65	14.56	29.02	66.48	55.54	59.41	36.4	90.87	30.07	74.97	20.02	66.01	95.19	29.0	40.8	67.36	96.84	95.71	86.83	27.66	9.22	89.29	87.86	86.98	46.84	106.3	77.47	71.42	78.41	65.39	99.57	51.35	91.08	106.1	79.18	35.23	53.85	51.24	62.03	71.85	80.52	13.15	21.0	77.1	89.19	46.87	
67.05	4.12	66.0	46.24	19.24	60.22	41.77	31.91	69.89	22.8	48.75	38.9	62.13	12.17	26.42	64.76	33.3	43.93	63.98	0.0	14.87	51.88	31.62	59.14	16.12	38.6	25.24	63.03	71.2	64.03	1.41	62.24	81.99	64.88	68.88	77.52	76.42	70.01	44.91	18.68	76.03	26.0	28.46	57.98	64.5	56.85	46.24	69.07	60.21	36.06	22.8	14.32	74.33	30.68	18.25	18.38	42.01	45.88	54.57	33.29	62.63	12.0	18.0	78.77	58.05	43.83	71.56	29.43	37.48	68.31	61.39	67.23	74.95	41.44	30.07	24.41	45.01	20.81	49.24	79.06	29.97	60.22	77.03	40.82	78.09	52.24	34.48	46.39	39.01	77.93	34.99	11.0	72.84	5.83	70.68	73.25	35.85	28.23	52.92	64.01	76.06	72.5	75.93	71.4	57.98	59.46	15.26	68.68	43.6	39.01	21.93	37.05	62.07	62.23	60.14	62.94	48.26	49.73	42.06	39.01	30.46	31.3	20.62	36.4	30.59	33.73	55.57	24.0	83.01	46.07	18.25	37.2	35.17	79.2	53.91	51.86	74.63	25.63	30.87	60.0	36.77	56.32	53.85	74.73	21.1	32.25	47.51	71.84	49.0	45.61	70.94	54.56	82.35	40.36	15.13	35.36	58.05	36.69	48.83	33.42	96.21	50.7	53.23	72.17	65.6	14.32	92.11	65.12	78.26	18.03	50.93	40.61	70.09	38.9	20.52	70.84	48.83	38.0	61.61	73.11	71.17	66.1	42.95	60.21	30.36	36.4	28.84	67.54	37.05	28.02	99.64	81.6	54.12	79.62	30.89	60.22	75.29	56.08	61.68	57.72	71.57	21.02	28.86	33.24	53.67	63.35	81.34	21.47	43.27	23.35	66.57	68.71	40.31	42.15	47.2	27.2	54.59	58.03	71.02	64.82	35.0	74.46	71.31	83.74	55.71	28.16	39.0	58.6	19.1	67.21	22.09	25.3	36.4	45.97	37.54	57.27	28.16	46.39	47.85	38.05	76.22	58.18	66.04	14.04	51.08	75.27	58.31	26.08	60.37	73.35	
81.91	13.04	80.16	61.1	22.56	69.78	38.63	46.53	79.62	28.16	39.7	35.47	76.01	13.89	37.85	79.56	21.54	29.27	75.17	14.87	0.0	62.94	46.14	61.2	30.15	51.35	39.82	77.06	81.71	78.06	13.6	70.18	93.81	64.29	80.16	85.16	89.87	80.62	30.27	15.81	88.62	19.42	13.6	53.34	63.6	50.8	36.4	81.57	58.82	25.71	33.6	21.54	86.68	24.33	17.03	28.16	28.32	58.05	69.38	39.41	72.95	5.39	26.93	91.05	65.22	55.08	69.64	35.17	37.74	70.35	74.43	78.03	76.66	27.02	27.73	25.0	59.3	34.06	34.67	80.75	44.78	46.1	91.71	33.42	86.33	66.0	27.2	60.01	37.16	86.02	49.65	25.5	86.56	17.0	70.83	87.82	21.4	13.42	64.76	78.1	89.11	72.78	89.1	84.22	72.56	71.59	27.17	82.07	50.0	53.34	36.06	51.48	69.12	75.93	73.66	50.0	62.0	59.48	27.46	45.88	42.58	16.64	17.49	49.52	32.02	19.1	66.13	23.6	93.54	37.48	28.6	43.83	45.28	92.85	50.57	39.82	72.8	19.65	22.8	66.49	45.18	45.18	64.26	77.23	28.18	33.06	33.02	80.62	35.36	49.04	82.71	68.6	82.46	27.2	23.32	50.09	66.85	47.17	34.71	22.14	109.66	63.51	64.64	77.52	62.65	11.31	90.08	79.03	86.65	32.25	37.8	53.76	65.86	52.63	20.0	66.73	37.7	45.22	74.55	86.27	83.2	76.03	54.57	64.03	43.19	47.43	23.26	82.29	34.18	26.42	112.54	91.68	68.96	79.56	45.62	53.15	85.0	66.48	73.76	72.53	79.4	21.93	14.14	43.57	64.85	72.24	94.85	15.81	42.2	22.09	81.12	80.52	54.2	54.13	60.11	40.11	42.06	64.13	75.03	61.74	33.11	86.13	84.01	96.88	66.37	28.6	25.5	69.92	33.29	75.17	8.54	16.4	25.81	41.59	24.41	57.87	25.5	45.62	38.95	44.64	77.78	58.86	64.51	4.0	62.82	85.42	66.1	13.89	71.47	88.14	
47.54	51.08	31.24	41.11	68.6	11.4	92.2	45.19	19.21	69.43	100.62	89.63	25.61	49.48	25.5	42.54	68.01	90.26	84.17	51.88	62.94	0.0	46.52	103.08	37.2	15.81	45.49	27.8	19.42	28.43	52.33	19.03	95.13	111.76	87.48	107.56	80.22	91.22	91.24	51.35	86.02	56.0	74.53	108.6	111.73	108.17	97.99	81.3	108.21	66.27	60.96	41.48	86.15	56.22	49.37	34.79	79.03	8.54	37.66	28.28	86.68	62.77	62.29	90.05	20.25	8.06	119.5	73.55	42.06	111.4	17.8	88.29	118.0	88.84	48.37	74.4	25.02	53.26	89.0	121.83	41.59	95.63	65.46	92.66	106.25	19.92	86.35	18.0	47.43	106.57	44.94	42.44	75.24	47.01	116.28	65.0	77.23	73.16	5.0	29.21	83.02	117.8	82.05	81.06	55.08	10.77	36.67	75.0	22.83	25.96	49.2	27.51	96.15	68.03	68.18	92.42	19.1	79.2	83.1	78.6	21.63	74.67	51.16	58.18	40.45	80.81	4.47	46.0	102.11	97.95	60.11	24.74	68.8	80.62	103.86	80.6	122.33	55.0	82.73	95.77	20.1	107.7	4.0	116.5	35.51	80.92	87.0	23.26	97.98	89.38	20.1	60.21	127.28	76.06	61.85	43.66	88.24	68.6	86.09	67.03	96.1	11.4	75.58	108.71	114.77	53.15	139.39	68.03	105.95	36.24	83.73	59.81	120.1	55.36	71.56	120.74	75.71	77.2	17.2	80.01	21.0	90.8	9.22	101.26	22.67	66.73	80.62	56.75	49.73	47.17	103.25	102.77	39.46	124.96	43.38	111.83	98.95	5.39	12.37	39.29	101.95	45.1	75.93	67.12	2.0	92.11	83.6	73.36	92.2	74.33	60.83	18.03	54.71	10.63	64.56	25.61	105.0	95.02	110.45	114.11	47.3	23.35	23.77	88.36	80.32	43.19	88.32	7.07	48.92	22.2	71.47	76.97	87.85	96.83	74.01	103.32	49.16	45.65	99.73	78.41	119.4	104.06	113.85	64.26	4.12	97.29	91.24	76.55	8.54	59.46	
38.05	34.83	43.86	17.03	35.01	57.78	55.54	1.41	65.37	32.25	70.06	53.94	42.19	41.04	31.14	37.12	64.44	74.09	40.01	31.62	46.14	46.52	0.0	58.9	22.36	31.02	6.4	42.06	64.07	42.94	33.02	63.89	55.08	69.07	44.18	61.4	46.04	47.0	75.03	47.51	47.54	55.32	59.48	70.84	69.34	72.28	69.01	41.11	66.73	66.48	20.4	36.89	46.49	59.2	46.23	33.62	73.6	38.01	27.46	46.69	41.3	42.05	26.0	50.92	62.37	40.16	77.39	32.89	58.52	66.47	46.01	44.0	72.86	71.17	55.57	40.05	25.5	14.04	80.78	76.49	5.1	91.84	45.62	61.07	60.42	34.71	56.01	31.24	62.24	60.64	4.0	23.43	42.01	32.53	72.47	41.68	67.42	59.54	44.42	42.49	46.53	73.76	46.14	42.54	26.42	48.41	29.07	38.59	53.0	21.4	10.44	19.42	49.65	31.62	30.02	94.18	31.83	32.7	73.57	34.21	30.07	62.77	49.04	11.7	52.0	64.08	50.99	49.4	59.21	67.07	23.0	48.17	23.35	48.41	65.19	82.73	79.88	54.67	54.23	49.4	44.0	80.02	50.16	70.94	39.0	43.17	79.08	69.78	77.13	46.04	59.46	23.43	82.76	71.84	28.16	5.1	41.79	22.67	80.45	64.38	65.6	38.6	30.15	62.27	74.24	44.55	96.05	34.06	60.21	20.62	82.33	14.04	80.53	10.05	40.11	80.96	79.25	32.8	46.69	43.42	58.69	45.4	38.28	55.9	27.17	20.62	50.04	36.4	61.72	53.34	69.97	59.01	26.17	80.72	3.16	76.9	54.15	51.89	50.45	30.27	55.66	46.32	59.51	22.02	47.41	45.88	50.8	45.71	53.14	42.01	34.99	57.38	10.44	36.4	20.1	26.0	80.62	48.83	64.4	73.79	59.03	62.97	56.08	53.85	34.53	51.43	67.45	50.77	13.0	68.01	52.0	50.99	61.52	60.64	69.03	60.46	54.38	67.05	69.07	34.41	74.28	61.03	71.87	44.28	43.42	53.01	44.72	54.41	53.0	42.38	
90.47	62.64	101.79	73.25	40.26	113.6	26.57	60.31	122.29	36.4	43.01	29.12	100.8	70.09	80.78	91.68	81.06	69.29	46.04	59.14	61.2	103.08	58.9	0.0	67.74	87.32	58.0	100.44	121.83	101.26	59.77	117.89	61.85	12.04	49.37	35.0	71.0	45.89	69.64	75.31	63.29	80.5	65.49	26.63	13.0	32.02	45.79	58.01	13.93	86.01	42.2	73.39	60.3	85.48	75.71	76.06	83.19	95.02	83.86	91.79	40.11	56.44	42.49	62.8	114.74	95.6	20.4	30.41	96.3	9.22	104.89	45.4	15.81	65.79	87.66	36.35	84.39	49.82	83.52	19.92	62.97	95.82	87.86	38.48	38.28	93.61	40.52	89.83	97.08	37.44	62.01	63.53	71.18	64.85	13.6	82.76	74.97	67.36	101.98	100.69	67.07	14.87	68.03	62.01	72.45	106.78	71.55	65.19	101.52	79.93	53.91	77.79	22.8	64.13	61.19	104.05	90.61	32.98	78.1	24.76	82.66	70.58	77.28	49.09	89.56	64.54	107.45	82.23	54.23	41.34	43.91	95.27	35.61	75.0	21.93	97.02	22.14	80.62	43.93	19.42	93.54	53.15	106.21	16.03	79.85	28.16	82.97	125.8	63.53	13.89	118.11	63.25	24.21	83.73	44.38	63.41	30.02	36.62	86.59	82.02	86.15	96.88	42.76	21.26	21.38	70.21	37.2	68.07	39.12	67.96	92.76	50.12	28.28	53.85	41.3	28.16	96.42	26.17	105.55	66.0	117.46	39.62	94.02	7.62	80.8	38.83	40.31	82.86	94.54	85.91	83.93	50.57	81.99	21.93	61.62	36.62	44.01	108.23	108.89	85.96	31.76	79.56	63.64	36.88	104.35	32.56	75.06	46.0	20.62	39.12	77.62	115.97	55.57	92.46	50.33	78.24	59.41	17.12	15.65	21.59	92.96	121.66	114.98	73.44	39.2	86.83	59.46	108.37	54.2	122.59	58.08	48.26	48.7	27.78	81.5	6.4	85.51	105.02	42.44	24.76	17.09	5.83	16.0	57.22	100.66	46.49	25.08	54.45	110.54	88.32	
52.8	17.12	50.04	33.02	31.4	46.67	55.0	21.95	55.97	32.56	64.26	52.43	46.04	20.59	13.04	49.98	44.42	59.41	61.0	16.12	30.15	37.2	22.36	67.74	0.0	22.85	16.76	47.0	56.61	48.0	17.03	50.22	77.16	75.43	65.51	79.31	68.26	67.74	60.41	26.4	69.86	34.06	43.57	71.4	75.29	71.02	61.98	63.32	71.51	45.61	26.0	14.87	68.71	37.48	24.84	11.4	54.56	30.41	39.92	26.08	61.2	28.07	25.61	73.16	47.01	29.21	82.88	37.44	36.4	76.54	45.35	64.78	83.24	57.14	33.29	37.2	29.15	19.42	62.97	87.24	18.6	72.9	64.82	55.95	79.06	36.12	49.77	30.27	39.92	79.1	24.41	5.39	64.07	13.34	80.45	61.62	49.65	42.95	37.59	48.01	68.88	82.1	68.48	64.88	46.67	43.86	6.71	60.9	34.48	23.19	17.0	21.38	65.31	53.85	52.35	73.82	32.14	50.09	55.97	44.38	15.62	45.61	27.66	31.58	29.73	49.25	41.23	27.2	80.41	61.47	23.85	28.64	36.67	70.46	66.71	62.01	85.8	33.3	46.49	64.03	26.0	72.28	39.7	82.29	16.76	43.86	61.1	58.73	65.03	53.85	55.46	45.49	91.81	52.35	24.76	24.21	59.21	37.34	61.74	44.1	87.66	34.79	50.49	76.92	77.79	24.6	103.08	56.04	79.03	2.24	62.43	35.17	82.98	31.95	34.48	83.63	58.14	43.08	45.61	65.76	55.54	65.12	28.02	67.12	14.76	36.12	43.86	55.0	39.36	31.06	92.28	79.76	39.81	89.31	20.25	74.79	74.24	41.87	46.1	43.08	73.33	24.21	44.28	34.71	38.83	64.07	72.95	37.0	55.17	37.22	55.17	53.23	32.7	26.93	41.76	11.66	70.71	62.64	77.25	77.1	36.67	59.03	55.36	76.16	54.15	29.07	55.04	43.57	15.13	55.0	38.0	41.23	52.39	59.64	49.65	67.2	32.2	45.12	63.32	43.86	84.6	68.01	77.23	30.02	35.85	73.55	60.83	42.19	45.49	60.46	
41.11	38.64	31.02	28.64	53.85	26.83	77.39	29.73	35.0	54.2	87.09	74.95	25.96	39.01	14.14	36.77	60.64	80.02	69.72	38.6	51.35	15.81	31.02	87.32	22.85	0.0	29.68	27.51	34.66	28.46	39.29	32.98	82.1	96.17	73.33	92.35	68.66	76.79	81.02	42.58	73.33	48.76	64.03	93.74	96.18	93.65	84.76	68.03	92.76	60.08	45.28	31.06	73.11	50.33	40.61	24.08	71.59	7.81	28.84	25.5	71.81	50.22	47.01	77.23	32.06	9.22	104.0	58.0	40.46	95.6	23.09	73.82	102.2	78.16	43.38	59.68	14.42	37.54	81.05	106.02	26.0	89.29	57.45	78.79	91.21	16.16	72.62	10.3	45.61	91.48	29.83	28.23	63.79	34.53	100.57	55.9	68.36	63.0	15.0	28.79	70.86	102.07	70.04	68.26	43.68	21.02	24.19	62.65	26.4	12.17	33.42	13.0	80.53	55.44	55.15	87.85	12.53	63.69	74.55	62.8	9.06	65.07	42.95	42.72	36.36	70.11	20.25	39.22	88.2	84.31	44.69	24.21	53.0	69.64	88.81	75.77	106.79	47.8	69.29	80.06	18.6	94.92	19.24	100.69	26.93	65.8	79.08	38.95	86.7	73.66	32.65	47.17	111.52	68.88	46.87	28.64	72.8	52.84	78.85	59.91	86.03	12.17	60.64	93.02	99.49	43.05	123.76	56.09	90.96	21.47	77.79	44.64	105.0	40.26	57.25	105.6	71.18	61.4	23.19	67.74	32.7	75.93	7.28	85.45	8.25	51.0	66.71	47.89	46.87	41.63	92.44	88.57	30.02	109.22	27.86	97.53	84.34	21.1	23.26	31.4	86.65	37.36	65.12	51.31	17.03	76.84	72.53	59.81	77.01	59.94	50.7	30.41	39.81	5.39	49.82	11.4	92.96	79.26	94.67	98.86	44.1	36.24	32.76	76.9	65.25	38.01	76.79	21.26	33.24	37.0	59.68	63.89	75.0	82.15	66.49	87.69	43.46	46.75	86.16	62.63	103.6	88.41	98.35	51.97	13.45	82.87	75.64	64.33	23.35	51.87	
43.42	28.43	47.13	22.2	30.15	56.44	51.87	6.71	64.64	28.16	65.38	50.0	44.78	34.71	27.07	42.01	58.05	68.01	44.41	25.24	39.82	45.49	6.4	58.0	16.76	29.68	0.0	44.94	63.89	45.88	26.63	61.85	60.41	67.48	48.84	64.13	52.2	51.24	68.95	41.23	53.23	49.04	53.23	67.62	67.62	68.62	64.07	46.62	64.64	60.14	17.0	30.89	52.0	53.01	40.0	28.16	67.2	37.2	32.02	42.11	45.0	35.85	21.38	56.46	59.77	38.47	75.6	30.02	53.16	66.07	47.43	48.26	72.62	65.15	49.65	35.51	27.29	9.49	74.43	76.4	6.08	85.45	51.88	56.44	63.51	36.36	51.09	32.02	56.65	63.64	9.85	17.2	48.27	26.17	71.42	48.02	61.06	53.24	44.05	45.54	52.48	72.84	52.15	48.3	32.76	48.8	23.41	44.65	49.25	22.2	5.1	20.0	51.26	37.8	36.06	87.78	33.02	34.93	67.23	33.3	26.93	56.44	42.8	15.03	46.49	57.94	49.93	43.42	63.79	62.39	18.44	44.01	23.32	54.67	62.17	76.37	78.24	48.41	49.01	50.57	40.31	75.03	48.88	71.03	33.53	39.56	72.72	68.6	71.39	44.6	60.21	29.73	82.13	65.44	23.02	10.44	44.15	23.26	74.06	58.0	71.84	38.9	34.06	63.56	71.87	38.18	94.85	40.36	63.39	15.3	75.93	18.44	77.9	15.23	35.01	78.39	72.92	31.89	48.01	49.4	59.67	49.01	36.72	55.8	24.35	21.54	45.04	42.54	55.95	47.41	76.01	63.29	31.02	79.93	6.08	73.08	58.01	50.77	50.93	35.0	58.25	40.31	53.31	21.63	46.62	48.66	57.01	40.2	50.09	37.12	41.34	58.05	16.12	34.99	25.0	22.56	75.24	49.65	65.0	71.34	53.31	63.78	57.69	59.91	38.01	45.69	61.61	50.45	7.07	66.21	45.88	45.4	56.14	56.92	62.63	58.9	48.37	61.85	64.38	33.24	74.03	59.55	70.0	38.08	42.8	57.14	46.49	48.51	52.63	48.47	
