200
0.0	28.0	35.85	26.57	44.91	53.0	16.03	19.31	39.62	54.38	8.06	4.12	36.12	20.62	27.46	38.95	60.37	29.97	56.22	28.79	22.8	47.71	52.04	21.54	40.8	16.76	32.65	49.65	20.59	46.04	8.06	42.45	46.04	46.67	38.42	1.41	43.29	44.15	26.57	48.02	57.31	27.66	37.01	65.19	55.44	31.02	21.02	20.81	25.0	30.81	51.62	68.45	23.02	33.6	23.35	25.3	43.57	14.04	59.91	14.56	47.43	9.06	23.02	51.0	66.61	37.22	32.8	42.58	45.1	54.13	44.42	60.14	67.36	45.28	63.7	19.31	18.11	32.76	15.52	18.03	58.14	41.77	40.61	43.28	14.04	46.1	24.04	17.72	48.3	10.0	54.38	16.28	45.88	54.64	26.93	45.28	42.05	57.38	32.76	27.2	21.93	52.01	46.1	34.67	46.52	55.32	30.15	35.69	47.01	52.4	56.64	37.48	18.87	44.78	27.59	38.63	62.1	53.71	23.43	55.07	41.23	34.83	39.12	34.93	69.03	44.94	40.31	64.35	41.77	64.2	43.17	12.04	26.08	48.47	33.84	3.16	55.8	55.23	33.62	5.0	42.95	22.47	31.02	63.15	48.17	48.1	22.36	67.2	46.62	47.01	63.98	25.0	15.65	32.56	68.01	35.61	34.71	65.76	40.36	19.1	43.42	35.74	23.19	54.15	37.8	36.88	34.99	22.56	52.7	36.4	35.44	28.46	66.71	43.57	58.9	45.0	41.23	28.07	18.11	36.8	24.02	63.57	33.38	33.97	33.11	52.63	17.03	35.01	19.65	45.54	46.53	23.02	28.28	45.79	56.86	32.02	54.71	41.48	44.72	26.08	
28.0	0.0	32.57	31.4	47.93	45.0	12.04	39.36	27.02	73.25	32.76	32.02	58.59	17.69	26.42	61.29	37.48	30.89	76.84	32.45	50.36	67.2	24.08	28.28	61.59	36.67	55.01	22.47	14.14	52.84	30.08	17.03	52.84	69.35	30.27	27.02	54.2	46.62	44.65	28.18	43.42	23.26	45.8	40.22	76.28	48.6	49.01	46.57	47.42	55.97	27.59	44.69	51.01	20.02	47.17	52.61	37.34	30.41	33.54	27.78	29.15	19.03	5.1	68.77	46.87	56.86	57.58	15.65	54.64	55.66	25.08	45.88	49.65	33.14	47.01	27.66	31.62	17.0	35.34	44.15	30.27	15.26	13.89	65.0	14.04	48.47	51.48	28.6	43.42	34.93	73.25	44.1	46.49	45.1	33.42	64.2	14.14	53.34	58.52	32.8	19.21	34.54	42.95	19.03	42.76	38.63	39.05	9.9	37.01	39.62	43.17	26.02	24.08	39.46	51.08	55.32	35.78	30.41	18.03	33.6	15.62	56.82	46.32	62.51	50.25	43.68	35.9	43.6	15.26	38.59	17.2	31.38	54.04	46.1	59.14	27.17	75.8	39.22	53.54	24.19	55.97	29.0	33.62	36.06	32.98	71.12	49.03	47.71	28.79	63.7	40.36	23.85	42.58	56.46	53.76	60.17	62.39	43.14	63.98	47.04	23.26	62.97	38.6	26.31	30.41	11.31	60.73	31.83	44.01	29.61	62.8	33.02	48.76	63.01	46.1	53.0	18.87	2.0	10.2	59.48	52.01	38.28	40.22	25.5	33.11	65.44	31.91	63.01	29.83	57.01	19.31	15.81	52.0	39.2	37.22	26.25	29.41	55.87	40.79	36.77	
35.85	32.57	0.0	56.72	75.54	17.2	30.07	28.18	11.7	90.21	43.91	37.2	71.61	18.11	54.08	44.05	68.26	58.22	54.57	58.55	47.17	44.91	47.38	14.87	76.55	52.33	68.24	38.6	21.0	21.93	29.83	47.89	78.64	51.04	6.08	36.24	77.49	74.43	62.17	60.54	23.71	52.0	18.03	69.03	91.02	29.07	50.45	55.44	34.79	44.92	32.31	74.4	52.01	14.21	58.82	47.89	7.81	48.1	43.08	47.13	21.38	33.24	32.39	44.27	36.88	37.01	67.36	33.94	78.85	84.29	57.58	26.42	35.47	13.15	79.48	50.22	51.55	17.2	27.2	39.12	48.26	45.28	43.91	78.82	32.25	16.12	47.51	19.1	12.65	33.24	49.34	44.05	75.17	19.1	58.05	81.12	40.8	84.1	48.08	57.87	16.12	23.02	73.01	16.28	11.18	71.17	15.03	29.41	12.53	72.03	22.83	57.71	47.68	8.94	63.01	74.25	63.03	32.28	16.0	30.27	30.41	40.2	17.0	65.0	37.95	73.03	4.47	36.22	32.53	66.71	31.89	47.01	55.0	76.0	47.54	32.76	52.89	23.77	69.46	31.3	29.15	52.95	60.41	61.52	18.03	83.1	43.42	37.11	20.4	82.73	70.46	51.09	40.0	42.95	86.33	46.87	64.4	40.0	75.29	49.58	22.36	66.84	57.94	45.0	61.2	29.21	49.73	15.81	17.03	60.13	56.08	58.69	81.02	41.44	78.59	22.8	51.08	34.48	33.0	72.2	52.8	43.17	65.31	56.22	61.13	87.66	50.92	61.91	17.69	28.65	47.2	18.03	39.56	10.0	29.02	56.04	36.77	30.36	9.22	59.2	
26.57	31.4	56.72	0.0	19.0	72.53	26.93	45.88	55.71	43.42	22.2	29.07	33.06	38.64	6.32	64.35	45.04	4.47	81.84	2.24	43.84	73.82	48.76	45.01	33.96	16.64	30.0	51.86	36.14	71.34	34.48	34.93	22.14	71.61	57.01	25.3	22.8	18.03	18.0	32.0	73.41	9.85	62.51	52.04	47.54	57.58	38.42	29.07	51.0	54.82	58.8	53.15	40.0	48.47	26.25	46.67	63.56	13.6	63.25	12.08	60.03	24.0	27.78	77.39	78.24	63.51	35.36	45.97	23.32	28.07	29.07	76.06	80.78	62.03	42.05	7.28	9.9	46.1	42.06	42.44	56.94	36.24	35.85	37.85	24.52	70.01	45.25	42.19	69.23	36.25	80.53	37.54	19.42	73.38	2.24	34.93	40.22	30.87	55.97	1.41	40.61	65.37	19.72	48.33	67.9	34.79	55.33	41.23	65.15	29.53	73.01	18.03	9.06	65.31	28.44	25.5	51.79	61.72	41.0	65.0	46.75	60.54	64.28	46.24	81.54	18.38	61.0	75.0	45.97	52.24	48.1	16.4	41.88	21.93	57.49	29.12	81.63	69.77	26.31	28.44	69.38	4.12	4.47	54.57	63.07	44.72	45.45	79.06	59.54	33.29	49.04	7.81	39.41	57.43	44.41	59.82	46.62	74.41	39.05	36.24	54.38	45.22	12.17	53.54	14.87	42.64	58.05	47.17	71.84	13.6	55.44	2.0	45.69	69.77	35.23	70.58	30.36	29.83	24.7	34.06	40.8	68.68	8.94	14.0	7.07	34.06	11.31	50.12	44.18	71.81	41.15	39.29	53.54	65.73	68.51	11.0	60.11	68.01	65.92	7.07	
44.91	47.93	75.54	19.0	0.0	91.01	45.54	64.03	73.76	38.05	39.22	46.84	37.12	57.43	21.84	80.96	48.1	17.46	98.39	17.03	58.83	91.0	60.11	64.01	34.79	31.3	35.51	65.6	54.74	90.27	52.95	45.97	7.28	87.71	75.5	43.74	14.04	1.41	26.17	37.22	91.08	24.7	81.39	56.08	44.01	75.69	52.43	41.23	68.35	70.71	74.09	55.08	53.6	66.48	36.8	61.59	82.2	31.05	76.69	30.41	77.08	43.0	45.22	94.92	94.41	80.99	42.44	60.75	12.04	9.22	35.81	93.64	97.51	80.08	38.01	26.08	26.93	63.89	60.42	59.09	68.59	48.17	48.27	38.6	43.29	89.01	60.21	61.13	87.97	54.12	97.69	53.24	4.0	91.68	18.11	32.39	53.41	15.81	71.34	18.03	59.41	82.46	10.2	66.1	86.7	33.96	74.24	57.25	83.43	26.48	90.76	25.46	28.02	84.01	36.88	24.35	58.18	77.18	59.68	81.01	62.27	77.47	83.22	56.08	97.95	7.28	79.76	90.92	61.06	57.27	63.29	33.53	54.67	9.06	73.06	47.68	98.41	87.09	30.02	47.27	87.86	23.02	15.13	61.91	80.65	45.35	61.29	95.29	76.69	28.02	51.87	24.74	55.95	73.79	36.67	75.66	56.73	89.59	42.54	50.48	71.18	54.2	24.19	65.8	19.8	58.59	73.25	66.12	90.24	19.85	69.03	17.0	42.01	87.09	29.02	89.45	40.31	46.1	42.95	38.01	54.2	82.62	11.7	23.6	14.87	23.09	28.16	61.52	63.13	90.43	52.33	57.87	70.26	84.34	84.97	21.95	74.63	86.35	84.72	19.31	
53.0	45.0	17.2	72.53	91.01	0.0	45.61	44.2	18.03	107.38	61.06	54.41	88.81	34.18	69.23	56.32	76.55	73.55	63.01	74.22	63.41	54.23	52.77	32.02	93.74	69.35	85.45	42.54	36.4	26.02	47.01	57.49	94.64	62.17	15.52	53.34	93.98	89.82	79.18	71.2	11.4	66.75	28.16	75.58	108.23	42.15	67.21	72.62	49.74	59.48	32.8	81.44	68.68	25.02	76.03	63.82	9.43	64.88	42.43	63.69	21.1	49.77	46.27	52.0	26.68	48.76	84.5	40.5	95.19	99.46	68.73	13.04	23.02	12.37	90.03	66.41	68.15	28.0	43.86	55.44	50.8	54.57	53.37	96.02	48.08	18.0	63.6	36.24	6.32	50.25	57.01	60.83	90.26	3.0	74.04	98.27	49.04	98.18	62.61	73.76	32.31	18.38	87.46	26.02	8.54	82.2	29.15	38.64	8.06	84.29	10.44	71.01	63.6	8.49	80.21	91.24	68.88	31.14	31.62	26.91	37.0	53.14	25.71	81.57	26.08	87.82	12.81	27.86	39.22	72.9	37.7	63.95	71.59	90.55	61.74	49.93	61.0	15.26	86.61	48.37	37.12	68.96	75.93	66.37	15.26	100.26	59.41	26.48	20.59	99.76	78.0	66.29	56.64	56.86	97.49	60.54	80.92	33.11	92.46	66.47	26.0	83.55	74.73	48.55	75.17	37.85	63.98	32.53	1.41	74.24	71.2	74.46	90.96	51.62	90.55	28.0	61.81	47.0	48.05	89.4	69.43	40.0	81.32	70.18	76.3	104.39	67.62	78.01	34.71	35.0	55.03	33.24	54.12	7.21	23.02	70.46	36.88	39.32	9.43	75.61	
16.03	12.04	30.07	26.93	45.54	45.61	0.0	28.6	29.07	65.07	21.54	20.0	48.83	12.0	24.02	50.48	47.2	28.16	66.71	28.64	38.33	57.31	36.12	20.62	52.5	27.02	45.22	33.73	9.22	47.13	18.38	27.73	49.04	58.52	30.08	15.13	48.75	44.41	36.07	36.07	47.01	22.09	39.0	51.0	67.36	38.9	37.05	35.47	36.36	44.38	36.72	54.92	39.05	21.95	36.72	40.61	36.67	21.21	44.27	19.21	34.71	7.28	7.28	59.46	53.74	46.75	46.96	26.68	49.77	54.23	32.56	49.74	55.44	35.34	53.82	21.02	23.6	20.0	24.41	32.28	42.11	26.57	25.3	55.61	2.83	44.41	39.46	19.42	42.43	23.09	63.64	32.06	45.1	46.49	28.46	55.87	26.17	54.33	46.82	28.16	14.0	39.82	43.1	22.2	41.19	45.22	31.78	19.92	38.28	44.28	46.53	29.15	18.03	38.47	40.82	47.63	47.17	39.12	14.14	41.23	25.63	46.04	40.16	50.8	56.64	43.0	34.23	50.99	25.96	49.66	27.51	21.4	42.11	46.04	47.54	15.13	65.86	43.83	44.6	12.17	48.02	23.41	30.41	47.8	36.89	61.29	37.11	54.45	34.06	56.22	50.48	21.02	30.59	45.18	59.54	48.75	50.64	51.61	53.85	35.13	29.73	51.42	30.61	38.12	31.78	21.19	49.04	23.71	44.92	30.59	50.8	28.86	56.22	53.08	50.99	46.82	27.8	12.37	3.61	49.65	40.05	48.33	35.74	26.93	31.06	59.54	23.43	51.04	21.1	49.65	31.05	12.37	40.71	38.83	43.84	26.31	39.4	47.43	39.2	30.41	
19.31	39.36	28.18	45.88	64.03	44.2	28.6	0.0	37.11	67.68	25.18	17.26	48.1	23.54	46.53	21.95	75.8	49.24	38.21	48.1	19.21	29.07	62.3	15.13	53.76	34.06	45.22	56.89	26.25	29.41	11.66	56.08	64.63	30.02	33.24	20.62	61.03	63.32	43.05	64.44	51.88	46.32	20.62	79.4	67.12	11.7	23.6	31.62	8.25	18.0	55.01	83.49	24.84	34.06	36.14	19.72	35.51	32.98	65.07	33.84	46.87	24.84	35.51	31.91	64.51	18.44	42.49	50.22	63.13	73.25	60.88	54.59	63.56	40.85	81.47	38.63	37.11	35.01	4.24	11.31	66.49	54.59	53.24	55.15	28.32	31.91	19.42	12.04	38.29	10.05	35.61	17.49	65.15	46.62	46.17	59.2	52.92	76.69	21.02	46.49	23.19	50.0	65.39	36.01	36.12	72.92	15.62	43.42	40.71	70.8	51.0	55.61	38.01	35.81	39.85	54.45	75.13	56.14	25.18	55.73	47.68	17.49	23.26	37.48	65.92	64.26	31.91	63.32	49.03	77.9	49.65	30.59	27.59	67.78	21.02	17.0	37.48	51.62	48.05	18.6	24.08	41.79	50.33	75.24	45.22	58.18	15.26	64.85	45.89	62.17	79.06	43.91	13.04	17.46	86.4	21.38	36.8	66.29	50.54	23.32	45.1	39.62	41.19	62.59	56.6	44.15	23.0	12.65	44.41	55.23	28.16	47.76	84.17	24.84	77.42	27.89	56.4	40.31	32.02	48.47	25.5	67.07	52.39	52.43	52.39	69.26	35.9	33.84	12.04	27.0	58.6	26.48	13.15	37.44	55.79	50.77	59.01	22.36	34.83	44.91	
39.62	27.02	11.7	55.71	73.76	18.03	29.07	37.11	0.0	93.24	47.38	42.01	75.66	19.1	51.92	55.04	59.51	56.32	66.22	57.25	55.15	56.52	37.01	22.14	80.06	54.82	72.14	27.59	20.25	33.02	35.51	39.85	77.83	62.29	5.83	39.6	77.82	72.53	64.4	53.37	18.03	49.24	29.73	59.36	94.85	40.05	57.31	60.31	44.55	54.74	20.62	65.0	59.06	7.28	62.94	56.3	11.66	49.65	31.38	48.02	10.0	34.41	28.64	55.97	27.73	48.26	72.35	23.85	78.79	82.0	50.8	20.81	27.8	6.32	72.28	50.09	52.48	10.05	35.11	47.17	37.01	37.0	35.74	82.76	31.76	26.17	55.71	26.0	17.46	39.82	61.03	51.0	72.78	18.11	57.38	84.02	31.78	80.31	57.87	57.01	17.69	13.0	69.72	8.0	17.49	64.33	26.17	20.88	10.0	66.27	17.49	53.04	47.01	13.89	67.18	76.28	53.01	20.62	16.28	19.0	20.25	51.0	28.64	72.07	29.68	70.21	12.04	26.25	22.47	56.86	21.4	49.2	62.18	72.84	57.56	36.88	64.56	15.62	72.47	34.66	40.85	52.39	58.82	51.09	8.6	87.73	51.87	28.18	9.0	84.88	61.29	49.04	47.42	53.24	79.62	57.22	71.59	29.27	79.98	56.08	10.82	73.57	59.36	33.97	57.31	20.25	59.68	24.52	17.0	56.44	65.25	57.58	73.38	52.95	72.56	34.13	43.93	29.02	31.02	76.37	59.94	31.58	64.62	52.35	58.94	88.59	52.15	69.86	25.3	40.25	38.01	17.2	49.5	13.0	18.68	52.77	25.08	42.06	15.81	59.48	
54.38	73.25	90.21	43.42	38.05	107.38	65.07	67.68	93.24	0.0	46.32	53.24	19.65	74.2	49.65	75.06	85.15	46.1	90.2	43.38	52.47	86.05	92.18	75.66	13.93	38.42	22.47	94.87	73.11	97.08	60.83	78.26	31.0	79.1	92.66	54.08	24.19	39.12	29.0	73.08	111.21	53.24	88.26	92.89	6.71	77.13	45.71	36.06	67.47	64.12	100.77	92.57	45.4	86.56	31.78	54.23	97.94	43.86	106.25	45.97	99.76	58.9	68.77	91.14	118.8	78.64	26.17	88.6	26.02	40.61	70.84	114.02	120.42	99.2	76.06	45.61	41.77	84.96	65.92	57.72	100.34	79.65	79.26	13.04	62.24	99.01	53.34	71.59	102.58	58.69	92.0	50.7	42.05	109.0	41.18	9.22	83.53	51.48	63.01	42.06	75.8	104.8	48.17	87.11	100.72	71.7	82.46	83.1	101.26	64.38	110.6	59.46	49.2	99.13	27.86	18.03	93.92	103.48	77.01	106.1	88.87	73.33	90.82	38.33	121.7	45.18	94.67	115.97	88.41	93.68	90.43	44.05	44.1	47.01	65.01	57.45	91.09	108.58	20.81	59.08	90.24	44.65	43.46	97.14	101.53	14.32	56.72	119.52	99.09	10.44	89.05	51.11	55.08	68.18	74.17	68.01	39.32	116.18	19.03	45.12	94.75	35.36	34.71	96.9	54.41	84.5	64.01	76.03	107.07	53.76	56.22	42.49	80.06	83.22	67.01	95.51	73.41	72.01	64.38	19.42	45.28	111.4	36.4	56.08	45.88	16.76	41.73	45.4	73.36	93.62	84.53	76.06	66.61	100.17	108.9	53.31	102.62	87.86	98.98	36.89	
8.06	32.76	43.91	22.2	39.22	61.06	21.54	25.18	47.38	46.32	0.0	8.0	28.28	28.28	24.84	42.19	61.35	26.25	59.68	24.41	22.2	51.89	56.22	29.55	32.8	9.06	24.76	55.08	27.8	53.34	15.3	45.18	39.46	49.41	46.4	7.81	36.01	38.63	18.68	48.47	65.19	26.08	44.28	66.94	47.51	36.67	18.03	13.93	29.15	32.65	58.14	69.57	19.92	41.11	15.62	25.0	51.62	8.6	65.79	10.63	54.82	14.32	27.66	55.71	74.03	41.79	25.55	48.08	38.01	48.38	44.94	68.01	75.01	53.15	62.43	15.56	12.53	40.0	22.0	20.25	62.97	45.01	44.0	35.38	18.97	53.85	23.6	25.63	56.36	15.13	58.6	15.62	40.72	62.68	21.95	37.22	46.27	52.84	33.94	22.47	29.73	59.55	41.88	42.01	54.56	54.38	37.66	41.44	55.0	50.45	64.54	36.36	16.64	52.84	19.85	30.68	64.63	60.42	31.11	62.13	47.17	38.47	46.53	30.02	76.58	40.31	48.37	71.61	47.43	66.29	49.04	5.83	22.56	43.91	35.38	11.18	59.54	62.94	25.55	12.81	49.25	18.44	26.63	66.19	55.87	40.46	23.35	74.65	54.04	39.0	65.15	23.02	17.2	35.23	65.86	37.64	30.0	72.72	32.8	15.81	50.48	30.27	16.03	59.03	35.47	42.72	36.07	30.36	60.75	34.06	34.48	23.85	65.73	47.93	56.64	52.15	42.95	32.39	22.56	29.0	20.88	69.86	27.51	32.45	29.21	44.91	11.18	31.58	27.51	52.09	50.0	30.48	31.38	53.85	64.2	30.0	60.93	47.52	52.77	19.92	
4.12	32.02	37.2	29.07	46.84	54.41	20.0	17.26	42.01	53.24	8.0	0.0	34.41	23.32	30.61	35.61	64.4	32.76	53.01	31.3	18.68	44.78	56.08	22.47	39.45	17.03	31.06	53.46	23.77	45.4	7.62	46.57	47.38	43.19	40.31	5.39	44.01	46.17	26.48	51.97	59.41	31.11	36.35	69.29	53.82	28.86	17.12	18.38	21.95	27.02	55.03	72.5	19.1	36.36	21.63	21.19	45.0	15.81	63.56	17.0	50.25	13.15	27.07	48.33	69.34	34.44	30.41	46.39	46.01	56.04	48.37	62.24	69.81	47.42	67.36	21.95	19.92	35.78	14.0	14.21	62.07	45.89	44.72	41.62	18.11	46.17	19.92	18.36	49.4	7.28	51.48	12.17	48.1	56.22	29.15	44.28	46.1	59.93	28.84	29.55	24.41	54.64	48.76	37.59	47.51	59.03	29.83	39.46	48.84	55.87	58.69	41.11	22.02	46.04	25.81	38.33	66.22	57.01	26.08	58.14	44.91	31.62	38.64	31.32	71.61	47.42	41.62	67.23	45.54	68.31	46.87	13.34	22.2	50.99	30.0	5.39	52.7	57.63	32.7	8.25	41.3	25.06	33.54	67.27	50.61	46.01	18.36	69.89	49.4	46.49	68.03	28.32	11.66	29.0	71.45	31.89	31.05	68.88	38.21	15.3	46.52	32.31	24.02	58.08	41.11	40.61	31.06	22.85	54.2	39.7	31.32	30.87	70.43	40.71	62.29	44.18	45.31	32.14	22.2	35.0	20.1	67.05	35.17	37.48	35.85	52.77	18.68	31.06	20.12	44.1	50.64	25.94	24.84	47.2	59.68	35.38	58.24	39.62	45.79	27.66	
36.12	58.59	71.61	33.06	37.12	88.81	48.83	48.1	75.66	19.65	28.28	34.41	0.0	56.57	39.2	56.04	78.0	37.0	71.85	34.0	33.06	67.03	80.01	56.86	6.0	21.95	3.61	80.96	55.97	77.49	41.88	66.94	32.2	60.67	74.52	36.07	24.84	37.58	15.13	65.03	93.43	42.43	68.71	85.09	19.42	57.49	26.17	16.55	47.85	45.01	85.44	86.02	26.02	69.35	12.81	35.0	79.4	28.18	92.13	30.87	82.98	42.01	53.71	72.0	102.18	59.21	7.28	74.24	27.66	43.6	62.13	96.26	103.28	81.39	72.78	32.28	27.51	68.12	46.52	38.08	87.66	67.72	67.05	7.21	46.04	79.62	34.01	52.7	83.76	39.36	73.17	31.05	40.72	90.6	31.02	12.04	70.58	52.84	44.18	32.02	58.0	87.78	45.54	70.18	81.84	66.61	63.07	68.1	83.1	60.21	92.76	51.01	35.74	80.45	8.6	13.45	84.72	87.92	59.4	90.0	73.93	54.04	71.31	21.47	104.8	42.72	76.03	99.64	73.82	85.29	75.66	27.46	25.08	45.69	46.17	39.05	72.56	91.22	7.28	41.04	70.61	32.56	35.06	87.3	84.15	12.53	37.22	102.83	82.22	16.76	82.0	39.62	35.44	49.0	73.05	49.16	22.36	100.44	6.0	25.5	78.41	18.87	21.38	83.93	47.1	69.46	45.4	56.94	88.6	46.04	38.33	33.0	76.69	64.01	64.56	75.89	62.97	57.7	48.88	1.0	26.0	96.75	29.61	47.04	38.12	26.4	26.93	28.23	54.38	73.98	72.8	58.73	47.17	81.61	92.31	44.05	87.82	68.25	80.16	26.02	
20.62	17.69	18.11	38.64	57.43	34.18	12.0	23.54	19.1	74.2	28.28	23.32	56.57	0.0	36.01	44.94	55.17	40.11	59.68	40.45	38.64	49.93	39.0	10.63	60.96	35.81	53.04	33.38	3.61	35.85	17.72	34.66	60.64	52.92	18.79	20.52	59.81	56.32	45.49	45.49	37.01	34.06	28.3	57.63	75.74	31.38	39.56	41.4	31.78	41.3	32.56	62.29	41.44	13.04	43.86	40.31	25.0	30.89	42.05	29.55	26.93	15.65	15.65	51.22	46.04	39.82	53.41	26.68	61.03	66.19	42.19	39.82	46.75	25.0	64.01	32.28	34.01	12.65	20.1	31.14	42.95	32.65	31.24	63.66	14.14	32.56	39.46	11.7	30.59	22.56	55.8	33.53	57.08	35.34	40.02	65.0	30.02	66.27	44.18	39.81	2.0	31.4	55.08	14.32	29.27	55.47	21.4	19.92	27.29	55.36	36.4	40.52	29.61	26.68	48.1	57.45	52.7	34.21	2.83	34.93	24.19	40.5	29.07	54.23	48.41	55.0	22.36	43.91	25.5	55.8	26.17	30.23	44.6	58.03	44.41	18.03	58.52	34.66	53.41	15.62	38.29	34.93	42.3	52.35	27.59	68.68	36.12	46.62	26.08	66.04	58.0	33.02	30.59	41.0	70.26	44.91	53.85	45.69	60.96	38.08	23.41	55.46	40.71	39.05	43.57	20.62	46.27	14.21	33.62	42.43	50.09	40.61	66.04	45.79	62.03	35.78	36.4	19.21	15.13	57.28	42.38	44.72	47.3	38.64	43.05	70.26	33.54	52.89	12.53	39.41	36.06	3.0	36.67	27.2	36.36	38.21	36.22	38.18	27.29	41.44	
27.46	26.42	54.08	6.32	21.84	69.23	24.02	46.53	51.92	49.65	24.84	30.61	39.2	36.01	0.0	66.22	39.2	4.47	83.6	6.4	47.01	75.17	42.54	43.57	40.26	21.19	36.06	46.01	33.14	70.21	34.89	28.64	26.42	73.76	53.76	26.08	28.28	20.62	24.08	26.08	69.29	3.61	61.61	46.0	53.85	58.14	42.19	33.84	52.43	57.28	53.41	47.38	43.91	44.64	31.58	49.82	60.53	16.64	57.38	14.21	55.46	22.8	23.41	78.39	73.25	64.66	41.11	40.36	28.43	30.27	23.0	71.87	76.06	58.24	37.74	9.43	13.93	42.06	42.49	44.6	50.77	30.02	29.68	44.15	22.02	68.18	48.41	41.23	66.37	37.44	81.84	40.46	21.1	69.86	8.54	41.23	34.21	30.81	58.73	7.62	38.01	60.84	19.42	44.27	65.19	29.97	54.34	36.06	61.61	25.61	68.95	12.37	8.6	62.39	34.13	31.78	45.54	56.4	38.12	59.91	41.4	62.2	63.15	51.24	76.66	19.03	58.22	69.89	40.46	46.1	42.64	19.42	46.07	22.2	60.11	29.53	83.23	65.39	32.56	28.23	69.29	7.28	7.21	48.27	58.87	50.99	48.1	74.09	55.04	39.45	43.19	3.0	41.73	59.55	41.04	62.24	51.55	69.03	45.18	39.96	49.65	50.45	18.0	47.43	10.63	37.44	60.88	46.1	68.45	9.22	59.08	7.21	41.18	71.02	31.83	69.63	24.04	24.7	21.21	40.2	44.78	62.94	14.14	8.25	7.07	39.6	15.23	54.63	43.17	71.47	34.89	36.22	55.44	62.65	63.63	5.39	54.49	68.15	63.2	13.34	
38.95	61.29	44.05	64.35	80.96	56.32	50.48	21.95	55.04	75.06	42.19	35.61	56.04	44.94	66.22	0.0	97.65	68.24	17.49	66.57	23.35	11.0	83.93	35.17	62.03	49.66	54.23	77.88	47.93	32.76	32.65	78.03	80.06	8.06	50.01	40.36	75.0	80.5	56.61	86.05	66.29	66.6	28.16	101.36	72.56	15.0	30.41	41.98	14.21	11.05	74.67	105.39	30.15	53.76	47.07	21.1	49.65	50.77	85.16	52.43	65.03	46.1	57.45	16.12	80.62	7.62	49.0	71.47	77.49	89.96	82.46	68.66	78.45	57.14	102.53	57.43	54.71	55.32	26.08	21.95	87.64	76.54	75.18	62.03	50.0	39.4	22.2	33.24	50.0	29.0	17.26	27.86	82.76	59.2	64.14	68.07	74.73	95.02	12.17	64.66	44.27	67.07	84.06	55.9	47.8	94.07	29.02	64.85	55.58	91.35	65.31	76.38	57.63	49.03	49.5	66.1	97.06	75.33	46.17	74.03	68.68	4.47	30.68	37.85	81.22	82.49	46.39	80.22	70.21	99.85	70.6	48.02	31.0	86.09	10.2	37.48	17.46	67.48	58.69	39.7	21.4	60.46	68.8	97.08	62.07	62.65	19.92	80.75	64.03	72.34	100.96	63.89	25.06	7.28	106.96	7.28	36.88	84.02	56.14	31.78	64.5	40.79	56.86	83.82	76.69	65.46	11.7	31.78	57.01	75.29	20.62	66.04	105.42	8.54	97.84	30.53	78.24	62.27	53.82	56.01	30.07	86.37	69.32	72.92	71.28	81.05	53.34	31.32	32.57	24.84	80.5	47.76	10.82	50.99	73.06	70.94	78.92	18.6	47.3	61.72	
60.37	37.48	68.26	45.04	48.1	76.55	47.2	75.8	59.51	85.15	61.35	64.4	78.0	55.17	39.2	97.65	0.0	41.0	113.85	44.0	82.86	104.35	25.08	65.76	78.23	60.02	75.03	35.36	51.62	89.63	65.19	20.62	55.36	105.68	64.41	59.03	61.13	46.82	63.03	13.15	70.61	36.5	83.1	8.06	90.43	85.8	79.38	72.57	83.49	90.92	46.39	8.25	81.27	54.2	70.71	85.49	71.11	54.57	42.19	51.66	56.04	51.97	40.46	106.15	66.0	93.86	80.31	36.06	59.77	50.25	16.49	72.18	71.06	64.26	17.46	47.85	52.77	51.11	71.61	78.29	31.26	23.02	24.41	82.22	47.71	84.38	84.17	65.86	76.97	69.46	110.54	76.16	44.38	75.58	47.01	77.93	27.73	41.23	93.06	46.01	56.64	60.42	38.08	52.35	76.92	15.0	76.49	38.95	68.71	22.47	70.83	27.02	45.35	73.35	73.33	68.59	12.53	49.25	55.32	54.33	39.56	93.23	83.41	90.03	70.0	40.85	70.71	62.0	37.34	9.9	38.9	57.01	83.82	40.25	94.02	60.9	112.93	65.31	71.03	58.31	93.43	46.39	43.05	17.0	61.68	89.2	82.73	67.0	56.32	74.73	4.0	39.62	76.03	92.11	25.63	95.52	90.24	58.14	84.0	77.16	50.6	89.44	57.14	31.0	31.14	39.36	95.29	69.3	75.27	32.06	95.46	45.0	16.28	100.12	24.08	90.0	19.42	36.07	43.83	79.0	82.22	48.37	49.37	31.06	40.11	71.17	53.94	92.72	67.21	94.37	21.54	53.15	87.66	72.5	59.41	34.06	44.05	93.35	75.13	52.01	
29.97	30.89	58.22	4.47	17.46	73.55	28.16	49.24	56.32	46.1	26.25	32.76	37.0	40.11	4.47	68.24	41.0	0.0	85.7	3.0	48.1	77.52	46.32	47.27	37.48	21.1	34.06	50.21	37.34	73.82	37.7	32.25	21.95	75.6	58.05	28.64	24.08	16.28	22.09	28.07	73.74	7.81	65.12	48.17	50.6	60.93	42.8	33.54	54.71	58.9	57.8	49.04	44.41	49.04	30.68	50.93	64.78	17.69	61.55	15.81	59.93	26.31	27.86	80.95	77.7	67.12	39.62	44.69	24.08	26.08	25.32	76.32	80.53	62.64	37.58	10.82	14.21	46.49	45.31	46.4	54.64	33.84	33.6	41.44	26.02	72.06	49.52	44.72	70.58	39.82	84.22	41.73	17.0	74.22	6.08	37.95	38.29	27.51	60.14	5.1	42.11	65.31	16.16	48.7	69.35	30.36	57.87	40.5	65.97	25.06	73.39	14.04	11.4	66.61	32.76	28.46	48.27	60.8	42.3	64.35	45.8	64.35	66.75	50.7	81.12	15.3	62.39	74.33	44.82	48.51	47.01	20.52	46.32	18.68	61.62	32.31	85.44	69.86	30.07	31.32	72.42	7.81	2.83	51.24	63.32	48.37	49.58	78.55	59.51	35.78	45.0	7.28	43.42	61.4	40.0	63.89	51.08	73.41	43.0	40.61	54.12	49.65	16.49	51.4	10.44	41.88	62.24	49.65	72.78	9.22	59.82	4.0	41.23	73.43	30.81	73.16	27.31	29.15	25.5	38.0	45.22	67.18	10.0	10.2	3.16	35.38	15.62	54.59	46.69	74.73	38.59	40.45	57.43	66.91	68.1	7.28	58.8	71.17	67.36	11.05	
56.22	76.84	54.57	81.84	98.39	63.01	66.71	38.21	66.22	90.2	59.68	53.01	71.85	59.68	83.6	17.49	113.85	85.7	0.0	84.06	40.16	9.85	98.41	49.24	77.78	67.08	70.41	91.39	62.97	37.05	49.52	93.81	97.31	11.18	60.64	57.63	92.03	97.95	73.74	102.65	74.03	83.87	36.67	117.07	87.0	28.3	47.13	58.82	31.24	27.86	86.68	121.4	46.57	66.48	63.89	37.64	58.42	68.26	97.42	69.89	75.93	62.94	73.41	11.05	89.14	20.0	64.63	85.43	94.58	107.35	99.09	76.0	86.0	66.91	119.55	74.89	72.2	68.54	42.45	39.45	101.24	92.09	90.7	77.32	66.53	45.01	38.9	48.26	57.01	46.23	6.32	45.19	100.24	66.01	81.63	83.86	89.69	112.51	27.89	82.15	58.67	76.94	101.55	68.71	55.04	111.04	40.5	79.18	64.38	108.58	73.03	93.51	75.0	57.22	65.97	82.71	112.36	86.83	60.42	84.72	82.35	21.4	38.33	52.01	89.01	99.98	55.73	89.45	84.1	115.38	84.17	65.51	46.87	103.59	25.96	54.56	2.24	76.32	75.19	56.59	26.08	77.94	86.28	112.0	72.01	77.0	37.16	89.09	74.95	88.46	117.0	81.22	42.54	24.6	124.2	23.09	51.01	93.9	71.18	48.7	76.54	55.01	74.25	97.58	94.02	79.61	26.48	45.65	64.0	92.62	34.01	83.53	122.33	13.89	115.11	35.01	94.49	78.01	70.18	71.7	46.32	97.74	86.77	90.14	88.75	97.51	70.83	45.0	47.17	28.02	95.72	62.27	28.3	59.21	82.87	88.24	91.09	24.33	55.15	79.18	
28.79	32.45	58.55	2.24	17.03	74.22	28.64	48.1	57.25	43.38	24.41	31.3	34.0	40.45	6.4	66.57	44.0	3.0	84.06	0.0	45.97	76.06	48.88	47.04	34.53	18.6	31.06	52.4	37.85	73.44	36.69	34.89	20.62	73.82	58.69	27.51	21.93	16.0	19.1	31.06	74.85	10.0	64.63	51.16	47.76	59.81	40.46	30.89	53.24	57.01	59.67	52.04	42.01	49.98	27.86	48.8	65.31	15.81	63.78	14.32	61.29	26.02	29.07	79.62	79.32	65.74	36.67	46.69	22.2	26.02	28.28	77.47	81.99	63.57	40.31	9.49	12.04	47.54	44.27	44.65	57.14	36.36	36.06	38.47	26.31	72.0	47.38	44.28	71.02	38.48	82.76	39.7	17.26	75.0	3.16	35.11	40.61	28.64	58.14	2.24	42.43	66.65	17.49	49.77	69.72	33.24	57.43	42.2	66.76	27.73	74.46	17.03	11.0	67.08	29.83	25.63	51.2	62.63	42.76	66.03	47.63	62.77	66.37	47.93	82.68	16.16	62.8	76.03	46.75	51.48	48.92	18.6	43.83	19.7	59.67	31.32	83.86	71.11	27.07	30.59	71.57	6.32	2.24	54.12	64.47	45.4	47.63	80.16	60.83	33.12	48.0	8.6	41.62	59.64	42.44	62.01	48.33	75.29	40.0	38.29	55.57	46.82	13.6	53.82	13.34	43.6	60.21	49.25	73.5	12.17	57.49	1.0	44.01	72.01	33.29	72.69	30.08	30.81	26.25	35.0	42.8	69.31	7.81	13.15	5.0	33.24	13.45	51.97	46.27	73.98	41.18	41.0	55.76	67.47	69.64	10.2	60.83	70.21	67.74	8.06	
22.8	50.36	47.17	43.84	58.83	63.41	38.33	19.21	55.15	52.47	22.2	18.68	33.06	38.64	47.01	23.35	82.86	48.1	40.16	45.97	0.0	34.23	74.43	33.11	39.05	27.8	31.02	71.03	40.2	46.65	21.1	65.25	57.27	29.15	51.88	24.04	51.87	58.52	33.62	70.21	70.83	48.26	38.6	87.92	50.7	25.5	7.07	18.68	15.65	12.37	71.2	91.0	7.07	50.96	23.77	2.83	54.64	30.48	80.5	32.8	64.51	31.78	45.54	39.05	82.86	26.17	26.31	64.01	54.42	67.6	66.64	73.57	82.3	59.48	84.63	37.64	33.94	51.2	20.12	8.06	80.02	64.54	63.35	39.46	36.67	50.45	1.41	29.15	57.49	16.12	40.61	6.71	61.03	65.8	43.19	45.01	64.5	73.6	12.53	43.86	39.05	68.15	63.13	52.63	55.32	76.55	34.66	57.01	59.68	72.62	69.97	58.52	38.83	55.0	26.17	42.76	84.9	72.78	41.0	73.08	62.13	21.0	41.4	18.44	84.53	61.22	51.04	81.34	63.03	86.98	64.12	27.66	8.94	64.82	14.32	23.19	40.52	70.21	35.36	26.17	38.28	40.36	48.1	85.91	63.56	41.11	4.47	83.26	63.57	49.09	86.54	45.22	8.06	16.12	87.97	17.09	17.69	83.82	33.96	8.54	61.85	20.81	34.67	76.03	57.63	58.03	14.42	31.38	63.6	56.22	12.65	45.28	87.92	31.02	78.75	44.78	63.91	50.64	40.79	33.14	7.28	83.36	47.43	54.64	50.91	57.71	32.53	14.76	29.97	41.79	69.23	41.59	14.14	56.61	73.74	52.2	74.81	35.74	54.04	40.0	
47.71	67.2	44.91	73.82	91.0	54.23	57.31	29.07	56.52	86.05	51.89	44.78	67.03	49.93	75.17	11.0	104.35	77.52	9.85	76.06	34.23	0.0	88.59	39.45	73.03	59.81	65.19	81.54	53.25	28.64	40.61	84.2	90.44	9.9	50.99	49.09	85.62	90.47	67.19	93.35	65.03	75.21	27.17	107.42	83.49	18.6	41.3	52.77	22.83	22.02	76.92	111.83	41.11	56.65	57.87	32.06	49.09	60.37	87.64	61.77	66.29	53.91	63.89	5.39	80.01	10.63	60.0	75.58	88.06	100.09	89.81	67.12	77.1	57.43	110.54	66.73	64.4	58.69	33.3	31.95	91.39	82.42	81.02	73.03	57.28	36.35	33.14	38.6	48.09	37.74	6.71	38.33	92.61	57.22	73.79	79.06	79.92	104.66	23.09	74.24	48.88	67.48	93.54	58.87	46.04	101.98	30.68	69.35	55.08	99.81	64.03	84.65	66.57	48.01	60.41	76.94	102.63	77.13	50.61	75.13	72.5	13.6	29.02	48.66	80.06	92.13	46.27	80.16	74.25	105.68	74.32	57.7	42.0	95.71	21.1	45.8	8.6	67.07	69.58	47.63	17.12	69.84	78.29	102.22	62.51	73.55	30.59	80.0	65.31	83.29	107.45	72.67	35.11	18.11	115.42	18.11	47.68	84.48	67.12	42.58	66.76	51.62	67.07	87.73	85.45	69.77	22.36	35.85	55.15	84.05	31.05	75.59	113.22	4.24	106.4	26.48	85.04	68.41	60.83	67.01	41.05	88.07	79.31	81.4	80.62	91.92	63.07	41.98	37.44	19.65	85.98	52.48	20.88	50.01	73.44	79.63	81.32	15.0	46.0	71.69	
52.04	24.08	47.38	48.76	60.11	52.77	36.12	62.3	37.01	92.18	56.22	56.08	80.01	39.0	42.54	83.93	25.08	46.32	98.41	48.88	74.43	88.59	0.0	49.19	82.08	58.69	76.54	10.44	36.06	69.31	53.94	14.21	66.6	91.92	42.52	51.01	70.21	58.69	65.19	25.5	45.88	38.95	64.2	22.85	96.18	70.21	73.01	69.72	70.52	79.56	21.38	28.79	75.01	33.3	69.63	76.66	48.6	52.39	18.03	49.48	31.78	43.01	29.02	89.36	41.05	78.72	80.05	13.45	69.81	65.44	25.24	47.3	46.01	40.82	41.3	47.76	52.5	30.61	58.52	68.07	8.49	12.53	13.0	85.8	38.01	63.03	75.54	50.7	54.08	58.86	94.15	68.18	57.31	51.48	51.0	83.63	10.0	59.17	82.23	50.12	39.81	35.74	51.86	31.14	54.41	35.44	58.52	19.24	45.28	40.72	46.17	34.66	44.27	50.8	73.25	74.24	16.12	24.19	38.01	29.27	16.97	79.48	63.89	86.21	45.04	53.81	48.92	37.05	14.87	20.12	15.62	53.94	78.0	54.82	82.71	51.24	97.13	40.52	74.09	48.26	75.21	47.93	49.09	14.14	37.58	92.36	72.99	42.05	32.2	81.99	25.71	41.15	66.61	79.7	49.5	83.52	86.15	33.54	85.73	71.0	26.93	86.47	58.87	6.32	40.31	18.87	84.4	52.77	51.43	40.36	86.83	49.74	41.01	84.53	45.22	70.09	19.8	24.0	34.0	80.96	76.01	24.35	56.3	37.01	47.2	81.4	53.16	87.01	51.48	75.43	7.81	36.25	75.29	49.65	34.37	39.41	19.0	75.72	52.8	55.46	
21.54	28.28	14.87	45.01	64.01	32.02	20.62	15.13	22.14	75.66	29.55	22.47	56.86	10.63	43.57	35.17	65.76	47.27	49.24	47.04	33.11	39.45	49.19	0.0	61.91	38.28	53.54	42.72	14.14	26.68	15.0	45.28	66.27	43.01	18.87	22.14	64.33	63.03	48.1	55.8	38.01	42.2	18.38	68.25	76.28	21.02	35.81	40.61	23.0	33.06	40.01	72.92	37.44	19.0	44.1	34.18	22.67	34.71	50.25	34.23	31.78	21.02	25.81	40.61	49.77	29.55	52.5	36.4	65.92	73.06	52.43	40.8	49.24	26.42	74.09	38.01	38.47	20.22	13.0	25.08	52.5	43.28	41.87	64.07	21.84	25.08	33.62	4.24	26.93	18.44	45.22	29.41	64.2	33.97	46.01	66.65	40.5	74.33	36.12	46.0	9.43	35.11	62.97	21.02	25.06	65.51	11.18	29.97	27.02	64.88	37.2	49.77	36.06	23.6	48.26	60.17	63.25	41.05	11.18	40.61	33.53	30.81	19.65	50.48	51.43	62.51	19.21	48.38	35.11	66.4	35.44	33.24	40.5	65.76	36.01	18.38	48.02	37.12	55.01	17.46	27.8	41.0	49.09	62.77	30.46	68.25	29.73	50.16	30.81	68.54	68.62	40.61	25.55	32.06	80.06	36.06	49.93	51.2	60.44	34.83	30.02	52.2	44.38	48.7	52.2	30.46	38.05	3.61	31.89	50.96	43.17	47.01	76.28	35.36	71.59	26.25	46.86	29.73	24.17	57.43	38.28	52.01	53.08	47.43	50.36	74.04	37.66	47.85	3.16	29.15	46.62	13.04	28.0	24.84	40.8	46.57	44.1	27.59	23.32	46.39	
40.8	61.59	76.55	33.96	34.79	93.74	52.5	53.76	80.06	13.93	32.8	39.45	6.0	60.96	40.26	62.03	78.23	37.48	77.78	34.53	39.05	73.03	82.08	61.91	0.0	25.5	8.54	83.73	60.11	83.17	47.01	68.62	29.07	66.61	79.2	40.61	21.47	35.44	17.0	65.49	97.95	43.68	74.33	85.59	14.87	63.35	32.14	22.14	53.76	51.01	88.81	86.09	32.02	73.55	17.89	41.0	84.31	31.4	95.02	33.84	87.0	45.97	56.86	78.0	106.15	65.19	13.15	77.18	24.19	40.31	62.8	100.77	107.49	85.91	71.7	34.44	30.02	72.14	52.0	43.93	89.96	69.64	69.08	4.0	49.68	85.09	40.01	57.8	88.84	44.78	79.16	36.88	38.6	95.44	31.78	6.08	72.92	50.16	50.16	32.76	62.48	91.92	43.93	74.25	86.95	66.07	68.54	71.28	87.8	59.3	97.31	51.48	38.01	85.44	13.93	10.44	85.7	91.4	63.78	93.72	77.1	60.03	76.9	26.93	108.9	41.0	80.99	103.48	76.85	85.99	78.77	31.14	31.06	43.68	52.15	43.83	78.52	95.52	8.06	45.61	76.49	34.18	35.23	88.53	88.46	11.0	43.19	106.83	86.28	11.18	82.22	41.11	41.23	55.0	71.31	55.15	27.86	104.02	8.49	31.4	82.22	24.17	23.26	86.33	47.1	72.67	51.35	62.18	93.48	46.17	44.15	33.54	75.66	70.01	63.15	81.61	64.29	60.54	52.2	6.08	32.0	99.86	29.0	47.68	38.12	21.1	29.68	33.84	59.54	79.83	74.67	62.97	53.15	86.53	96.26	44.72	90.97	74.15	85.23	26.93	
16.76	36.67	52.33	16.64	31.3	69.35	27.02	34.06	54.82	38.42	9.06	17.03	21.95	35.81	21.19	49.66	60.02	21.1	67.08	18.6	27.8	59.81	58.69	38.28	25.5	0.0	18.36	59.09	34.71	62.39	24.33	46.27	30.81	56.44	54.38	16.16	27.0	30.89	9.85	46.87	72.8	23.54	53.34	66.37	40.36	45.4	21.93	12.65	37.36	39.45	63.51	68.25	23.43	48.17	11.05	30.61	59.94	6.32	70.21	9.22	61.52	20.52	31.76	63.89	80.66	50.0	21.38	52.33	29.07	40.31	43.57	75.6	82.07	60.8	58.59	12.17	7.28	46.67	31.02	27.86	66.1	46.69	45.89	28.6	24.21	62.82	29.21	34.48	64.88	24.02	66.48	21.95	33.29	70.83	15.62	29.21	49.04	45.8	40.22	16.4	37.44	66.48	35.38	48.8	63.16	51.08	46.69	46.14	62.97	46.14	72.2	33.53	15.0	61.27	14.56	21.93	65.0	66.03	38.6	68.25	51.97	46.24	55.58	30.08	83.44	33.42	56.8	77.99	51.88	66.12	53.71	5.66	25.24	37.01	41.88	19.92	67.12	70.18	17.69	21.02	58.14	13.93	20.62	67.12	63.13	34.48	30.02	81.34	60.81	30.41	63.95	20.4	24.7	42.49	61.03	44.42	30.36	78.6	27.31	19.8	56.73	29.43	7.28	62.3	31.3	47.51	42.2	39.29	68.96	29.97	38.95	17.8	62.17	55.97	51.87	61.2	43.0	35.85	26.93	22.83	24.21	74.79	19.72	29.41	23.6	35.9	6.08	33.54	36.4	61.03	51.79	37.64	39.0	62.18	70.77	26.57	65.86	56.32	61.33	12.21	
32.65	55.01	68.24	30.0	35.51	85.45	45.22	45.22	72.14	22.47	24.76	31.06	3.61	53.04	36.06	54.23	75.03	34.06	70.41	31.06	31.02	65.19	76.54	53.54	8.54	18.36	0.0	77.39	52.4	74.63	38.59	63.56	31.14	59.23	71.06	32.56	24.08	35.85	12.0	62.0	89.94	39.2	65.79	82.02	22.8	54.92	24.0	13.6	45.4	43.19	81.84	83.1	24.08	65.8	9.43	33.14	76.03	24.6	88.55	27.31	79.4	38.42	50.12	70.06	98.6	57.04	7.07	70.66	26.91	42.52	59.03	92.76	99.72	77.9	70.34	28.86	24.04	64.54	43.46	35.51	84.15	64.29	63.6	10.63	42.44	76.56	32.06	49.4	80.45	36.25	71.45	28.44	38.95	87.2	28.02	14.14	67.07	51.31	42.58	29.02	54.49	84.22	43.46	66.6	78.55	63.95	60.01	64.5	79.65	57.72	89.27	48.01	32.28	77.1	5.39	13.04	81.5	84.31	55.87	86.4	70.33	52.01	68.35	21.4	101.24	40.72	72.67	96.05	70.24	82.15	72.07	23.85	23.54	43.83	44.55	35.61	71.02	87.68	5.66	37.54	68.07	29.27	32.25	84.01	80.61	16.12	35.01	99.25	78.64	18.11	79.03	36.35	32.76	47.1	70.94	47.52	22.2	96.83	9.22	23.09	74.81	19.1	18.11	80.41	44.28	65.86	43.93	53.71	85.21	43.19	37.34	30.07	74.22	62.03	62.3	73.08	59.68	54.13	45.28	4.47	24.19	93.15	27.2	44.0	35.36	27.2	23.41	27.78	51.11	71.39	69.38	55.17	45.01	78.24	88.73	41.0	84.22	65.76	76.85	23.02	
49.65	22.47	38.6	51.86	65.6	42.54	33.73	56.89	27.59	94.87	55.08	53.46	80.96	33.38	46.01	77.88	35.36	50.21	91.39	52.4	71.03	81.54	10.44	42.72	83.73	59.09	77.39	0.0	31.06	60.44	50.0	20.62	71.59	85.73	33.3	48.84	74.28	64.2	66.73	33.96	35.44	42.45	56.08	33.24	98.27	63.57	70.58	68.96	65.12	74.67	11.05	39.22	72.56	25.06	69.64	73.0	38.95	52.8	11.4	50.09	21.47	41.0	27.51	81.84	31.4	72.11	80.06	7.07	74.25	71.87	32.89	36.88	36.06	30.81	51.04	49.4	53.71	22.85	53.46	64.03	9.85	17.89	17.49	87.24	36.14	53.76	72.01	44.91	44.2	55.0	86.76	65.19	63.25	41.15	54.04	85.98	12.21	66.71	77.52	53.26	33.73	25.3	58.31	22.83	44.69	44.55	50.99	14.04	35.23	49.04	35.74	40.5	45.79	41.11	73.54	76.84	26.4	14.0	31.78	19.03	9.22	73.5	55.47	84.53	35.36	59.91	39.62	27.46	8.0	30.46	7.28	53.85	75.66	61.4	77.78	48.26	89.96	30.08	75.66	45.28	67.23	50.22	53.04	23.85	27.29	93.47	69.03	32.39	21.95	85.0	36.14	44.05	63.01	74.33	59.14	78.26	84.34	24.7	86.41	68.73	17.03	85.15	60.54	6.4	46.04	13.0	79.63	46.17	41.18	45.8	83.02	53.15	51.04	77.62	54.13	61.4	26.4	23.26	32.57	81.86	73.55	17.03	60.14	42.01	51.66	85.59	54.12	84.48	45.35	67.12	15.3	30.41	70.04	39.82	24.08	43.93	9.49	68.0	43.19	58.01	
20.59	14.14	21.0	36.14	54.74	36.4	9.22	26.25	20.25	73.11	27.8	23.77	55.97	3.61	33.14	47.93	51.62	37.34	62.97	37.85	40.2	53.25	36.06	14.14	60.11	34.71	52.4	31.06	0.0	39.4	19.1	31.14	58.24	55.95	20.88	20.25	57.78	53.6	44.2	41.88	38.28	31.0	31.91	54.2	74.95	34.67	40.52	41.34	34.48	43.74	31.32	58.8	42.45	13.45	43.42	42.05	27.46	29.41	40.31	27.78	27.02	14.21	12.08	54.67	46.23	43.05	53.25	24.19	58.87	63.39	38.59	41.05	47.38	26.42	60.42	30.08	32.25	12.21	22.56	33.0	40.45	29.21	27.8	62.97	11.7	35.9	41.11	14.76	33.24	24.08	59.2	34.71	54.23	37.34	37.64	63.89	26.83	63.13	46.53	37.36	5.39	31.83	52.01	14.21	32.06	51.88	25.0	17.26	29.15	51.87	37.74	37.11	27.2	29.27	47.63	56.04	49.4	33.24	5.0	34.48	22.0	43.46	32.65	55.03	48.84	52.04	25.08	43.83	23.09	52.43	24.0	29.07	45.61	55.0	46.87	18.38	61.85	35.47	52.4	15.65	41.87	32.57	39.62	49.19	28.43	68.25	38.0	46.86	26.25	64.64	54.49	30.15	32.14	43.68	66.71	47.54	54.71	45.18	60.61	38.9	22.83	56.08	39.12	36.5	40.31	18.11	48.66	17.69	35.74	39.2	52.0	38.08	62.43	49.09	58.52	39.36	32.8	15.62	12.0	56.73	43.42	43.42	44.92	35.36	40.2	68.43	31.91	54.13	15.81	43.01	32.76	3.16	39.29	29.61	36.4	35.06	34.71	41.73	30.07	39.4	
46.04	52.84	21.93	71.34	90.27	26.02	47.13	29.41	33.02	97.08	53.34	45.4	77.49	35.85	70.21	32.76	89.63	73.82	37.05	73.44	46.65	28.64	69.31	26.68	83.17	62.39	74.63	60.44	39.4	0.0	38.12	69.07	92.0	37.34	27.2	47.01	89.27	89.36	71.85	81.01	37.22	68.88	9.06	90.79	96.38	21.4	52.33	61.03	31.06	38.9	53.34	96.05	53.24	36.07	65.52	46.04	22.85	60.01	64.01	60.03	41.59	47.52	51.48	26.02	52.47	25.24	71.69	55.87	91.14	99.41	77.83	39.05	49.04	31.78	99.73	64.2	64.0	38.95	31.58	39.81	70.0	66.61	65.22	84.5	48.51	8.06	46.32	29.15	20.22	38.83	31.0	46.62	90.67	29.02	72.17	88.6	62.48	101.0	41.73	72.25	34.01	41.44	89.63	38.18	18.44	91.24	16.03	51.09	28.46	91.18	36.22	76.22	62.51	21.19	69.26	83.55	84.9	52.77	34.89	49.77	52.35	30.61	7.07	64.9	52.09	89.11	21.1	53.15	54.45	88.53	53.81	58.08	55.57	92.4	40.36	43.01	35.01	40.02	77.37	43.05	11.7	67.27	75.54	83.45	36.77	87.24	42.19	52.35	40.71	91.44	92.01	67.27	42.15	35.38	106.1	38.42	64.07	57.97	79.71	52.39	43.83	67.42	69.18	66.84	78.85	50.99	42.52	24.19	27.07	77.62	50.91	73.33	101.6	26.57	97.86	2.24	71.69	54.59	50.6	77.83	53.71	63.16	79.06	74.04	76.94	98.15	63.01	59.82	27.17	9.06	68.88	37.12	34.06	23.09	47.13	73.25	57.8	14.32	18.97	72.0	
8.06	30.08	29.83	34.48	52.95	47.01	18.38	11.66	35.51	60.83	15.3	7.62	41.88	17.72	34.89	32.65	65.19	37.7	49.52	36.69	21.1	40.61	53.94	15.0	47.01	24.33	38.59	50.0	19.1	38.12	0.0	46.1	54.08	40.61	33.3	9.22	51.16	52.17	33.96	53.41	52.5	34.67	29.07	69.32	61.29	23.26	21.93	25.61	18.44	26.0	50.22	73.06	23.77	30.46	29.15	23.0	37.64	22.09	59.41	22.56	44.28	13.45	25.63	43.57	63.13	30.0	37.54	43.01	53.04	62.17	49.82	55.32	63.25	40.61	70.04	27.2	26.17	30.36	7.62	14.14	59.14	44.94	43.66	49.09	17.49	38.6	22.02	10.82	41.88	5.0	47.2	15.81	53.85	48.92	34.93	51.89	44.15	65.19	28.46	35.17	18.38	48.37	53.85	31.95	39.96	61.52	22.36	36.01	41.73	59.2	51.74	44.05	26.4	38.6	33.29	45.88	65.55	51.92	20.25	52.55	41.05	28.32	31.26	36.67	65.19	52.81	34.21	61.27	42.0	68.03	43.05	20.0	26.93	56.3	29.15	5.39	48.92	51.04	40.31	7.07	34.93	30.36	38.9	66.1	44.1	53.26	19.1	63.63	43.38	54.08	68.6	32.25	13.04	26.93	74.81	30.41	36.25	63.32	45.45	20.59	41.11	38.08	31.06	55.15	44.94	37.0	30.68	15.23	46.86	43.57	33.06	36.4	72.84	36.4	65.8	37.01	45.79	30.68	21.47	42.44	24.7	62.37	41.44	40.8	40.85	60.21	25.08	35.17	12.53	37.48	49.34	20.62	22.47	39.82	53.67	39.12	53.76	33.53	38.28	34.13	
42.45	17.03	47.89	34.93	45.97	57.49	27.73	56.08	39.85	78.26	45.18	46.57	66.94	34.66	28.64	78.03	20.62	32.25	93.81	34.89	65.25	84.2	14.21	45.28	68.62	46.27	63.56	20.62	31.14	69.07	46.1	0.0	52.4	86.09	44.38	41.23	56.04	44.55	51.92	14.0	53.04	25.08	62.48	23.32	82.46	65.6	62.8	58.01	64.01	72.09	30.81	27.66	64.78	34.01	57.31	67.72	51.26	40.11	31.06	37.12	38.05	33.53	20.59	85.8	51.66	73.82	67.6	18.03	55.61	51.61	12.37	55.0	55.9	45.12	32.56	34.71	39.62	30.87	51.97	59.81	22.67	3.0	4.12	72.42	28.79	64.01	66.48	45.61	57.25	50.7	90.27	58.69	43.28	56.89	37.16	69.86	9.06	46.1	74.46	36.25	36.07	43.0	38.01	32.31	57.01	25.02	55.9	18.97	49.48	28.64	53.08	20.52	31.4	53.49	60.67	60.42	19.65	33.96	34.71	38.64	21.02	73.57	62.8	75.06	55.54	39.82	50.57	47.8	19.0	21.93	21.02	42.01	67.6	41.05	75.24	42.38	92.8	48.0	60.73	39.56	72.86	34.48	34.99	21.02	43.29	79.12	64.51	52.63	38.12	68.0	23.35	27.51	57.87	72.9	40.2	76.49	75.11	45.31	72.78	60.67	32.14	75.0	45.61	19.85	26.17	19.65	76.69	48.84	56.29	26.17	77.88	35.78	33.53	80.0	34.13	69.4	5.83	15.81	24.7	67.91	65.76	37.22	42.19	22.8	33.02	67.2	40.45	76.66	46.86	73.76	6.4	32.56	68.43	52.81	43.42	25.24	30.08	72.84	55.15	41.79	
46.04	52.84	78.64	22.14	7.28	94.64	49.04	64.63	77.83	31.0	39.46	47.38	32.2	60.64	26.42	80.06	55.36	21.95	97.31	20.62	57.27	90.44	66.6	66.27	29.07	30.81	31.14	71.59	58.24	92.0	54.08	52.4	0.0	86.41	79.12	45.01	7.62	8.54	23.71	44.29	95.46	29.68	83.01	63.32	37.12	76.12	50.54	38.95	68.15	69.46	79.63	62.36	51.48	70.58	34.13	59.93	85.62	32.02	82.81	32.06	81.84	45.54	49.66	94.64	99.64	80.78	38.21	66.4	5.1	11.4	42.72	98.09	102.47	84.15	45.1	28.44	28.0	68.15	61.29	58.52	75.07	54.45	54.45	32.7	46.57	91.35	58.6	63.07	91.22	54.59	97.08	52.2	11.18	95.51	20.62	25.96	59.46	21.19	69.78	20.88	62.59	87.21	17.46	70.38	89.82	41.23	76.01	62.43	87.28	33.73	95.08	32.02	31.05	87.32	33.42	18.87	65.3	82.66	63.06	86.28	67.68	76.84	85.01	52.35	103.08	14.56	82.98	96.25	66.61	64.47	68.82	34.13	52.15	16.03	71.59	49.01	97.5	91.71	25.5	49.04	88.68	25.71	19.24	68.96	85.09	39.22	60.17	100.5	81.39	21.21	59.14	29.07	55.36	72.8	43.29	74.32	53.08	95.21	37.22	48.75	76.06	50.21	23.54	72.14	26.4	63.81	71.55	68.07	93.96	26.25	66.57	20.25	49.09	86.68	36.01	91.02	46.86	51.11	46.82	33.02	51.97	88.62	13.34	29.7	20.0	15.81	29.02	58.26	65.07	91.44	58.8	61.4	69.57	87.8	90.05	27.66	80.43	86.98	87.86	20.0	
46.67	69.35	51.04	71.61	87.71	62.17	58.52	30.02	62.29	79.1	49.41	43.19	60.67	52.92	73.76	8.06	105.68	75.6	11.18	73.82	29.15	9.9	91.92	43.01	66.61	56.44	59.23	85.73	55.95	37.34	40.61	86.09	86.41	0.0	57.08	48.08	80.99	87.32	62.77	94.02	72.56	74.28	34.23	109.42	76.03	22.36	36.06	47.76	22.2	17.0	82.2	113.44	35.44	61.39	52.81	26.57	56.14	58.01	92.76	59.82	72.25	54.04	65.51	15.0	87.21	14.04	53.46	79.38	83.57	96.6	90.43	74.81	84.72	64.0	110.34	64.82	61.85	63.06	34.13	29.21	95.51	84.6	83.24	66.19	58.01	44.64	27.86	41.23	55.9	36.8	13.6	34.48	89.69	65.12	71.28	72.69	82.76	102.08	16.76	71.85	52.2	74.01	91.26	63.56	53.76	101.91	36.12	72.8	62.13	99.04	71.57	84.15	65.19	55.33	54.82	71.57	105.12	82.73	54.08	81.22	76.54	12.53	36.5	41.01	87.57	89.59	53.04	87.02	78.11	107.91	78.45	55.22	35.69	93.19	14.87	45.34	12.0	74.11	64.03	47.63	25.63	67.8	76.03	105.12	69.01	66.03	26.42	87.28	71.25	77.28	109.0	71.51	32.2	14.21	114.63	12.08	40.01	91.02	60.07	37.7	72.01	44.01	63.53	91.71	84.29	73.39	15.3	39.56	62.97	82.88	23.02	73.24	113.28	10.77	105.48	35.11	86.27	70.33	61.85	60.53	35.17	93.77	76.16	80.62	78.6	86.35	60.46	34.06	40.5	28.64	88.55	55.71	18.38	57.31	80.01	78.57	86.49	23.09	53.46	68.6	
