240
0.0	63.66	65.8	89.04	43.19	65.49	79.06	36.5	54.04	62.2	37.22	42.95	27.29	60.73	54.2	77.9	48.88	23.35	97.53	34.83	50.25	106.96	68.12	32.2	112.43	77.1	84.12	58.69	25.5	121.26	36.35	76.49	79.4	91.35	10.0	39.7	83.01	80.61	25.96	90.25	53.14	22.09	66.94	81.02	73.16	97.67	19.42	58.73	67.08	12.65	68.07	55.07	67.47	26.87	109.04	92.8	85.8	35.23	37.05	39.12	43.08	23.09	27.07	50.22	53.34	64.2	62.03	42.06	84.5	32.39	50.25	71.57	77.2	43.83	83.02	39.12	95.34	76.92	97.51	88.32	75.06	31.14	59.67	15.3	85.8	30.46	84.17	77.79	85.0	99.76	52.89	11.7	54.08	42.01	30.81	74.11	74.67	56.36	86.03	14.42	57.27	89.5	88.46	49.41	26.83	19.85	47.52	33.84	86.4	19.21	82.98	69.32	57.45	37.36	71.01	57.14	82.76	6.32	12.81	40.11	25.08	55.66	26.17	76.94	46.75	25.46	37.95	61.68	12.08	93.48	27.29	39.22	31.62	63.89	55.54	98.29	87.8	32.02	65.25	47.13	92.01	45.18	81.44	62.13	74.95	21.38	92.44	42.58	11.18	88.6	26.17	16.28	58.52	35.11	91.39	91.42	17.12	57.38	92.01	19.1	92.03	106.79	76.53	98.66	20.1	12.65	83.55	75.47	57.27	119.47	56.04	32.57	41.15	6.32	40.52	88.96	14.87	41.59	30.61	21.4	46.87	53.16	21.02	52.17	75.13	28.32	21.93	22.47	88.87	17.8	22.8	119.62	109.27	20.12	48.47	55.23	57.38	9.22	72.03	19.42	60.46	61.0	91.3	100.44	96.61	64.63	50.04	15.62	78.6	57.7	69.18	33.62	8.0	89.36	109.71	85.62	33.53	76.16	74.63	90.27	26.57	68.12	28.23	106.22	21.26	22.36	42.43	70.71	39.56	58.52	27.86	117.2	91.09	102.69	84.12	102.69	45.62	88.1	93.9	98.84	
63.66	0.0	4.12	31.06	50.01	43.42	55.44	39.29	42.76	83.22	42.58	88.89	87.37	63.15	17.03	25.3	71.03	66.64	53.85	29.41	39.2	43.83	55.46	67.45	48.8	13.45	28.28	34.54	54.42	58.25	40.26	65.74	18.25	71.59	71.22	24.41	25.02	17.03	80.06	82.15	28.64	82.1	62.94	32.7	65.31	34.41	82.88	6.08	19.8	70.46	46.53	73.11	61.35	68.54	45.8	31.62	24.04	42.95	44.55	97.13	60.3	44.1	86.28	33.14	52.77	54.78	47.54	57.31	22.47	87.21	20.02	33.97	74.32	21.47	58.8	47.52	63.6	83.82	77.1	46.53	53.01	49.34	32.31	73.5	22.47	58.82	20.81	14.42	23.09	44.01	60.41	59.91	26.48	22.83	53.45	51.61	30.0	18.44	83.63	49.52	70.46	27.31	57.49	75.11	89.64	67.6	37.01	56.75	24.35	44.69	20.62	23.43	14.32	54.92	52.48	51.66	47.01	61.22	66.57	47.38	51.62	27.89	68.71	23.41	17.49	69.08	58.55	25.94	52.4	32.28	83.24	33.73	66.48	31.91	32.02	34.66	25.63	85.0	34.67	30.02	29.55	48.01	85.44	45.69	11.4	82.01	35.06	51.16	70.43	46.07	68.94	64.66	64.13	34.54	46.62	35.0	75.72	8.06	65.8	82.73	45.88	43.14	48.92	83.1	77.67	52.8	48.41	18.44	23.41	56.94	47.07	84.17	27.51	69.43	91.18	41.44	77.47	26.57	74.33	42.45	20.62	61.4	44.2	33.38	44.6	35.47	68.45	84.5	26.93	45.97	64.4	58.18	51.62	44.82	62.01	8.6	68.59	54.49	36.12	69.46	13.42	35.85	34.0	39.85	43.19	58.52	44.41	48.08	17.26	22.47	54.13	58.94	58.41	32.02	46.4	34.79	94.87	27.78	17.46	27.29	58.19	45.65	39.36	42.64	42.43	78.89	40.05	21.63	101.26	31.38	58.82	55.46	68.62	99.13	41.18	51.48	64.2	33.38	59.08	83.87	
65.8	4.12	0.0	27.17	49.25	40.72	52.2	42.95	46.87	82.02	42.45	89.2	88.81	67.27	21.1	21.19	70.26	69.86	49.77	31.14	43.29	41.23	52.92	67.68	46.75	12.08	30.08	32.28	55.04	55.61	43.93	69.78	19.03	68.25	73.0	26.17	26.48	15.0	81.12	79.26	27.07	83.6	67.05	28.64	62.77	31.89	84.86	7.07	23.43	72.01	50.54	72.0	65.46	71.87	43.28	28.23	24.19	43.01	44.38	98.27	64.2	47.01	87.66	37.22	51.24	52.5	45.22	61.2	19.24	88.19	19.65	37.64	71.87	24.7	55.44	51.35	59.82	81.74	73.66	42.54	49.93	52.89	36.4	75.0	21.54	62.36	18.38	12.04	23.19	40.05	59.08	61.4	30.59	24.21	57.01	48.55	33.3	22.56	81.02	51.86	69.12	24.19	53.81	74.43	91.44	70.66	41.05	60.42	24.33	46.67	17.49	19.8	18.44	58.69	49.65	49.82	43.28	63.03	68.01	51.24	52.33	32.02	69.35	25.94	19.1	69.78	58.25	29.97	54.82	32.39	84.38	33.84	66.73	29.07	36.14	32.65	25.5	85.88	31.76	34.0	29.12	52.0	83.17	43.32	9.43	84.63	31.14	55.08	73.01	42.06	72.24	67.6	62.51	37.95	42.54	31.02	77.2	8.6	62.23	84.9	41.79	41.23	45.61	79.81	80.45	54.56	44.69	20.62	21.38	54.08	51.2	84.97	31.05	71.42	91.79	37.34	79.31	30.08	74.85	44.82	21.02	60.07	46.87	37.48	41.23	37.48	69.35	87.01	23.71	48.27	67.62	55.01	47.85	47.43	66.0	11.7	67.19	56.59	39.82	72.47	11.18	39.92	35.23	36.4	39.12	56.32	43.05	50.33	18.03	20.4	58.18	62.59	60.21	28.07	43.93	37.16	96.4	30.81	19.7	26.57	58.69	49.65	40.5	41.05	44.69	80.16	39.46	17.8	102.8	29.12	59.24	52.35	65.19	96.25	37.22	47.38	68.12	35.17	55.22	80.6	
89.04	31.06	27.17	0.0	61.06	41.23	45.18	70.04	73.25	88.6	58.14	104.01	108.93	93.54	48.01	12.21	80.11	96.14	29.07	54.59	70.03	23.54	52.47	83.01	32.25	23.41	43.6	38.47	72.86	35.36	71.02	93.96	32.25	58.24	94.81	50.09	39.41	20.12	99.76	72.99	39.05	104.06	92.57	15.03	61.07	18.25	107.2	32.98	46.57	92.96	74.73	79.71	90.8	98.37	25.71	8.06	31.89	59.46	59.67	116.85	91.35	72.8	107.49	64.01	58.31	54.13	47.8	88.36	11.66	106.3	38.83	59.81	70.01	51.42	46.69	78.52	44.72	82.22	62.03	26.0	45.0	79.83	61.81	95.67	25.5	89.27	17.2	19.92	31.24	13.04	66.48	82.46	57.08	47.41	83.95	44.01	53.71	49.04	77.23	76.06	75.58	10.82	41.11	84.58	112.93	96.57	68.01	87.48	31.14	69.97	13.42	21.4	45.01	85.84	47.17	55.03	31.58	85.21	88.62	78.41	70.71	58.22	86.56	43.83	43.46	87.21	71.56	54.92	79.18	36.4	103.28	51.66	82.2	32.2	62.29	22.8	31.11	103.59	33.24	61.07	31.4	79.06	82.01	45.88	22.56	109.18	4.0	82.22	97.53	25.08	98.67	93.23	67.72	64.76	23.32	4.47	97.74	33.53	49.98	107.9	21.63	29.02	39.01	69.57	105.55	76.84	32.76	38.48	33.24	32.45	77.41	102.3	58.05	94.05	108.0	17.89	101.21	57.07	91.21	69.32	42.19	67.42	72.09	64.07	35.01	61.29	87.73	111.14	10.0	72.47	93.92	31.11	20.88	72.5	93.05	38.64	73.38	79.92	62.03	98.23	28.65	65.12	44.55	12.21	13.42	58.05	52.35	74.3	31.76	32.53	82.71	89.63	82.42	1.41	26.68	52.2	116.73	50.09	38.08	28.43	75.82	73.76	61.4	31.26	68.88	99.7	53.41	19.1	123.07	36.36	75.93	29.07	54.41	89.27	22.56	21.93	95.26	47.51	39.36	70.52	
43.19	50.01	49.25	61.06	0.0	25.06	36.67	54.49	71.03	33.73	10.0	43.01	52.33	86.98	53.45	48.88	21.02	62.63	59.17	30.53	66.03	83.63	25.0	22.67	91.39	60.83	78.06	22.8	18.03	96.38	55.17	98.01	68.12	48.17	43.42	32.7	75.0	62.59	41.68	48.33	23.09	48.47	90.79	48.27	30.36	75.77	55.32	44.0	65.31	39.81	82.37	23.54	90.27	66.13	85.87	67.54	73.44	11.31	8.49	57.8	73.6	44.41	50.54	61.91	10.2	21.02	19.92	71.22	62.03	47.2	30.0	76.84	35.85	43.86	40.45	62.97	53.37	39.7	54.33	50.48	32.76	57.8	68.45	41.48	70.21	63.63	64.56	59.44	72.44	68.01	12.81	32.0	60.42	31.62	60.46	32.02	75.93	56.61	45.49	38.48	21.93	66.31	46.84	25.18	58.52	60.44	62.43	64.9	73.55	32.25	61.35	39.82	54.57	66.4	28.44	14.0	43.42	37.05	35.51	63.66	18.11	62.65	27.78	72.34	35.9	28.65	10.63	65.79	40.85	81.61	45.28	18.03	22.02	29.21	65.3	78.43	74.67	44.2	29.0	56.94	78.09	67.9	43.14	20.62	57.87	64.0	63.25	67.94	54.33	51.04	65.79	56.32	18.38	48.27	54.41	61.61	43.01	42.0	49.25	57.71	55.61	86.73	35.47	55.79	63.29	32.02	43.83	68.07	29.41	93.49	75.0	42.64	48.02	45.04	47.42	53.81	49.03	47.51	31.24	36.62	30.27	13.6	41.05	63.63	35.36	31.83	30.46	64.12	65.39	36.72	61.1	91.61	77.9	40.5	78.24	45.4	20.59	37.36	78.43	60.88	38.64	71.55	84.01	73.25	63.66	21.59	9.22	36.67	67.12	30.36	87.37	66.04	35.23	60.75	86.76	83.6	59.94	75.13	67.07	75.31	18.68	81.88	22.67	87.6	35.23	42.95	10.05	42.49	65.86	24.7	18.03	89.87	48.0	62.68	47.63	67.48	77.42	83.1	52.81	56.04	
65.49	43.42	40.72	41.23	25.06	0.0	14.87	65.31	78.01	47.43	28.28	66.47	77.37	96.9	54.45	30.15	40.22	81.5	34.13	40.5	73.24	64.76	12.37	47.43	73.35	49.48	70.58	10.0	42.06	75.96	66.21	104.35	58.82	30.53	67.45	39.36	66.73	49.65	66.73	38.83	18.03	73.41	99.05	26.57	22.14	58.42	79.7	38.83	62.68	64.2	86.28	38.91	98.01	84.72	66.94	48.84	62.59	30.27	28.64	82.66	87.09	59.67	75.59	67.8	18.44	13.04	6.71	84.31	46.0	72.11	28.43	76.4	31.32	48.83	18.97	74.73	30.0	42.19	36.72	25.61	11.18	71.78	71.42	66.13	57.71	79.56	50.16	46.87	61.61	45.28	26.08	55.32	63.7	36.72	75.29	9.85	73.25	57.31	40.31	57.14	34.54	49.16	23.02	44.65	83.38	80.16	69.89	79.7	62.37	50.16	46.04	23.19	53.91	80.06	9.22	14.42	18.36	59.84	59.77	75.15	41.23	65.8	52.84	66.64	37.8	53.71	35.23	66.6	60.07	70.04	70.33	28.44	46.87	11.7	69.43	62.13	63.15	69.07	9.22	63.01	65.62	78.29	42.95	5.0	46.57	86.83	42.38	79.62	76.24	26.25	84.59	76.11	26.57	58.6	29.73	40.5	67.78	37.2	27.89	81.74	31.11	69.58	11.05	41.23	85.21	53.15	18.79	61.33	20.62	72.62	82.42	67.42	55.23	68.45	71.59	30.0	73.38	54.38	56.04	52.77	31.62	26.93	57.07	69.03	10.3	45.35	55.46	87.48	48.17	54.33	79.63	69.77	54.92	56.89	90.87	43.28	32.31	58.03	78.41	81.06	30.02	74.97	75.0	52.81	40.5	17.03	16.16	55.15	57.87	21.4	92.85	81.32	57.56	40.52	67.91	77.88	85.0	71.2	60.42	62.51	43.46	85.56	39.12	71.25	51.62	67.98	23.09	26.17	90.92	12.73	42.95	68.45	28.64	55.76	23.43	43.14	91.18	75.61	28.44	41.87	
79.06	55.44	52.2	45.18	36.67	14.87	0.0	80.11	92.36	49.41	42.01	74.06	88.26	111.51	68.12	36.69	46.4	96.03	27.46	55.36	87.66	68.01	13.04	57.38	77.0	59.03	81.01	24.6	54.59	77.1	81.02	118.41	68.88	16.28	80.06	54.13	76.94	58.31	77.25	28.16	32.65	84.77	113.44	30.41	17.46	63.39	91.98	51.62	75.17	76.49	100.0	43.14	112.33	99.3	70.03	53.24	71.69	44.01	42.01	92.13	101.95	74.46	86.38	82.1	27.51	17.0	17.03	99.16	52.89	81.86	42.72	89.2	25.5	63.29	4.12	89.55	16.76	38.33	22.2	21.84	4.0	86.65	85.15	78.1	66.13	94.37	57.87	55.95	70.77	44.91	32.76	68.36	77.62	51.43	90.14	5.1	85.43	70.84	32.06	71.57	38.18	54.92	10.82	50.45	94.92	94.53	84.38	94.56	71.31	64.63	53.45	32.76	67.21	94.92	8.25	23.09	14.14	73.17	72.18	89.96	54.23	79.65	63.57	77.94	52.15	64.51	45.54	79.93	74.43	78.43	80.78	43.17	57.01	24.08	83.41	67.74	71.87	78.72	21.26	77.39	73.68	93.02	37.34	17.03	56.36	100.24	45.0	94.43	90.01	22.8	99.14	90.45	30.48	73.41	26.25	43.0	79.56	50.21	13.15	94.37	28.16	74.17	6.71	27.66	99.01	67.01	13.34	72.4	34.21	73.35	96.8	76.92	69.84	81.5	79.92	29.27	85.7	68.96	65.8	67.47	46.14	33.29	71.81	83.23	11.18	60.17	66.76	100.6	53.94	68.88	94.2	69.38	53.45	71.59	105.7	56.64	36.07	72.06	91.29	95.34	42.45	88.73	84.58	55.08	39.81	19.21	29.02	69.58	68.0	34.83	106.83	96.17	71.06	44.1	71.03	88.84	95.63	83.01	71.56	70.52	55.32	99.25	53.6	76.42	66.29	79.06	37.12	35.36	101.24	26.93	54.57	68.66	13.89	44.94	23.02	39.4	106.04	85.88	17.2	28.43	
36.5	39.29	42.95	70.04	54.49	65.31	80.11	0.0	18.44	85.23	44.55	75.95	63.79	32.56	23.71	62.03	70.83	29.07	88.57	25.24	14.04	81.86	73.78	58.52	85.23	51.08	50.99	55.54	45.19	96.15	1.0	44.29	49.65	95.71	46.39	26.0	50.93	55.15	61.01	100.8	47.54	58.55	36.4	68.07	82.2	72.5	54.71	37.22	33.94	48.04	32.14	75.72	36.06	30.23	83.63	70.88	55.8	43.19	46.01	75.54	22.36	14.04	63.51	13.93	63.03	71.03	65.51	19.42	61.68	68.01	38.33	35.47	89.38	19.0	84.17	9.49	93.3	94.18	101.97	79.91	76.49	10.3	23.41	51.09	57.8	19.7	59.24	53.14	55.22	82.73	67.27	40.31	19.21	28.79	14.32	75.15	39.45	24.41	99.25	24.08	75.6	66.41	86.33	73.36	62.64	31.14	11.05	17.46	56.61	25.63	59.77	56.22	27.29	16.0	73.82	64.82	77.37	38.0	46.04	9.85	42.49	20.25	55.54	43.86	29.43	55.32	56.6	26.63	25.02	62.37	63.03	38.6	57.58	57.57	19.31	71.59	58.01	67.03	60.08	12.04	62.2	13.45	97.59	64.5	49.98	48.26	73.98	14.32	38.01	79.76	30.81	29.41	72.86	6.71	81.39	73.68	53.15	37.05	92.85	52.92	81.22	79.4	75.03	105.82	42.8	32.56	78.59	44.05	47.54	95.34	21.54	67.12	12.04	42.76	75.17	77.1	51.2	13.04	61.39	20.25	34.48	68.01	17.26	15.81	71.78	22.67	52.77	51.62	66.1	22.56	26.91	97.14	90.8	18.25	25.63	31.4	74.65	30.02	35.74	33.3	44.05	24.52	58.14	79.12	81.22	73.41	55.61	24.33	49.09	47.3	34.79	19.65	36.06	70.86	84.08	50.77	69.86	41.62	43.42	61.29	48.85	32.06	32.02	77.94	21.54	58.03	46.86	56.04	75.69	53.49	50.16	94.34	93.94	116.39	74.67	89.05	26.48	54.2	89.99	106.33	
54.04	42.76	46.87	73.25	71.03	78.01	92.36	18.44	0.0	102.88	61.03	94.37	81.22	20.4	25.96	67.91	88.55	41.15	96.17	40.61	5.0	79.83	87.86	76.84	81.27	51.04	42.94	68.01	63.32	93.41	18.25	27.02	46.1	108.47	64.03	39.6	44.38	55.08	79.16	115.36	60.0	76.11	21.1	75.0	96.9	71.02	71.2	43.32	28.64	66.03	14.04	93.15	20.0	40.82	81.25	72.03	51.24	59.91	62.68	93.13	22.8	32.39	81.1	10.3	78.75	85.59	79.4	20.52	63.0	86.05	49.65	22.67	104.69	29.21	96.25	15.81	103.75	110.6	114.55	88.26	89.05	23.54	12.65	69.01	55.11	29.53	59.14	54.0	50.96	86.28	83.82	58.69	16.28	41.77	25.63	87.66	28.84	24.33	114.59	42.43	92.65	67.07	97.06	91.29	79.25	44.38	8.6	25.55	52.2	43.97	61.0	64.26	28.44	21.63	87.01	79.93	87.24	56.14	64.28	14.87	60.54	15.03	73.98	36.77	40.22	73.76	74.24	19.42	43.1	55.95	81.02	53.91	75.89	68.6	11.0	68.88	53.45	85.21	71.34	15.0	57.25	10.82	113.7	78.1	51.01	62.39	77.23	15.0	53.6	87.92	41.68	43.97	89.2	23.26	88.89	77.41	71.0	44.01	104.45	68.88	88.32	75.58	86.61	119.2	56.46	50.99	88.57	39.29	58.31	93.39	4.47	85.38	23.35	60.13	93.43	83.93	68.36	24.04	79.83	38.6	46.4	84.63	35.69	9.49	82.86	39.82	71.2	66.13	67.03	41.0	39.4	96.34	93.0	36.67	21.93	37.34	91.53	48.26	21.93	46.62	52.0	10.82	49.4	80.1	85.84	88.39	70.77	42.76	45.89	57.8	16.55	27.46	54.33	74.33	81.49	39.82	86.83	32.25	39.05	57.28	67.07	14.14	49.24	73.39	39.85	76.03	62.48	63.25	92.4	65.46	68.35	93.38	106.23	131.52	82.87	94.2	25.55	44.65	99.81	119.81	
62.2	83.22	82.02	88.6	33.73	47.43	49.41	85.23	102.88	0.0	43.01	32.06	54.92	116.83	87.09	77.13	14.42	85.28	76.84	63.32	97.95	112.09	37.59	30.0	120.54	93.05	111.45	51.48	40.61	123.37	85.76	129.5	101.04	50.22	56.82	66.1	108.23	94.26	44.64	39.22	55.0	54.12	121.49	74.0	32.56	105.32	64.51	77.32	99.04	52.35	115.04	10.2	121.26	88.87	114.28	96.05	106.0	43.66	41.11	53.04	101.41	73.01	52.95	94.43	31.14	34.93	40.8	99.49	92.23	45.28	63.39	110.44	28.3	77.16	51.09	92.66	63.64	19.24	54.2	70.33	47.17	86.21	101.59	51.89	102.18	89.83	95.63	91.2	105.0	92.2	23.02	51.09	93.64	65.25	87.97	47.51	109.66	90.25	32.02	64.54	13.15	95.9	59.67	12.81	63.35	82.01	94.37	92.1	106.02	60.22	91.92	69.05	88.29	94.49	43.42	33.73	62.27	56.22	49.93	93.48	43.01	95.86	36.36	105.93	69.63	37.22	28.65	99.33	65.8	114.04	47.07	51.66	30.61	57.07	98.23	108.67	107.04	42.43	55.54	89.55	110.16	98.18	24.19	42.72	90.05	78.29	89.81	97.42	72.4	71.2	88.24	78.24	20.88	79.65	74.79	87.92	52.0	75.33	56.64	68.35	76.54	116.5	52.84	50.7	80.13	55.9	61.91	101.49	61.03	119.97	106.55	40.45	80.62	60.54	39.05	76.49	59.62	80.23	33.62	65.46	63.95	22.02	69.4	96.25	55.46	63.06	40.82	76.69	94.92	64.2	84.39	116.87	101.52	68.6	106.53	79.08	15.3	60.81	111.97	81.61	71.0	104.55	117.15	100.24	87.24	31.3	39.0	63.25	100.04	62.03	119.42	92.7	55.97	87.93	115.25	117.24	60.21	108.85	100.5	107.23	37.54	114.63	53.67	117.89	64.07	48.38	43.74	72.01	64.0	54.33	36.12	115.69	52.63	45.04	69.78	88.32	104.8	116.52	65.95	50.33	
37.22	42.58	42.45	58.14	10.0	28.28	42.01	44.55	61.03	43.01	0.0	47.01	51.4	77.08	44.15	46.01	29.43	54.57	61.1	20.59	56.04	79.61	32.02	25.5	86.83	54.41	70.06	22.36	15.0	93.01	45.25	88.01	60.83	55.32	39.56	23.09	67.27	56.65	41.73	57.31	19.1	46.87	80.81	47.01	38.91	71.2	52.0	36.5	56.44	36.67	72.47	32.89	80.28	57.97	81.84	63.82	66.49	2.0	2.0	58.73	64.07	34.99	49.82	51.97	18.87	28.46	25.08	61.61	57.31	48.17	22.8	67.45	45.22	34.18	46.04	53.15	58.14	49.68	61.61	52.0	38.01	48.26	58.69	38.95	63.89	54.56	59.09	53.49	65.51	66.71	22.8	27.2	50.7	22.36	51.11	37.0	66.91	47.3	55.0	30.08	31.76	61.91	51.24	33.14	56.44	52.77	52.43	55.57	66.71	23.41	56.36	36.8	45.54	56.86	34.13	21.54	45.88	31.58	32.2	53.81	13.42	52.92	28.43	64.01	27.07	29.07	16.03	56.32	32.76	74.73	45.28	9.0	24.6	28.3	55.46	73.35	67.91	45.45	29.07	47.01	71.57	57.98	53.04	25.0	51.55	58.55	60.83	58.14	48.04	52.39	57.72	48.66	28.32	38.29	55.46	59.4	40.82	34.53	55.08	53.76	56.36	81.84	39.32	63.91	57.04	25.0	46.57	60.07	25.0	90.43	65.0	44.2	38.08	40.26	50.25	53.85	45.69	37.59	33.29	27.29	22.09	23.6	31.76	53.71	38.08	21.93	29.73	59.23	61.06	27.86	52.89	89.2	76.58	31.3	68.6	37.0	30.53	30.07	68.96	53.46	32.7	61.74	76.32	70.29	62.8	29.97	13.15	28.16	59.84	25.81	77.39	56.82	29.27	58.05	82.68	75.11	59.2	66.37	59.08	68.96	17.69	72.01	13.04	82.35	25.94	42.01	5.39	39.05	65.44	23.02	17.8	87.21	54.59	72.2	48.3	67.74	67.96	75.03	56.72	64.26	
42.95	88.89	89.2	104.01	43.01	66.47	74.06	75.95	94.37	32.06	47.01	0.0	25.06	103.46	86.47	91.81	27.78	65.51	100.0	61.66	89.94	126.27	61.03	21.54	133.72	101.24	115.12	65.8	34.71	139.28	76.12	118.68	107.0	79.31	34.13	66.1	112.81	103.62	17.8	70.61	65.37	26.25	109.42	91.21	59.93	118.07	37.01	82.86	99.72	30.41	108.05	32.31	109.77	68.8	128.5	110.28	112.93	46.24	45.19	21.0	86.01	61.98	23.32	88.28	48.1	57.2	60.14	84.86	104.2	14.76	69.64	108.0	58.52	75.33	76.85	80.78	90.21	51.24	84.15	91.97	70.8	73.08	97.08	28.3	110.72	73.41	106.1	100.46	111.97	110.89	41.4	35.69	90.0	66.71	73.39	70.6	109.29	89.36	63.79	51.97	37.16	108.71	84.88	24.17	33.54	61.59	86.7	76.69	113.23	51.09	103.32	82.68	88.81	80.06	66.4	52.4	84.29	38.9	30.68	81.74	37.66	92.01	21.02	108.5	72.03	21.0	32.45	97.05	51.66	121.17	18.44	55.36	22.47	72.2	93.13	120.34	114.48	12.81	71.84	84.1	118.27	86.83	56.22	61.52	98.43	52.4	106.25	84.77	50.22	92.66	67.96	58.67	43.91	72.25	96.18	104.62	27.2	80.96	84.12	41.23	97.58	128.81	75.29	81.74	55.9	43.42	84.39	105.32	71.59	136.46	97.08	11.31	76.0	38.59	7.0	96.26	33.97	76.01	15.03	56.22	68.31	40.8	58.69	90.27	76.42	58.08	23.19	49.82	107.82	53.46	65.37	134.62	120.74	57.71	91.39	82.23	38.91	46.32	109.0	60.46	79.71	99.25	121.81	116.21	106.4	54.92	52.01	51.62	106.04	72.47	110.42	76.56	40.26	103.73	129.38	118.95	28.86	109.66	104.35	115.77	30.81	107.91	50.64	129.36	55.15	22.02	51.0	85.23	32.06	67.68	30.08	132.88	80.96	77.0	89.83	109.6	88.57	119.85	91.26	81.49	
27.29	87.37	88.81	108.93	52.33	77.37	88.26	63.79	81.22	54.92	51.4	25.06	0.0	86.15	80.23	97.0	46.04	45.61	111.41	57.98	77.52	129.07	75.58	31.05	135.42	100.69	110.17	73.5	36.4	143.01	63.64	102.59	104.32	96.88	17.46	62.97	108.69	103.81	11.18	91.05	70.29	5.39	92.78	98.41	77.28	120.1	13.04	81.84	93.41	17.0	95.26	52.0	93.54	48.38	131.24	113.9	110.64	49.82	50.22	12.04	68.07	50.22	2.0	77.47	60.75	71.47	72.09	67.6	106.4	10.3	70.84	98.72	78.16	69.35	91.71	66.01	105.0	73.33	102.42	102.58	84.5	58.01	86.88	13.89	109.84	55.58	107.0	100.8	109.77	118.07	56.52	27.46	81.04	64.64	57.08	83.93	101.53	82.64	85.02	40.8	56.08	111.29	98.79	44.05	8.54	41.48	74.81	59.41	111.14	43.38	105.12	87.86	83.26	63.29	80.06	65.19	95.71	26.93	20.81	67.01	38.29	82.71	24.7	103.08	69.89	23.77	42.72	88.6	39.05	118.6	8.0	57.28	31.32	79.63	82.76	121.4	112.51	12.65	80.16	74.22	116.62	72.0	78.31	72.92	98.23	28.6	111.87	69.07	29.83	103.08	47.43	39.62	60.83	62.1	106.33	110.54	11.66	80.21	100.0	17.2	107.38	130.0	87.73	101.4	33.12	34.89	96.15	101.08	75.74	140.76	83.02	14.56	67.68	21.1	19.21	105.12	13.04	68.01	23.19	47.17	68.25	56.29	47.8	79.43	87.66	52.35	21.95	25.5	110.54	43.66	46.1	140.04	127.91	46.84	73.35	79.4	57.22	34.79	99.25	39.85	81.47	88.28	117.27	120.92	114.2	70.34	61.29	41.44	103.45	76.42	96.01	58.69	29.55	108.98	132.01	112.27	7.81	102.79	100.18	114.59	34.13	95.34	48.41	129.85	46.62	9.43	56.61	89.87	14.14	74.4	34.48	137.89	97.74	99.72	99.32	118.98	69.86	114.39	104.92	101.32	
60.73	63.15	67.27	93.54	86.98	96.9	111.51	32.56	20.4	116.83	77.08	103.46	86.15	0.0	46.32	88.29	102.42	41.05	116.48	57.63	24.35	98.86	106.02	88.68	99.46	71.03	60.17	86.95	76.28	111.99	31.83	17.26	65.28	127.42	70.34	57.69	62.37	75.01	86.68	133.23	78.89	81.58	7.28	95.34	114.63	90.35	74.33	63.6	48.04	73.38	23.26	107.62	8.94	39.01	100.13	92.02	69.87	75.66	78.49	98.15	18.11	43.83	86.49	30.36	95.59	103.41	97.65	18.68	83.1	92.89	68.88	38.6	121.92	48.3	115.49	24.21	123.57	126.62	133.6	108.47	108.05	30.89	32.0	75.96	74.33	30.59	79.0	74.11	69.72	106.57	99.72	68.45	36.67	60.21	30.08	106.68	45.61	44.72	131.8	52.84	107.81	87.01	116.78	104.56	82.22	45.1	27.31	26.93	70.86	56.61	81.1	84.43	48.84	23.41	105.69	97.31	107.15	64.62	72.8	23.43	73.82	35.36	84.53	54.92	59.48	84.1	88.41	39.0	52.33	73.5	87.8	71.06	87.82	88.1	31.26	87.82	72.01	92.72	90.79	34.54	75.5	19.1	130.11	96.52	71.18	62.07	97.51	19.42	56.44	108.16	40.01	46.53	105.36	39.05	109.2	97.74	77.62	64.2	123.89	71.11	108.67	93.94	106.0	137.84	56.04	61.77	108.46	58.31	77.82	112.29	16.12	93.3	41.68	65.97	101.24	104.29	73.16	42.54	89.96	51.4	65.37	100.45	47.43	29.83	102.42	55.15	81.02	66.07	87.02	52.7	40.2	115.62	113.07	48.26	13.0	57.57	106.96	57.7	37.0	47.04	72.11	29.07	65.79	100.0	106.21	105.89	88.09	53.85	65.19	77.39	17.03	27.46	63.56	94.64	100.28	55.15	90.35	49.48	58.22	75.95	79.61	24.17	64.38	91.44	52.8	82.97	79.4	83.52	95.08	84.6	80.99	112.64	125.4	148.92	103.09	114.59	17.12	60.75	119.77	138.4	
54.2	17.03	21.1	48.01	53.45	54.45	68.12	23.71	25.96	87.09	44.15	86.47	80.23	46.32	0.0	41.98	73.55	52.43	70.21	25.0	22.2	58.18	65.44	66.01	61.59	27.51	29.97	44.6	52.04	72.45	24.6	50.48	26.25	84.39	63.07	21.21	28.84	31.62	74.73	92.96	37.01	74.85	46.62	49.04	75.0	48.85	73.57	17.46	13.34	63.32	31.89	76.92	45.19	53.85	59.93	47.85	32.56	43.74	46.1	91.08	43.57	32.02	79.48	16.12	59.03	63.82	57.01	40.61	38.64	82.01	26.4	23.41	83.49	11.18	71.84	31.05	78.39	91.24	90.27	62.39	65.12	34.0	17.03	66.48	34.13	43.38	35.74	29.83	31.89	61.0	65.55	53.45	9.85	21.84	38.01	63.7	23.02	3.16	93.23	39.82	75.27	43.17	71.87	77.1	81.01	54.04	20.0	40.85	33.3	37.0	36.67	38.48	3.61	38.6	63.66	59.17	61.77	53.31	60.08	30.81	49.04	11.66	65.49	22.85	17.89	65.62	59.68	12.53	42.19	39.7	77.49	35.44	65.01	44.05	15.65	47.89	34.71	80.28	46.86	13.15	38.95	31.06	93.65	55.44	26.68	70.04	52.01	34.37	58.9	62.03	54.38	51.66	70.26	20.52	62.94	52.01	68.71	18.36	79.63	72.67	62.36	55.76	62.01	95.52	65.07	45.54	63.13	21.4	33.97	71.69	30.36	79.83	13.45	60.42	87.48	57.97	68.88	12.81	71.45	33.11	24.19	66.48	33.29	16.49	58.01	28.64	64.13	73.0	42.95	36.67	50.22	73.68	68.36	34.13	45.04	11.66	73.74	45.62	25.08	56.08	26.42	20.62	37.12	56.09	60.21	67.12	50.54	38.91	25.61	33.3	38.83	43.08	50.7	49.0	60.37	32.56	87.24	23.19	20.62	37.8	56.04	31.14	36.01	54.41	33.62	72.73	43.66	37.34	93.47	41.73	57.01	70.84	81.84	109.64	57.01	68.47	47.38	34.18	74.24	96.21	
77.9	25.3	21.19	12.21	48.88	30.15	36.69	62.03	67.91	77.13	46.01	91.81	97.0	88.29	41.98	0.0	68.15	86.59	28.64	44.01	64.13	35.11	42.0	70.8	43.42	23.43	45.61	26.4	60.81	47.51	63.03	90.87	33.42	51.43	83.23	39.85	41.4	21.95	87.69	64.85	26.91	92.2	88.23	7.81	51.16	28.28	95.69	25.08	43.91	81.22	71.59	68.01	86.65	89.05	37.34	18.97	35.36	47.38	47.51	104.74	84.02	63.06	95.52	58.05	46.49	43.19	36.5	81.02	16.28	94.18	27.73	57.98	60.3	43.05	39.0	71.01	40.36	72.01	56.08	22.02	35.69	71.34	57.58	83.87	29.55	80.62	21.19	20.0	34.48	21.93	54.71	70.8	51.66	37.0	75.43	34.53	52.8	43.68	68.25	65.39	64.03	19.03	35.23	72.62	101.21	86.68	61.66	79.23	34.89	59.03	16.76	9.22	39.56	78.03	37.12	43.42	24.7	73.78	76.84	71.03	58.73	53.16	74.41	43.86	33.73	75.07	59.36	51.08	68.54	41.79	91.22	39.82	70.0	20.25	57.28	32.02	35.34	91.44	21.59	54.45	37.0	72.34	72.25	34.53	21.21	98.41	14.87	75.11	86.82	21.4	89.27	83.17	56.29	56.22	21.47	13.6	85.91	25.0	44.1	96.57	20.62	39.46	30.08	63.06	95.08	65.51	26.08	38.21	21.26	44.65	72.28	90.14	50.01	82.68	95.8	16.16	89.63	49.01	79.03	58.87	31.38	55.66	61.98	58.46	25.71	50.7	75.66	100.18	18.03	61.85	84.4	43.19	31.38	62.3	86.28	31.14	61.85	68.88	60.21	88.23	18.44	61.1	48.37	24.41	19.42	47.17	40.25	63.56	32.65	20.62	79.31	81.3	71.02	12.04	38.28	53.91	104.8	49.68	37.54	33.84	63.7	70.68	49.93	41.11	58.31	87.73	41.23	7.21	111.13	24.19	63.78	41.23	47.89	81.6	16.97	27.02	88.05	50.22	35.36	63.95	
48.88	71.03	70.26	80.11	21.02	40.22	46.4	70.83	88.55	14.42	29.43	27.78	46.04	102.42	73.55	68.15	0.0	71.61	72.84	49.34	83.63	103.25	33.42	17.09	111.33	81.74	99.02	41.79	26.25	115.39	71.34	115.1	89.14	51.87	44.6	52.39	96.01	83.36	35.0	45.01	43.74	44.1	107.07	66.24	32.31	95.82	53.76	65.01	85.84	40.16	100.85	6.32	106.85	75.21	105.48	87.09	94.43	29.83	27.46	47.13	87.11	58.6	44.05	80.23	21.95	29.73	33.6	85.15	82.28	37.66	51.01	96.77	32.14	63.32	49.09	78.24	62.43	28.46	57.01	65.19	43.28	71.84	87.6	40.26	91.08	75.66	85.15	80.23	93.43	85.44	14.21	37.44	79.7	51.79	73.66	43.19	96.34	76.69	39.2	50.25	10.05	86.33	57.2	4.47	54.01	68.51	80.06	77.83	94.53	45.8	81.74	59.46	74.97	80.16	38.95	25.81	57.31	42.72	37.16	79.06	28.6	81.91	24.04	93.19	56.44	25.0	14.32	85.62	51.62	102.59	38.05	38.33	17.46	47.93	84.15	98.76	95.63	34.53	46.96	75.39	98.99	83.76	33.24	35.23	78.77	66.41	81.84	83.01	59.48	65.95	74.63	64.64	16.12	65.3	69.53	80.06	40.79	63.01	56.36	57.27	71.06	106.9	48.08	55.44	67.62	41.73	57.28	89.02	50.01	112.25	92.18	32.56	66.48	47.93	34.01	70.21	48.27	66.13	23.02	51.04	51.09	13.45	55.0	82.08	49.68	48.75	28.46	65.25	85.38	49.82	70.6	109.77	95.13	54.2	92.2	66.19	11.4	46.75	98.23	68.26	59.54	90.48	105.02	92.14	80.71	27.2	28.16	48.92	88.14	50.99	105.1	78.49	42.2	79.62	106.4	104.39	52.47	95.75	88.02	96.18	23.35	100.46	39.4	107.97	49.65	38.12	31.0	62.3	57.27	44.27	21.93	108.3	53.31	54.82	63.6	83.1	90.55	104.04	63.6	55.33	
23.35	66.64	69.86	96.14	62.63	81.5	96.03	29.07	41.15	85.28	54.57	65.51	45.61	41.05	52.43	86.59	71.61	0.0	110.37	43.29	39.12	110.15	86.59	55.32	113.99	79.26	79.91	73.06	46.53	124.53	28.32	58.01	78.6	109.88	31.38	46.87	79.98	83.24	47.89	110.86	66.01	41.44	48.0	91.41	92.97	100.72	33.38	63.32	62.97	35.23	54.42	77.67	49.04	3.61	112.0	98.09	84.81	52.63	55.08	57.49	23.0	23.54	46.17	41.87	72.73	82.97	79.43	23.19	89.05	53.31	59.68	62.68	98.09	45.19	100.13	25.55	111.36	99.13	116.18	101.24	92.07	19.1	50.8	37.22	86.53	11.7	87.24	80.95	84.2	108.24	73.82	34.21	48.08	49.82	15.81	90.93	67.62	53.41	107.35	24.52	79.4	93.94	104.31	72.47	41.19	4.12	37.8	15.81	85.6	31.4	87.24	79.25	56.04	19.92	88.46	75.96	97.0	29.07	36.12	26.42	45.19	48.84	49.5	72.84	52.89	48.8	59.54	55.23	21.84	91.44	48.33	53.15	54.67	77.03	47.01	100.17	87.01	53.67	79.0	41.04	91.21	30.46	103.45	79.08	77.83	21.59	99.93	26.57	15.81	101.32	3.16	7.07	79.62	32.25	103.59	99.33	38.47	62.63	109.18	30.07	103.82	108.17	92.35	118.3	15.52	30.87	98.01	73.11	68.36	123.47	41.44	54.59	39.45	26.93	62.17	100.13	32.89	40.31	53.91	29.0	55.73	74.25	25.08	43.42	90.09	37.05	45.28	25.5	93.52	27.17	2.24	124.81	117.0	25.02	28.07	58.18	79.26	25.5	62.43	6.0	68.15	50.77	87.0	106.23	105.99	84.12	67.68	26.48	78.01	68.47	53.15	14.32	29.41	96.77	112.51	79.03	49.37	70.18	72.47	90.21	48.55	54.78	42.43	106.83	30.02	43.83	59.03	79.83	54.04	72.0	49.93	122.1	109.04	124.33	96.42	113.16	24.33	82.88	109.07	118.6	
97.53	53.85	49.77	29.07	59.17	34.13	27.46	88.57	96.17	76.84	61.1	100.0	111.41	116.48	70.21	28.64	72.84	110.37	0.0	67.12	92.18	47.13	39.7	81.54	56.04	50.8	72.25	38.9	75.64	53.04	89.56	119.51	60.44	34.13	100.66	64.0	68.01	48.27	100.85	50.49	44.72	107.33	116.71	21.19	44.78	45.65	113.09	52.89	72.47	97.69	100.22	70.18	115.17	113.22	48.76	36.06	60.81	62.97	61.85	116.76	110.89	87.09	109.66	86.13	52.01	43.14	40.0	107.91	40.31	106.23	51.0	86.45	52.0	69.72	26.4	97.87	18.03	65.0	36.12	9.22	29.83	97.13	86.16	99.81	54.45	106.02	45.97	47.2	60.11	21.84	58.73	88.26	80.01	61.0	101.08	29.73	80.99	72.11	56.52	87.13	65.3	39.82	18.03	77.08	117.2	109.77	89.5	105.17	60.11	80.23	41.77	32.39	68.01	104.48	33.97	47.63	15.81	92.35	93.23	98.01	74.46	81.6	86.95	71.61	59.21	87.82	69.34	79.71	90.26	65.44	104.45	58.46	80.99	33.73	85.7	50.61	60.14	103.17	32.28	82.23	60.44	99.82	63.25	38.83	49.09	118.85	26.63	102.26	107.71	9.06	113.28	105.93	57.38	82.3	7.28	25.0	101.55	52.39	25.08	114.83	8.06	54.78	24.76	44.1	116.5	84.9	15.62	66.03	42.05	49.01	100.58	101.51	76.79	101.19	105.42	12.53	106.78	75.8	90.14	81.5	55.0	59.41	85.29	86.68	23.85	73.33	89.47	119.92	39.05	83.86	108.3	44.1	28.02	85.38	113.6	58.94	63.13	89.27	88.68	111.02	44.72	89.69	73.59	34.18	17.46	46.1	50.12	85.16	59.82	42.01	107.94	107.12	89.84	27.66	49.73	80.81	119.08	77.67	65.46	57.49	77.37	99.32	69.63	57.78	80.62	102.0	55.71	32.98	125.03	39.05	76.94	44.0	30.15	65.01	14.0	13.04	114.98	76.38	13.04	45.1	
34.83	29.41	31.14	54.59	30.53	40.5	55.36	25.24	40.61	63.32	20.59	61.66	57.98	57.63	25.0	44.01	49.34	43.29	67.12	0.0	35.61	72.18	48.55	41.01	77.9	42.8	53.6	31.05	27.07	86.45	26.08	67.62	46.52	70.68	41.87	5.0	51.55	46.1	51.08	75.6	23.35	52.7	60.81	48.27	57.01	62.94	53.74	24.08	38.12	41.05	51.88	53.31	60.14	46.1	74.28	58.01	52.77	19.7	22.36	67.98	46.62	20.0	56.94	31.38	38.21	45.8	40.31	43.86	49.68	58.31	16.49	47.68	64.38	14.14	59.46	34.48	69.43	70.0	76.97	58.03	51.62	31.32	38.28	44.1	51.87	39.46	49.52	43.19	51.88	65.92	43.27	30.53	30.36	7.21	34.93	50.33	48.01	28.02	74.28	21.47	52.35	54.67	62.37	52.63	60.31	42.95	32.02	39.29	53.24	15.62	48.17	36.14	27.17	39.56	48.75	39.7	54.23	31.89	37.22	34.99	24.08	32.57	40.79	46.87	12.04	41.0	35.17	36.5	24.6	60.84	54.13	13.45	40.01	34.13	34.93	63.78	54.59	56.3	36.35	26.42	58.67	38.6	73.11	39.36	40.46	54.59	58.14	39.45	42.94	58.08	46.17	39.29	48.6	18.6	60.3	57.27	46.32	22.63	68.31	53.91	60.53	72.35	50.7	80.62	51.08	23.43	55.33	43.97	25.08	84.65	44.69	55.66	17.49	40.31	63.06	56.89	48.17	17.0	46.69	14.87	12.65	44.1	18.25	33.12	47.85	6.71	39.85	56.6	54.04	17.89	41.19	84.88	75.15	18.44	50.54	21.47	51.11	25.61	49.03	44.38	25.94	41.23	60.44	65.73	63.25	48.27	30.48	19.72	45.62	25.18	56.86	41.0	29.07	55.01	74.97	57.31	65.46	48.09	43.01	56.6	31.06	51.43	11.05	72.01	14.32	49.65	21.93	37.0	71.85	29.43	32.02	82.42	69.08	91.35	53.15	70.09	50.7	58.25	66.61	81.12	
50.25	39.2	43.29	70.03	66.03	73.24	87.66	14.04	5.0	97.95	56.04	89.94	77.52	24.35	22.2	64.13	83.63	39.12	92.18	35.61	0.0	77.88	82.98	72.12	79.85	48.37	42.44	63.25	58.52	91.71	14.0	32.02	44.27	103.73	60.21	34.66	43.42	52.47	75.03	110.45	55.22	72.34	25.81	71.06	91.97	68.88	67.91	39.29	26.93	62.01	18.11	88.19	24.84	39.2	79.4	69.26	49.77	54.92	57.69	89.36	23.26	28.07	77.32	6.08	73.76	80.66	74.52	20.59	60.13	82.0	44.94	23.6	99.72	24.41	91.59	13.6	99.32	105.6	109.84	84.12	84.31	20.62	12.04	65.03	53.16	27.8	56.57	51.16	49.4	83.05	78.82	54.33	13.04	36.88	23.32	82.93	29.0	21.0	109.62	38.12	87.66	64.38	92.57	86.41	75.93	42.06	3.61	24.08	50.7	39.29	58.14	60.08	25.02	20.52	82.2	74.97	82.86	52.01	60.07	12.81	55.71	12.37	69.43	35.85	35.51	69.23	69.32	17.89	39.0	55.07	77.01	48.92	71.17	64.01	8.94	67.05	52.0	81.06	66.73	10.3	55.95	10.3	108.71	73.25	48.09	59.93	74.03	14.42	50.6	83.82	40.0	41.23	84.2	18.38	84.9	74.11	67.07	39.85	99.85	65.8	84.4	74.09	81.99	114.4	54.12	46.53	84.17	37.7	53.71	91.48	9.22	81.15	18.38	56.44	89.2	80.05	64.78	19.1	75.31	33.96	41.62	79.63	31.26	6.08	78.29	34.89	66.75	63.56	64.28	36.5	37.22	94.15	90.09	32.25	23.54	33.24	86.53	44.05	23.32	44.29	47.76	11.66	49.2	77.41	82.39	83.44	65.8	38.33	43.97	53.24	21.47	26.17	50.09	71.06	79.7	40.31	83.36	32.02	37.34	55.71	62.3	18.03	44.29	72.09	35.17	72.01	57.49	59.2	89.05	60.75	63.57	91.22	101.55	126.57	78.75	90.67	26.57	44.69	95.46	115.0	
106.96	43.83	41.23	23.54	83.63	64.76	68.01	81.86	79.83	112.09	79.61	126.27	129.07	98.86	58.18	35.11	103.25	110.15	47.13	72.18	77.88	0.0	75.95	104.96	9.06	30.89	40.11	61.47	93.81	14.42	82.76	95.08	33.73	79.76	113.85	67.27	37.0	26.93	120.6	95.26	60.9	123.99	96.19	38.47	84.38	9.43	125.9	48.27	51.2	112.54	77.06	103.09	94.13	111.83	2.24	16.16	29.07	80.71	81.3	137.8	100.88	87.92	127.78	72.42	81.6	77.67	71.31	98.03	22.67	127.41	58.26	61.03	93.19	65.19	69.07	88.96	64.76	105.57	82.76	47.27	68.18	92.14	67.27	115.43	24.74	101.55	23.02	29.41	29.15	25.3	89.81	101.91	65.15	65.07	96.18	67.27	54.01	57.94	100.0	93.09	99.04	17.8	62.51	107.7	132.25	111.31	76.84	99.01	28.07	87.78	24.04	43.86	54.63	96.57	70.58	78.45	54.01	103.95	108.37	88.6	91.4	65.52	107.9	44.1	60.21	108.47	93.94	60.42	96.05	27.66	124.02	72.2	104.1	55.36	69.12	11.05	27.02	124.85	56.61	70.94	24.08	87.93	105.17	69.38	32.45	125.8	23.02	91.71	114.2	46.27	112.29	108.45	91.21	77.9	43.57	25.02	117.59	49.58	71.02	126.06	41.59	8.49	62.13	90.61	121.49	95.46	55.04	40.61	54.71	13.6	83.36	123.71	70.71	112.49	129.85	39.12	120.21	69.84	112.9	86.05	60.88	90.76	88.01	71.84	58.31	78.64	108.6	128.23	18.6	89.5	107.91	17.03	22.67	88.6	101.39	52.43	96.84	97.74	63.01	113.21	47.63	69.87	37.11	13.15	29.83	81.58	75.24	91.55	33.96	53.85	85.02	101.24	101.12	24.33	3.16	47.68	136.78	50.01	40.79	23.02	97.08	76.06	80.72	12.04	85.91	120.1	75.29	41.15	143.18	59.09	97.35	14.04	75.8	111.02	45.0	35.34	104.4	41.77	59.44	91.59	
68.12	55.46	52.92	52.47	25.0	12.37	13.04	73.78	87.86	37.59	32.02	61.03	75.58	106.02	65.44	42.0	33.42	86.59	39.7	48.55	82.98	75.95	0.0	44.6	84.72	61.85	82.87	21.1	43.01	86.4	74.63	114.59	71.17	23.35	68.26	48.41	79.06	61.98	64.51	27.59	28.43	72.28	108.71	37.48	9.85	70.11	79.91	50.61	74.43	64.5	97.0	30.48	107.81	89.99	78.09	60.3	74.95	33.96	31.58	79.16	94.83	66.31	73.68	77.83	15.13	4.12	8.49	92.18	58.08	68.94	39.05	87.92	18.97	58.73	16.16	83.01	29.55	30.02	29.61	32.76	9.9	79.16	82.22	65.92	70.04	86.16	62.39	59.23	73.98	54.78	19.72	57.0	74.33	46.1	82.35	10.0	85.09	68.41	28.18	62.1	25.61	61.01	23.85	37.54	82.46	84.72	79.51	86.82	74.73	55.36	58.22	35.51	65.22	87.66	5.83	11.0	24.7	62.03	60.3	83.53	43.05	76.49	50.96	78.79	48.1	51.92	32.98	77.8	64.76	82.38	68.01	35.36	44.27	24.04	79.93	74.01	75.5	65.8	21.59	72.92	77.93	87.09	30.59	10.0	58.94	89.0	53.15	87.98	79.23	33.62	89.74	80.6	17.69	67.12	37.22	51.2	67.27	48.88	24.52	82.49	38.95	81.22	15.26	32.2	88.2	56.57	24.41	73.54	32.25	82.86	92.2	63.98	64.66	70.03	66.89	39.0	73.68	63.89	52.92	58.87	41.73	20.25	63.32	79.21	18.03	52.33	54.34	89.09	60.01	59.77	84.9	79.48	63.98	62.97	98.98	54.64	23.43	61.81	89.87	85.33	42.05	85.7	87.36	63.56	49.77	6.4	18.97	60.17	70.21	33.12	103.24	88.24	60.13	51.62	79.08	90.08	82.87	83.19	72.62	74.81	43.29	96.33	44.6	83.05	57.58	66.48	27.86	38.47	88.39	24.19	42.43	78.43	23.0	44.2	32.31	50.77	98.84	87.92	30.23	32.65	
32.2	67.45	67.68	83.01	22.67	47.43	57.38	58.52	76.84	30.0	25.5	21.54	31.05	88.68	66.01	70.8	17.09	55.32	81.54	41.01	72.12	104.96	44.6	0.0	112.29	79.71	94.05	45.28	14.04	118.15	58.87	102.55	85.62	65.92	27.51	45.18	91.59	82.08	19.92	61.2	44.1	28.16	93.91	70.77	46.39	96.65	37.12	61.4	79.1	23.09	89.99	23.41	93.94	58.9	107.19	89.04	91.48	24.7	23.71	35.23	72.42	45.19	29.12	69.63	29.97	40.5	41.68	70.72	82.76	24.7	48.1	88.28	48.09	55.01	60.75	64.85	74.09	45.54	71.57	73.01	53.71	57.8	77.93	23.35	89.2	60.44	84.58	78.92	90.52	90.55	25.5	21.21	70.46	45.54	59.08	53.23	89.0	69.0	55.9	35.85	26.48	87.32	68.03	17.2	38.33	52.01	68.68	63.01	91.76	32.89	81.84	61.61	68.12	65.73	49.24	34.44	65.73	26.25	20.12	65.74	17.03	72.56	7.07	87.57	50.8	8.06	12.21	77.16	36.62	99.72	23.41	33.84	1.0	51.66	74.15	98.84	93.01	21.63	51.62	65.12	96.77	70.68	50.29	42.72	76.9	49.34	85.43	69.35	42.54	73.6	58.26	48.27	30.07	53.85	77.01	83.87	24.08	59.48	68.96	40.45	78.24	107.33	57.31	71.01	50.57	26.93	66.04	84.17	50.25	115.43	80.06	20.0	56.57	30.87	25.0	76.49	31.4	56.44	8.6	38.28	46.84	25.32	41.63	71.59	57.69	38.33	11.4	48.27	86.45	36.25	54.49	113.85	100.45	40.72	77.67	61.0	27.17	31.4	89.45	51.61	58.18	80.41	100.62	95.21	86.27	39.29	31.89	34.89	84.65	51.11	93.3	63.41	26.17	82.8	108.05	98.25	38.28	89.09	83.19	94.24	10.05	89.74	30.0	107.84	37.0	22.2	29.68	64.07	43.86	46.86	9.0	112.0	66.71	71.84	70.29	90.14	75.6	98.86	74.25	71.0	
112.43	48.8	46.75	32.25	91.39	73.35	77.0	85.23	81.27	120.54	86.83	133.72	135.42	99.46	61.59	43.42	111.33	113.99	56.04	77.9	79.85	9.06	84.72	112.29	0.0	35.38	39.46	69.57	100.7	13.04	86.09	94.13	35.78	88.81	119.75	72.92	37.11	31.83	127.31	104.31	68.45	130.25	96.18	47.27	93.26	15.65	131.59	53.81	52.92	118.7	76.94	111.4	94.05	115.43	7.28	24.52	30.08	87.82	88.59	144.52	103.08	92.46	134.2	74.73	89.84	86.31	79.83	100.32	29.53	134.24	64.9	61.0	102.12	69.66	78.1	91.68	73.76	114.44	91.78	56.32	77.1	95.52	68.62	121.66	27.46	104.81	28.43	34.71	30.46	34.21	98.08	108.07	67.54	70.94	99.48	76.16	53.94	60.9	109.02	98.31	107.45	25.08	71.57	115.77	138.19	115.43	79.2	102.0	29.15	93.38	30.53	51.87	57.98	99.28	79.4	86.83	63.03	109.79	114.63	91.24	98.18	67.62	114.91	44.64	65.86	115.43	101.55	62.03	101.18	26.17	130.67	79.08	111.41	63.6	70.94	14.14	27.86	131.76	65.0	73.82	24.04	90.08	114.11	77.88	37.48	130.6	32.0	94.02	119.1	55.33	115.97	112.8	99.69	81.84	52.61	34.0	123.85	55.32	80.06	131.52	50.64	5.83	71.06	99.64	126.04	101.32	64.07	42.15	62.17	14.87	84.48	130.7	74.63	118.14	137.06	48.17	126.06	73.82	120.07	91.24	67.2	99.04	92.85	73.93	67.19	84.17	115.38	133.21	26.0	94.76	111.77	20.59	30.53	93.51	103.12	57.31	105.26	103.25	62.8	117.41	54.38	70.88	35.0	22.2	38.83	90.26	83.22	96.88	36.24	61.27	84.72	104.24	106.96	33.14	6.32	46.01	143.06	50.01	42.54	24.17	104.1	75.95	87.01	8.06	91.22	126.61	82.73	49.04	149.46	67.07	104.45	18.03	84.85	120.07	54.01	44.01	106.4	40.01	68.45	100.62	
77.1	13.45	12.08	23.41	60.83	49.48	59.03	51.08	51.04	93.05	54.41	101.24	100.69	71.03	27.51	23.43	81.74	79.26	50.8	42.8	48.37	30.89	61.85	79.71	35.38	0.0	22.2	42.19	67.12	45.28	52.0	70.6	10.0	74.43	84.65	37.8	18.03	4.12	93.15	86.93	38.12	95.44	69.58	31.14	71.57	21.47	96.33	18.87	23.35	83.82	51.42	83.15	67.74	80.95	32.76	21.0	13.15	55.03	56.32	110.28	70.83	57.2	99.57	42.58	62.0	61.98	54.74	67.91	12.17	100.24	31.62	36.4	80.78	34.41	61.77	58.52	63.78	91.41	79.32	45.25	57.38	61.33	39.05	86.84	9.49	70.77	8.25	3.61	12.17	36.14	70.03	73.24	35.36	36.06	65.39	56.08	30.41	27.66	89.49	62.94	80.01	16.03	58.6	85.99	103.08	80.45	46.87	68.35	13.04	58.14	10.2	26.57	24.04	66.1	57.87	60.13	48.01	74.65	79.88	58.24	64.4	36.12	81.44	20.81	30.81	81.86	70.09	32.06	65.8	21.0	96.38	45.88	78.77	37.85	40.05	21.26	14.0	97.95	40.26	40.52	17.26	58.05	92.42	52.77	3.0	95.27	27.2	61.61	83.74	44.55	81.41	77.67	73.06	47.01	44.05	27.86	89.05	20.59	67.42	96.18	42.8	29.7	52.33	86.09	90.8	66.22	49.41	15.26	32.02	44.28	55.0	97.05	39.82	82.88	103.87	38.42	90.91	38.95	86.93	55.87	33.11	71.03	57.49	42.3	47.85	48.92	81.41	97.84	16.0	59.4	77.03	46.17	42.05	58.14	71.85	21.93	78.0	67.94	38.63	82.38	22.2	42.19	25.63	29.07	36.77	65.92	54.08	61.52	9.22	31.02	59.44	70.58	71.84	24.7	33.29	30.48	108.23	26.93	14.76	14.56	70.77	50.45	52.48	29.21	55.87	92.11	51.2	23.77	114.62	39.12	71.31	43.32	71.02	103.87	40.36	45.31	74.53	26.93	58.73	86.95	
84.12	28.28	30.08	43.6	78.06	70.58	81.01	50.99	42.94	111.45	70.06	115.12	110.17	60.17	29.97	45.61	99.02	79.91	72.25	53.6	42.44	40.11	82.87	94.05	39.46	22.2	0.0	62.36	80.41	52.24	51.66	55.01	12.21	96.57	93.04	49.03	4.24	24.04	104.36	108.69	56.89	104.79	56.72	53.26	92.7	32.98	103.45	34.13	17.2	93.23	37.48	101.32	54.59	80.66	41.01	38.47	12.08	70.18	72.06	120.9	65.51	61.59	109.38	38.29	81.05	82.57	75.29	62.97	32.02	111.63	48.09	21.59	101.84	40.85	83.86	55.44	85.91	111.83	101.51	67.27	79.16	60.81	30.53	96.38	18.36	69.43	26.4	25.61	12.53	55.07	88.68	83.22	31.83	48.51	64.38	77.82	14.56	27.78	110.86	69.77	98.73	33.62	80.8	103.0	110.94	82.13	42.64	66.07	13.0	66.85	30.48	48.3	26.93	62.8	79.31	79.83	70.21	83.26	89.89	54.82	77.47	31.14	94.37	7.21	43.29	94.59	86.09	24.84	72.07	13.34	107.22	61.07	93.06	58.87	33.6	29.27	13.6	109.77	61.47	38.95	16.03	52.7	113.23	73.38	24.7	99.02	46.87	56.86	88.23	66.53	81.34	80.28	92.4	49.65	65.76	48.01	98.62	36.12	89.63	102.4	64.38	34.13	74.3	108.23	93.72	75.39	71.61	10.0	51.42	53.01	45.69	109.2	43.05	90.35	116.66	60.11	98.84	42.54	100.22	63.07	48.01	89.68	63.13	37.01	69.84	58.19	93.41	102.2	34.13	66.64	77.79	57.14	58.52	64.01	64.85	33.14	96.88	75.58	23.35	84.29	41.23	32.2	7.21	44.94	56.86	86.4	72.69	68.88	13.04	50.45	45.28	68.25	80.62	45.0	41.0	8.6	117.2	10.77	11.0	17.46	84.34	36.5	64.54	31.4	63.56	102.53	68.03	45.65	123.44	59.2	85.16	54.15	93.19	125.67	62.48	65.19	68.48	5.1	80.81	109.08	
58.69	34.54	32.28	38.47	22.8	10.0	24.6	55.54	68.01	51.48	22.36	65.8	73.5	86.95	44.6	26.4	41.79	73.06	38.9	31.05	63.25	61.47	21.1	45.28	69.57	42.19	62.36	0.0	37.22	73.82	56.46	94.37	50.99	40.5	61.85	29.55	58.69	43.0	63.41	48.41	8.06	69.12	89.05	25.5	30.89	54.12	74.32	29.53	53.34	59.03	76.37	41.98	88.01	76.16	63.69	45.31	55.33	24.17	23.32	80.06	77.49	50.64	71.85	57.8	20.4	20.25	13.0	74.67	40.79	69.43	18.44	66.85	39.81	38.83	28.64	65.0	38.47	49.48	46.65	29.73	21.1	62.36	61.52	61.29	51.01	70.41	44.18	40.01	54.33	45.28	28.64	49.4	53.76	26.83	65.97	19.72	64.01	47.51	49.24	49.04	38.33	44.64	31.4	46.24	78.77	72.01	59.91	70.34	55.23	42.05	40.45	17.72	44.2	70.52	19.1	18.0	24.19	53.45	54.56	65.39	35.78	55.87	49.68	57.94	27.8	50.45	33.42	56.85	52.09	63.13	67.01	20.02	44.55	6.4	59.46	57.27	56.14	66.53	6.71	53.01	59.01	68.43	50.92	11.18	39.2	80.05	40.5	69.86	69.05	30.08	76.11	68.03	31.02	48.85	33.11	38.83	63.13	27.78	37.34	75.96	34.0	65.25	19.65	51.22	77.93	46.1	25.08	52.81	11.18	70.83	72.42	65.07	45.28	62.3	70.18	31.62	68.03	44.42	53.74	44.1	21.63	29.61	48.26	59.03	17.03	36.35	51.61	81.04	43.68	46.0	71.11	68.82	55.17	48.17	81.15	33.6	36.22	50.64	68.82	73.06	21.19	65.05	67.27	50.61	41.04	24.04	13.89	47.04	50.01	12.08	82.88	72.03	50.96	38.08	64.62	69.29	81.27	62.17	51.87	56.0	39.41	75.66	31.14	66.49	43.05	64.07	17.0	20.62	87.42	3.16	39.2	67.12	38.47	65.22	25.94	45.49	81.6	67.45	36.01	51.86	
