220
0.0	46.86	12.21	50.61	60.83	46.32	29.83	30.02	48.08	57.2	33.0	49.58	30.68	54.57	22.67	43.05	24.21	36.89	61.77	35.06	22.47	55.66	50.25	41.44	45.35	32.31	51.86	60.22	56.22	48.37	22.02	52.95	43.84	39.32	16.55	49.65	38.64	48.51	53.23	78.49	45.61	53.08	36.69	28.46	36.89	64.44	59.41	28.28	58.67	22.0	23.35	39.85	14.76	9.22	66.29	41.11	46.69	74.97	54.45	26.17	11.18	61.27	47.43	45.61	48.09	51.26	58.25	50.01	67.54	53.6	73.76	48.1	37.0	55.44	11.31	17.8	56.08	30.89	39.05	61.61	36.01	63.13	45.89	44.69	28.02	57.38	27.66	56.14	26.93	49.4	68.68	54.15	56.8	62.43	47.1	27.0	13.0	38.9	58.82	23.02	49.58	31.76	19.1	59.62	41.11	45.65	47.42	39.05	29.43	55.08	19.92	62.68	44.82	72.4	18.44	71.34	69.34	15.26	62.63	50.92	54.13	40.61	65.8	35.74	38.63	24.21	64.2	52.0	38.33	32.14	60.84	34.06	48.38	33.29	35.47	47.2	67.2	46.07	28.16	55.57	14.14	51.43	16.12	51.4	48.09	57.63	52.15	65.8	37.2	47.27	55.9	57.78	41.87	74.33	43.42	58.6	38.01	4.12	56.94	50.0	54.08	44.41	46.17	58.8	70.94	40.79	57.01	33.02	23.26	41.15	58.22	58.9	45.28	43.86	45.18	64.2	57.01	72.95	31.32	43.38	54.59	32.2	51.62	39.32	45.04	65.19	45.22	42.8	58.52	44.05	51.62	37.74	54.82	37.01	29.83	47.54	39.96	42.72	72.12	39.85	61.27	55.04	32.0	55.54	48.37	42.94	19.42	28.64	51.08	51.97	45.62	46.87	50.01	24.17	69.31	37.12	27.89	52.5	18.97	32.02	
46.86	0.0	34.71	97.45	25.3	21.02	76.38	63.79	18.87	64.78	75.24	73.06	40.61	32.53	52.63	73.44	52.17	56.01	62.64	32.02	57.87	98.48	64.01	76.69	87.66	48.0	76.06	19.03	102.55	37.95	55.36	34.06	5.1	80.26	45.54	5.39	43.74	89.07	54.34	32.02	66.48	75.24	47.27	27.17	11.18	81.02	18.03	56.89	15.03	33.11	29.07	18.11	32.53	51.74	25.02	78.29	46.82	28.43	68.07	34.48	38.95	60.08	17.49	77.79	35.11	80.05	12.37	88.14	64.08	31.83	80.52	69.18	24.52	49.74	35.61	49.65	33.6	51.09	61.0	67.47	37.48	78.16	40.02	8.06	30.08	26.93	37.11	32.8	20.62	78.1	77.47	46.65	64.51	21.0	83.77	36.12	37.8	8.54	12.65	63.51	3.16	65.73	65.95	28.18	27.46	76.42	68.18	45.71	41.01	33.02	31.95	74.33	2.24	26.57	41.76	71.51	71.47	51.31	15.81	17.69	95.38	11.18	78.52	25.32	82.8	22.67	77.88	58.82	75.69	33.06	59.14	76.97	91.53	18.11	13.34	2.83	20.59	92.36	28.16	100.9	50.16	53.94	54.63	98.23	37.59	81.22	74.43	111.87	10.0	86.68	80.75	84.01	68.07	28.65	9.85	83.15	37.85	49.41	60.42	96.83	27.66	62.29	89.31	105.36	24.08	45.12	10.3	59.48	42.72	69.38	41.34	81.39	26.57	72.28	91.53	70.61	24.21	74.33	45.0	75.8	99.64	62.97	66.01	35.13	29.41	81.25	17.46	10.77	61.33	70.03	16.28	16.12	64.38	60.42	65.74	20.59	15.52	18.68	25.81	48.66	19.24	33.84	74.32	17.0	88.59	56.57	41.48	42.05	78.64	56.72	90.43	80.65	40.31	46.69	23.32	80.11	29.15	99.36	32.31	37.05	
12.21	34.71	0.0	62.8	50.33	35.23	41.73	36.88	36.67	54.56	43.57	53.71	25.5	46.1	26.93	49.34	27.73	38.42	57.49	26.57	29.43	65.8	49.09	49.5	55.15	31.83	56.36	48.88	68.01	40.16	27.89	45.0	31.89	48.38	18.79	37.44	35.36	57.57	48.41	66.48	46.62	56.94	35.0	20.02	24.7	67.01	48.02	32.7	46.53	13.89	13.34	28.44	3.0	17.89	55.07	48.51	42.95	62.94	53.54	18.87	8.94	56.4	35.9	51.04	39.29	55.58	46.04	58.05	62.43	45.1	71.7	51.31	28.07	50.92	2.24	22.14	46.17	32.02	41.88	58.73	31.02	63.13	38.48	33.02	18.97	47.54	21.4	46.1	14.76	53.6	67.01	49.04	56.22	51.11	54.45	22.36	7.62	26.91	46.62	31.32	37.48	38.83	31.24	49.73	31.26	52.2	50.48	36.36	26.63	45.18	12.65	63.64	32.65	60.21	17.8	67.36	65.8	20.1	50.45	39.29	63.57	29.15	65.19	27.02	49.24	12.04	65.86	50.8	47.1	25.96	55.8	44.91	58.6	22.47	23.85	35.0	55.0	58.18	18.44	66.85	20.22	46.86	24.02	63.6	41.59	62.18	54.08	77.47	25.0	57.04	58.94	61.39	46.52	62.48	31.91	63.51	32.89	15.23	53.08	62.2	44.72	46.23	56.36	70.72	58.8	37.59	44.82	35.17	20.25	44.72	49.48	63.13	35.06	47.68	57.31	61.62	45.71	69.35	29.83	50.45	65.73	37.95	50.77	31.38	35.36	67.62	33.73	31.38	56.6	48.75	39.85	26.93	52.63	38.28	36.12	36.35	29.15	31.4	60.14	38.01	49.24	45.28	42.58	43.66	57.28	43.14	18.44	26.4	54.92	48.1	56.6	53.01	43.93	25.0	57.38	48.05	20.22	64.66	11.7	27.31	
50.61	97.45	62.8	0.0	108.85	94.81	22.47	48.08	97.06	86.05	31.78	64.07	72.12	99.32	54.12	53.08	55.9	65.15	94.01	80.41	47.85	31.83	77.06	45.01	31.78	67.12	64.0	109.66	13.93	91.48	50.54	96.9	94.26	35.9	56.61	100.21	76.49	37.12	88.36	128.89	68.18	67.01	72.09	75.93	87.42	79.06	108.93	54.78	109.0	69.32	72.07	89.07	65.22	47.41	115.43	44.15	83.38	125.4	79.31	71.69	59.4	95.08	96.65	53.6	92.35	60.44	108.81	43.38	101.02	98.48	97.49	66.37	84.02	92.11	61.85	53.54	101.84	63.16	62.82	90.14	77.52	82.76	87.8	94.79	75.15	104.4	71.51	102.18	77.42	59.91	92.23	92.31	83.36	111.8	45.88	70.46	61.4	89.38	109.4	41.77	100.12	47.54	31.62	106.61	87.85	53.0	66.48	75.64	69.46	100.9	67.94	83.15	95.43	122.89	60.8	101.18	98.25	51.26	113.23	100.24	36.4	90.52	86.68	82.62	26.48	74.81	82.01	81.49	41.11	76.28	95.13	29.61	29.15	82.73	85.63	97.8	117.8	10.05	76.03	20.81	50.8	86.37	46.87	1.0	89.94	67.19	69.23	22.02	87.8	36.67	67.72	66.73	58.55	124.48	93.35	66.37	79.26	48.17	89.02	1.0	100.44	68.45	29.07	13.04	121.51	77.88	107.62	59.14	64.51	58.31	101.39	69.18	92.31	58.69	10.0	91.35	105.55	101.4	68.43	50.01	22.02	51.92	77.16	83.17	91.18	80.06	94.41	92.63	88.29	59.3	101.21	87.0	83.05	63.03	47.04	96.15	89.14	91.71	122.49	74.46	111.31	100.57	32.02	105.31	38.01	71.84	61.61	68.1	62.1	85.15	22.36	51.24	90.79	60.9	119.6	28.16	74.65	3.0	67.21	74.09	
60.83	25.3	50.33	108.85	0.0	46.24	90.21	66.61	43.86	89.82	81.47	68.31	64.01	15.03	56.73	72.45	55.44	53.23	87.93	56.44	63.03	116.08	88.46	78.03	105.48	46.65	71.17	8.6	116.5	63.25	60.21	18.11	23.19	98.68	52.4	29.07	38.48	107.84	79.56	28.02	90.0	69.38	43.38	33.02	34.13	71.25	9.22	58.82	33.97	54.33	50.25	43.17	49.34	68.15	9.06	98.23	36.88	26.08	92.66	57.04	50.25	85.38	42.54	99.3	60.41	102.49	29.0	107.97	89.32	15.13	105.77	63.89	24.84	35.01	50.16	55.87	58.18	50.77	58.18	92.65	34.13	102.83	65.25	20.02	53.0	6.08	60.01	57.31	40.31	100.5	102.61	32.0	53.08	8.54	104.05	38.9	56.04	27.0	28.28	81.6	22.85	68.24	79.08	5.1	52.63	75.15	62.94	40.31	41.4	57.71	41.34	63.03	26.93	36.25	48.17	96.8	96.77	69.92	25.81	42.06	113.89	22.2	103.41	26.25	99.32	40.02	67.07	48.37	78.49	33.3	84.43	83.55	108.85	27.86	27.46	27.86	29.53	101.91	51.0	116.36	58.14	79.08	62.29	109.48	25.71	75.19	98.0	126.25	32.06	89.59	104.04	107.12	65.8	22.02	20.02	77.37	33.12	61.91	85.62	108.07	10.44	56.92	106.62	118.71	27.2	38.63	25.5	81.5	64.38	91.55	66.19	74.73	51.87	94.53	101.24	95.8	47.43	99.62	44.1	75.59	115.41	64.35	90.45	60.02	54.71	71.18	42.72	20.1	48.01	67.23	40.31	23.41	89.27	83.15	85.62	45.69	21.19	43.97	23.19	43.08	38.18	58.59	80.72	39.41	107.52	50.6	47.42	42.8	101.32	81.79	106.44	101.79	27.29	49.68	20.4	86.45	34.21	111.21	42.19	36.4	
46.32	21.02	35.23	94.81	46.24	0.0	72.47	71.11	3.16	45.01	78.77	84.9	26.4	52.8	60.3	82.73	60.53	68.01	41.98	16.4	64.01	89.11	45.71	84.05	78.49	60.08	87.8	39.29	97.08	17.26	62.07	53.91	24.41	70.71	52.15	17.46	58.59	78.64	34.13	45.35	49.98	87.64	60.93	39.4	16.64	95.46	38.33	65.62	18.97	25.5	23.09	7.07	32.25	47.42	44.72	66.84	63.51	41.98	49.37	23.6	43.0	39.29	4.0	64.14	14.32	64.88	22.2	76.4	43.08	52.01	60.02	81.61	40.8	68.12	37.12	56.08	13.6	62.1	72.53	47.27	52.35	59.14	20.0	28.02	19.72	47.89	24.76	13.04	22.2	63.07	57.31	65.19	80.62	41.0	71.61	47.76	33.84	23.35	23.19	55.61	23.41	73.11	63.69	49.19	8.94	85.71	80.65	60.37	53.14	12.81	39.81	89.89	19.72	32.25	49.5	50.6	50.7	44.1	28.28	6.71	85.04	29.0	59.0	41.05	75.43	26.31	93.04	74.79	82.01	46.96	38.33	80.06	82.76	31.91	27.2	18.38	30.36	91.76	18.79	93.86	55.01	34.01	59.08	95.71	55.97	93.41	57.57	105.6	18.6	92.2	64.2	67.68	78.64	44.28	29.21	95.08	53.34	50.01	40.2	94.37	48.26	75.27	80.66	100.4	36.14	60.42	24.0	46.04	31.89	55.07	20.62	93.96	6.0	57.71	90.82	50.36	10.77	53.45	57.25	84.38	92.31	71.45	47.68	17.09	9.0	95.85	3.61	29.83	78.49	80.81	8.54	32.65	45.04	45.65	55.17	1.41	33.24	4.12	40.45	63.07	18.87	13.45	77.78	12.53	77.99	70.38	49.65	53.76	63.16	37.0	83.24	67.42	58.8	56.09	39.12	83.19	41.23	96.18	39.62	50.57	
29.83	76.38	41.73	22.47	90.21	72.47	0.0	38.64	74.79	65.92	26.93	58.82	49.73	82.46	40.2	48.47	42.19	54.01	73.33	57.94	35.0	30.07	57.07	42.06	22.47	53.46	59.81	90.0	26.4	69.12	37.05	80.41	73.59	21.26	39.85	78.75	62.17	27.73	67.0	108.21	48.76	62.3	58.55	57.31	65.95	74.95	89.2	43.01	87.2	47.01	49.93	66.89	43.86	25.24	96.02	28.43	69.87	104.66	59.91	49.24	39.96	74.11	74.43	37.44	69.92	44.65	87.32	32.45	80.22	81.54	79.06	59.67	65.76	78.92	41.11	37.85	79.38	50.16	53.34	70.21	61.68	65.0	65.51	74.52	52.77	86.35	49.04	79.71	55.97	43.57	73.68	78.45	74.24	92.2	32.56	53.49	39.41	68.62	87.97	20.0	79.2	39.05	11.18	88.59	65.39	49.66	59.44	61.81	53.85	78.43	48.88	76.69	74.28	101.21	43.66	81.22	78.45	28.79	92.02	78.03	31.05	70.43	68.71	64.41	13.93	53.74	76.66	71.01	37.59	59.24	74.06	25.81	23.35	63.01	65.3	76.49	96.43	22.09	53.71	26.57	34.21	65.0	31.4	23.41	74.33	64.47	51.48	36.06	66.53	39.6	51.62	51.61	51.66	104.14	73.25	64.4	63.6	28.3	68.26	22.14	82.73	59.41	21.59	29.0	100.45	63.95	86.37	38.21	42.06	39.56	79.08	66.31	69.86	40.72	21.1	71.81	83.19	81.79	53.94	46.52	25.96	42.58	57.49	60.73	68.71	75.89	72.2	72.62	78.01	53.16	79.08	67.42	62.97	42.43	26.68	73.82	69.63	69.46	101.86	61.4	89.31	78.11	26.42	83.22	28.18	61.01	44.6	52.63	45.79	64.07	18.03	36.24	75.69	45.89	99.09	26.91	56.36	23.71	48.02	57.87	
30.02	63.79	36.88	48.08	66.61	71.11	38.64	0.0	72.01	87.09	16.55	21.1	60.42	54.45	11.18	13.04	11.7	17.09	91.79	63.32	7.62	68.59	79.81	13.04	60.88	20.52	22.8	69.84	59.68	76.92	9.06	51.62	59.2	57.94	19.0	68.25	29.83	65.8	83.19	91.24	74.28	24.7	25.0	37.0	57.22	37.12	69.35	7.81	78.26	50.29	50.22	64.07	39.81	36.88	74.63	63.06	35.85	88.14	83.87	55.03	28.28	91.24	71.0	70.18	76.16	76.84	76.16	69.64	97.49	53.76	103.41	21.19	42.94	44.28	34.71	15.03	82.87	16.28	15.03	91.53	32.65	91.97	74.95	58.19	55.79	61.22	57.01	82.73	49.01	75.21	98.23	44.78	36.01	71.69	68.45	28.64	41.79	55.32	76.4	46.62	65.52	2.0	30.46	63.25	68.07	15.65	20.88	28.6	25.24	81.88	32.25	38.08	62.37	90.25	22.2	101.36	99.32	44.05	78.75	74.03	69.63	53.76	94.92	41.59	52.39	45.0	38.28	33.54	12.08	33.62	90.79	18.79	61.98	45.88	50.45	65.31	83.82	39.0	55.32	63.03	16.76	81.41	13.89	48.38	43.93	28.32	79.98	69.23	56.44	23.26	82.62	83.82	13.42	85.88	56.3	29.0	33.97	26.08	86.95	47.13	56.85	21.0	60.21	60.42	85.8	30.81	73.76	61.55	53.24	68.12	86.35	29.83	71.7	70.43	38.63	94.05	81.0	102.93	22.67	13.6	63.0	4.0	81.06	68.01	72.18	38.01	69.01	55.36	40.45	15.26	74.11	49.04	84.63	65.86	55.0	72.06	50.7	67.07	85.0	26.93	81.88	82.04	16.16	77.32	66.1	23.77	22.36	23.85	77.2	81.99	56.32	70.33	44.2	17.46	81.86	21.1	35.11	50.96	32.14	30.23	
48.08	18.87	36.67	97.06	43.86	3.16	74.79	72.01	0.0	48.0	80.23	85.15	29.41	51.09	61.07	83.38	61.2	68.15	44.72	19.42	65.03	91.97	48.84	85.0	81.32	60.17	88.07	36.69	99.62	20.1	63.0	52.35	22.67	73.55	53.01	14.87	58.18	81.57	37.05	42.2	53.14	87.8	60.75	39.22	16.16	95.27	35.74	66.27	15.81	27.78	25.08	8.25	33.73	49.65	41.98	69.81	62.77	38.83	52.47	26.25	44.1	41.98	1.41	67.23	17.12	68.03	19.1	79.4	45.54	50.33	62.8	81.74	39.96	67.01	38.47	57.0	14.87	62.37	72.78	50.16	51.89	62.2	23.02	26.25	22.2	45.79	27.59	14.14	23.0	66.21	60.21	64.03	80.06	38.33	74.63	47.8	35.85	22.2	20.1	58.26	21.02	74.01	65.8	47.01	12.08	86.37	80.78	60.01	53.16	14.21	40.31	89.47	17.8	29.15	50.16	53.16	53.37	46.62	25.18	3.61	87.97	27.66	62.01	40.31	78.1	27.02	92.7	74.24	83.1	46.62	41.0	81.58	85.56	31.3	26.42	16.12	27.2	93.78	21.1	96.54	56.14	37.0	60.3	97.95	54.82	93.62	60.73	108.23	17.89	93.43	67.36	70.84	79.08	41.19	27.59	95.34	52.77	51.66	43.1	96.6	46.4	75.29	83.45	102.9	32.98	59.93	21.02	49.09	34.66	58.18	22.47	94.11	9.06	60.83	92.85	53.24	9.06	56.04	57.28	85.15	95.02	72.17	50.8	20.25	12.04	95.63	3.0	28.28	77.7	81.22	5.39	31.62	48.09	48.76	58.05	2.0	32.02	5.39	37.34	62.77	15.81	15.0	79.25	9.43	80.92	70.23	50.25	53.85	66.31	40.01	85.91	70.49	57.63	56.57	36.06	84.72	41.11	98.49	40.2	50.33	
57.2	64.78	54.56	86.05	89.82	45.01	65.92	87.09	48.0	0.0	86.01	106.67	29.41	93.05	79.51	100.12	80.81	92.63	8.94	33.84	79.63	65.8	9.0	97.62	57.87	86.37	109.02	83.73	81.61	28.07	79.2	93.23	66.71	51.24	72.18	62.2	89.4	54.82	11.18	89.56	18.11	110.11	89.5	71.34	56.04	121.02	82.73	85.28	63.2	41.62	44.42	46.69	52.63	50.61	89.45	43.57	96.52	86.37	8.06	36.89	62.94	11.4	49.01	35.44	31.06	31.3	67.03	49.65	15.81	92.11	17.2	104.89	76.92	103.59	56.64	74.52	38.33	86.27	95.59	4.47	84.31	14.87	25.02	70.09	39.36	90.25	33.84	39.29	53.23	30.46	13.0	101.21	110.75	85.59	44.92	76.4	47.38	63.6	68.03	46.32	67.6	88.75	63.57	91.92	37.34	102.63	104.14	90.6	81.06	38.08	66.4	118.14	62.97	74.53	72.14	15.3	12.65	43.42	73.06	51.04	60.08	69.26	14.04	76.48	60.03	55.95	120.21	105.26	93.94	78.77	12.04	86.16	62.17	68.03	65.19	62.51	74.43	87.97	41.15	75.31	71.22	11.0	73.24	87.05	92.59	114.81	20.59	87.1	58.24	100.85	26.4	29.83	99.02	89.09	70.6	115.8	85.98	61.03	5.83	86.09	89.49	100.42	60.83	85.59	80.4	91.61	69.01	27.89	34.66	28.16	31.38	116.04	39.01	28.64	86.98	7.07	49.82	16.16	84.39	100.17	73.35	89.4	9.22	29.83	36.01	121.7	48.09	70.88	110.8	101.21	53.04	70.94	3.0	23.54	39.32	46.0	72.45	46.27	85.15	92.46	61.66	37.11	85.09	56.22	53.85	97.67	72.86	80.92	29.07	8.06	66.37	38.9	95.29	79.2	84.02	88.6	72.4	86.0	65.6	81.02	
33.0	75.24	43.57	31.78	81.47	78.77	26.93	16.55	80.23	86.01	0.0	33.24	62.8	70.18	24.76	22.36	26.17	33.62	92.03	68.03	18.44	55.36	77.82	15.23	49.19	36.62	33.73	83.82	44.05	81.22	21.26	67.48	71.11	48.01	30.02	79.12	46.04	54.59	84.2	104.62	70.83	36.5	41.34	49.93	67.05	49.03	83.23	23.85	88.87	55.0	56.14	72.01	46.53	36.14	89.02	54.56	52.35	101.36	81.41	59.08	36.69	92.05	79.43	62.94	81.06	70.04	87.46	59.36	98.37	69.43	101.12	35.0	57.01	60.84	41.77	26.08	89.05	32.45	31.05	90.47	48.17	88.2	78.52	70.71	61.01	76.38	60.3	89.09	57.72	68.68	95.77	61.29	51.62	85.8	59.2	42.64	46.0	66.71	87.85	41.05	77.39	15.81	23.02	78.49	74.06	23.09	35.01	44.94	40.31	88.05	43.38	52.04	73.54	101.77	34.13	101.02	98.62	43.01	90.8	82.76	57.38	66.24	91.59	55.61	40.71	54.12	51.35	49.73	10.77	48.17	91.76	2.24	49.4	58.18	62.17	76.32	95.75	22.47	61.07	48.26	25.08	82.28	20.62	32.02	60.0	37.95	75.21	53.34	66.73	14.87	76.58	77.1	27.02	99.57	68.96	37.7	49.68	29.02	86.98	30.81	72.12	36.67	47.93	44.41	98.41	47.17	85.49	58.59	54.92	63.01	91.14	39.85	78.16	64.82	22.14	92.61	89.27	102.16	38.42	19.92	48.51	20.25	78.71	72.17	78.03	50.01	77.28	68.1	56.52	28.02	83.2	61.91	83.26	63.06	49.41	79.91	63.81	74.97	98.27	43.42	92.05	88.02	1.0	86.83	55.07	40.16	34.67	38.9	70.84	82.22	43.01	62.29	60.46	31.83	95.19	5.0	48.26	34.71	42.95	45.25	
49.58	73.06	53.71	64.07	68.31	84.9	58.82	21.1	85.15	106.67	33.24	0.0	78.77	53.85	27.2	11.0	26.08	17.12	110.68	80.06	27.66	88.29	99.82	19.1	81.27	25.18	3.0	73.76	77.03	93.52	27.59	50.7	68.03	78.79	34.99	78.16	30.41	86.38	101.79	95.57	94.79	3.61	26.08	46.39	69.23	16.16	73.55	21.4	88.09	67.6	66.64	77.88	56.36	57.31	77.2	84.12	31.78	92.96	104.0	72.56	44.78	109.84	83.95	91.27	92.31	97.91	85.0	90.47	115.97	53.49	123.33	4.47	49.04	37.2	51.48	32.2	97.72	22.8	12.37	111.04	36.12	112.45	92.13	66.01	72.45	62.3	74.95	97.42	62.94	96.26	118.26	39.12	21.63	75.19	89.44	37.48	59.91	65.28	85.01	67.68	74.0	20.12	51.43	63.91	83.57	11.4	5.39	28.44	32.25	96.77	45.22	19.1	72.17	98.18	36.25	120.43	118.6	64.35	86.21	86.49	89.84	62.01	115.26	48.01	72.73	58.82	18.11	22.67	23.0	40.01	109.29	35.13	82.01	55.23	60.3	75.17	91.27	54.15	71.59	81.5	35.47	100.12	33.97	64.12	42.72	8.54	100.77	86.02	67.9	29.73	103.6	104.86	7.81	89.74	64.01	10.2	36.35	45.97	106.02	63.07	57.87	11.4	80.36	77.03	91.92	29.83	82.02	82.07	72.2	89.02	102.32	9.43	86.65	91.4	54.08	113.7	93.74	122.2	28.16	14.14	81.74	17.8	101.18	84.97	87.66	17.09	82.23	63.01	27.8	5.83	86.15	57.01	104.35	86.28	76.03	85.62	58.01	80.78	89.82	25.5	92.2	97.08	33.38	88.68	86.73	17.72	35.85	31.4	98.23	101.02	75.93	91.42	41.63	29.15	86.68	36.0	44.41	67.07	45.54	36.01	
30.68	40.61	25.5	72.12	64.01	26.4	49.73	60.42	29.41	29.41	62.8	78.77	0.0	65.0	51.62	73.35	52.7	63.89	32.02	10.0	52.8	62.97	25.3	72.11	52.5	57.28	81.3	59.3	72.47	19.42	51.88	64.85	41.05	44.69	43.83	39.85	60.0	52.35	23.02	70.38	26.02	82.1	60.21	42.06	30.07	92.46	58.31	57.45	44.78	12.21	15.23	23.77	23.35	27.02	65.49	40.46	67.12	66.85	29.73	7.62	34.21	31.06	29.68	38.01	20.25	39.56	47.01	50.0	37.22	64.03	46.62	76.61	48.1	74.3	27.66	46.65	29.97	57.49	67.2	33.42	54.92	39.85	16.03	44.0	11.05	63.39	4.47	30.41	24.74	37.64	42.19	72.01	81.47	61.4	45.22	47.01	18.87	37.01	47.93	30.87	43.74	62.24	43.1	65.28	17.69	76.06	75.8	61.22	51.74	29.07	37.01	89.11	38.47	58.52	43.28	41.87	40.31	21.21	52.92	33.02	58.73	42.19	41.23	47.54	50.25	26.93	91.35	75.93	68.96	49.4	30.53	63.51	56.85	39.56	37.48	39.05	55.9	70.86	13.04	68.51	43.83	21.4	46.62	73.08	63.56	87.13	34.01	80.45	32.02	77.47	40.2	43.42	71.34	68.31	44.05	88.32	56.6	34.79	27.59	71.84	61.98	71.7	54.82	76.03	61.33	62.2	47.76	19.72	8.0	29.15	29.43	88.2	21.93	31.95	69.87	36.4	36.07	43.86	55.17	73.93	66.85	62.18	27.2	11.18	20.0	93.09	27.78	44.1	81.4	73.57	34.67	42.95	27.78	19.92	29.07	27.8	44.72	25.06	64.85	63.13	45.22	28.64	61.81	38.83	51.66	68.59	43.93	51.66	38.08	22.63	57.98	41.18	66.21	50.45	62.94	66.37	43.05	73.05	36.24	51.61	
54.57	32.53	46.1	99.32	15.03	52.8	82.46	54.45	51.09	93.05	70.18	53.85	65.0	0.0	45.61	58.83	44.05	39.66	92.57	59.24	52.01	110.16	90.25	65.0	99.92	33.97	56.65	22.36	108.23	68.6	49.2	3.16	28.43	93.74	42.94	37.54	25.0	102.96	83.67	43.05	90.26	54.71	30.0	26.31	37.59	56.22	22.56	46.67	44.94	53.76	50.01	48.02	46.0	62.97	24.08	94.53	22.14	41.01	94.64	57.49	43.42	90.35	49.68	97.01	66.04	101.12	40.31	103.95	95.02	1.0	109.77	49.4	18.03	20.1	45.28	45.79	65.95	38.21	44.42	96.38	22.02	104.81	69.77	24.84	54.12	9.0	60.64	65.19	40.26	99.13	106.04	17.03	38.05	23.09	100.5	29.07	53.0	30.02	39.82	76.94	31.24	55.9	71.31	10.2	57.31	61.4	48.47	26.63	30.0	65.3	34.71	48.01	33.3	50.0	38.91	102.0	101.52	66.19	38.63	50.21	108.68	24.19	105.95	19.1	93.01	38.47	52.04	33.38	65.95	23.26	89.47	72.35	102.88	25.5	27.86	35.36	43.01	91.61	52.2	109.0	48.76	82.86	52.48	99.86	11.18	60.44	98.15	118.07	35.36	76.84	103.7	106.47	51.97	37.05	23.6	62.64	20.52	54.71	89.55	98.48	5.39	42.54	100.69	110.06	41.59	24.7	36.72	80.22	63.51	90.14	73.41	59.91	57.69	93.13	91.02	99.54	56.64	104.66	31.83	62.13	108.27	51.74	92.18	63.56	60.21	56.14	49.2	23.02	33.06	53.24	48.8	22.14	92.03	82.61	82.22	52.63	20.62	49.65	38.05	29.15	49.4	66.07	69.53	49.04	102.77	36.25	38.01	31.4	100.24	85.23	99.62	99.08	12.37	38.6	35.13	75.07	26.68	101.87	35.69	25.24	
22.67	52.63	26.93	54.12	56.73	60.3	40.2	11.18	61.07	79.51	24.76	27.2	51.62	45.61	0.0	22.56	2.0	14.87	83.49	53.49	6.4	70.03	72.84	24.19	61.13	13.34	29.68	59.36	64.2	67.07	3.61	43.01	48.08	56.89	8.25	57.07	22.47	65.49	74.63	80.53	68.25	30.61	18.44	26.0	46.1	41.77	58.83	5.83	67.08	40.72	40.16	53.24	29.73	31.06	64.4	60.73	29.83	77.37	77.08	45.62	18.03	82.68	60.03	66.71	66.1	72.9	65.0	68.45	88.84	44.82	96.26	25.46	32.45	38.83	24.7	5.0	72.37	10.0	16.4	83.87	23.6	85.8	65.39	47.17	45.88	51.62	47.89	72.18	38.12	71.12	91.24	38.6	35.44	61.29	66.48	18.03	32.76	44.15	65.25	43.08	54.41	13.15	30.02	53.74	57.72	25.5	24.76	21.84	15.62	71.39	21.1	40.31	51.2	79.12	11.05	93.23	91.4	37.8	67.68	63.0	70.11	42.72	88.46	31.06	53.01	34.06	41.62	31.4	23.09	23.43	82.15	26.87	63.0	34.79	39.29	54.13	72.73	46.04	45.22	66.29	8.6	72.95	9.06	54.59	35.85	35.51	74.63	74.0	45.28	34.18	78.03	79.65	19.72	75.29	45.31	36.72	25.24	19.42	78.82	53.24	47.38	21.95	61.01	65.55	74.85	24.04	62.64	55.61	45.0	63.29	76.24	36.62	61.19	65.86	45.49	86.56	70.03	95.0	14.32	24.08	65.92	11.18	74.25	58.31	61.85	42.52	58.08	44.38	38.33	21.95	63.03	38.08	77.23	59.67	50.99	61.2	39.81	56.22	74.24	21.21	70.71	71.59	24.04	66.19	65.62	21.59	11.18	14.21	72.95	73.82	58.22	67.42	36.67	7.07	71.12	29.73	24.17	56.8	21.02	20.52	
43.05	73.44	49.34	53.08	72.45	82.73	48.47	13.04	83.38	100.12	22.36	11.0	73.35	58.83	22.56	0.0	22.2	19.24	104.81	75.89	20.59	77.62	92.8	8.25	70.94	26.25	11.4	76.9	66.03	89.49	21.54	55.76	68.59	68.88	30.81	78.23	34.0	76.16	96.18	98.68	87.11	14.14	29.07	46.27	68.03	26.68	76.55	17.12	88.28	62.97	62.64	75.66	52.2	49.82	81.02	74.63	37.64	95.82	96.83	67.78	40.52	104.24	82.3	82.2	88.6	89.02	85.71	80.5	110.48	58.31	116.4	13.6	50.7	44.6	47.13	27.2	94.92	22.56	14.42	104.56	38.63	104.8	87.66	67.08	68.31	66.65	69.86	94.73	60.53	87.46	111.21	45.97	31.38	78.55	79.76	37.34	54.63	65.19	85.84	58.9	74.81	11.4	41.88	68.48	80.28	3.0	13.93	32.25	32.76	93.94	43.1	30.07	72.25	99.46	33.24	114.39	112.36	57.01	87.66	85.15	79.38	62.8	107.81	49.48	62.39	56.44	29.07	31.06	12.0	41.23	103.77	24.19	71.47	55.33	60.21	75.24	92.76	43.19	67.72	70.58	29.55	94.41	26.93	53.15	47.71	16.12	92.63	75.03	67.0	19.72	95.02	96.05	7.07	93.05	65.12	16.4	39.4	39.12	99.98	52.09	62.18	17.8	69.89	66.03	94.11	34.13	83.02	74.41	66.24	80.66	98.76	17.89	83.74	82.88	43.1	107.07	92.27	115.97	29.12	3.61	70.86	11.4	94.02	80.65	84.4	27.66	80.4	64.13	37.12	6.71	85.05	57.87	97.65	78.75	67.36	83.6	59.23	78.64	92.66	29.68	92.14	94.15	22.56	88.0	76.56	23.35	33.14	31.58	89.5	95.02	65.25	82.1	47.2	27.0	89.49	25.0	44.28	56.08	43.19	37.36	
24.21	52.17	27.73	55.9	55.44	60.53	42.19	11.7	61.2	80.81	26.17	26.08	52.7	44.05	2.0	22.2	0.0	13.0	84.63	54.23	8.06	72.03	74.25	24.52	63.13	11.4	28.65	58.31	66.1	67.78	5.39	41.4	47.54	58.86	8.94	56.72	20.62	67.48	75.72	79.61	69.81	29.41	16.49	25.3	46.01	40.31	57.8	5.1	66.75	41.59	40.85	53.46	30.46	32.76	63.25	62.64	27.89	76.49	78.52	46.53	18.79	83.76	60.13	68.54	66.73	74.69	64.54	70.41	89.89	43.28	97.62	24.08	31.38	36.88	25.5	6.4	72.78	8.0	14.87	85.15	22.02	87.32	66.21	46.49	46.62	50.25	48.88	72.57	38.33	72.9	92.63	36.69	33.53	60.21	68.41	17.0	33.84	43.74	64.76	44.94	53.85	13.6	32.02	52.35	58.24	25.18	23.35	19.92	14.14	71.81	21.0	38.59	50.8	78.59	11.05	94.4	92.62	39.41	67.05	63.03	72.11	42.06	89.94	30.02	55.01	34.23	40.0	29.43	23.77	22.2	83.22	28.32	65.0	34.21	38.83	53.76	72.12	47.71	45.88	68.25	10.3	74.06	11.05	56.36	34.13	34.48	76.28	75.89	45.1	34.93	79.76	81.41	18.79	74.3	44.6	35.78	23.6	21.1	80.0	55.01	45.97	20.25	63.01	67.42	74.09	22.14	62.1	57.2	46.23	65.0	76.84	35.51	61.61	67.6	47.17	87.86	70.11	96.21	12.53	24.0	67.9	11.0	75.69	59.09	62.36	41.04	58.22	43.66	36.35	21.02	63.0	37.34	78.57	61.22	52.8	61.4	39.0	56.44	73.35	19.24	70.46	72.03	25.5	66.07	67.6	19.65	11.0	12.73	74.71	75.0	60.21	69.29	34.89	5.83	70.21	31.11	23.41	58.6	21.02	19.1	
36.89	56.01	38.42	65.15	53.23	68.01	54.01	17.09	68.15	92.63	33.62	17.12	63.89	39.66	14.87	19.24	13.0	0.0	95.9	64.14	19.03	84.05	86.45	25.5	75.54	8.06	20.1	57.87	76.49	77.41	17.26	36.62	51.0	71.59	20.62	61.07	14.76	80.06	86.83	79.7	82.42	19.65	9.85	29.27	52.17	28.6	57.57	11.0	71.03	52.2	50.77	61.03	40.8	45.65	61.85	75.58	19.21	76.92	90.79	57.2	29.73	94.81	66.94	81.54	76.03	87.66	68.03	83.2	100.8	39.12	109.62	13.6	32.25	27.29	36.24	19.24	80.99	6.4	5.1	96.9	19.65	99.81	76.32	49.09	56.6	47.41	59.82	80.65	46.24	85.87	104.74	28.02	20.62	59.46	81.32	20.4	45.28	48.17	68.07	57.94	57.04	17.89	44.41	49.24	67.12	21.93	12.65	13.04	15.13	80.06	28.64	25.81	55.08	81.39	20.62	105.76	104.14	52.15	69.46	69.43	84.48	45.01	102.3	31.14	67.27	42.15	27.59	17.0	27.02	23.02	94.2	35.85	77.16	38.12	43.19	58.08	74.55	56.08	55.57	79.4	23.26	85.28	23.77	65.46	28.6	25.5	89.04	86.12	50.8	37.48	92.66	94.37	12.65	74.0	47.1	27.29	20.25	34.0	91.44	64.2	42.94	7.81	75.24	77.37	75.5	15.0	65.12	69.89	57.98	77.9	85.91	25.96	70.01	80.53	55.71	99.7	76.69	107.71	11.05	22.47	79.23	13.42	87.97	69.12	71.18	29.21	65.25	46.1	24.0	14.32	69.05	40.01	90.52	73.82	65.8	68.68	41.11	63.89	73.76	10.63	75.11	80.41	33.24	71.57	80.23	7.0	20.0	14.32	87.66	86.45	72.0	82.28	28.32	13.45	70.6	38.01	27.29	68.01	29.07	19.03	
61.77	62.64	57.49	94.01	87.93	41.98	73.33	91.79	44.72	8.94	92.03	110.68	32.02	92.57	83.49	104.81	84.63	95.9	0.0	33.84	84.22	74.63	17.46	102.88	66.49	89.2	113.16	81.25	90.09	24.74	83.53	93.06	65.19	59.68	75.8	59.44	91.35	63.6	9.22	85.02	26.68	114.04	91.92	72.62	55.04	124.47	80.28	89.31	59.08	43.86	46.01	44.94	55.23	56.08	86.68	52.17	98.08	82.0	17.0	38.9	66.22	3.16	45.89	44.27	27.66	40.25	63.29	58.52	7.07	91.68	18.11	108.6	77.39	104.62	59.67	78.49	33.06	89.5	99.2	7.21	85.91	22.2	22.85	68.71	40.46	88.96	36.12	34.06	53.82	39.4	16.28	102.08	113.15	82.98	53.76	78.52	50.8	62.65	64.28	53.46	65.25	93.54	70.09	90.48	35.47	107.42	107.8	92.7	83.44	33.02	68.59	121.02	61.03	69.35	75.29	9.9	8.94	49.04	69.18	47.38	68.95	68.45	20.12	77.1	68.26	57.01	123.33	107.52	99.4	80.28	4.12	92.35	70.83	68.26	64.88	60.17	70.0	95.43	42.01	83.95	75.47	10.63	77.9	95.01	93.19	118.98	29.53	95.8	57.27	106.89	35.23	38.6	103.17	85.09	69.46	120.11	87.46	65.76	5.1	94.0	88.64	103.71	69.43	94.05	76.0	93.51	65.62	35.13	38.59	36.67	25.32	120.1	36.14	37.36	94.43	9.49	45.01	12.21	87.0	105.12	82.0	93.81	18.03	29.15	33.24	125.1	45.35	69.86	112.7	105.39	49.37	70.71	11.7	31.02	47.01	42.76	72.01	43.97	81.06	94.76	57.01	32.02	91.08	52.09	62.64	100.5	75.93	83.45	38.01	9.85	74.81	47.76	95.96	82.46	80.22	94.92	73.88	94.09	67.88	82.88	
35.06	32.02	26.57	80.41	56.44	16.4	57.94	63.32	19.42	33.84	68.03	80.06	10.0	59.24	53.49	75.89	54.23	64.14	33.84	0.0	55.79	72.84	32.06	75.71	62.29	56.86	82.76	51.0	81.63	13.6	54.41	59.51	33.24	54.49	45.31	30.59	58.0	62.29	24.7	60.75	34.71	83.19	59.03	38.95	22.36	92.65	50.0	59.24	34.89	13.15	13.42	14.32	23.77	33.73	57.04	50.45	64.44	57.25	36.22	9.06	35.47	32.02	19.72	47.89	13.04	49.04	37.34	60.0	37.48	58.31	50.57	77.41	43.57	70.8	28.79	48.7	21.59	57.8	68.0	37.16	52.35	46.39	12.21	36.5	7.62	56.52	8.94	21.84	20.0	47.17	46.82	68.24	80.06	53.01	55.22	45.45	22.09	29.83	38.28	39.96	35.06	65.25	50.22	58.25	7.81	78.75	76.54	59.46	50.61	20.62	35.81	88.41	30.0	48.55	43.83	43.6	42.72	29.15	43.32	23.02	68.68	35.44	47.07	43.27	59.64	23.35	91.02	74.33	72.99	46.69	31.24	69.0	66.6	34.48	31.38	30.15	46.1	78.34	8.6	78.01	46.57	23.71	50.01	81.34	59.36	88.57	42.58	89.87	24.52	82.3	49.03	52.39	73.01	58.94	36.88	89.96	53.81	39.12	30.41	80.06	55.66	71.87	64.54	85.09	51.62	60.11	38.33	29.68	16.12	38.91	23.19	89.44	12.21	41.63	77.37	40.31	26.25	46.04	54.41	76.92	76.4	64.51	34.06	5.0	10.77	93.19	17.89	37.11	79.21	75.24	24.7	37.16	32.98	29.55	38.9	17.8	38.63	15.23	55.36	61.72	35.23	20.4	67.03	28.84	61.62	68.01	44.29	50.8	47.43	26.0	67.42	51.11	62.13	51.0	53.6	72.01	40.31	81.54	35.23	49.52	
22.47	57.87	29.43	47.85	63.03	64.01	35.0	7.62	65.03	79.63	18.44	27.66	52.8	52.01	6.4	20.59	8.06	19.03	84.22	55.79	0.0	65.03	72.47	20.1	56.57	19.31	29.7	65.46	58.24	69.38	2.83	49.41	53.49	52.89	12.37	62.1	28.64	61.19	75.59	86.45	67.18	31.24	24.35	31.76	50.64	43.27	64.9	8.06	72.03	42.72	42.76	57.0	32.39	29.7	70.6	57.38	35.74	83.24	76.58	47.43	21.02	83.65	64.07	64.01	68.66	70.49	70.21	64.56	89.89	51.22	96.05	26.93	38.6	44.64	27.29	8.25	75.54	15.52	18.97	84.05	30.0	84.85	67.36	52.8	48.27	57.98	49.4	75.43	42.05	68.8	90.91	44.6	39.46	67.42	62.97	24.21	34.18	49.34	70.52	40.31	59.81	9.49	25.5	60.11	60.67	23.26	26.42	27.86	22.02	74.55	25.96	43.08	56.32	84.43	16.16	93.81	91.81	36.8	73.16	67.19	65.49	48.33	87.73	37.2	48.26	38.12	43.83	36.01	18.11	29.73	83.19	20.52	58.14	40.31	44.6	59.2	78.19	39.66	47.85	60.67	9.22	73.82	6.4	48.3	42.19	35.38	73.11	68.01	50.01	28.86	76.03	77.39	19.85	81.3	50.99	36.24	31.62	18.6	79.4	46.96	53.76	25.0	56.22	59.46	80.53	30.08	68.01	54.45	45.65	61.4	78.85	36.77	64.38	63.82	39.12	86.61	74.06	95.41	20.59	21.19	60.41	9.9	73.76	60.44	64.78	44.1	62.03	50.09	43.01	21.93	67.36	43.83	77.2	58.69	48.55	65.0	45.65	60.0	80.13	26.93	75.5	74.67	17.69	70.71	61.39	26.02	16.55	20.62	70.72	74.43	53.01	64.4	42.94	13.45	77.03	23.43	30.02	50.57	25.71	26.91	
55.66	98.48	65.8	31.83	116.08	89.11	30.07	68.59	91.97	65.8	55.36	88.29	62.97	110.16	70.03	77.62	72.03	84.05	74.63	72.84	65.03	0.0	57.25	70.52	10.82	83.15	89.02	114.49	20.12	80.21	67.0	108.42	96.75	18.44	68.73	99.62	91.55	11.18	71.59	130.36	48.1	91.68	88.2	84.12	87.37	104.29	113.6	73.06	106.53	65.8	69.63	85.15	67.08	47.93	120.75	23.32	99.41	126.75	57.97	65.95	66.76	76.55	92.02	30.36	82.01	35.36	107.8	16.28	81.61	109.2	73.17	89.44	92.66	108.46	65.92	67.27	92.01	80.02	83.38	69.12	90.43	58.22	76.03	98.41	70.29	112.95	64.38	92.62	78.03	35.69	68.36	107.79	104.31	116.73	20.88	81.79	60.9	91.79	108.6	34.99	101.55	68.88	40.11	115.17	80.62	78.45	89.27	91.35	82.87	91.21	75.58	106.53	96.25	120.62	72.18	79.62	76.49	47.17	113.23	95.52	6.0	94.81	62.2	91.39	17.26	76.94	106.3	101.04	66.1	87.32	76.9	53.76	7.28	88.24	89.44	97.91	117.0	40.0	71.84	12.08	63.39	69.78	61.07	32.56	102.96	93.3	45.89	22.0	88.51	65.3	42.11	40.0	81.39	127.09	97.49	92.97	92.4	55.54	70.23	32.53	109.73	89.45	9.49	23.77	121.83	93.43	107.65	44.41	57.38	38.48	89.04	95.21	84.9	37.34	39.41	69.43	99.04	79.08	83.38	75.29	10.3	72.56	56.61	73.76	82.88	105.26	89.94	97.05	108.04	82.76	97.0	92.7	62.94	46.65	33.94	90.52	94.94	87.11	124.26	91.14	107.63	90.6	55.08	101.24	12.08	91.05	73.16	81.74	37.48	67.62	12.37	26.93	104.56	75.33	121.79	53.85	83.52	29.83	74.63	86.49	
50.25	64.01	49.09	77.06	88.46	45.71	57.07	79.81	48.84	9.0	77.82	99.82	25.3	90.25	72.84	92.8	74.25	86.45	17.46	32.06	72.47	57.25	0.0	89.89	49.03	80.6	102.07	83.02	72.69	30.08	72.25	90.14	65.28	42.3	65.86	62.13	84.38	46.17	15.56	91.01	9.22	103.32	84.05	67.12	54.33	114.56	82.02	78.52	64.54	37.16	40.5	46.01	47.51	43.01	89.0	34.71	91.79	87.66	4.47	32.89	57.01	19.31	49.65	26.93	32.89	23.6	67.9	41.23	24.52	89.29	23.6	98.29	73.39	99.28	51.04	67.88	41.59	80.16	89.11	13.15	79.65	14.56	26.25	68.47	36.14	88.28	29.73	42.49	50.0	22.47	18.44	97.08	105.21	85.01	36.4	71.34	41.62	61.66	68.88	37.64	67.0	81.4	55.15	90.09	37.22	95.21	97.58	85.44	75.72	41.15	61.4	112.16	62.03	76.84	66.22	24.19	21.38	35.81	73.98	52.17	51.62	67.08	16.12	72.8	51.04	52.2	114.02	99.86	86.09	74.24	19.7	77.88	53.37	64.85	62.59	62.01	75.93	79.08	38.08	66.49	64.38	14.21	66.07	78.06	88.77	107.81	13.45	78.34	56.44	92.61	20.0	23.6	92.1	89.94	68.73	108.71	81.41	53.91	13.0	77.1	87.1	94.18	51.97	76.66	81.79	86.61	69.46	19.31	28.84	19.24	35.81	109.12	39.81	19.92	78.09	14.87	52.2	24.74	78.82	92.66	64.54	82.33	2.0	29.07	36.88	115.28	48.37	68.88	105.69	94.26	54.13	68.15	6.0	14.87	30.41	46.87	69.86	46.17	86.15	87.09	63.6	40.25	76.92	57.72	45.22	91.83	67.01	75.45	21.4	11.31	57.43	30.46	91.39	73.11	84.72	80.23	67.98	77.0	60.54	76.16	
41.44	76.69	49.5	45.01	78.03	84.05	42.06	13.04	85.0	97.62	15.23	19.1	72.11	65.0	24.19	8.25	24.52	25.5	102.88	75.71	20.1	70.52	89.89	0.0	64.4	31.38	19.03	81.86	58.14	89.27	22.0	62.01	72.03	62.97	32.02	81.22	40.0	69.77	94.54	103.47	83.6	22.0	35.0	49.73	70.26	34.23	81.44	19.92	91.24	62.59	62.8	77.03	52.47	47.01	86.35	69.2	44.55	100.46	93.74	67.19	41.11	102.55	84.01	77.23	88.65	84.22	89.05	74.43	108.85	64.4	113.44	21.84	55.15	52.01	47.38	28.0	95.63	27.29	21.26	102.08	43.91	101.21	87.09	70.88	68.25	72.4	68.96	95.52	62.0	82.76	108.17	53.15	39.56	83.63	74.06	41.11	53.85	68.25	89.27	54.49	78.34	11.05	36.8	74.33	80.75	8.06	22.14	38.42	37.16	94.64	45.28	38.21	75.31	103.08	35.23	112.25	110.06	54.2	91.48	87.05	72.62	66.48	104.4	53.85	55.9	58.01	37.0	38.95	4.47	45.69	102.16	16.76	64.62	58.69	63.35	78.26	96.57	35.06	67.9	62.97	29.27	92.7	25.71	45.04	54.04	22.8	88.62	67.0	69.46	12.04	90.51	91.29	14.76	97.99	68.96	22.47	44.94	37.34	97.94	44.01	67.96	25.55	63.16	58.0	98.35	40.46	86.59	71.03	64.62	76.49	98.84	24.74	84.48	78.52	35.01	104.45	94.01	113.65	34.0	5.0	63.35	13.93	90.97	80.28	84.85	35.23	82.0	68.01	45.19	14.87	87.14	61.68	95.02	75.45	62.97	85.02	63.25	80.02	97.31	36.12	94.89	94.76	15.65	90.35	70.24	30.61	35.36	35.85	84.86	93.04	58.19	76.84	53.81	30.08	94.15	17.12	47.8	48.01	45.18	42.05	
45.35	87.66	55.15	31.78	105.48	78.49	22.47	60.88	81.32	57.87	49.19	81.27	52.5	99.92	61.13	70.94	63.13	75.54	66.49	62.29	56.57	10.82	49.03	64.4	0.0	74.01	82.28	103.75	24.0	70.18	58.31	98.27	85.96	7.81	59.14	88.81	82.1	5.66	62.63	119.54	39.81	84.76	79.0	73.76	76.55	97.41	102.86	64.63	95.78	55.0	58.82	74.41	56.36	37.34	110.02	14.32	90.05	115.94	50.36	55.23	56.52	68.15	81.34	23.0	71.85	29.27	97.01	11.66	73.55	98.95	67.12	82.01	82.28	99.08	55.36	58.0	81.84	71.11	75.31	61.52	80.62	52.15	66.04	87.66	59.55	102.46	53.74	82.42	67.23	29.07	62.03	98.25	96.03	105.99	14.32	71.85	50.12	81.01	97.8	24.19	90.74	61.4	31.14	104.68	70.09	72.09	81.74	82.02	73.25	81.02	65.25	98.95	85.44	109.88	62.39	72.34	69.26	36.36	102.42	84.86	9.0	84.1	56.14	81.04	8.54	66.19	99.04	92.44	59.93	77.28	68.41	47.89	4.47	77.62	78.72	87.09	106.21	37.8	61.07	17.46	54.01	60.75	52.09	32.7	93.06	86.93	39.0	29.41	77.7	60.8	36.5	35.17	74.04	116.28	86.76	86.82	82.61	45.54	61.85	32.2	99.33	81.39	3.0	28.0	111.02	84.05	96.83	34.48	46.69	29.83	79.26	88.77	74.41	29.27	37.01	62.2	88.53	72.11	74.03	68.94	15.52	64.76	48.66	63.41	72.47	98.35	79.25	86.33	99.41	75.58	86.31	82.08	54.92	37.16	23.43	79.91	84.31	76.42	113.44	82.01	96.94	80.45	48.75	90.55	6.4	82.49	63.39	72.17	31.14	58.82	9.49	20.1	94.76	66.01	110.98	48.55	73.25	30.68	64.29	76.66	
32.31	48.0	31.83	67.12	46.65	60.08	53.46	20.52	60.17	86.37	36.62	25.18	57.28	33.97	13.34	26.25	11.4	8.06	89.2	56.86	19.31	83.15	80.6	31.38	74.01	0.0	28.16	50.7	77.49	69.97	16.76	31.11	43.01	69.35	15.81	53.04	9.43	78.16	80.06	72.45	77.18	27.66	5.1	21.21	44.15	35.85	50.33	12.81	63.01	45.34	43.6	53.14	33.97	41.44	55.01	72.57	16.49	69.57	85.0	50.33	23.6	87.97	58.94	77.79	68.48	83.57	60.07	80.75	93.86	33.3	103.48	21.59	24.52	25.5	29.73	16.03	73.16	4.24	13.0	90.55	12.53	94.3	69.07	41.19	49.41	41.05	53.08	72.8	38.48	81.71	98.72	25.3	24.7	52.39	78.45	12.37	39.05	40.11	60.13	54.57	49.09	21.93	43.05	43.01	59.48	29.12	20.62	8.54	7.07	72.24	21.1	31.83	47.04	73.55	14.42	99.09	97.59	47.42	61.66	61.39	83.01	37.05	96.61	23.35	66.03	34.44	34.21	19.7	32.02	15.13	87.32	38.83	76.06	30.07	35.13	50.04	66.75	58.67	48.26	79.62	20.1	78.57	22.09	67.54	23.43	33.54	84.12	87.28	42.76	43.01	88.14	90.08	20.22	66.85	39.2	35.36	13.6	30.08	84.86	66.21	36.62	15.23	74.03	78.77	67.91	10.77	57.22	64.88	51.86	73.41	78.26	33.96	62.24	76.16	58.18	93.43	68.66	101.14	3.0	29.15	79.25	17.8	82.2	61.85	63.51	36.36	57.28	38.21	26.25	22.09	61.0	32.06	84.39	68.6	61.98	60.73	33.24	55.97	66.41	8.0	67.07	72.62	36.06	63.51	78.23	11.31	13.6	6.32	83.38	79.91	71.45	78.85	23.85	8.25	63.25	41.4	19.24	69.86	21.63	11.18	
51.86	76.06	56.36	64.0	71.17	87.8	59.81	22.8	88.07	109.02	33.73	3.0	81.3	56.65	29.68	11.4	28.65	20.1	113.16	82.76	29.7	89.02	102.07	19.03	82.28	28.16	0.0	76.69	77.16	96.25	29.83	53.49	71.03	80.06	37.59	81.15	33.38	87.46	104.31	98.49	96.88	3.16	29.07	49.37	72.18	15.3	76.49	23.85	91.09	70.24	69.35	80.78	59.03	59.4	80.08	85.59	34.54	95.9	106.22	75.18	47.41	112.36	86.88	92.91	95.08	99.62	88.0	91.71	118.51	56.3	125.61	7.28	52.04	39.66	54.12	34.67	100.58	25.71	15.3	113.41	39.12	114.55	94.81	69.01	75.15	65.15	77.52	100.28	65.8	98.01	120.51	41.68	23.43	78.1	90.82	40.45	62.43	68.26	88.01	69.4	77.0	21.63	52.84	66.73	86.38	11.0	8.25	31.4	35.23	99.62	48.08	19.65	75.17	101.18	39.0	122.89	121.02	66.48	89.2	89.44	90.76	65.01	117.41	51.01	73.74	61.68	18.03	25.0	23.19	43.01	111.83	35.51	82.86	58.22	63.29	78.16	94.26	54.01	74.32	81.88	37.8	102.63	36.07	64.01	45.54	5.83	102.73	86.01	70.86	28.86	105.42	106.61	10.0	92.65	67.01	7.28	39.32	48.17	108.47	63.0	60.73	14.32	81.27	77.01	94.89	32.76	85.02	84.15	74.63	90.91	105.11	7.07	89.49	93.24	54.0	116.04	96.69	124.62	31.14	14.04	82.2	19.8	103.39	87.66	90.48	16.28	85.15	66.01	29.73	7.81	89.11	60.01	106.67	88.39	77.8	88.53	61.01	83.68	92.76	28.44	95.19	99.93	33.96	91.66	87.85	20.62	38.63	34.37	100.0	103.47	76.66	92.96	44.38	31.95	89.63	36.12	47.38	67.0	48.38	39.01	
60.22	19.03	48.88	109.66	8.6	39.29	90.0	69.84	36.69	83.73	83.82	73.76	59.3	22.36	59.36	76.9	58.31	57.87	81.25	51.0	65.46	114.49	83.02	81.86	103.75	50.7	76.69	0.0	116.4	56.52	62.68	25.18	18.44	96.66	54.04	21.84	43.42	105.7	73.16	21.84	85.29	75.13	48.08	34.06	29.27	78.01	1.0	62.18	25.61	50.7	46.57	37.12	47.41	66.73	6.32	95.52	43.1	19.24	87.09	52.77	50.33	78.59	35.44	95.8	53.6	98.48	20.62	105.34	82.22	22.2	99.25	69.43	26.93	42.43	49.09	57.8	50.57	54.63	62.94	86.31	38.28	97.19	58.86	16.16	48.51	13.6	55.58	49.66	37.0	96.51	96.34	39.32	60.03	2.24	101.19	41.34	53.71	23.09	19.85	79.62	16.12	71.59	79.03	13.42	46.39	79.71	68.45	45.35	44.72	50.16	41.73	70.06	21.0	27.86	49.82	89.84	89.99	67.62	17.2	34.54	111.89	19.72	97.51	28.3	98.11	37.58	74.03	55.01	81.88	36.24	77.62	85.8	107.35	27.02	25.06	21.21	21.02	103.32	46.53	115.66	59.55	72.84	63.89	110.34	32.02	81.05	93.26	126.02	27.46	93.06	99.5	102.7	70.52	16.16	17.0	83.19	37.64	61.85	79.25	108.93	17.12	62.37	105.12	118.85	19.24	43.93	17.2	77.67	60.64	87.66	58.69	80.75	45.12	90.61	102.59	89.44	39.45	92.72	47.93	79.85	114.59	67.98	85.02	54.15	48.05	78.0	35.9	17.49	55.33	72.12	32.7	22.67	83.38	78.92	82.87	38.6	20.52	37.48	16.12	48.27	29.73	51.08	83.01	31.38	105.31	56.09	49.2	46.07	97.16	75.66	105.48	98.49	34.01	52.48	13.04	88.81	35.61	111.87	42.45	39.81	
56.22	102.55	68.01	13.93	116.5	97.08	26.4	59.68	99.62	81.61	44.05	77.03	72.47	108.23	64.2	66.03	66.1	76.49	90.09	81.63	58.24	20.12	72.69	58.14	24.0	77.49	77.16	116.4	0.0	91.29	60.73	106.02	99.9	30.41	65.31	104.69	86.65	28.28	85.62	134.47	63.51	80.1	82.57	83.53	91.93	92.35	115.6	65.73	112.81	72.01	75.29	92.01	70.04	50.93	122.41	38.12	93.96	130.91	74.24	73.5	66.29	91.59	99.4	47.0	92.57	53.15	113.22	34.53	97.16	107.33	91.09	79.03	91.92	102.88	67.48	62.77	102.42	73.76	74.67	85.38	86.93	76.11	87.32	100.9	77.42	112.51	72.72	102.88	82.02	53.04	86.02	102.79	95.52	118.6	38.12	79.16	65.12	94.92	113.9	41.68	105.42	59.41	37.44	114.74	89.36	66.19	79.06	86.02	78.92	101.53	75.17	96.0	100.42	126.91	69.32	96.25	93.19	53.01	118.09	103.0	25.63	96.83	80.1	90.55	22.47	79.98	95.08	93.21	54.04	84.97	91.78	42.01	20.1	89.4	91.68	102.53	122.38	23.77	78.6	8.06	59.51	83.68	56.08	14.32	99.54	80.62	63.0	9.85	92.63	50.45	60.3	58.69	71.06	130.48	99.64	79.91	88.77	54.64	85.33	14.87	108.78	80.5	21.0	4.0	126.57	88.23	112.43	56.61	65.51	53.46	100.85	82.61	93.81	53.15	23.54	86.15	107.62	96.08	78.43	63.13	9.85	63.64	72.44	83.65	92.28	93.34	97.2	99.02	100.13	72.01	104.2	93.81	78.64	59.91	44.6	98.47	96.02	94.4	128.14	85.16	114.63	101.07	44.1	108.41	29.27	83.36	70.21	77.62	55.08	82.0	15.3	44.05	100.66	70.58	125.4	41.05	82.49	11.18	74.33	83.26	
48.37	37.95	40.16	91.48	63.25	17.26	69.12	76.92	20.1	28.07	81.22	93.52	19.42	68.6	67.07	89.49	67.78	77.41	24.74	13.6	69.38	80.21	30.08	89.27	70.18	69.97	96.25	56.52	91.29	0.0	68.01	69.34	40.72	62.43	58.87	34.71	70.43	69.2	17.0	61.52	36.06	96.61	71.85	51.09	31.06	105.82	55.54	72.8	35.13	26.68	26.93	20.59	37.34	46.1	61.98	57.01	76.42	58.31	33.24	22.2	49.04	22.14	21.21	52.35	3.0	51.61	39.0	65.86	26.42	67.74	42.76	90.79	54.56	82.13	42.38	62.3	12.04	71.12	81.39	30.07	64.54	42.58	4.24	44.28	21.19	64.47	21.0	12.81	32.02	50.0	40.11	79.4	92.62	58.25	60.88	58.25	35.51	38.59	40.0	49.98	40.52	78.85	62.39	65.92	11.4	92.35	89.89	72.01	63.51	11.4	48.88	101.26	36.4	46.84	57.27	33.62	33.53	40.61	45.01	23.0	75.43	44.42	42.11	54.49	68.88	35.81	104.01	86.83	86.49	58.9	21.19	82.1	74.63	45.34	41.4	35.44	46.39	90.26	21.93	86.83	60.17	17.12	63.56	92.44	70.29	102.04	42.94	98.88	33.29	95.63	49.65	53.24	86.54	61.03	45.18	103.47	65.86	52.47	23.02	91.21	64.41	85.09	72.72	94.94	52.35	72.47	41.11	35.81	27.29	43.14	10.05	102.88	11.4	45.34	89.27	33.14	22.14	36.4	67.42	90.52	85.09	78.11	31.95	9.06	8.54	106.33	20.62	45.65	91.35	88.77	25.0	47.2	28.44	33.97	47.01	18.11	48.26	19.31	57.08	74.4	33.73	10.63	80.22	28.16	68.41	80.99	57.7	63.81	49.65	20.22	76.48	55.87	73.11	64.4	56.0	85.05	52.63	92.35	48.37	62.01	
