230
0.0	62.24	31.06	27.02	100.12	51.08	45.04	65.01	37.64	53.6	37.34	39.7	61.2	34.99	34.01	5.83	44.6	45.71	66.71	14.32	33.24	83.76	92.14	15.0	15.81	64.5	26.25	29.73	71.06	15.23	31.14	82.86	60.41	31.11	66.48	38.08	79.16	84.39	20.22	32.39	71.7	98.47	34.71	36.67	46.32	17.0	87.13	84.15	44.0	72.45	40.8	25.08	47.38	47.2	84.93	24.19	8.25	46.82	67.19	78.85	80.45	62.29	50.33	75.24	72.45	50.21	76.9	70.49	26.08	36.07	22.2	74.25	66.61	85.7	43.38	76.9	26.25	25.0	50.96	29.68	47.54	68.96	28.65	67.05	94.63	81.94	49.65	27.46	80.81	63.2	33.54	38.01	40.79	75.59	51.87	85.38	87.32	66.12	62.94	57.87	21.21	20.88	81.74	46.14	84.72	76.06	85.7	40.85	35.85	44.05	61.03	74.81	41.3	4.47	71.02	38.08	58.31	50.61	58.73	26.93	39.05	68.59	89.31	48.88	106.4	34.37	63.13	46.82	73.25	69.35	22.02	83.77	77.23	45.12	78.24	71.47	63.51	74.06	55.01	47.63	68.51	87.93	46.62	39.01	30.81	42.54	74.95	36.06	20.22	32.06	30.81	76.28	93.48	13.0	42.54	57.0	37.2	48.76	84.2	82.76	68.01	77.78	66.53	2.0	88.1	37.16	28.86	26.91	52.39	17.26	36.06	86.01	10.05	87.21	65.73	25.02	50.7	28.6	25.18	85.15	57.56	21.54	34.37	78.55	34.93	59.93	60.42	42.72	25.96	38.08	43.83	71.22	38.33	24.41	28.02	85.59	41.44	89.01	43.83	54.23	47.54	92.66	74.2	49.0	51.43	27.2	74.63	84.77	28.6	42.0	35.9	15.3	38.01	58.05	39.82	69.64	64.2	78.29	18.6	26.17	45.28	51.89	26.93	54.2	29.68	91.39	72.62	15.0	25.94	43.42	
62.24	0.0	55.33	88.59	43.83	80.08	29.55	25.3	47.3	58.69	87.68	63.13	20.4	50.77	70.6	63.25	28.16	20.81	12.81	47.93	31.89	24.7	30.02	49.73	46.52	75.8	74.17	90.21	70.03	47.01	82.07	20.62	72.95	58.6	19.24	24.17	29.73	39.05	81.93	84.22	71.03	39.2	80.01	25.63	53.14	45.31	73.01	22.36	60.08	51.2	70.41	47.04	25.63	69.35	50.25	38.28	57.57	43.01	42.76	46.52	42.45	72.57	27.29	26.17	57.56	24.6	45.69	40.31	75.01	82.01	83.82	12.21	63.13	24.19	74.43	19.7	77.41	85.73	49.24	82.49	44.92	55.23	90.8	86.31	36.06	60.73	49.73	80.62	47.41	20.88	30.61	57.49	24.04	60.83	42.76	32.76	26.17	22.85	22.47	7.28	82.87	79.31	43.27	81.39	45.0	14.87	28.16	95.67	45.79	30.36	50.33	71.03	64.03	58.87	18.38	49.48	84.15	18.03	20.52	71.03	91.24	73.44	30.23	105.89	48.01	62.65	21.84	100.45	45.22	8.94	60.11	61.35	33.54	83.49	40.8	11.4	18.03	32.76	24.08	58.52	13.0	57.71	15.65	30.0	84.39	99.64	44.94	82.13	60.21	55.44	92.59	18.97	72.8	71.84	37.95	25.0	96.26	105.0	53.67	25.3	15.13	30.07	70.46	63.07	26.08	72.56	50.09	88.19	106.83	73.24	56.09	62.97	52.77	41.0	81.88	56.0	50.12	74.03	86.65	51.11	17.0	40.72	85.59	16.49	91.05	42.45	50.04	80.75	70.71	90.55	100.12	33.62	63.35	71.18	73.03	70.09	72.37	27.2	82.73	81.91	38.6	40.26	70.03	26.25	82.71	89.01	18.44	55.46	90.35	87.97	88.46	77.25	26.17	19.8	56.36	50.64	6.4	16.12	47.07	57.38	60.93	41.34	68.62	30.0	91.68	66.71	70.0	60.61	81.05	100.26	
31.06	55.33	0.0	53.23	81.94	27.2	54.2	69.78	10.3	75.17	68.36	65.55	64.47	56.44	63.15	26.48	28.07	48.76	65.0	27.31	41.11	69.63	81.5	20.25	29.07	34.48	21.95	57.38	92.66	27.73	62.2	74.03	30.36	56.65	68.01	36.67	81.27	62.43	40.5	63.39	93.48	82.86	25.5	34.44	67.12	26.42	105.42	77.03	13.15	86.56	16.12	11.31	31.14	73.74	94.67	26.87	23.0	63.03	79.2	89.04	56.22	86.77	31.78	77.16	89.1	33.38	87.37	45.45	57.0	27.46	41.62	65.01	35.69	79.06	72.03	74.33	26.08	41.11	21.63	30.89	64.54	39.36	52.48	39.66	78.75	97.08	68.41	29.68	90.74	66.31	39.82	7.07	44.42	92.63	67.18	86.13	74.97	69.46	44.92	54.57	41.05	33.3	89.47	26.57	92.13	65.19	83.19	71.06	54.64	26.17	31.91	95.8	12.21	27.0	70.6	9.22	33.24	38.0	41.98	17.89	69.87	91.92	74.46	77.83	89.32	7.62	66.71	77.13	84.63	59.03	49.48	98.6	55.95	75.43	54.2	66.61	65.19	79.62	60.9	70.33	55.44	99.86	43.01	47.63	61.66	71.78	85.7	67.0	12.08	1.0	55.95	62.17	109.71	29.53	19.92	63.13	65.55	78.11	95.69	80.23	53.76	58.18	89.36	33.06	77.41	17.26	5.83	53.71	82.28	48.26	5.0	100.77	31.05	65.19	37.12	6.08	21.1	20.62	43.42	95.19	59.62	29.21	65.38	71.03	65.0	33.24	77.1	25.5	56.22	68.88	73.38	48.88	9.9	19.42	19.7	103.25	17.89	77.65	27.46	29.83	61.52	72.9	95.0	56.3	29.15	52.77	60.21	96.83	54.12	73.03	66.75	38.01	30.36	41.77	63.06	84.29	60.02	69.03	18.36	51.87	69.32	25.61	56.57	33.24	54.2	105.89	93.81	43.57	31.4	72.73	
27.02	88.59	53.23	0.0	127.14	64.01	67.68	87.86	61.91	65.73	25.61	48.76	84.9	51.01	37.7	28.43	71.42	70.58	91.76	41.05	57.94	110.68	118.6	41.73	42.19	82.04	37.22	5.1	80.99	41.88	22.8	109.13	78.26	43.29	90.52	64.5	102.39	111.07	14.04	21.93	81.34	125.43	43.05	63.29	60.53	43.83	99.33	110.07	64.51	89.36	56.72	50.61	74.28	53.31	104.0	51.04	33.97	65.01	86.0	98.0	106.67	69.35	77.08	98.72	87.3	77.1	96.0	96.4	24.7	43.19	14.04	100.72	88.26	111.49	45.65	101.84	34.01	17.46	74.71	33.24	65.01	92.57	5.0	81.01	121.61	97.32	65.28	32.06	100.0	86.83	58.69	59.24	65.92	89.82	70.0	108.91	114.06	89.5	89.87	83.67	14.0	23.02	102.18	57.04	105.17	102.73	110.37	21.84	54.08	70.72	85.0	85.09	60.17	31.14	95.51	61.77	71.01	77.62	85.7	40.61	24.19	76.56	116.25	25.32	133.41	53.45	86.59	27.46	92.01	96.04	35.0	99.3	103.97	41.11	104.48	97.17	87.64	96.03	78.1	59.44	95.44	105.39	72.95	62.64	19.1	20.0	94.0	29.83	41.15	54.13	4.12	103.23	107.2	23.77	68.41	79.83	13.04	26.08	102.18	107.52	95.0	104.69	75.39	25.81	114.61	51.35	53.0	1.41	31.0	18.0	57.78	101.43	35.85	113.9	81.22	47.41	74.24	40.2	14.56	104.02	81.91	48.02	23.35	104.65	16.55	85.15	76.42	53.04	29.12	23.32	22.02	97.74	57.28	37.66	40.31	98.49	56.44	115.6	53.15	67.0	67.19	119.6	84.76	72.03	63.03	1.41	101.61	102.31	2.0	32.65	22.2	15.23	65.0	85.04	52.61	86.37	89.96	104.71	45.25	40.01	55.79	77.1	32.02	80.72	4.12	106.71	82.87	30.41	29.07	21.0	
100.12	43.83	81.94	127.14	0.0	98.48	73.35	64.13	71.69	101.84	130.1	106.94	61.13	94.51	113.99	99.4	56.3	64.5	50.45	86.37	74.4	19.31	24.74	85.6	85.59	85.0	103.79	129.63	111.2	85.63	124.2	31.02	84.1	102.08	57.07	64.54	59.03	22.0	117.89	126.25	112.18	8.94	106.98	65.12	96.77	83.55	110.04	35.06	79.56	89.45	92.44	78.55	53.25	113.16	82.22	76.42	93.6	86.54	81.88	81.0	31.06	115.43	51.11	58.03	96.75	50.48	81.02	40.2	117.15	108.85	119.54	33.53	68.03	36.22	118.21	47.04	107.79	120.42	64.76	112.73	88.39	57.04	128.41	97.0	9.0	97.02	93.05	111.36	81.02	60.64	72.8	80.32	67.12	99.5	85.7	56.57	21.02	61.0	37.74	50.99	118.71	113.02	75.11	102.84	75.33	29.73	47.52	137.36	89.55	57.45	58.31	111.46	85.16	96.05	52.47	73.16	99.5	49.58	41.62	99.81	133.42	115.45	14.32	147.11	8.0	87.32	61.61	142.52	82.22	34.89	102.62	97.0	26.68	127.09	32.0	42.95	57.72	67.07	66.73	102.16	32.8	90.27	57.2	73.57	126.06	140.73	81.1	125.0	91.3	81.54	130.87	25.24	107.17	106.78	62.17	67.05	136.52	146.45	87.09	47.17	32.56	23.77	112.54	101.41	25.08	96.77	78.71	127.02	148.82	113.85	80.06	98.02	91.97	20.1	92.0	85.42	65.73	102.55	122.04	83.22	59.46	79.91	127.78	35.23	132.28	51.97	91.68	103.85	113.23	132.65	141.48	33.96	86.02	101.08	101.64	107.04	94.37	23.09	105.77	98.99	82.08	10.0	110.48	69.86	101.61	127.28	26.4	89.09	128.69	131.02	130.48	113.81	62.29	42.2	100.18	89.81	46.82	31.58	82.2	100.44	104.69	57.57	111.4	48.75	129.63	100.24	110.82	101.98	112.71	141.45	
51.08	80.08	27.2	64.01	98.48	0.0	81.4	96.65	32.89	101.04	85.33	89.69	91.24	82.01	85.09	45.31	51.92	75.8	90.82	52.63	68.25	90.01	103.24	45.45	54.67	20.81	27.17	69.0	118.7	53.26	79.83	97.02	18.38	80.78	94.43	63.63	107.54	76.9	50.0	80.41	119.47	101.4	21.21	61.4	93.09	52.4	132.23	100.62	20.22	113.7	11.31	38.42	54.57	97.62	121.79	53.91	44.78	89.81	106.4	116.21	68.68	111.77	53.76	103.47	116.04	56.09	114.55	58.46	76.24	21.59	50.04	88.28	34.67	102.77	94.43	99.62	30.0	47.27	34.06	31.4	91.22	44.28	61.2	17.0	97.33	124.2	94.85	32.14	117.89	93.02	67.01	22.85	71.56	119.55	94.11	112.01	96.08	96.15	65.07	80.41	50.01	41.0	116.47	7.62	119.08	87.69	108.24	85.15	80.81	49.73	40.52	122.02	16.16	48.3	96.57	30.68	7.28	62.1	63.39	24.74	85.71	117.41	94.05	89.14	106.37	19.85	93.48	91.09	111.83	82.2	72.47	125.73	71.85	95.82	67.19	91.48	91.71	106.47	87.98	95.8	77.52	127.06	69.35	74.81	78.09	84.01	112.89	85.87	31.91	26.63	65.19	83.1	136.78	42.76	42.2	90.21	77.03	90.05	122.89	105.36	75.33	75.43	115.0	52.92	99.32	13.93	33.02	65.0	95.01	66.22	24.6	127.91	54.92	79.31	17.72	30.41	33.06	24.19	50.25	122.33	86.31	55.87	82.38	94.73	79.23	46.53	103.97	11.4	76.9	84.72	86.0	64.63	17.49	27.66	24.33	130.14	10.0	99.18	12.08	3.16	88.53	88.65	121.26	83.49	3.16	63.03	81.1	124.04	64.07	91.22	82.87	50.25	56.8	63.51	88.23	111.4	85.38	92.07	44.55	75.8	94.3	42.0	78.0	53.15	63.2	133.06	119.97	65.74	35.13	85.01	
45.04	29.55	54.2	67.68	73.35	81.4	0.0	20.22	50.99	30.07	61.03	33.84	17.46	21.93	42.45	48.51	38.08	10.0	26.25	32.98	13.42	54.12	56.64	38.63	30.81	84.65	65.79	68.01	44.15	32.02	56.08	46.75	80.92	30.48	23.26	19.72	34.71	66.75	65.01	58.31	45.12	68.26	73.54	21.63	23.77	31.62	52.7	46.01	64.35	32.53	70.21	43.01	37.95	39.81	41.23	27.78	44.15	14.04	25.0	35.34	68.01	44.1	41.76	31.05	36.06	39.29	33.54	62.51	49.24	75.39	67.01	40.5	76.94	46.86	45.22	35.51	67.72	70.03	59.68	72.28	16.03	72.45	71.02	92.63	65.37	43.14	21.02	70.09	37.16	19.31	14.42	59.46	11.18	39.66	15.52	41.23	54.64	21.84	46.0	22.36	66.01	65.49	37.11	79.92	40.02	43.91	43.38	69.97	16.97	39.81	65.39	46.17	65.95	43.42	28.65	53.08	87.32	33.38	42.05	64.08	64.9	46.17	59.54	80.62	77.18	61.61	18.97	74.06	30.53	38.48	34.44	44.55	60.3	54.67	66.0	33.24	20.59	29.02	10.44	29.12	41.76	45.79	20.1	6.71	59.06	74.71	31.76	54.82	52.8	54.82	71.81	48.47	55.9	57.43	45.79	12.17	72.62	79.4	41.68	40.71	43.17	57.87	43.19	45.0	53.26	69.97	48.41	66.94	80.45	50.29	57.38	46.69	35.13	69.05	89.2	51.62	60.21	66.85	70.01	41.63	15.62	26.93	59.36	41.77	66.19	59.14	25.08	77.9	44.42	64.35	74.79	58.01	64.03	62.97	65.92	50.22	71.85	54.82	79.65	84.02	10.05	69.57	45.22	4.47	83.23	68.45	47.76	42.72	69.63	60.21	62.43	60.01	27.78	41.05	26.93	30.48	27.2	43.6	38.01	30.53	31.38	54.13	41.88	46.57	71.39	51.74	44.64	37.36	69.43	75.18	
65.01	25.3	69.78	87.86	64.13	96.65	20.22	0.0	64.35	39.66	79.65	49.82	5.66	39.82	60.21	68.12	47.42	21.19	14.0	52.24	32.14	45.28	42.95	57.07	50.16	96.43	84.17	88.06	47.07	51.24	75.15	33.84	93.09	48.76	7.07	33.11	14.56	63.79	85.09	77.39	48.05	57.28	91.48	35.34	36.77	50.49	47.85	31.3	77.94	26.17	85.87	59.24	45.97	53.76	26.17	45.35	63.39	27.02	18.0	21.63	67.72	52.33	48.92	11.18	33.0	46.1	20.59	65.31	68.54	93.41	87.09	31.06	85.8	31.38	60.96	18.87	86.49	90.01	70.04	91.24	28.32	79.06	91.24	105.8	55.32	35.44	31.89	89.11	22.8	4.47	32.39	73.93	25.96	36.06	24.08	21.19	43.42	3.16	47.42	19.72	86.09	85.15	20.0	96.25	22.47	35.06	24.84	89.0	35.34	49.58	73.25	47.38	80.62	63.07	12.08	66.57	101.87	39.05	44.78	82.01	83.65	51.55	49.82	99.74	66.1	77.39	3.61	92.66	19.92	32.25	54.08	36.06	58.69	71.06	66.1	21.21	7.28	9.85	10.0	41.77	37.85	33.02	27.8	26.0	78.39	94.02	19.7	73.06	70.6	70.21	91.98	42.05	47.54	77.1	56.85	8.06	92.36	98.39	28.84	22.63	40.26	54.92	48.7	65.07	40.5	86.54	63.98	87.1	98.98	70.34	72.07	37.7	55.0	65.49	101.83	68.35	70.77	84.9	90.09	26.91	10.63	45.54	78.26	29.12	85.62	65.8	27.86	94.7	63.56	83.19	93.94	58.87	79.18	81.25	83.93	44.91	87.66	42.38	96.57	98.98	23.02	63.03	46.39	16.03	98.84	88.65	42.19	30.53	89.82	77.94	81.39	80.1	39.96	43.91	42.8	26.0	19.42	32.56	55.79	49.77	45.25	62.97	60.84	52.8	91.59	41.59	46.69	57.49	88.68	94.43	
37.64	47.3	10.3	61.91	71.69	32.89	50.99	64.35	0.0	75.15	74.73	67.68	58.83	57.25	67.07	34.01	19.24	44.05	57.94	30.07	38.83	59.84	72.11	24.08	31.26	33.84	32.25	65.76	92.18	30.15	68.45	65.07	30.0	59.03	61.72	31.89	74.73	52.15	49.82	69.86	93.06	72.8	35.44	29.73	67.12	28.28	103.41	68.36	13.6	83.49	23.19	13.04	22.09	75.93	90.0	26.0	29.41	61.59	75.66	84.65	46.1	87.66	22.09	70.68	86.83	24.0	83.1	35.38	62.65	37.36	51.09	56.14	30.07	70.46	75.43	66.76	36.36	50.91	13.34	41.18	63.29	31.32	61.61	41.77	68.68	94.11	67.6	39.96	86.21	60.54	37.2	10.2	40.31	90.43	65.22	79.12	65.38	63.63	34.93	47.54	50.45	43.14	84.31	34.23	86.82	56.0	75.43	78.43	54.63	17.12	23.41	95.02	16.76	33.24	63.69	2.24	37.59	29.43	32.25	28.18	76.66	92.2	64.54	85.91	79.12	16.12	61.06	84.43	80.72	50.09	53.08	95.48	45.65	80.01	44.05	58.69	59.06	74.09	56.22	70.94	46.04	95.78	36.72	44.82	68.41	79.71	81.57	72.56	21.26	9.85	64.9	52.47	106.89	38.6	10.05	58.41	73.79	86.01	91.55	72.53	44.18	47.93	89.47	39.56	68.07	26.08	8.94	62.27	89.89	54.82	9.0	97.59	35.01	54.92	38.21	14.87	13.15	30.87	53.08	90.6	53.85	29.41	71.81	62.39	72.45	23.43	75.21	34.0	61.13	75.69	81.15	38.59	16.12	29.68	29.97	101.04	25.18	68.18	36.0	34.93	59.41	62.61	94.15	52.35	35.44	61.59	50.49	92.85	62.97	78.77	73.5	46.87	24.41	32.14	64.2	81.47	52.5	60.07	21.0	54.59	70.52	15.56	61.01	23.09	63.25	102.53	93.15	48.04	41.62	80.62	
53.6	58.69	75.17	65.73	101.84	101.04	30.07	39.66	75.15	0.0	48.26	17.12	41.15	19.1	29.02	59.03	66.29	40.05	51.89	48.41	37.36	82.54	82.37	55.61	46.4	108.71	79.4	63.79	17.69	47.8	46.01	72.9	104.71	23.26	46.14	47.68	51.62	96.75	69.35	48.0	18.44	95.85	87.86	49.03	8.06	48.83	34.01	70.83	87.32	25.96	89.81	64.14	66.75	16.16	42.38	49.19	57.28	16.03	26.63	37.16	98.05	14.04	70.71	49.68	22.0	68.47	35.34	92.2	41.44	89.38	71.18	68.35	103.73	71.02	25.0	58.52	79.81	75.15	86.03	83.23	14.04	100.66	70.34	114.83	93.41	32.02	9.06	81.02	39.0	42.06	39.29	81.63	40.11	24.19	16.16	58.0	81.94	42.72	76.03	51.42	70.26	73.57	43.42	97.67	46.07	72.11	63.89	58.31	20.59	67.68	93.15	21.26	87.37	54.56	51.62	76.92	107.8	63.07	72.0	79.21	52.35	17.09	87.66	68.73	104.79	81.61	41.18	60.21	31.3	67.45	32.65	34.01	90.35	35.11	96.02	59.51	44.72	42.45	35.11	6.32	71.39	41.44	50.0	33.24	50.04	64.2	33.54	41.19	69.43	76.01	69.43	77.62	41.48	66.29	72.42	34.93	65.03	66.91	39.05	62.01	72.99	87.82	14.32	52.43	79.61	87.86	69.97	64.54	65.97	48.38	79.4	36.06	46.67	98.99	112.16	70.8	86.38	81.39	73.93	42.06	42.38	46.14	48.04	67.98	57.0	87.66	13.89	94.76	36.67	52.24	63.39	88.01	84.88	77.16	80.66	32.89	91.05	81.39	96.17	104.02	20.22	98.95	20.62	32.56	102.18	66.94	77.13	38.64	67.68	44.15	51.09	64.85	55.32	71.0	13.89	23.09	55.03	70.77	56.86	27.78	10.05	81.74	33.73	75.66	69.86	41.19	19.1	39.45	79.32	64.28	
37.34	87.68	68.36	25.61	130.1	85.33	61.03	79.65	74.73	48.26	0.0	31.78	78.23	39.82	19.92	42.05	78.26	67.27	87.2	46.62	55.9	111.87	116.93	50.96	46.52	101.04	58.25	21.21	60.53	47.01	6.32	107.06	97.02	30.89	84.06	65.6	93.91	117.48	37.16	5.0	60.67	126.67	65.52	65.22	45.61	49.24	79.51	106.83	81.15	73.98	76.32	61.85	80.53	33.02	90.03	55.47	45.54	53.31	72.8	84.4	114.93	47.85	84.08	90.82	70.18	83.24	82.46	105.7	13.04	66.1	38.01	99.72	103.95	107.8	24.08	96.52	56.04	42.06	88.07	56.65	52.55	105.99	30.48	102.11	123.24	80.1	50.96	55.03	86.35	79.92	57.38	75.24	63.64	72.03	57.58	100.62	113.85	81.99	95.19	81.39	37.58	45.54	89.84	79.08	92.72	102.53	104.1	10.05	44.42	78.29	97.98	64.63	78.0	41.59	89.59	75.31	92.57	81.54	90.74	60.67	4.12	55.11	117.52	20.62	135.28	71.0	79.4	13.04	78.34	96.21	27.59	82.1	110.28	16.55	112.7	93.86	81.54	86.01	71.02	42.58	97.31	89.68	73.0	58.14	7.28	16.0	80.52	7.07	57.04	69.35	27.59	105.0	88.2	42.58	78.43	72.2	18.38	18.97	87.13	101.55	97.62	109.84	54.59	35.36	113.28	71.7	66.1	24.21	19.42	20.1	73.33	84.05	40.85	120.22	101.49	62.29	87.86	61.19	39.45	89.82	76.61	51.48	3.0	102.18	10.3	96.14	61.19	75.19	16.97	4.0	15.13	105.12	75.0	57.71	61.0	79.23	76.53	114.63	75.69	88.46	56.8	124.04	64.5	65.46	84.93	27.02	103.71	86.83	26.91	7.07	3.61	35.44	69.12	89.89	37.95	71.02	87.21	103.32	54.41	30.61	38.47	88.23	19.21	88.57	29.0	89.01	62.51	28.65	52.2	16.03	
39.7	63.13	65.55	48.76	106.94	89.69	33.84	49.82	67.68	17.12	31.78	0.0	49.5	12.65	12.04	45.45	63.13	42.49	59.55	38.28	34.71	87.82	90.27	45.31	36.69	99.96	65.95	46.69	32.65	37.95	29.02	80.43	95.86	8.94	55.17	45.89	63.51	98.37	53.34	31.06	33.12	102.08	74.41	46.53	13.93	39.56	50.6	79.31	78.43	42.3	78.77	55.36	64.38	8.25	58.25	42.3	44.94	22.8	41.11	52.63	98.06	22.63	68.36	60.8	39.05	66.61	50.7	90.67	24.33	75.74	55.07	74.33	97.49	79.93	11.4	67.9	65.76	59.17	79.91	68.68	21.63	96.19	53.45	104.65	99.13	49.09	19.31	66.53	54.57	50.93	36.67	72.45	40.5	41.3	26.42	70.18	88.48	52.5	76.4	56.08	54.2	58.41	58.19	85.45	61.03	77.7	74.65	41.77	17.46	64.03	88.28	36.67	77.47	41.62	60.83	69.12	96.75	62.59	72.03	66.4	35.9	29.21	93.3	52.39	110.98	71.11	50.25	44.27	46.57	72.07	17.69	51.09	91.48	21.26	95.9	66.84	53.04	55.07	42.45	11.0	74.73	58.14	50.92	33.62	33.0	47.52	48.76	24.74	57.8	66.48	52.39	81.84	58.46	51.66	67.19	43.14	48.0	50.7	55.44	72.35	75.77	89.81	27.46	38.21	87.01	76.01	61.03	47.54	50.33	31.78	70.23	53.15	34.89	100.88	102.55	60.42	80.06	68.25	57.71	58.05	49.04	38.47	31.26	75.43	40.05	84.0	29.43	82.2	19.65	35.69	46.87	87.86	74.73	64.03	67.62	49.73	79.76	88.6	83.41	92.78	26.91	102.55	36.25	37.8	90.43	50.0	80.96	55.23	50.7	28.64	34.37	49.09	52.24	71.06	7.07	39.32	61.03	77.42	47.43	13.89	7.07	77.1	16.76	73.33	52.89	58.31	34.44	24.76	64.54	47.68	
61.2	20.4	64.47	84.9	61.13	91.24	17.46	5.66	58.83	41.15	78.23	49.5	0.0	38.6	59.2	64.0	41.77	16.28	10.77	48.01	28.02	41.98	41.34	52.47	46.0	90.79	79.43	85.38	50.36	47.01	73.43	31.76	87.46	47.43	5.83	27.86	18.0	59.3	81.39	75.66	51.35	54.78	86.59	30.08	37.2	46.1	52.63	30.0	72.4	30.81	80.53	54.08	40.31	54.2	31.83	40.61	59.08	27.02	22.36	27.2	62.82	54.42	43.28	14.04	37.22	40.46	26.08	60.01	66.65	88.53	83.38	27.66	80.16	30.48	60.83	18.44	81.88	86.15	64.38	86.7	28.6	73.5	88.07	100.21	52.5	40.5	32.76	84.59	28.43	2.0	28.02	68.48	21.21	40.45	25.06	24.19	40.85	5.1	42.15	14.32	82.39	81.01	25.61	91.0	28.02	31.58	25.94	87.32	33.84	43.93	67.62	51.04	75.18	59.01	11.4	61.06	96.38	33.42	39.36	77.13	82.15	54.34	46.84	98.01	63.69	72.09	2.24	91.27	25.08	28.0	51.89	41.23	53.94	70.72	61.13	18.38	3.61	15.26	7.21	42.44	33.24	38.6	22.2	22.36	76.48	92.13	25.06	71.85	65.73	64.88	89.02	38.05	52.8	73.0	51.22	6.4	90.08	96.75	34.41	23.32	35.51	50.36	51.42	61.4	38.47	81.34	58.69	84.2	97.64	67.68	66.65	42.95	51.16	61.13	96.21	63.25	65.12	80.05	86.37	32.56	5.0	41.11	76.66	26.83	83.63	60.22	30.59	89.54	61.77	81.63	92.18	53.76	73.79	76.49	79.08	49.73	82.35	40.25	91.42	93.54	22.67	59.3	50.04	13.0	93.47	85.62	38.0	36.06	86.83	77.01	79.76	76.42	34.48	38.47	42.43	30.27	15.0	29.73	50.99	47.89	45.61	57.31	59.17	47.2	88.53	47.01	50.16	54.71	84.29	92.59	
34.99	50.77	56.44	51.01	94.51	82.01	21.93	39.82	57.25	19.1	39.82	12.65	38.6	0.0	20.62	40.22	51.0	30.02	48.1	29.41	22.2	75.47	78.57	36.62	27.46	90.38	60.44	50.16	36.8	28.84	35.47	68.68	86.33	8.94	44.41	33.38	54.13	85.73	52.2	37.7	37.54	89.87	68.88	34.13	11.4	30.02	52.15	67.9	68.88	38.64	70.8	45.62	52.09	20.1	53.0	31.32	38.21	14.14	35.01	47.01	85.51	30.46	56.08	51.0	37.7	54.23	45.01	78.31	29.12	70.43	54.12	62.2	86.59	68.68	23.71	57.01	61.03	57.87	68.88	64.66	14.0	84.59	55.15	96.04	86.82	47.43	14.87	62.43	49.01	40.22	24.19	63.06	27.86	40.72	19.03	60.84	76.4	42.19	63.79	43.83	53.16	55.46	51.48	78.57	54.45	65.46	64.35	49.24	5.0	52.04	76.79	40.31	68.6	35.61	50.0	58.87	88.81	50.01	59.44	60.14	43.83	35.51	80.99	60.01	98.74	62.68	39.66	52.84	41.0	59.68	16.03	49.34	78.85	32.8	83.36	55.17	42.01	46.49	31.4	13.89	62.17	54.59	38.28	21.02	38.9	54.42	43.01	33.29	50.33	57.31	55.0	69.35	58.6	47.89	55.73	32.45	53.37	58.6	51.24	61.85	63.16	77.16	33.02	34.0	75.17	68.77	51.43	50.0	59.17	33.02	60.83	51.55	27.59	88.23	93.54	51.87	69.12	62.37	57.01	53.01	37.48	27.86	38.48	63.7	46.17	72.11	25.96	75.66	24.04	43.38	54.23	75.31	66.04	58.14	61.62	50.61	72.01	76.69	77.08	85.0	17.09	89.96	39.62	26.17	83.1	52.04	68.43	51.48	53.01	38.42	41.63	47.43	40.01	58.46	7.07	35.69	49.04	65.44	38.08	11.0	13.34	65.49	21.19	61.07	55.04	56.92	38.18	21.84	60.9	54.78	
34.01	70.6	63.15	37.7	113.99	85.09	42.45	60.21	67.07	29.02	19.92	12.04	59.2	20.62	0.0	39.81	65.97	49.82	68.68	37.01	39.82	95.21	99.01	43.29	36.01	97.51	59.68	35.17	43.32	37.0	17.0	89.11	93.39	12.04	65.0	50.57	74.3	103.47	44.05	19.03	43.66	109.81	67.96	50.7	25.71	39.01	61.85	88.46	76.3	54.33	74.67	54.15	67.72	15.65	70.21	43.57	40.8	33.54	52.89	64.54	102.14	31.76	71.57	71.34	51.01	70.21	62.59	93.86	13.0	69.07	45.61	82.33	97.13	89.27	9.43	77.62	58.82	49.82	80.0	61.07	32.7	97.19	42.54	100.9	106.61	61.03	31.05	59.03	66.49	60.8	41.59	70.21	46.87	53.15	37.7	81.01	96.54	62.68	81.15	63.89	44.82	50.25	69.92	80.06	72.8	85.43	84.88	29.83	25.5	66.49	89.14	47.43	74.46	37.0	70.6	68.18	92.31	67.23	76.69	60.83	24.04	38.91	100.8	40.52	118.6	67.72	60.22	32.7	58.46	79.4	14.0	63.03	96.38	13.6	99.93	75.66	62.63	66.21	52.01	23.02	81.3	70.18	56.94	40.61	21.02	35.51	60.64	13.0	53.76	64.13	41.11	88.75	70.04	44.41	68.36	53.01	36.01	38.9	67.48	82.42	81.99	95.27	37.7	32.2	95.52	71.18	59.41	36.4	38.91	22.02	68.07	65.07	32.25	106.1	99.33	57.49	80.01	62.27	48.01	70.04	58.05	39.46	19.24	84.15	28.02	85.84	41.44	76.54	9.22	23.77	34.93	92.03	71.57	58.18	61.77	61.19	75.39	97.0	77.52	88.24	37.22	108.78	47.13	46.75	85.43	39.0	87.66	67.27	39.56	17.8	22.36	40.31	55.66	75.77	18.03	51.35	69.35	85.7	46.1	13.93	19.0	78.41	7.21	76.4	41.79	70.18	45.22	19.65	56.73	35.69	
5.83	63.25	26.48	28.43	99.4	45.31	48.51	68.12	34.01	59.03	42.05	45.45	64.0	40.22	39.81	0.0	43.28	48.09	68.73	16.03	36.01	83.73	92.85	13.89	18.0	59.21	20.52	31.91	76.58	17.03	36.0	83.82	55.15	36.8	69.07	39.29	82.0	82.73	18.79	37.05	77.23	98.27	29.0	37.64	51.61	18.25	92.36	85.44	39.12	77.08	35.17	22.2	46.23	53.01	89.02	25.0	5.83	51.48	71.47	82.97	78.24	68.01	48.84	78.01	77.41	49.04	81.04	68.01	31.4	30.41	20.62	75.03	62.17	87.09	49.19	78.92	20.81	22.56	47.17	24.6	52.33	65.19	29.07	61.4	94.34	86.76	54.71	22.36	84.9	66.0	36.01	33.24	43.1	80.62	56.46	88.05	87.66	69.01	61.85	59.44	19.7	17.03	85.51	40.31	88.46	76.56	87.82	44.64	40.71	42.45	57.38	80.28	36.06	5.1	73.33	34.18	52.55	50.25	57.8	21.1	43.42	74.25	89.19	51.89	105.95	29.07	66.01	50.7	77.49	69.86	27.8	88.57	75.66	50.7	76.06	73.01	66.07	77.41	58.14	53.15	68.48	92.36	47.8	42.19	35.23	45.69	79.12	41.3	15.0	27.46	31.83	76.16	98.49	9.0	40.0	60.21	39.82	52.0	88.54	84.85	67.74	76.58	72.14	7.62	88.77	31.38	25.08	28.6	55.97	22.0	31.4	90.8	13.6	85.56	60.21	20.4	46.82	22.8	23.41	89.29	60.07	23.19	39.05	79.7	38.6	56.94	65.3	36.89	31.62	42.43	47.17	69.35	33.06	18.6	22.2	90.74	35.74	89.55	38.01	48.47	51.87	91.55	79.65	52.24	45.62	28.32	74.43	89.2	29.73	47.1	40.31	14.42	38.01	57.2	45.34	74.32	65.73	79.12	17.2	31.83	50.91	48.88	32.7	52.35	30.41	96.18	78.1	20.81	21.19	46.62	
44.6	28.16	28.07	71.42	56.3	51.92	38.08	47.42	19.24	66.29	78.26	63.13	41.77	51.0	65.97	43.28	0.0	29.15	39.36	31.91	29.15	42.06	53.46	29.7	31.76	49.04	48.76	74.33	81.91	31.38	72.01	46.0	45.8	55.58	43.83	18.68	56.44	39.82	61.61	73.82	82.86	55.95	53.46	17.26	58.69	29.15	90.43	49.16	31.95	69.34	42.43	22.36	3.16	71.03	73.55	22.85	37.54	50.96	61.03	68.62	36.67	79.91	5.83	52.48	73.82	5.83	67.27	27.89	65.31	55.44	63.25	37.01	39.12	51.24	72.84	47.76	52.5	64.14	22.63	57.57	52.89	34.48	72.35	58.83	51.89	79.88	57.72	55.97	70.01	43.28	27.17	29.43	26.93	77.41	53.49	60.42	47.07	46.23	18.6	29.15	62.43	56.82	67.36	53.46	69.66	37.12	56.32	84.06	47.1	2.24	27.31	84.15	35.9	40.31	45.18	21.38	56.08	10.2	14.76	45.12	81.01	83.2	47.17	93.01	63.13	35.01	43.93	89.69	65.44	31.0	52.5	81.02	32.65	79.56	34.44	39.56	41.4	56.85	40.61	63.39	27.46	79.98	19.85	33.24	73.06	86.61	65.95	74.46	35.47	28.02	75.01	34.48	92.66	50.48	9.85	42.64	81.69	92.66	75.74	53.45	25.96	33.3	80.28	46.1	49.37	45.01	23.54	71.42	95.72	59.91	28.16	83.01	37.74	42.64	54.64	30.08	23.35	48.05	65.73	74.25	36.8	26.93	75.59	43.19	78.49	21.38	63.16	53.08	62.39	80.13	87.66	26.93	35.36	45.88	47.07	87.82	44.41	49.65	55.08	53.76	47.76	48.27	83.22	38.08	54.57	71.45	32.57	77.23	72.86	80.78	77.9	57.63	11.05	14.32	58.01	67.74	33.62	41.0	26.17	52.17	64.07	16.12	61.35	10.44	73.66	87.62	82.54	49.66	57.01	87.42	
45.71	20.81	48.76	70.58	64.5	75.8	10.0	21.19	44.05	40.05	67.27	42.49	16.28	30.02	49.82	48.09	29.15	0.0	21.19	32.06	12.65	45.49	49.68	36.22	30.15	77.1	63.15	71.59	53.94	31.06	61.85	39.82	73.54	37.8	21.0	12.21	34.13	56.89	65.92	64.03	54.92	60.0	70.34	14.42	33.54	30.0	61.29	39.96	57.63	40.22	64.88	38.08	28.64	49.04	46.04	24.33	43.0	24.02	32.02	40.61	58.01	54.08	32.31	30.07	44.72	29.73	39.05	52.61	54.82	72.28	67.9	32.56	68.26	41.18	53.71	31.32	65.62	70.46	51.4	70.46	26.02	63.16	73.38	85.8	56.86	50.8	31.02	68.36	42.2	18.25	12.17	53.25	5.0	48.3	25.32	40.0	46.75	21.38	36.0	14.14	66.91	65.03	40.71	75.15	43.38	35.61	40.02	75.6	25.06	31.06	56.36	55.79	59.91	43.19	25.32	46.23	81.27	23.54	32.06	60.88	70.94	56.14	51.04	86.02	68.82	56.36	18.44	80.16	36.77	29.68	39.82	52.01	50.36	62.68	56.0	26.93	18.0	31.02	12.21	38.83	32.31	51.74	10.2	9.22	64.4	79.88	37.54	61.52	49.48	49.24	74.67	39.36	63.6	57.08	37.64	14.42	77.03	85.0	47.51	37.11	33.53	48.05	53.15	46.1	46.01	65.39	42.94	70.01	86.56	54.12	51.31	54.04	35.69	59.23	82.07	47.17	52.01	63.79	70.86	46.62	12.0	25.0	65.3	35.0	71.28	49.77	34.48	73.54	50.33	70.29	80.21	48.01	58.31	60.21	62.82	58.67	66.65	47.38	75.39	78.23	20.02	60.17	54.82	8.94	77.9	71.17	38.48	48.84	72.45	67.27	68.25	61.0	19.8	31.06	35.85	38.59	20.0	36.07	34.71	36.77	40.8	45.28	48.1	37.0	74.0	58.8	54.34	41.18	68.12	80.45	
66.71	12.81	65.0	91.76	50.45	90.82	26.25	14.0	57.94	51.89	87.2	59.55	10.77	48.1	68.68	68.73	39.36	21.19	0.0	52.77	33.84	31.4	30.81	56.08	50.99	87.92	82.15	92.7	60.83	51.79	82.1	21.1	84.91	56.73	7.07	30.0	17.2	50.01	86.88	84.31	61.81	44.01	88.68	32.02	47.71	50.49	61.66	19.8	71.18	40.11	80.65	55.58	37.22	64.64	37.59	44.1	63.39	37.44	32.0	34.18	54.42	65.19	39.41	13.45	47.0	36.62	33.53	53.0	75.17	90.67	88.84	17.12	75.74	20.62	70.94	10.2	85.02	91.24	61.29	90.01	39.12	68.01	94.56	98.11	41.76	49.03	43.42	88.0	34.93	10.2	33.24	68.01	25.96	50.04	35.78	21.19	30.08	11.05	35.23	10.44	87.86	85.48	30.53	91.48	32.2	21.1	19.1	95.96	43.19	41.59	62.97	61.29	74.67	63.95	5.83	60.17	95.34	29.68	33.3	79.4	91.02	65.0	36.14	106.53	52.92	72.53	11.18	100.21	33.54	18.44	60.21	49.48	45.22	80.66	52.92	7.62	7.28	20.12	17.2	53.0	24.35	45.19	22.2	29.53	84.91	100.5	32.98	81.06	68.18	65.25	95.86	28.07	60.73	77.65	49.19	17.0	97.95	105.39	41.23	16.12	26.93	41.23	62.1	67.19	27.78	82.23	59.44	91.18	106.61	75.15	66.41	50.96	56.75	51.62	93.81	64.78	62.13	82.39	91.78	38.47	10.63	45.54	85.45	16.12	91.92	55.15	41.23	90.47	70.46	90.44	100.7	46.07	73.68	79.16	81.39	58.69	82.57	29.53	92.42	92.85	33.02	49.04	60.3	21.93	93.3	92.36	28.28	43.08	93.64	86.45	88.48	82.0	34.71	32.56	52.5	40.0	6.4	18.97	54.0	56.61	56.04	53.6	68.01	42.52	95.19	54.42	60.53	62.17	88.05	101.02	
14.32	47.93	27.31	41.05	86.37	52.63	32.98	52.24	30.07	48.41	46.62	38.28	48.01	29.41	37.01	16.03	31.91	32.06	52.77	0.0	20.1	69.63	77.82	7.21	2.24	61.68	33.11	43.28	66.07	1.0	40.31	68.54	57.58	29.41	53.04	23.77	66.01	71.61	34.21	42.05	66.84	84.4	41.18	22.36	40.46	2.83	80.16	69.89	40.16	63.13	41.4	17.26	34.41	46.49	74.0	10.0	11.18	38.01	56.86	68.01	68.48	59.54	37.74	62.0	64.4	37.2	66.13	59.09	33.84	42.94	36.14	59.93	60.13	71.47	45.4	62.97	34.79	38.47	43.01	39.29	39.2	60.41	42.94	66.73	80.6	73.25	42.45	37.11	69.89	50.01	20.0	34.18	27.07	67.8	42.72	72.03	73.06	53.04	49.68	43.68	35.17	33.0	70.09	49.52	73.01	61.77	71.85	52.15	28.28	31.76	52.35	69.43	39.36	11.18	57.31	31.26	59.41	36.8	45.34	31.91	49.19	64.9	75.21	61.22	92.46	33.29	50.04	57.8	62.77	55.07	23.02	74.95	64.4	50.09	66.24	57.28	50.04	61.66	42.3	43.27	54.41	77.88	32.31	26.48	41.18	54.82	64.26	43.42	21.26	28.23	44.94	62.2	85.45	25.02	32.02	44.41	50.21	60.8	73.93	68.88	54.04	64.54	62.43	15.26	73.79	39.6	22.8	40.8	63.81	28.02	31.95	77.18	5.83	74.4	64.4	22.47	43.0	34.48	39.05	74.33	44.05	7.28	43.86	64.26	46.62	49.73	52.2	46.86	31.58	48.3	55.8	58.83	36.72	30.41	33.62	78.24	42.64	74.71	48.41	55.61	37.59	79.25	68.68	36.5	53.81	41.34	60.61	74.73	42.72	49.73	46.07	29.41	24.08	44.6	35.85	60.54	50.0	63.98	9.22	24.74	42.06	41.98	31.14	42.06	43.91	82.49	67.36	18.44	36.5	55.61	
33.24	31.89	41.11	57.94	74.4	68.25	13.42	32.14	38.83	37.36	55.9	34.71	28.02	22.2	39.82	36.01	29.15	12.65	33.84	20.1	0.0	55.97	61.61	25.3	18.03	72.67	52.5	59.03	53.71	19.1	50.21	51.87	68.82	28.23	33.24	11.18	46.01	63.91	53.46	52.35	54.63	70.77	60.17	12.0	29.61	18.44	64.66	52.35	51.86	45.45	57.01	29.83	30.0	42.3	54.63	14.42	31.26	22.83	38.28	48.75	63.35	50.8	34.0	42.05	48.17	32.06	46.96	56.14	43.14	62.03	55.44	44.05	66.48	53.67	45.22	43.97	54.57	58.14	48.85	59.23	24.6	63.35	60.73	80.06	67.36	55.97	29.15	57.07	50.57	30.02	2.0	46.69	8.06	51.74	26.4	52.15	58.05	33.0	41.76	26.08	54.45	53.04	50.29	66.57	53.16	46.69	52.63	63.78	18.0	30.41	55.79	56.36	53.04	31.0	37.85	40.8	74.33	27.89	37.36	50.7	59.4	54.41	61.62	74.03	79.4	48.41	30.0	68.59	43.91	40.31	28.32	57.49	56.92	53.23	61.19	39.36	30.27	41.59	22.2	34.23	41.62	59.17	17.2	6.71	52.5	67.8	45.18	50.61	39.4	41.77	62.03	49.2	68.62	45.01	35.11	24.33	64.66	73.11	55.07	49.73	42.19	55.54	51.55	33.54	57.8	56.6	35.38	57.38	74.97	41.68	44.55	59.67	23.19	66.48	76.84	38.28	49.24	53.49	58.42	55.04	24.33	13.6	53.74	47.17	59.2	50.49	36.4	64.5	38.95	58.69	68.25	53.15	50.99	49.65	52.55	62.37	58.6	59.03	66.24	70.94	20.62	68.96	55.47	16.49	70.0	58.52	48.01	56.08	59.81	56.61	56.59	48.51	18.11	36.4	29.07	43.19	32.25	47.8	24.6	26.08	35.0	44.38	37.01	39.0	61.35	64.82	54.56	28.84	56.57	68.41	
83.76	24.7	69.63	110.68	19.31	90.01	54.12	45.28	59.84	82.54	111.87	87.82	41.98	75.47	95.21	83.73	42.06	45.49	31.4	69.63	55.97	0.0	14.32	69.84	68.6	80.05	90.8	112.8	92.23	68.82	106.1	14.32	78.26	83.23	38.21	46.75	41.98	23.43	102.47	108.21	93.21	14.87	95.13	47.63	77.47	66.85	92.09	19.24	70.03	71.03	82.3	64.26	38.9	93.91	65.31	59.64	77.9	67.23	63.2	63.39	31.24	96.17	37.85	40.31	78.16	36.4	63.2	35.85	99.04	97.08	104.24	14.32	64.2	21.1	99.13	29.43	94.56	105.55	56.08	99.62	69.08	53.85	112.36	91.78	11.4	79.16	73.74	98.03	63.64	41.59	54.49	69.46	48.41	81.06	66.41	40.85	6.71	42.19	25.08	31.76	103.35	98.49	58.05	93.19	58.69	10.44	32.2	119.5	70.49	43.68	52.39	92.66	75.17	79.92	34.0	61.66	92.35	33.54	27.66	87.09	115.31	96.32	5.66	129.5	23.43	75.95	42.58	124.48	64.01	15.81	84.29	79.31	22.47	108.17	30.81	24.08	38.64	49.16	47.43	82.86	15.26	73.35	38.9	54.64	108.19	123.17	63.07	106.53	77.49	69.43	114.55	7.62	89.94	91.68	49.82	47.8	119.33	128.72	69.87	31.02	16.16	17.49	93.39	84.88	11.4	85.84	65.52	110.44	130.83	96.43	68.73	80.5	75.0	23.85	86.88	72.12	57.08	89.99	106.89	66.29	40.16	62.8	109.66	17.26	114.63	44.72	72.57	93.54	94.92	114.59	123.79	27.86	75.43	87.93	89.02	89.09	84.29	10.3	95.52	91.09	62.77	18.25	91.66	50.57	93.0	110.94	9.49	71.85	112.33	112.45	112.45	98.11	45.79	27.89	81.01	71.18	27.51	13.04	66.65	81.84	85.43	48.01	92.96	37.12	113.44	83.19	91.92	84.17	99.02	123.84	
92.14	30.02	81.5	118.6	24.74	103.24	56.64	42.95	72.11	82.37	116.93	90.27	41.34	78.57	99.01	92.85	53.46	49.68	30.81	77.82	61.61	14.32	0.0	79.12	76.48	94.11	101.98	120.22	89.49	76.92	111.52	9.9	92.2	86.98	36.24	54.12	35.23	36.88	111.62	113.7	90.44	16.12	106.92	55.46	78.49	75.15	86.47	11.7	83.1	66.71	95.01	74.95	50.36	95.44	58.0	68.03	87.09	68.24	59.77	57.31	45.22	95.27	50.04	34.93	74.22	48.17	57.56	50.16	104.48	108.9	113.46	17.89	78.43	12.17	101.67	24.35	105.54	115.17	69.58	110.63	69.89	68.15	120.75	105.76	16.16	73.44	74.09	108.91	57.14	40.31	60.46	82.02	53.6	76.69	66.37	32.06	7.62	39.81	38.21	35.61	112.54	108.47	51.04	106.0	51.01	16.49	23.02	125.25	73.59	55.33	66.48	89.29	88.01	88.64	30.87	74.06	105.93	43.93	40.0	98.48	120.62	94.34	13.45	135.6	24.08	88.2	41.18	129.83	59.23	23.09	89.5	73.25	36.72	111.29	44.94	23.43	37.74	43.93	48.01	83.76	26.08	66.01	45.65	58.8	114.02	129.4	57.87	111.07	88.29	81.39	122.59	20.22	83.0	101.24	62.07	47.71	126.19	134.63	63.03	23.09	28.0	31.76	91.55	93.02	4.12	98.18	76.94	118.21	136.24	103.17	81.1	74.11	82.76	36.77	100.9	83.36	70.58	101.43	116.25	59.0	41.23	70.66	114.98	14.87	120.8	58.69	70.77	106.08	100.0	119.97	129.81	42.15	88.02	99.04	100.45	83.49	97.01	4.12	108.07	104.48	63.82	28.84	88.32	52.5	106.17	119.0	22.2	65.03	120.35	116.67	117.92	107.02	55.03	40.01	83.24	67.45	29.73	13.89	76.22	86.37	86.84	61.4	97.74	50.09	121.66	76.01	88.89	90.44	109.64	130.0	
15.0	49.73	20.25	41.73	85.6	45.45	38.63	57.07	24.08	55.61	50.96	45.31	52.47	36.62	43.29	13.89	29.7	36.22	56.08	7.21	25.3	69.84	79.12	0.0	9.22	54.71	27.2	44.69	73.25	7.81	44.64	70.21	50.6	36.4	57.14	26.17	70.35	69.43	32.65	46.17	74.03	84.38	34.93	24.33	47.63	7.21	87.11	72.03	33.24	69.64	34.21	11.05	32.56	53.49	79.85	12.0	8.06	44.82	63.06	73.93	65.46	66.73	35.38	66.27	71.22	35.38	72.09	55.57	38.64	36.77	34.44	61.35	54.0	73.76	51.97	66.19	29.43	36.06	37.34	34.23	46.1	55.11	42.8	59.54	80.45	79.88	49.5	32.14	75.77	54.45	24.74	27.2	31.26	74.65	49.41	76.11	73.82	57.56	48.17	46.39	33.54	29.61	75.58	42.52	78.45	62.77	75.17	55.46	35.38	29.07	47.07	76.58	32.2	10.63	61.0	25.0	52.2	36.36	44.05	25.5	53.14	72.11	75.29	63.81	92.09	26.08	54.59	61.33	68.88	56.08	29.43	81.54	62.29	56.01	63.25	59.84	54.15	66.71	47.3	50.48	54.59	84.08	34.53	31.95	44.94	57.45	70.26	48.51	14.42	21.19	45.34	62.27	92.2	22.14	27.73	49.48	52.2	63.63	80.06	72.17	53.85	62.97	69.63	16.64	75.03	32.56	16.12	41.73	67.08	31.38	25.0	83.76	11.05	72.25	57.27	15.26	37.22	28.23	37.16	80.23	48.17	11.7	48.08	66.22	49.65	45.31	59.03	40.0	37.05	52.2	58.67	56.22	29.53	24.35	27.31	85.15	35.47	75.77	41.62	48.41	44.1	77.9	75.82	41.76	46.69	41.77	60.54	80.95	43.19	54.74	49.98	28.3	24.17	43.42	43.05	67.12	52.61	65.46	3.61	31.62	49.24	37.34	37.01	39.2	44.05	89.04	74.52	24.0	32.0	58.31	
15.81	46.52	29.07	42.19	85.59	54.67	30.81	50.16	31.26	46.4	46.52	36.69	46.0	27.46	36.01	18.0	31.76	30.15	50.99	2.24	18.03	68.6	76.48	9.22	0.0	63.32	35.34	44.2	64.03	1.41	40.25	67.12	59.24	27.89	51.09	22.36	64.0	71.28	35.9	42.06	64.82	83.41	43.42	21.1	38.42	3.0	77.99	68.35	41.79	60.9	43.42	18.68	34.13	44.92	71.78	9.22	13.34	35.81	54.63	65.79	68.43	57.71	37.59	60.01	62.2	36.89	63.91	59.24	33.62	45.18	37.85	58.59	61.29	69.89	44.18	61.19	37.0	40.31	44.01	41.48	37.01	61.2	44.28	68.6	79.65	71.02	40.31	39.29	67.68	48.0	18.03	35.85	25.18	65.6	40.5	70.06	71.87	51.01	49.2	42.06	36.88	35.01	67.91	51.66	70.83	60.54	70.04	52.43	26.17	31.78	53.15	67.36	41.18	13.04	55.44	32.56	61.4	36.07	44.82	34.13	49.24	62.97	74.2	61.72	91.55	35.23	48.01	57.98	60.54	53.85	22.02	72.72	64.07	49.25	66.19	55.66	48.09	59.54	40.2	41.34	53.41	75.64	30.87	24.33	41.34	55.32	62.03	43.01	23.43	29.97	46.14	61.22	83.23	27.0	32.56	42.3	50.93	61.22	71.69	67.08	53.15	64.03	60.46	16.55	72.47	41.73	24.35	41.88	64.07	28.43	33.62	74.95	6.4	74.06	66.19	24.41	44.05	36.72	40.79	72.11	42.11	5.83	43.83	62.77	47.01	50.22	50.0	49.04	31.05	48.37	56.22	58.67	38.59	32.65	35.85	76.06	44.69	73.43	50.61	57.63	35.36	78.64	66.6	34.37	55.9	42.54	59.67	72.5	43.91	49.34	46.14	31.05	23.35	44.05	34.0	58.31	48.38	62.61	10.77	23.35	40.25	42.58	30.41	42.05	45.18	80.26	65.3	18.03	38.64	56.08	
64.5	75.8	34.48	82.04	85.0	20.81	84.65	96.43	33.84	108.71	101.04	99.96	90.79	90.38	97.51	59.21	49.04	77.1	87.92	61.68	72.67	80.05	94.11	54.71	63.32	0.0	44.91	86.83	125.9	62.03	95.13	89.54	4.12	91.08	92.8	65.19	105.12	63.0	68.07	96.05	126.76	89.36	40.85	63.13	100.65	60.54	137.2	93.78	21.54	117.03	25.32	44.78	50.8	108.17	122.49	59.54	56.89	95.41	109.04	117.41	54.04	120.83	48.55	101.26	120.6	51.31	115.97	45.18	90.55	41.63	68.45	81.54	17.12	96.01	106.48	95.38	48.51	66.22	26.63	50.92	97.1	28.07	79.83	12.0	85.48	127.66	101.36	51.24	118.87	92.31	71.03	27.51	73.76	124.2	99.05	108.56	86.59	95.27	56.65	78.01	68.25	59.23	116.39	28.3	118.7	80.06	103.31	102.24	88.12	46.86	27.66	128.8	23.19	60.83	93.74	31.91	17.2	58.25	56.36	41.44	102.0	125.67	83.19	107.35	93.0	30.15	92.96	108.3	113.86	75.64	83.93	128.97	59.3	109.49	53.0	86.83	90.43	105.89	89.1	104.22	70.01	128.7	68.68	78.6	94.01	101.83	114.55	100.5	44.28	33.53	83.74	74.04	140.46	59.14	39.62	91.22	95.04	108.05	124.46	100.65	67.42	63.64	123.0	66.48	90.52	30.81	39.0	82.87	112.75	81.15	29.73	131.05	65.52	65.03	7.0	40.02	25.81	41.98	69.12	123.17	85.8	62.61	98.05	88.24	96.19	35.44	109.04	31.76	90.26	101.0	103.7	52.61	26.17	44.41	41.77	134.81	25.71	89.99	32.76	19.1	93.23	75.0	127.95	85.7	23.43	81.22	72.12	125.87	82.38	106.3	99.0	67.36	57.31	56.8	97.17	115.11	81.84	84.86	52.55	86.33	103.47	34.48	90.8	46.07	81.79	135.88	126.91	77.88	54.12	102.83	
26.25	74.17	21.95	37.22	103.79	27.17	65.79	84.17	32.25	79.4	58.25	65.95	79.43	60.44	59.68	20.52	48.76	63.15	82.15	33.11	52.5	90.8	101.98	27.2	35.34	44.91	0.0	42.11	97.0	34.01	52.89	93.9	41.23	57.31	83.86	52.24	97.16	84.38	23.19	53.37	97.67	104.4	8.49	50.16	71.84	34.18	112.41	96.42	29.41	96.18	19.65	27.17	51.92	73.41	106.98	38.83	22.47	70.83	89.96	101.02	78.01	88.53	53.14	93.06	97.1	54.41	99.16	67.2	49.77	10.0	23.54	84.85	52.84	98.33	69.12	92.05	4.24	21.54	42.45	8.94	71.87	59.03	34.93	44.1	100.3	106.17	74.63	7.81	102.88	81.39	51.92	25.46	58.25	100.4	75.66	102.7	95.8	84.53	66.48	72.03	23.35	14.32	102.79	20.88	105.65	85.51	101.04	58.03	60.46	47.13	52.35	100.66	24.19	24.84	87.37	31.06	34.37	58.05	63.25	4.24	58.55	94.76	95.82	62.51	111.09	18.44	81.58	64.01	95.85	79.08	48.27	107.91	77.9	69.46	76.03	85.02	80.89	93.86	74.46	73.59	76.16	110.98	60.03	59.14	50.99	57.14	97.31	59.14	14.0	22.47	38.83	83.24	118.19	15.81	41.63	76.66	50.25	63.29	107.02	98.05	74.73	80.06	92.63	27.8	97.86	14.14	25.3	38.12	68.12	39.56	24.84	110.15	33.02	87.13	44.05	18.68	41.73	3.0	24.35	107.34	74.97	38.9	55.32	90.45	52.09	54.82	84.91	17.09	51.0	57.56	59.08	70.83	21.63	3.0	3.16	110.68	19.24	98.27	17.89	30.27	70.66	94.83	100.0	68.96	26.68	36.35	81.32	107.84	37.48	64.29	55.73	23.09	48.04	62.94	65.8	93.54	78.0	88.96	28.44	52.35	71.42	47.43	52.48	55.04	36.88	115.49	98.49	41.23	10.0	58.14	
29.73	90.21	57.38	5.1	129.63	69.0	68.01	88.06	65.76	63.79	21.21	46.69	85.38	50.16	35.17	31.91	74.33	71.59	92.7	43.28	59.03	112.8	120.22	44.69	44.2	86.83	42.11	0.0	78.45	44.05	19.24	110.64	83.02	42.0	91.08	66.29	102.62	114.11	19.0	18.03	78.75	127.61	48.09	65.22	59.08	46.1	97.02	111.36	68.96	88.05	61.52	54.08	77.1	50.6	103.08	53.26	37.2	64.28	85.15	97.13	110.0	66.48	80.06	99.04	85.59	79.93	95.13	99.86	22.36	48.26	19.1	102.4	92.66	112.7	42.54	102.69	39.0	22.56	78.72	38.33	64.12	96.66	9.43	86.0	123.85	95.63	64.01	37.12	99.13	87.28	59.94	63.57	67.08	87.97	69.18	109.2	115.94	89.84	92.63	85.0	19.03	28.0	101.6	62.07	104.58	104.56	111.07	16.76	53.6	73.76	89.0	82.57	64.76	34.06	96.21	65.74	76.03	80.06	88.39	45.4	19.42	73.74	118.41	20.62	135.72	57.97	86.98	22.36	91.09	97.91	34.37	97.62	106.96	37.2	107.8	98.39	88.26	95.9	78.45	57.56	97.62	104.08	74.63	63.32	15.26	15.03	93.13	26.08	45.31	58.31	6.4	105.42	105.12	28.16	71.85	80.08	8.25	21.21	101.0	108.27	97.31	107.49	72.73	28.28	116.28	56.22	56.82	4.0	26.02	17.72	62.03	99.72	37.8	116.93	86.15	51.48	78.29	45.1	19.65	103.04	82.64	50.0	19.21	106.07	11.66	88.84	75.06	58.08	27.17	18.6	17.0	100.9	61.85	42.43	45.18	96.32	61.29	117.35	58.22	72.01	66.75	122.33	82.28	72.42	68.07	6.32	103.86	101.04	5.83	28.28	17.69	19.65	67.36	87.69	51.09	85.05	91.24	106.33	48.27	39.2	53.76	80.78	30.15	83.87	7.81	104.94	80.36	30.68	34.13	16.03	
71.06	70.03	92.66	80.99	111.2	118.7	44.15	47.07	92.18	17.69	60.53	32.65	50.36	36.8	43.32	76.58	81.91	53.94	60.83	66.07	53.71	92.23	89.49	73.25	64.03	125.9	97.0	78.45	0.0	65.44	59.67	80.78	121.94	40.22	54.13	63.25	55.46	109.0	85.96	61.39	1.0	104.29	105.48	64.85	25.61	66.4	19.03	77.79	104.62	23.85	107.45	81.54	82.01	27.89	38.9	66.37	74.95	31.02	29.73	35.61	111.36	13.04	85.87	54.78	16.4	83.43	34.41	106.53	56.3	106.96	87.71	77.93	120.15	77.49	36.5	65.15	97.31	91.79	102.55	100.6	29.15	116.39	85.8	132.31	102.39	23.32	24.6	98.41	36.88	50.64	55.54	99.02	55.08	15.62	28.64	60.9	90.47	50.22	89.56	63.0	86.83	90.7	42.8	115.36	44.69	81.88	68.45	70.35	38.01	83.49	109.11	4.12	104.86	72.18	58.94	94.02	125.42	77.47	85.84	96.88	64.38	6.71	96.88	80.06	113.05	99.2	49.65	71.01	31.38	78.23	49.65	25.06	103.08	45.01	109.46	68.25	53.6	46.1	46.0	23.43	83.02	34.67	64.13	48.7	63.79	76.42	33.29	53.76	87.11	93.48	84.43	88.36	28.07	83.6	88.77	45.04	78.45	78.03	34.06	67.23	85.0	100.0	6.0	69.81	87.36	105.55	87.37	79.71	76.06	64.4	96.8	26.4	64.35	111.02	129.54	88.41	102.96	99.04	90.35	38.21	53.04	63.51	61.0	76.16	70.21	103.16	20.0	112.45	52.0	64.5	75.24	101.6	102.42	94.79	98.31	19.1	108.71	89.29	113.85	121.66	34.21	109.66	4.0	45.4	119.85	82.28	88.2	32.8	82.87	55.08	63.79	81.63	71.17	84.85	31.24	22.36	65.28	79.62	74.4	45.0	26.08	97.74	49.24	90.71	85.09	30.36	2.0	56.61	96.61	76.32	
