220
0.0	101.04	86.01	40.71	7.62	77.41	51.48	46.1	111.09	80.08	76.66	87.62	51.0	120.11	69.07	101.91	38.64	13.04	77.62	93.17	58.03	105.0	85.07	108.5	19.42	99.72	91.05	28.02	119.28	56.44	16.97	66.49	27.46	22.09	21.1	54.13	111.8	65.03	113.45	115.97	82.37	62.24	41.76	78.89	88.51	34.66	51.42	57.45	65.73	90.97	78.77	65.31	77.82	106.85	72.06	102.42	83.73	85.8	68.47	79.81	41.79	69.86	34.13	114.69	86.02	39.0	112.51	58.9	23.19	120.67	101.98	60.88	94.67	103.81	104.65	71.84	84.02	99.05	73.82	55.61	30.53	71.59	119.85	52.33	44.1	65.92	64.2	63.56	71.17	16.12	72.12	40.01	78.16	103.94	70.03	97.49	95.0	83.53	82.38	14.56	5.83	102.12	72.01	71.47	116.04	85.38	71.7	67.9	65.73	99.85	95.89	128.69	35.13	19.24	70.71	43.57	60.75	120.43	63.79	128.32	90.26	41.01	82.38	50.09	54.2	8.06	80.53	22.02	41.15	32.06	64.63	16.55	121.02	86.93	52.5	21.26	55.15	33.54	104.29	37.12	58.6	81.32	83.52	74.25	92.23	14.32	98.18	91.84	57.01	15.62	71.84	74.01	77.42	64.76	38.21	79.76	103.25	107.0	78.09	84.05	92.61	28.84	15.13	121.61	56.36	43.66	100.77	25.5	43.93	37.0	87.28	76.9	106.78	123.0	11.4	130.6	25.32	10.77	81.3	73.01	28.6	86.68	98.23	76.84	56.04	11.18	120.95	4.47	80.62	121.2	79.03	109.93	96.05	90.87	83.0	84.91	35.69	83.1	48.75	83.65	68.24	105.12	109.56	76.03	46.49	103.82	65.07	106.1	28.3	12.08	106.74	107.56	95.89	74.09	95.08	62.59	62.65	22.2	101.51	106.79	
101.04	0.0	64.38	61.52	97.67	55.04	75.39	71.31	29.83	85.02	70.21	25.71	68.94	22.09	40.45	7.21	81.12	108.9	31.06	44.64	64.51	5.0	37.05	34.71	93.94	54.78	23.41	74.63	19.65	73.68	84.2	65.03	75.47	114.69	80.16	78.43	19.24	77.03	13.04	22.8	40.02	54.33	64.2	39.32	34.18	66.61	58.67	50.96	50.29	13.34	52.01	77.47	30.36	13.89	82.49	82.97	52.15	28.64	56.09	42.05	87.66	38.08	86.98	15.23	56.3	82.57	18.97	44.78	114.77	20.88	17.03	42.05	14.14	44.78	12.08	44.15	65.19	28.43	31.3	45.45	73.06	48.84	19.92	91.76	78.34	42.05	36.88	42.54	43.42	87.69	58.31	83.24	41.19	48.76	81.3	81.79	65.0	35.9	48.04	96.38	95.6	62.39	67.48	42.45	17.09	43.19	69.46	53.37	43.74	78.59	77.67	27.66	74.4	82.22	69.35	78.71	47.41	20.25	50.92	27.66	78.64	82.97	34.53	66.64	46.86	93.09	29.61	103.08	66.31	86.73	73.55	106.15	21.47	29.02	48.6	80.21	83.38	68.59	43.05	68.88	91.76	86.01	87.01	33.24	78.92	88.46	31.4	10.77	58.86	85.8	29.21	64.2	24.08	50.6	71.85	39.46	52.33	6.32	76.03	31.58	45.18	74.09	109.6	21.02	54.57	61.22	2.83	121.66	64.9	67.36	36.22	63.15	13.6	22.36	92.09	29.7	91.29	90.79	36.5	78.64	106.02	80.22	28.64	87.21	81.91	96.25	23.09	97.01	39.62	22.36	65.0	31.83	62.36	26.31	63.13	35.17	77.25	59.14	54.67	41.48	40.61	4.47	32.53	82.04	59.41	79.7	67.47	15.23	74.95	111.95	42.44	17.09	52.5	37.36	61.13	52.2	73.98	78.87	30.41	11.18	
86.01	64.38	0.0	53.85	79.03	12.73	35.51	88.84	47.76	22.85	108.19	76.97	35.01	67.68	74.65	70.86	48.37	85.84	72.72	21.59	28.16	64.03	27.46	41.23	92.2	18.38	77.62	74.0	70.04	30.59	75.13	97.67	74.95	86.59	69.05	34.48	83.6	106.83	75.0	59.91	86.28	84.17	47.8	82.93	85.42	65.92	38.28	75.07	27.2	51.97	14.42	25.06	38.48	57.22	115.11	21.93	12.37	78.26	20.12	23.77	49.04	36.4	95.63	78.01	102.42	94.85	59.03	66.48	85.87	71.2	79.08	64.35	50.25	29.15	75.95	27.02	2.24	86.98	41.68	54.67	75.03	22.63	71.02	44.78	94.41	36.07	53.15	38.9	28.43	70.06	95.52	96.18	25.5	26.4	113.07	18.87	9.06	83.35	16.76	91.24	83.22	17.09	103.25	29.21	80.01	21.21	104.69	22.47	75.07	17.69	15.0	83.19	51.16	69.72	104.0	43.42	36.4	72.01	28.84	85.71	14.32	96.61	81.12	36.22	54.82	79.16	37.34	73.76	77.9	93.98	23.41	80.23	83.05	35.51	57.8	73.98	106.0	58.24	30.89	76.92	40.8	23.41	23.77	38.08	14.87	72.11	88.96	55.11	84.5	77.1	54.92	12.0	51.43	28.02	48.26	83.76	23.35	66.01	15.0	79.65	97.13	74.33	85.16	73.98	78.75	47.76	66.61	94.11	44.15	52.63	28.16	102.65	77.78	75.13	83.86	86.15	93.68	76.16	82.15	112.7	72.42	16.03	38.33	26.42	34.93	88.81	67.91	84.15	84.6	69.63	7.07	44.94	10.77	38.12	3.16	83.73	86.82	5.83	47.41	88.51	73.88	68.18	44.01	116.93	44.94	20.81	21.1	79.08	75.27	91.55	33.62	81.05	16.64	32.76	10.3	29.15	25.3	69.43	89.81	75.54	
40.71	61.52	53.85	0.0	36.4	42.45	30.02	36.77	70.58	57.98	62.65	53.14	24.21	79.63	38.12	63.41	26.08	47.42	43.68	55.01	27.8	65.12	45.54	68.41	40.0	63.39	56.08	20.4	79.03	32.8	25.0	50.99	21.38	53.26	19.7	34.48	74.63	57.2	74.33	75.29	53.15	39.56	8.06	49.16	57.07	12.08	15.65	30.59	28.28	50.61	42.76	42.52	37.16	66.29	65.8	74.3	47.68	52.2	33.84	41.05	34.13	29.41	41.79	75.93	63.79	41.18	71.87	26.08	53.41	80.43	65.37	26.48	54.08	65.19	66.85	33.02	52.39	65.46	33.12	17.0	21.19	34.23	79.65	43.42	41.4	25.71	25.0	23.09	32.06	26.25	52.2	42.54	39.12	66.01	63.6	69.97	61.98	52.61	45.18	40.31	35.85	67.47	57.27	32.14	77.47	47.01	58.14	32.02	36.0	70.66	67.12	89.11	16.03	21.47	57.25	26.93	21.1	80.28	26.31	89.14	62.97	43.05	50.8	21.26	15.65	32.65	39.92	42.19	25.46	40.16	39.6	44.69	82.33	46.49	15.52	22.2	53.81	7.21	65.38	23.6	47.17	59.4	61.52	33.62	64.66	27.2	65.52	51.74	37.16	26.93	32.8	42.94	37.48	27.29	15.13	50.16	66.07	67.21	52.01	51.42	65.07	20.62	48.08	81.57	32.57	6.4	61.62	60.14	12.21	7.07	47.68	59.14	69.07	82.98	33.96	91.22	40.45	30.02	50.49	64.35	46.1	60.8	57.87	56.73	38.47	38.83	80.45	37.16	51.16	80.8	47.85	69.57	62.1	50.33	50.7	53.76	33.12	49.34	8.25	55.08	37.12	65.8	69.26	68.51	8.94	74.25	36.4	68.8	21.59	50.8	67.6	70.49	59.3	33.96	60.88	25.5	38.21	18.97	68.31	68.6	
7.62	97.67	79.03	36.4	0.0	70.86	44.18	48.09	105.99	72.53	79.06	85.98	44.1	116.02	68.0	99.04	31.26	11.66	76.01	87.09	51.24	101.41	79.48	103.08	24.6	93.21	89.31	27.51	115.42	49.16	15.81	68.36	27.2	19.65	17.8	46.69	109.48	68.18	110.32	111.52	81.94	62.64	36.25	78.29	87.66	32.45	45.54	56.86	59.77	87.01	72.37	57.87	73.06	102.65	75.66	95.04	77.28	84.38	61.98	74.0	34.18	64.88	38.33	111.73	87.1	42.58	108.17	57.14	20.4	116.82	99.81	58.82	90.44	97.8	102.07	66.13	77.01	97.75	69.34	52.33	30.36	65.52	116.04	44.72	47.17	60.83	60.83	58.67	65.55	10.3	73.35	43.74	72.45	97.74	73.55	90.09	88.05	82.73	76.16	20.25	8.94	95.34	74.17	65.92	113.17	79.4	74.06	61.61	64.85	92.54	88.57	125.32	28.64	15.62	73.06	36.22	55.46	116.66	57.87	125.18	82.87	44.72	81.41	43.42	50.91	7.0	75.66	15.65	41.48	36.14	57.31	12.0	118.11	81.84	49.58	20.25	59.03	29.21	98.37	37.36	50.99	73.76	75.96	69.46	84.85	9.22	97.13	88.09	57.72	15.3	68.59	67.03	73.76	58.82	31.78	79.2	96.88	103.48	70.71	82.86	92.7	28.46	13.0	117.92	56.3	38.47	97.59	25.06	37.95	31.76	81.71	78.64	104.24	119.33	14.56	127.35	30.08	7.62	80.5	76.24	22.36	79.25	93.04	69.26	48.51	16.64	116.83	8.6	80.11	117.2	72.01	104.69	89.2	85.88	76.06	84.08	38.0	76.32	44.1	83.38	67.12	101.86	104.28	79.51	41.15	96.52	58.0	103.71	28.16	14.42	100.88	105.26	89.44	68.88	88.28	56.61	55.33	19.42	100.34	104.06	
77.41	55.04	12.73	42.45	70.86	0.0	30.02	76.54	43.83	30.0	95.46	65.19	27.2	61.85	62.01	61.03	41.79	78.85	60.42	18.44	19.92	55.44	18.44	38.29	81.74	22.36	66.1	62.82	63.57	25.81	65.12	84.96	63.79	80.78	59.08	30.61	74.01	94.2	66.61	54.56	73.93	71.45	37.22	70.49	73.41	54.41	27.29	62.37	14.76	42.01	3.16	24.7	26.93	50.0	102.45	34.66	6.71	66.31	9.0	13.0	44.42	23.85	84.12	69.46	89.87	83.01	52.92	53.76	80.23	64.85	68.59	51.62	41.19	28.84	66.07	14.42	12.21	75.69	29.55	42.01	63.6	9.9	64.51	43.14	82.29	23.35	40.46	26.17	15.81	61.29	82.81	84.31	14.14	27.73	100.42	31.4	19.7	71.12	8.06	81.22	74.06	25.18	90.52	16.64	71.45	13.42	91.97	10.44	62.37	30.41	27.66	76.54	42.3	60.01	91.29	37.16	23.85	65.46	16.55	78.59	25.94	84.69	68.88	27.46	42.2	70.11	26.31	67.78	65.74	82.57	21.4	73.68	74.97	26.17	45.22	63.51	93.65	47.52	30.0	65.0	40.8	31.02	32.14	26.0	26.93	63.2	77.49	45.04	71.84	67.12	42.54	9.49	39.56	15.65	39.2	71.34	26.25	57.56	21.0	67.54	84.97	63.06	78.45	67.36	66.07	36.67	57.0	88.39	34.01	42.19	19.92	89.94	68.03	68.62	74.06	79.4	82.76	67.12	69.84	100.0	67.54	26.25	32.2	32.25	32.53	79.06	62.24	75.11	72.2	63.69	10.2	41.4	19.65	29.61	10.0	71.55	75.03	7.21	35.47	76.16	61.22	59.14	40.61	104.24	33.73	33.42	16.28	69.12	64.03	84.17	32.8	71.11	18.68	20.62	18.44	17.09	22.67	59.21	78.59	66.0	
51.48	75.39	35.51	30.02	44.18	30.02	0.0	66.22	72.12	30.02	92.57	76.06	7.0	87.66	65.12	79.7	13.0	50.36	68.07	48.26	11.4	77.39	44.6	67.36	60.84	51.62	78.23	46.1	88.51	5.0	43.38	80.95	46.86	51.24	37.59	4.47	92.44	87.09	88.24	81.22	79.76	69.08	21.95	75.8	82.1	40.46	19.03	59.81	25.55	62.24	32.45	14.32	45.19	74.63	95.69	50.99	36.72	76.0	22.67	38.21	14.42	37.34	67.8	90.62	92.44	68.68	78.82	53.6	50.6	89.89	84.72	52.95	63.53	58.83	84.2	32.45	33.38	88.2	44.27	41.59	48.1	29.07	89.36	16.49	70.04	33.53	46.0	33.73	32.76	36.14	81.71	70.09	37.64	57.71	93.48	46.1	44.55	78.31	37.2	58.87	49.48	52.39	87.21	33.62	92.48	41.87	88.12	24.08	63.79	48.37	44.41	100.72	18.87	37.58	87.24	8.0	28.64	90.21	24.6	101.97	38.83	70.77	76.24	10.05	40.79	45.35	46.53	38.33	55.0	65.8	13.15	44.72	96.77	50.22	42.45	43.57	82.88	30.41	59.91	52.5	18.11	31.38	33.62	42.15	40.79	38.33	89.05	64.62	67.08	45.19	52.24	23.77	53.37	25.06	17.03	76.79	55.95	79.62	26.68	76.06	91.79	46.75	49.65	91.92	62.24	24.17	76.55	58.82	17.89	24.84	46.69	88.77	86.4	93.3	51.26	103.35	63.63	42.45	76.42	94.34	37.58	35.44	59.46	27.8	8.54	55.97	88.23	50.22	77.78	89.31	28.44	70.04	46.1	54.41	32.76	79.23	60.83	33.84	28.86	81.88	64.13	79.85	69.35	98.48	23.09	52.35	14.56	86.83	47.51	56.14	62.68	88.77	48.33	38.47	45.35	23.26	11.18	38.59	91.2	85.07	
46.1	71.31	88.84	36.77	48.09	76.54	66.22	0.0	92.01	94.75	31.0	50.12	60.88	93.17	31.38	69.29	59.06	58.69	41.23	84.77	64.44	76.16	73.5	92.35	29.53	94.92	53.71	22.8	90.96	69.43	33.06	20.4	22.56	67.48	34.93	70.6	75.66	21.54	81.34	91.79	40.36	19.21	44.6	37.8	47.63	25.81	51.86	20.4	61.77	66.19	76.03	79.25	61.0	81.74	29.97	110.11	80.53	47.51	68.8	71.17	66.64	56.61	17.03	81.54	40.31	11.66	87.82	28.0	68.36	92.18	65.76	31.0	71.11	93.39	70.26	64.08	87.66	59.2	55.9	35.74	19.92	67.08	91.21	77.41	7.07	54.78	41.44	51.62	62.77	43.42	26.4	12.08	68.95	95.34	27.73	106.02	96.18	42.8	77.08	34.01	40.61	100.32	26.08	62.39	82.35	77.16	26.0	66.37	27.86	106.23	102.9	96.93	48.88	36.67	25.0	61.59	52.77	91.48	60.03	95.34	99.2	11.7	42.44	58.0	35.11	41.11	63.95	62.13	11.31	17.69	76.37	60.07	87.24	70.86	31.95	29.27	17.2	36.06	92.96	13.89	82.15	96.17	98.29	58.46	100.8	42.19	57.49	65.49	13.6	33.0	46.0	78.82	53.0	60.9	49.65	38.42	96.46	77.62	88.62	44.94	48.6	21.84	60.53	92.05	16.76	43.14	69.92	71.59	48.84	41.4	75.19	30.81	72.01	93.3	34.71	98.09	24.41	41.0	40.8	29.41	68.36	97.31	81.39	93.43	74.4	36.06	94.15	41.77	39.05	93.62	83.49	92.09	95.71	73.44	85.76	44.2	10.44	83.73	41.62	41.01	31.02	74.33	92.14	33.24	45.34	109.6	73.0	70.66	21.59	57.97	94.54	71.59	90.82	61.68	94.37	59.68	74.97	32.98	61.07	73.01	
111.09	29.83	47.76	70.58	105.99	43.83	72.12	92.01	0.0	70.58	97.41	54.12	67.36	21.02	64.33	36.8	81.84	115.97	56.61	26.4	60.83	26.17	27.66	7.0	108.91	32.14	52.48	88.53	24.33	68.68	95.52	90.47	89.5	119.82	90.25	73.66	46.04	102.18	34.0	13.04	68.03	78.09	69.77	66.48	63.13	79.56	61.06	72.17	47.8	26.68	40.8	68.51	33.53	16.28	108.67	61.01	38.08	56.8	49.52	33.97	86.31	41.23	105.48	37.12	84.97	102.12	13.93	64.01	119.54	25.18	46.69	61.01	21.59	20.02	41.04	40.8	49.4	58.26	38.08	58.86	87.86	43.19	25.32	86.68	99.0	45.19	51.24	47.54	41.05	95.71	84.77	103.08	34.83	24.0	107.2	61.29	44.55	63.98	35.81	110.16	106.4	39.0	93.96	40.5	38.91	30.61	95.88	48.1	66.91	57.08	57.43	37.05	78.55	91.92	95.6	77.99	50.54	26.31	49.41	40.31	60.42	103.04	62.24	66.22	60.02	103.08	30.68	107.07	84.29	104.69	65.22	111.83	40.16	24.17	62.8	92.35	106.57	77.62	18.03	85.71	84.63	71.17	71.47	37.0	60.02	97.08	61.22	28.46	81.5	97.41	46.01	53.0	39.01	48.6	75.47	66.85	28.0	27.02	62.24	59.51	74.63	88.29	116.11	28.28	76.24	67.54	32.65	127.32	68.6	74.25	25.5	90.48	41.87	29.15	104.36	40.05	107.69	100.32	64.08	105.08	108.23	63.32	13.04	73.93	76.06	109.11	21.0	107.7	67.23	23.02	51.43	3.0	41.44	20.25	47.93	63.51	95.43	44.28	62.39	69.78	64.13	31.14	4.0	108.81	64.85	57.01	59.82	43.93	89.27	120.31	16.03	45.45	31.78	37.12	40.61	50.8	66.4	89.54	60.21	39.05	
80.08	85.02	22.85	57.98	72.53	30.0	30.02	94.75	70.58	0.0	118.71	93.86	34.06	90.25	87.66	91.02	41.79	76.53	87.92	44.27	30.61	85.29	48.17	64.08	90.79	40.5	95.13	75.8	92.42	25.81	73.36	107.42	76.61	75.0	67.6	26.4	104.0	114.87	96.42	82.57	101.02	94.58	50.25	97.31	101.53	69.43	43.42	85.15	39.22	72.01	33.02	15.81	56.44	79.25	123.43	24.52	33.54	94.64	31.32	43.0	38.64	51.66	97.65	99.32	115.83	98.23	81.49	77.52	74.01	93.62	98.41	76.06	71.11	51.88	96.05	42.76	21.19	104.92	58.25	65.0	77.62	37.66	93.39	30.02	99.16	49.65	66.31	51.62	43.93	65.55	106.85	99.64	44.05	48.88	121.26	19.65	28.43	98.68	37.22	88.64	78.77	36.8	113.46	44.91	101.32	42.43	114.62	34.48	87.24	23.77	20.12	105.54	48.88	67.54	113.81	37.16	47.42	94.37	39.92	107.87	13.89	100.26	96.46	36.8	64.66	74.67	56.14	63.2	83.44	95.69	18.38	70.35	104.69	56.08	67.12	73.57	111.76	59.82	53.67	81.39	24.19	1.41	3.61	54.92	15.65	67.78	106.51	75.03	93.6	75.13	70.21	21.21	68.45	39.56	46.87	98.23	45.49	87.37	9.0	95.51	112.61	76.4	75.33	96.32	88.23	51.62	87.0	82.05	46.01	54.04	49.37	114.06	98.02	97.51	81.02	108.47	93.65	71.87	97.14	121.66	60.01	9.43	60.64	4.47	24.04	85.62	90.52	79.38	99.16	92.18	20.1	67.78	31.4	59.3	22.8	99.3	90.27	26.68	54.2	103.25	86.76	89.09	66.85	125.88	49.58	27.51	22.47	99.08	77.2	82.73	56.36	101.08	39.36	49.65	31.62	39.4	19.85	68.6	107.87	96.0	
76.66	70.21	108.19	62.65	79.06	95.46	92.57	31.0	97.41	118.71	0.0	44.55	86.35	91.66	34.67	65.38	87.6	89.45	40.85	98.47	88.2	75.13	86.84	99.92	58.69	109.62	47.27	53.34	88.36	94.89	64.03	11.7	53.24	98.33	65.49	97.05	66.27	13.6	76.03	92.96	30.27	24.21	70.68	31.05	37.01	54.12	75.47	33.6	81.47	70.94	94.07	104.1	73.24	83.43	13.6	130.12	97.74	41.59	89.38	86.68	95.51	72.25	43.97	75.01	17.09	38.33	89.05	41.77	99.25	89.27	58.0	43.84	75.96	104.81	64.03	81.34	107.52	47.27	68.6	54.04	50.36	85.56	88.28	105.69	32.76	72.12	55.23	69.31	79.93	74.24	13.04	37.64	84.5	107.7	13.42	126.67	114.02	34.37	93.61	63.56	71.34	116.21	5.39	79.25	75.06	92.01	5.0	86.45	33.42	125.87	123.07	90.14	77.16	67.36	6.0	89.32	72.35	88.2	80.16	87.37	120.51	36.69	35.69	83.24	54.2	72.06	75.72	93.09	39.81	45.61	100.7	91.05	79.23	81.63	51.61	60.13	25.24	64.2	103.83	43.57	109.77	120.1	122.07	72.01	121.83	73.11	44.41	68.95	25.5	64.0	55.47	100.12	61.4	80.81	77.25	30.81	109.84	75.8	111.4	38.64	30.08	52.35	91.35	88.09	30.53	68.43	67.9	102.11	74.69	68.71	87.92	7.07	65.0	89.05	65.38	90.35	52.89	72.0	33.73	9.49	99.25	119.47	89.9	118.19	101.08	66.1	92.66	72.44	30.59	91.44	104.14	98.43	112.81	82.76	105.38	35.23	41.11	102.53	64.66	29.07	35.23	71.57	98.79	12.0	69.84	128.72	96.26	63.01	52.24	88.28	104.66	63.07	105.8	76.69	111.4	80.28	99.64	63.51	47.68	67.03	
87.62	25.71	76.97	53.14	85.98	65.19	76.06	50.12	54.12	93.86	44.55	0.0	69.07	47.17	19.21	21.0	77.67	97.64	10.0	61.4	67.12	30.59	50.77	57.69	76.58	72.62	3.61	59.67	44.01	76.03	70.8	40.2	60.31	104.81	68.26	80.01	25.55	52.15	32.39	48.51	14.32	31.38	58.69	14.04	9.22	53.54	57.14	31.24	54.92	29.07	62.77	82.61	38.48	39.22	57.08	98.01	64.85	3.0	62.59	53.23	85.33	42.2	66.89	32.02	30.87	61.77	44.64	28.84	105.19	45.0	15.65	27.29	33.6	65.07	20.62	51.24	77.08	12.37	35.74	36.4	57.38	56.32	44.0	92.27	56.8	44.55	30.15	43.19	50.0	77.03	33.0	62.18	51.48	68.59	56.01	95.71	80.26	10.2	60.37	79.93	81.84	80.0	42.05	49.04	32.57	56.94	44.05	59.44	22.8	93.54	91.68	47.54	68.68	70.49	44.01	76.79	48.09	44.01	54.59	45.54	91.0	61.72	9.0	66.12	37.64	80.21	39.82	94.85	48.17	67.12	78.64	96.25	37.34	43.6	37.7	66.4	59.67	59.09	63.7	51.62	94.01	95.08	96.57	39.22	91.79	77.18	13.0	26.4	36.67	72.01	24.08	72.8	25.63	54.74	66.94	14.0	71.51	31.26	85.16	6.0	21.21	58.9	98.79	44.1	33.84	55.54	23.35	110.98	61.0	60.08	51.04	37.48	22.14	45.18	77.23	48.38	72.8	78.49	11.0	53.15	99.16	91.42	48.92	94.92	84.0	80.62	48.17	83.24	14.04	47.04	75.27	55.57	78.23	43.19	74.85	9.49	58.01	71.18	49.03	15.81	19.85	27.07	56.08	56.44	54.92	95.52	72.84	20.62	59.55	99.4	63.89	21.47	69.4	44.6	76.85	55.44	78.41	66.57	15.3	23.54	
51.0	68.94	35.01	24.21	44.1	27.2	7.0	60.88	67.36	34.06	86.35	69.07	0.0	82.01	58.25	73.05	14.76	51.66	61.07	44.72	7.28	71.12	39.7	63.01	58.19	49.48	71.25	41.88	82.66	8.6	40.8	74.79	42.72	53.71	34.79	11.18	85.73	81.4	81.86	75.82	72.84	62.65	16.28	68.88	75.11	35.38	12.04	53.31	19.85	55.9	29.15	18.38	38.95	68.82	90.0	52.81	33.84	69.0	18.79	33.42	19.21	30.87	63.81	84.17	85.73	64.2	73.25	46.84	53.23	84.05	77.88	46.1	57.45	55.46	77.49	26.91	33.06	81.22	37.7	34.71	43.6	24.21	83.49	23.35	65.12	26.93	39.0	26.93	27.02	35.06	75.24	65.6	32.56	54.78	87.8	48.1	44.0	71.34	33.54	56.75	48.26	51.24	81.01	27.8	86.01	37.74	81.99	19.42	57.01	49.73	45.88	94.67	16.28	35.17	81.12	10.63	21.84	84.31	18.6	95.77	40.85	66.22	69.26	3.16	33.96	44.18	40.5	40.72	49.58	61.91	15.81	46.49	90.38	44.69	35.74	40.31	77.78	25.81	56.36	47.38	25.08	35.47	37.64	35.78	42.72	37.12	82.05	58.18	60.9	42.72	45.28	23.02	46.57	19.21	13.6	69.87	53.45	73.36	29.07	69.07	84.85	42.44	51.24	85.98	55.9	18.03	70.01	61.33	12.04	20.0	41.87	82.35	79.7	87.37	49.24	97.25	60.42	41.19	69.46	88.48	41.05	38.01	54.49	32.56	15.3	54.13	82.62	49.16	70.86	83.6	28.07	65.44	45.1	48.92	32.0	72.25	56.22	32.25	22.14	74.97	57.27	73.41	64.82	92.66	16.55	53.6	14.32	80.08	43.27	57.07	59.06	82.01	45.88	32.45	44.18	17.2	14.21	35.47	84.21	78.43	
120.11	22.09	67.68	79.63	116.02	61.85	87.66	93.17	21.02	90.25	91.66	47.17	82.01	0.0	62.51	26.31	95.67	126.82	53.15	46.1	76.28	17.12	43.83	28.02	114.63	53.04	44.41	94.81	4.24	84.91	103.59	87.0	95.71	131.8	99.02	89.89	30.23	99.0	17.49	8.0	61.4	76.42	80.81	61.07	54.92	86.35	73.55	72.78	62.2	29.15	58.69	86.33	43.84	13.45	104.24	82.0	56.92	50.16	65.86	50.12	101.21	52.33	108.52	20.0	76.9	104.29	8.94	66.1	131.71	4.47	34.79	63.25	25.61	41.0	28.46	55.22	69.12	46.82	46.86	64.88	93.52	58.83	5.0	103.25	100.22	56.57	56.36	58.05	55.0	105.8	80.1	105.02	50.25	45.01	103.12	82.15	65.28	57.31	53.85	116.73	114.91	60.01	89.2	54.2	21.26	48.47	91.2	63.81	65.76	78.03	78.23	16.03	90.55	100.96	91.14	92.46	62.23	5.83	63.41	19.42	80.89	104.79	56.14	80.28	66.24	112.06	41.77	119.55	87.6	108.16	82.73	123.43	20.81	37.44	68.43	99.85	105.48	86.84	39.0	89.89	102.0	90.96	91.44	47.38	80.62	106.83	49.98	28.64	80.89	105.31	49.24	71.31	42.94	62.8	87.69	61.13	49.01	16.0	81.61	53.15	64.85	94.37	127.28	7.62	76.49	78.1	24.0	139.05	80.62	84.65	42.05	84.59	28.23	8.25	111.89	19.03	112.36	109.55	58.14	100.32	121.66	83.55	29.73	93.3	92.78	116.3	1.0	116.28	61.2	2.0	70.52	24.02	62.2	33.29	67.45	56.44	98.67	63.6	72.01	62.65	62.65	20.1	25.02	103.59	75.82	78.03	76.94	30.46	95.27	130.43	37.05	31.3	52.35	49.68	61.29	64.82	83.65	97.94	47.93	25.63	
69.07	40.45	74.65	38.12	68.0	62.01	65.12	31.38	64.33	87.66	34.67	19.21	58.25	62.51	0.0	37.95	64.01	79.65	9.85	63.82	58.19	45.4	52.2	66.1	57.38	75.0	22.8	41.05	60.02	66.22	52.48	26.25	41.62	87.24	50.57	69.43	44.65	37.85	49.98	62.0	15.03	14.0	45.01	11.05	19.7	35.85	46.32	12.04	48.88	37.66	60.31	74.33	38.6	52.01	44.6	96.54	63.66	16.97	56.94	52.35	72.0	38.29	47.89	50.16	28.18	42.95	58.0	12.04	87.73	61.19	34.67	12.17	42.76	70.24	38.91	47.63	74.2	30.0	34.06	23.54	38.6	52.2	60.21	80.4	38.28	38.83	21.63	36.36	46.23	59.62	21.63	43.46	50.21	73.06	43.01	93.41	79.91	14.87	59.4	60.81	63.25	81.69	30.41	45.45	50.99	57.49	32.2	53.85	3.61	92.2	89.64	65.55	54.15	52.8	31.78	64.12	40.25	60.42	47.89	63.98	87.66	43.08	13.42	55.11	24.33	61.91	41.05	78.11	29.0	48.02	70.58	78.79	55.9	47.01	23.02	48.02	43.05	42.95	69.32	32.56	83.19	89.0	90.79	37.54	88.81	59.51	29.15	36.22	18.44	53.54	20.81	67.74	26.83	48.37	53.01	12.04	75.17	46.69	79.65	15.0	27.0	40.22	80.95	60.88	14.76	42.05	38.83	93.06	48.17	45.18	53.25	28.43	40.71	62.1	58.41	66.71	53.6	60.42	12.65	41.23	82.97	87.13	55.71	87.85	73.55	61.62	63.51	64.64	13.04	62.8	71.28	65.0	78.52	48.33	72.01	16.16	38.83	68.88	36.35	17.0	1.0	43.17	65.25	45.19	42.3	94.85	65.39	39.45	40.8	80.99	70.26	40.5	71.22	42.43	77.1	48.3	69.89	48.75	32.45	41.63	
101.91	7.21	70.86	63.41	99.04	61.03	79.7	69.29	36.8	91.02	65.38	21.0	73.05	26.31	37.95	0.0	84.53	110.45	28.16	51.55	69.12	10.82	43.42	41.87	93.49	61.85	18.11	74.81	23.02	78.34	84.96	61.13	75.6	116.66	81.32	82.97	13.04	73.11	12.08	28.64	35.13	51.42	66.89	35.01	28.64	67.27	62.24	49.24	55.11	19.03	58.08	82.73	35.36	20.62	78.06	89.84	58.55	24.0	61.4	48.04	91.39	42.45	85.49	12.81	50.7	80.78	25.06	44.1	116.82	24.0	9.9	41.62	20.88	51.97	5.1	49.37	71.57	21.63	35.44	46.75	73.01	54.23	23.0	96.17	76.22	46.17	38.42	46.24	48.51	89.27	54.0	81.34	47.0	55.95	77.01	88.53	71.84	31.06	54.33	96.26	96.33	69.46	63.03	47.52	14.14	49.65	65.03	58.55	41.44	85.44	84.4	27.73	77.18	83.45	65.01	82.46	51.26	23.02	55.54	26.63	85.16	80.99	30.0	70.58	48.17	94.07	35.06	105.44	65.37	85.43	78.77	108.07	19.1	35.36	49.5	80.81	80.23	70.29	50.25	68.26	96.54	92.05	93.13	37.85	85.51	89.87	24.7	16.0	56.32	86.45	30.61	70.01	26.83	55.32	74.79	35.0	59.48	10.77	82.02	27.0	39.0	74.2	111.29	23.19	52.55	63.81	4.47	123.43	68.0	69.63	42.76	58.31	7.0	24.33	92.46	29.15	90.43	91.92	32.0	74.11	108.76	86.58	35.78	93.02	86.59	96.4	27.29	97.74	35.01	26.08	71.11	38.9	69.26	32.98	69.46	30.15	76.03	65.49	57.14	36.35	38.28	6.32	39.62	77.32	62.27	86.65	72.69	8.25	75.0	113.14	49.65	10.2	59.46	42.43	68.01	56.75	79.08	79.91	23.43	5.39	
38.64	81.12	48.37	26.08	31.26	41.79	13.0	59.06	81.84	41.79	87.6	77.67	14.76	95.67	64.01	84.53	0.0	37.48	68.73	59.48	21.93	83.76	54.2	77.67	49.4	63.89	80.28	37.2	96.05	18.0	32.2	75.89	37.8	39.0	26.91	15.52	96.77	80.5	94.15	89.81	79.03	65.31	19.1	75.03	82.49	33.62	22.47	56.57	34.06	68.51	43.86	26.68	52.01	82.33	89.01	63.79	48.47	77.1	33.54	48.01	8.06	43.6	57.98	96.25	89.81	59.67	87.05	52.0	38.48	97.45	88.26	52.09	70.6	70.21	88.64	41.11	46.27	90.03	49.93	41.44	39.66	38.83	96.83	18.36	61.85	39.41	47.8	38.59	41.04	23.77	77.88	61.07	47.01	69.46	86.77	58.86	57.43	78.23	48.3	46.96	37.0	65.12	82.22	41.73	98.01	52.48	82.87	34.13	62.03	61.29	57.31	107.65	10.44	26.4	81.93	5.0	33.84	97.62	32.56	108.45	51.62	61.85	76.32	15.62	40.31	32.89	53.91	26.0	48.33	55.87	26.08	32.02	102.58	58.69	41.05	33.24	74.89	23.41	71.12	45.18	23.43	43.08	45.31	48.6	53.6	26.0	90.43	70.49	62.36	33.84	55.03	36.5	57.7	33.3	11.0	76.03	68.01	85.98	39.46	76.66	91.01	38.01	36.88	99.2	58.25	22.2	81.88	46.62	16.76	19.24	56.4	84.65	90.87	100.6	39.36	110.11	52.8	30.08	76.16	88.14	26.4	48.05	68.88	38.91	17.89	43.86	96.33	37.64	77.03	97.19	41.3	80.0	58.86	62.94	45.54	79.31	52.2	46.32	28.64	81.01	63.01	85.59	79.4	92.14	22.8	65.28	27.29	91.0	38.6	43.19	73.82	92.85	60.41	46.01	58.05	31.14	24.08	28.28	92.96	89.9	
13.04	108.9	85.84	47.42	11.66	78.85	50.36	58.69	115.97	76.53	89.45	97.64	51.66	126.82	79.65	110.45	37.48	0.0	87.66	95.86	58.94	112.54	89.0	112.7	32.39	101.14	100.96	39.0	126.37	55.33	27.31	79.08	38.63	9.06	29.41	52.04	121.04	78.01	121.63	122.07	93.52	74.0	46.32	89.9	99.3	44.1	55.01	68.45	68.94	97.95	80.65	63.0	83.49	113.41	85.09	100.08	85.44	96.04	70.21	83.26	38.05	75.17	47.17	123.11	98.23	52.01	118.81	68.8	10.2	127.78	111.4	70.46	101.21	106.63	113.57	75.58	83.73	109.42	80.0	63.7	41.79	74.46	127.02	47.07	57.04	71.02	72.14	69.07	75.13	21.21	84.4	53.04	81.86	106.25	83.05	95.08	94.89	94.37	84.76	27.46	18.11	102.59	84.72	75.59	124.58	88.39	84.48	70.23	76.48	98.0	94.0	136.52	37.58	27.2	83.49	42.43	65.51	127.66	67.12	136.47	88.02	54.04	93.06	51.55	62.29	18.03	85.98	13.6	52.81	45.1	63.13	6.32	129.5	91.92	61.07	31.78	68.18	40.31	107.34	48.7	53.37	77.65	79.76	79.88	90.02	20.62	108.78	99.16	68.96	26.57	79.93	73.98	84.9	68.03	40.72	90.8	105.08	114.63	76.0	94.51	104.18	39.92	2.24	128.97	67.78	48.83	108.9	13.42	47.41	42.2	91.24	89.44	115.75	130.38	24.08	138.6	38.33	19.24	92.13	86.0	18.87	84.1	102.96	72.84	53.04	24.19	127.61	17.03	91.71	128.06	78.77	114.53	96.34	96.04	83.02	95.71	48.37	83.74	54.82	94.94	78.77	113.14	114.06	89.05	51.31	102.0	64.78	115.26	39.56	6.32	109.93	116.82	97.53	78.89	95.52	65.8	61.13	31.06	112.0	115.52	
77.62	31.06	72.72	43.68	76.01	60.42	68.07	41.23	56.61	87.92	40.85	10.0	61.07	53.15	9.85	28.16	68.73	87.66	0.0	59.41	59.84	36.06	48.1	59.09	66.84	70.72	13.45	49.68	50.49	68.47	60.8	34.23	50.33	94.89	58.31	72.17	35.0	46.17	40.16	53.15	13.6	23.35	49.65	10.63	14.04	43.57	49.04	21.63	48.7	30.08	58.31	75.71	34.83	43.29	52.17	94.3	61.03	8.54	56.65	49.41	76.53	36.67	57.71	40.31	30.41	52.8	49.16	18.87	95.29	51.62	25.0	17.46	35.11	64.64	29.07	46.07	72.56	21.93	31.06	27.29	47.42	50.99	50.64	84.01	48.1	38.28	22.2	36.4	44.72	67.12	28.16	53.31	47.43	67.8	50.8	91.59	77.01	10.77	56.61	70.09	71.84	77.79	37.36	43.83	41.15	53.91	39.29	53.49	13.42	89.87	87.66	55.71	59.44	60.54	39.05	68.18	41.0	50.8	48.08	54.13	86.35	52.92	8.54	58.03	28.44	70.21	36.8	85.09	38.42	57.8	71.81	86.35	46.07	41.87	28.16	56.4	52.35	49.4	63.51	41.77	86.15	89.2	90.82	34.67	87.32	67.23	21.84	28.16	28.16	62.01	17.89	67.23	21.93	48.38	57.87	11.31	70.29	37.22	79.48	8.0	24.7	48.92	88.84	51.2	24.6	46.53	29.27	101.02	52.24	50.7	48.8	34.01	30.89	52.39	67.27	56.86	63.25	68.51	9.43	48.51	89.54	86.33	49.24	88.6	76.24	70.71	54.15	73.25	12.04	53.34	70.21	57.58	75.29	42.44	70.33	11.4	48.55	66.89	40.2	15.81	10.3	33.54	57.94	52.2	46.17	92.2	66.22	29.68	49.58	89.4	64.14	30.81	67.18	39.96	73.88	48.76	71.39	56.6	24.7	31.78	
93.17	44.64	21.59	55.01	87.09	18.44	48.26	84.77	26.4	44.27	98.47	61.4	44.72	46.1	63.82	51.55	59.48	95.86	59.41	0.0	37.59	43.57	11.66	20.25	95.01	11.31	61.29	75.06	48.51	44.2	79.4	89.19	76.06	98.41	73.55	49.04	63.79	99.73	54.23	38.33	72.84	75.66	51.62	70.04	70.43	66.12	41.77	67.54	27.46	33.54	15.81	42.64	25.24	36.0	107.42	38.33	12.04	63.25	25.94	14.04	62.68	28.16	95.04	57.31	89.83	92.96	37.48	58.6	97.94	49.65	60.54	55.9	30.68	10.77	56.61	22.0	23.09	69.84	30.02	49.04	75.24	21.59	49.5	61.52	91.21	30.41	44.28	33.54	23.02	77.13	85.45	94.15	16.12	11.0	105.59	37.34	20.4	69.35	11.18	95.19	89.27	18.6	94.03	23.09	59.3	8.0	95.72	25.63	65.19	33.96	33.24	61.66	58.52	74.81	95.19	55.07	34.01	50.49	29.43	64.28	35.06	94.37	67.21	44.38	49.73	85.51	22.8	85.43	74.95	93.77	39.62	91.0	62.03	17.8	52.89	77.1	101.24	61.2	11.66	75.13	58.9	44.92	45.35	26.83	35.0	78.85	72.2	36.67	77.39	81.39	43.01	27.02	37.54	28.44	55.36	70.72	11.7	45.4	35.85	65.19	82.46	75.11	95.63	52.47	71.59	50.25	47.13	106.02	49.24	56.57	10.63	92.2	58.24	53.6	88.46	64.63	95.13	82.57	68.59	104.45	85.59	37.48	17.0	47.54	50.93	93.43	46.32	90.43	71.42	48.05	25.06	23.71	17.72	18.79	21.54	69.43	85.33	17.89	47.01	74.97	63.25	48.05	22.83	108.56	47.27	35.11	34.71	59.77	76.11	100.88	14.42	61.68	8.06	23.09	16.49	30.59	41.01	73.33	72.47	55.79	
58.03	64.51	28.16	27.8	51.24	19.92	11.4	64.44	60.83	30.61	88.2	67.12	7.28	76.28	58.19	69.12	21.93	58.94	59.84	37.59	0.0	66.31	33.24	56.22	64.29	42.2	69.01	46.96	77.18	9.22	47.07	76.84	47.85	60.93	41.0	13.93	82.0	84.29	77.25	69.81	72.28	64.14	20.59	68.41	73.82	39.66	12.81	54.71	14.32	51.26	21.93	16.16	34.18	63.29	92.85	47.01	26.57	67.36	11.66	26.87	25.5	26.68	68.88	79.71	86.16	68.8	67.42	47.42	60.42	78.55	74.67	46.24	52.33	48.3	73.76	21.1	26.31	79.01	33.73	34.93	48.37	17.69	78.03	27.31	69.2	23.19	37.66	24.0	21.47	42.0	76.54	70.18	26.25	47.54	90.69	42.49	37.05	70.41	26.42	63.15	55.08	44.1	82.93	22.36	81.6	30.81	84.05	12.73	57.38	43.66	39.92	89.47	23.02	41.59	83.23	17.49	19.03	78.89	13.6	90.8	35.36	70.72	68.25	8.06	34.44	51.04	35.34	47.93	53.15	67.08	12.53	53.76	85.8	38.83	36.72	46.17	81.57	30.87	49.24	51.4	27.46	32.02	34.06	31.32	37.12	44.01	80.1	53.76	63.01	49.03	43.05	16.28	43.29	13.93	20.1	69.38	46.17	68.54	24.21	67.74	84.17	47.41	58.52	80.62	57.69	21.4	65.8	68.54	16.55	25.08	35.36	83.73	75.93	81.99	55.73	92.13	66.13	48.04	68.66	91.05	48.02	33.02	48.1	30.02	17.46	60.67	76.84	56.04	70.34	77.94	21.38	58.8	38.01	43.01	25.08	71.2	60.75	25.08	23.6	74.46	57.25	68.95	58.14	95.27	19.1	47.43	8.6	76.49	48.3	64.33	51.97	78.45	38.6	27.31	37.05	12.37	11.7	41.48	82.01	74.46	
105.0	5.0	64.03	65.12	101.41	55.44	77.39	76.16	26.17	85.29	75.13	30.59	71.12	17.12	45.4	10.82	83.76	112.54	36.06	43.57	66.31	0.0	37.12	31.62	98.39	53.16	28.16	78.89	14.87	75.39	88.23	70.03	79.76	118.11	84.02	80.23	20.62	82.02	11.18	18.03	44.91	59.3	67.36	44.28	38.9	70.72	61.29	55.79	52.0	15.26	52.35	78.59	32.2	9.9	87.46	81.79	52.01	33.54	57.28	42.58	90.05	40.31	91.71	14.04	61.03	87.36	14.32	49.4	118.14	16.16	20.62	46.62	14.32	42.54	14.87	45.54	65.0	32.45	33.84	49.41	77.41	50.0	15.23	93.62	83.2	44.42	40.8	45.22	44.94	91.35	63.29	88.06	41.98	46.62	86.28	80.89	63.95	40.79	48.09	100.72	99.62	60.73	72.44	44.01	16.03	43.01	74.43	54.71	48.66	77.47	76.79	24.08	77.47	86.05	74.33	81.12	49.93	15.65	52.8	24.7	78.16	87.8	39.46	68.96	50.8	97.01	31.02	106.3	70.94	91.42	74.73	109.6	19.65	29.27	52.7	84.31	88.36	72.25	40.72	73.41	93.3	86.21	87.09	35.36	78.31	92.2	35.51	13.45	63.79	89.87	33.29	64.78	27.66	52.39	74.81	44.41	50.33	2.24	76.32	36.5	49.66	78.39	113.17	16.64	59.44	64.44	7.28	125.16	67.8	70.72	36.01	68.07	15.81	18.03	96.25	26.4	95.85	94.64	41.44	83.6	109.02	80.01	26.93	87.69	83.57	100.5	18.11	101.02	44.55	17.46	65.19	28.43	61.19	26.02	63.01	40.02	81.93	59.01	58.0	46.32	45.54	5.0	29.21	86.98	62.48	78.34	68.68	17.8	79.26	115.75	39.82	19.42	51.2	39.0	60.02	54.13	75.29	82.8	34.21	13.04	
85.07	37.05	27.46	45.54	79.48	18.44	44.6	73.5	27.66	48.17	86.84	50.77	39.7	43.83	52.2	43.42	54.2	89.0	48.1	11.66	33.24	37.12	0.0	23.71	85.29	22.8	51.0	65.07	45.31	41.4	70.41	77.52	66.07	92.44	64.76	46.4	56.22	88.1	48.26	36.89	61.62	64.01	43.32	58.69	59.64	56.04	34.01	55.95	20.25	24.52	15.3	42.54	13.6	31.62	95.77	47.42	15.13	52.43	22.2	6.4	58.69	17.12	84.38	51.16	78.49	82.04	34.89	47.01	92.11	46.62	51.66	44.28	23.0	20.1	48.51	13.42	28.16	60.01	18.36	37.85	65.0	15.56	46.24	59.64	80.05	20.02	32.7	23.0	13.93	69.29	73.82	83.19	7.21	21.84	93.94	45.54	29.53	58.26	11.0	85.84	80.78	29.7	82.38	13.6	53.15	6.32	84.06	20.52	53.54	42.95	41.44	58.19	51.43	66.22	83.53	50.33	24.52	47.17	21.95	60.17	41.77	83.36	56.08	38.6	38.64	77.2	11.31	79.61	63.95	83.22	38.91	84.6	56.57	8.06	41.77	67.74	89.81	52.17	20.0	64.38	58.18	49.09	50.01	15.23	42.2	70.84	62.17	27.66	65.8	72.37	31.4	27.89	26.17	21.1	48.3	59.41	23.26	39.2	39.2	54.2	71.61	65.03	89.01	49.04	60.01	41.48	39.2	99.98	41.63	48.08	2.24	80.6	50.36	50.33	79.43	61.03	85.01	74.33	57.38	92.78	80.6	43.19	14.87	50.64	49.09	84.34	44.29	82.01	60.14	45.62	28.07	25.81	27.46	11.18	26.08	58.41	74.55	22.09	37.34	63.78	51.61	41.0	25.24	96.9	38.6	44.78	33.12	51.62	66.03	93.62	22.09	53.6	19.1	12.04	26.08	23.32	39.82	64.33	62.77	48.17	
108.5	34.71	41.23	68.41	103.08	38.29	67.36	92.35	7.0	64.08	99.92	57.69	63.01	28.02	66.1	41.87	77.67	112.7	59.09	20.25	56.22	31.62	23.71	0.0	107.52	25.18	56.4	87.13	31.26	63.66	93.41	92.35	88.12	116.11	87.93	68.59	51.97	103.85	40.31	20.02	71.2	79.56	66.85	69.32	66.85	78.09	57.7	72.99	43.91	29.07	35.38	62.8	32.14	21.95	110.68	54.01	32.2	60.21	44.69	29.68	81.69	39.05	105.04	43.46	88.32	102.02	20.62	64.5	115.76	32.14	51.74	61.52	24.19	13.04	46.4	37.12	42.95	62.94	37.05	58.08	86.7	38.83	32.25	81.39	99.25	42.72	51.04	45.35	37.58	92.85	87.09	103.04	30.89	17.0	109.11	54.33	37.66	67.23	30.41	108.47	104.04	32.0	96.21	37.16	45.31	25.5	98.08	43.6	68.41	50.09	50.49	44.05	75.13	89.49	97.74	73.6	47.76	33.24	45.65	47.27	53.6	103.08	65.37	62.13	59.14	100.57	29.15	103.25	84.0	104.12	59.67	108.3	46.84	22.2	62.07	90.47	107.52	75.29	11.05	85.09	79.03	64.62	64.85	35.36	53.15	94.34	65.8	31.38	82.57	95.34	46.69	47.2	39.81	44.78	72.01	69.77	21.0	32.76	55.9	62.77	78.6	86.98	112.71	35.23	77.1	64.85	37.54	123.66	65.31	71.51	21.47	93.11	47.43	36.12	102.36	47.04	106.68	97.74	67.12	107.22	104.04	56.61	11.0	67.54	70.77	107.2	28.0	105.3	70.24	30.02	45.28	4.0	34.53	19.0	41.59	66.89	95.02	38.08	60.17	73.06	65.8	36.62	3.0	111.07	62.03	50.01	54.49	49.41	87.97	117.27	9.06	51.04	25.0	34.48	33.73	47.01	60.96	87.36	65.07	44.65	
19.42	93.94	92.2	40.0	24.6	81.74	60.84	29.53	108.91	90.79	58.69	76.58	58.19	114.63	57.38	93.49	49.4	32.39	66.84	95.01	64.29	98.39	85.29	107.52	0.0	103.24	80.16	20.4	113.16	65.39	17.46	49.4	19.42	41.44	23.41	64.41	101.83	46.39	105.48	111.66	68.88	47.8	44.55	65.86	75.74	29.43	54.45	45.34	68.12	85.8	82.39	75.15	75.5	101.95	53.01	111.0	87.37	74.33	72.84	81.02	54.82	68.59	15.03	106.23	69.78	20.4	107.91	49.4	42.58	114.49	91.83	51.97	90.14	105.12	95.44	73.01	90.47	86.98	70.83	50.29	21.19	74.11	113.6	66.07	25.96	65.28	58.52	62.39	72.03	26.25	55.9	21.21	79.06	106.0	51.04	106.28	100.81	70.77	85.09	5.0	15.65	106.92	54.41	72.06	107.34	87.01	53.85	71.45	53.81	107.86	104.04	121.08	42.15	23.26	52.89	53.71	61.03	114.04	66.12	120.11	99.02	22.2	70.01	56.32	49.04	18.6	78.45	40.25	28.43	13.15	73.54	35.74	112.33	85.33	46.49	18.25	36.0	34.23	105.23	25.24	72.01	92.13	94.37	72.18	100.9	24.08	85.63	86.01	42.2	15.65	65.39	80.52	71.87	67.12	44.6	66.6	106.04	100.18	87.09	72.14	77.94	20.62	34.53	114.95	43.14	45.18	93.15	44.01	48.05	39.62	87.37	59.81	97.42	116.3	10.63	122.64	6.0	20.52	68.62	54.23	46.96	96.01	96.69	88.19	67.23	8.25	115.55	16.16	67.36	115.45	85.62	108.26	101.27	88.84	89.05	72.18	19.42	88.28	48.04	69.81	56.73	97.62	108.06	57.04	48.17	111.68	72.42	96.4	19.65	30.02	107.38	97.62	99.18	73.44	100.13	65.19	71.69	22.8	89.14	97.91	
99.72	54.78	18.38	63.39	93.21	22.36	51.62	94.92	32.14	40.5	109.62	72.62	49.48	53.04	75.0	61.85	63.89	101.14	70.72	11.31	42.2	53.16	22.8	25.18	103.24	0.0	72.42	83.73	56.01	47.01	87.0	100.17	84.72	102.79	81.01	51.43	73.68	110.54	63.35	45.04	84.15	86.61	59.0	81.34	81.69	74.97	49.0	78.29	35.13	44.42	21.02	43.01	36.4	44.72	118.34	29.07	16.03	74.52	31.26	23.77	65.8	38.48	104.35	66.49	101.14	102.62	45.04	69.35	102.18	57.0	71.11	66.73	41.15	12.17	66.85	31.05	20.52	80.78	41.05	59.24	84.17	29.15	57.01	62.68	101.19	40.16	55.07	43.32	32.28	83.6	96.61	103.85	26.0	8.54	116.47	29.15	12.65	80.66	18.25	103.02	96.25	7.62	105.12	32.57	68.45	17.89	106.78	32.02	76.28	25.0	25.32	69.01	64.63	82.05	106.23	59.14	42.95	58.01	37.12	72.03	28.79	104.12	78.52	49.82	59.81	92.35	34.06	89.81	84.77	102.96	40.82	95.88	70.71	29.07	62.97	85.09	111.62	69.07	14.14	84.65	59.03	40.82	40.71	37.74	28.16	85.48	83.22	47.51	88.12	89.0	54.2	28.18	48.84	36.12	61.52	82.04	5.0	54.82	33.3	76.49	93.72	83.86	100.69	60.01	82.3	58.08	57.38	110.39	56.08	64.0	21.93	103.41	68.35	61.0	96.01	72.01	103.82	89.36	79.91	115.43	89.16	32.2	26.25	44.41	52.48	101.0	53.08	97.33	82.73	55.04	24.41	29.15	9.49	29.68	20.0	80.72	94.83	17.89	55.73	86.28	74.4	57.87	28.16	119.57	55.08	25.32	37.16	70.01	84.85	106.51	16.49	71.87	4.12	33.54	8.94	38.05	42.54	81.01	83.35	65.79	
91.05	23.41	77.62	56.08	89.31	66.1	78.23	53.71	52.48	95.13	47.27	3.61	71.25	44.41	22.8	18.11	80.28	100.96	13.45	61.29	69.01	28.16	51.0	56.4	80.16	72.42	0.0	63.13	41.11	78.01	74.2	43.42	63.78	108.05	71.56	82.1	21.95	55.33	29.15	46.17	17.03	34.93	61.4	17.26	10.77	56.86	59.41	34.83	56.44	28.32	63.57	84.29	39.22	37.16	60.01	98.39	65.39	6.32	63.95	53.85	87.86	43.57	70.49	28.64	32.89	65.37	42.38	32.2	108.41	42.05	12.08	30.53	32.56	64.38	17.26	52.39	77.83	10.0	36.88	39.22	60.88	57.49	41.05	94.53	60.37	46.17	32.56	45.01	51.2	80.26	36.06	65.76	52.2	68.01	59.01	96.25	80.53	13.0	60.93	83.49	85.28	79.88	45.0	50.22	29.12	57.25	47.0	60.83	26.4	93.91	92.2	44.15	71.47	73.78	47.01	79.25	50.0	41.01	56.22	42.06	91.76	65.3	12.17	68.36	40.5	83.6	40.31	97.94	51.74	70.72	80.31	99.48	33.84	43.57	40.72	69.81	63.06	62.17	62.94	55.17	96.08	96.32	97.74	40.26	92.48	80.45	11.4	25.46	40.25	75.43	26.02	73.98	26.68	56.32	69.64	17.12	71.06	28.64	86.35	9.22	22.2	62.37	102.08	41.01	37.44	58.24	20.88	114.28	63.56	62.97	51.11	40.2	18.68	42.05	80.72	44.92	76.4	81.84	14.14	56.04	102.16	92.35	48.08	96.34	86.05	84.15	45.4	86.68	17.03	44.18	76.24	54.08	78.39	42.8	75.61	12.04	61.61	71.87	51.66	18.25	23.43	24.33	54.64	59.21	57.49	95.77	74.43	17.09	63.03	102.8	62.97	17.89	69.34	45.61	77.03	57.14	80.16	69.89	13.0	20.22	
28.02	74.63	74.0	20.4	27.51	62.82	46.1	22.8	88.53	75.8	53.34	59.67	41.88	94.81	41.05	74.81	37.2	39.0	49.68	75.06	46.96	78.89	65.07	87.13	20.4	83.73	63.13	0.0	93.54	50.0	11.7	42.05	1.0	47.13	12.17	50.25	84.15	44.27	86.61	91.55	54.56	35.17	26.4	51.0	60.54	9.06	35.74	29.53	48.66	65.8	63.15	60.0	55.11	81.94	52.55	93.94	68.07	57.8	54.12	61.03	44.42	48.26	21.95	87.62	59.84	22.63	87.85	31.11	47.8	94.89	74.25	33.3	70.01	85.01	77.23	53.08	72.45	71.03	50.45	30.08	3.0	54.59	94.02	55.47	24.7	45.04	38.48	42.11	52.04	21.0	46.27	24.04	59.01	86.05	50.33	89.44	82.28	55.57	65.49	21.93	22.2	87.86	48.17	52.01	88.87	67.07	48.37	52.39	37.74	90.47	86.82	102.08	27.59	14.04	47.38	40.36	41.05	94.51	46.69	101.4	82.3	24.76	54.38	39.45	28.79	21.02	58.05	40.05	14.14	20.12	57.69	39.05	93.86	64.94	26.4	7.28	37.74	16.12	85.05	10.05	60.61	77.2	79.4	51.79	84.08	20.1	70.18	66.19	30.41	12.53	45.65	62.77	51.89	47.68	29.07	51.88	86.28	80.78	70.83	56.04	65.19	1.0	40.5	95.52	28.79	26.25	74.06	52.39	30.41	21.95	67.12	52.01	79.31	96.9	17.69	103.81	20.1	19.92	53.34	52.2	46.01	79.76	76.3	73.88	53.74	21.63	95.71	23.6	52.77	95.71	67.78	87.86	82.46	68.45	70.84	56.94	15.0	69.64	28.07	55.95	40.22	78.49	87.66	55.97	29.12	94.15	55.47	78.52	1.41	39.96	87.14	79.91	79.63	53.15	81.25	45.89	56.04	10.2	73.5	79.51	
119.28	19.65	70.04	79.03	115.42	63.57	88.51	90.96	24.33	92.42	88.36	44.01	82.66	4.24	60.02	23.02	96.05	126.37	50.49	48.51	77.18	14.87	45.31	31.26	113.16	56.01	41.11	93.54	0.0	85.96	102.63	84.05	94.41	131.59	98.23	90.92	26.08	96.05	13.42	11.4	58.14	73.82	80.62	58.0	51.48	85.23	73.76	70.6	62.97	28.43	60.41	87.85	44.05	13.89	101.08	85.05	58.94	47.01	67.08	51.48	101.83	52.5	106.57	15.81	73.35	102.2	11.05	64.26	131.55	1.41	31.05	61.47	25.5	44.1	24.74	56.08	71.39	43.01	46.67	63.81	92.13	59.94	1.0	104.32	97.98	56.73	55.23	58.0	55.76	105.26	77.01	102.88	51.43	48.17	100.02	85.02	68.07	54.08	55.66	115.41	113.99	63.13	86.05	54.92	17.03	50.29	88.05	64.88	63.35	81.01	81.06	13.15	90.52	100.21	88.02	93.01	62.37	2.0	64.07	16.03	83.49	102.62	53.01	80.8	65.19	111.25	42.2	119.5	85.8	106.28	84.17	123.17	16.64	38.47	67.23	98.79	102.83	86.21	42.11	88.24	103.32	93.17	93.74	47.51	83.29	106.21	46.17	27.46	78.45	104.31	47.89	73.05	41.88	63.51	87.73	58.01	52.15	13.34	83.68	50.01	61.13	93.06	126.91	4.0	74.22	77.83	21.21	138.77	80.66	84.29	43.66	81.3	24.35	5.1	110.79	16.12	110.69	108.81	55.01	97.13	121.83	85.99	31.78	95.34	93.94	115.1	5.0	115.38	58.03	3.16	72.53	27.29	65.03	34.44	69.63	53.15	96.8	65.73	71.59	59.3	60.21	17.03	28.28	100.32	75.66	81.15	78.29	26.57	93.94	129.81	40.31	27.31	55.08	50.22	64.07	65.46	85.0	97.08	44.01	21.84	
56.44	73.68	30.59	32.8	49.16	25.81	5.0	69.43	68.68	25.81	94.89	76.03	8.6	84.91	66.22	78.34	18.0	55.33	68.47	44.2	9.22	75.39	41.4	63.66	65.39	47.01	78.01	50.0	85.96	0.0	47.93	83.35	50.8	56.04	42.05	5.0	91.22	90.0	86.38	78.24	80.6	71.11	24.84	76.69	82.49	43.84	19.92	61.74	23.41	60.41	28.43	10.0	43.32	72.07	98.6	46.1	32.45	76.16	19.21	35.0	18.79	35.9	71.85	88.87	93.92	72.47	76.01	55.03	55.36	87.32	83.86	54.12	61.33	54.64	82.98	29.97	28.44	88.01	42.95	42.72	51.86	26.08	86.83	18.36	73.55	32.39	46.27	33.06	30.46	41.0	83.67	73.88	34.67	53.34	96.4	41.23	39.62	78.92	33.3	63.57	54.34	47.54	89.55	31.38	90.76	38.18	90.55	21.1	65.15	43.42	39.46	98.39	23.26	42.15	89.69	13.0	28.02	87.71	22.8	99.81	33.96	74.52	76.79	11.66	42.06	50.22	44.38	43.17	58.14	69.89	8.25	49.65	94.92	47.51	44.01	47.89	86.28	34.06	55.8	55.87	18.25	27.2	29.41	40.52	35.9	43.17	89.02	62.94	69.46	49.77	52.0	18.97	52.47	23.09	21.1	77.67	51.43	77.62	21.84	76.42	92.57	50.61	54.59	89.47	64.41	26.63	75.0	63.6	20.62	28.32	43.42	90.8	85.15	90.82	55.97	101.08	68.0	47.3	77.1	97.08	42.15	30.68	56.22	24.04	8.25	60.73	85.44	55.11	78.64	86.61	23.54	66.48	41.23	51.62	27.89	79.76	64.54	29.15	30.46	82.76	65.25	78.11	65.76	101.26	25.06	47.38	9.85	85.7	51.4	61.13	58.6	87.66	43.83	36.4	40.52	21.59	6.32	42.94	91.01	83.68	
