240
0.0	54.08	47.43	61.61	106.73	56.22	61.39	24.41	101.26	107.94	96.33	106.71	10.44	45.45	30.15	50.61	97.99	103.08	40.31	68.0	48.66	47.54	19.0	86.01	39.05	62.59	52.43	53.85	51.09	73.5	41.73	85.87	73.11	41.73	43.01	19.03	65.25	101.98	12.73	65.8	83.77	73.74	65.31	52.84	43.6	17.09	36.67	33.0	36.35	20.4	86.83	21.0	100.0	28.44	102.49	91.55	105.6	33.54	36.22	80.32	61.66	52.0	76.69	91.93	15.81	111.33	18.87	6.32	87.86	81.4	127.31	7.07	45.34	20.62	35.47	11.0	9.49	118.98	24.02	30.41	57.07	68.8	71.06	49.2	103.32	123.49	44.28	28.86	86.53	47.3	46.4	13.89	76.4	93.17	85.88	78.75	85.02	109.08	77.03	83.1	11.18	67.45	56.32	71.34	116.66	122.44	95.01	70.0	118.53	97.19	103.32	41.04	40.25	9.9	100.24	92.96	85.87	32.2	100.4	91.98	68.59	32.65	46.82	108.17	78.24	56.89	25.55	31.14	53.23	112.92	84.29	126.49	68.15	71.4	97.86	107.15	30.08	94.89	69.46	42.43	51.48	92.66	18.36	8.06	85.0	79.48	75.39	92.91	9.0	33.14	39.7	25.55	68.36	44.72	13.15	62.63	75.01	84.0	69.58	47.01	88.2	19.24	78.85	83.53	87.69	75.72	71.06	58.8	52.5	55.07	103.46	62.94	81.54	81.84	107.42	66.37	63.01	97.72	44.91	45.79	56.01	61.4	21.1	58.6	42.01	48.17	42.06	50.22	64.33	67.9	64.13	101.18	81.39	56.65	6.71	68.15	65.46	57.04	98.86	55.07	23.54	60.13	91.0	41.98	54.12	6.0	44.41	18.03	61.72	37.22	66.71	12.04	114.13	49.41	83.82	67.74	48.04	83.02	36.67	85.28	77.39	44.1	58.31	19.42	41.15	110.57	70.68	110.8	105.36	92.7	60.07	67.27	61.0	45.28	101.12	33.06	11.4	53.85	103.81	72.07	
54.08	0.0	45.0	50.33	54.23	45.19	17.09	43.46	62.18	58.18	42.3	55.54	64.0	37.22	24.74	29.73	51.66	53.85	25.5	14.32	76.61	17.0	58.31	39.82	39.62	70.46	29.15	26.25	70.04	59.44	40.0	38.29	86.02	36.8	60.14	57.28	16.64	55.9	63.29	30.59	42.72	32.65	18.87	30.08	34.67	61.39	18.44	21.21	18.11	55.04	44.78	59.09	48.88	26.08	51.62	48.27	67.98	26.83	69.89	31.83	13.89	18.03	36.24	62.17	41.44	61.29	65.31	60.21	56.29	62.2	85.8	61.13	39.2	41.23	54.56	55.79	57.31	77.42	57.01	46.65	83.87	57.57	20.52	30.89	74.73	80.28	12.81	26.31	69.26	77.94	30.23	43.17	58.55	43.57	43.05	48.37	31.4	66.61	23.54	29.02	65.19	18.6	19.0	60.44	79.18	84.22	41.05	86.05	72.84	71.57	70.52	34.66	53.08	61.81	50.22	43.05	34.67	47.71	46.39	39.4	18.44	27.73	55.9	67.42	58.22	83.1	71.51	42.01	26.68	64.66	31.62	85.21	24.7	55.11	44.94	58.9	67.23	51.87	32.56	36.12	51.04	54.63	38.47	55.23	34.0	32.8	29.68	41.23	54.33	21.0	37.64	69.64	17.2	50.25	41.3	36.35	21.1	30.15	16.16	68.88	49.24	59.2	32.56	44.38	60.41	40.02	18.03	37.36	19.42	30.59	62.43	22.8	35.81	43.66	68.48	37.12	81.39	47.43	11.66	30.89	76.38	34.37	33.38	47.93	71.06	6.08	28.6	29.07	18.36	91.22	17.49	72.57	52.35	60.46	60.0	30.36	53.76	5.83	46.82	24.74	32.02	6.08	37.12	76.84	28.64	60.07	34.13	57.01	46.17	70.46	63.98	42.19	66.6	34.93	35.36	90.51	7.81	29.43	28.32	52.39	46.32	70.21	52.77	40.5	53.81	63.03	28.79	72.07	54.2	61.61	80.61	20.0	15.23	47.51	71.06	21.59	52.89	23.35	54.2	33.24	
47.43	45.0	0.0	14.21	78.45	9.43	61.59	23.02	59.14	100.9	75.64	97.2	51.62	68.47	42.11	66.22	62.03	97.08	55.9	56.59	36.14	54.42	63.98	52.24	9.22	25.55	18.36	21.95	26.83	26.08	68.07	82.81	41.05	9.22	81.22	34.41	42.19	65.19	46.86	73.79	87.66	77.39	63.82	67.72	65.49	40.22	33.24	39.46	35.17	63.32	49.09	65.8	69.87	34.01	71.57	93.24	62.24	24.19	81.15	50.7	58.82	28.32	80.99	46.32	33.11	78.03	43.57	52.63	43.38	34.06	84.69	52.5	5.83	53.15	73.35	56.82	42.43	76.9	30.02	17.69	41.63	21.47	47.41	15.0	56.73	82.22	47.17	32.02	39.12	38.64	14.87	48.38	29.07	87.05	49.01	35.11	71.03	68.41	64.66	66.04	55.9	43.42	61.27	24.17	72.47	78.29	77.9	41.11	79.62	50.21	57.98	11.4	75.54	57.2	68.36	86.37	58.52	16.4	78.92	66.1	63.13	24.08	12.08	66.41	31.11	40.72	72.95	62.29	65.46	77.16	73.25	83.77	38.28	24.08	71.84	72.03	36.4	56.44	33.24	9.49	6.32	50.96	31.95	41.77	77.16	48.05	44.38	83.24	40.36	36.5	65.07	43.46	61.62	7.07	43.32	22.0	61.22	69.07	51.61	27.2	47.85	36.06	77.47	44.28	41.62	36.12	60.83	17.0	59.62	69.26	62.36	66.73	48.51	42.3	64.62	78.92	36.88	66.61	34.48	64.13	32.76	22.09	41.44	11.31	85.7	40.82	59.84	17.2	63.25	47.2	62.43	54.67	36.67	15.65	48.84	74.3	18.03	50.8	88.01	24.19	44.18	48.1	74.95	87.73	67.36	51.09	65.62	35.0	15.26	82.08	22.0	42.72	77.41	69.23	53.15	46.4	46.07	69.4	55.33	41.79	89.47	30.41	11.4	51.2	76.53	74.24	38.08	67.62	74.55	47.51	36.62	65.0	59.91	4.0	55.0	41.44	55.46	63.32	97.19	36.22	
61.61	50.33	14.21	0.0	72.8	6.08	67.42	37.2	47.68	101.91	73.24	97.58	65.76	79.01	53.34	75.43	53.76	98.6	66.01	59.36	44.05	62.8	77.83	45.88	22.83	24.6	21.19	24.17	33.02	12.08	79.23	85.98	39.41	21.19	93.86	48.27	42.64	56.32	60.88	80.65	92.57	82.86	68.94	76.66	76.01	54.04	43.0	50.09	45.0	76.97	40.79	79.61	63.91	45.71	65.15	97.25	50.0	35.51	94.85	46.65	64.08	32.31	86.41	33.11	47.01	70.21	57.2	66.84	31.05	19.85	72.42	66.71	17.09	66.1	86.13	70.83	56.59	65.0	43.6	31.83	47.38	8.06	46.67	20.22	42.8	70.61	55.58	43.74	25.06	47.17	22.02	61.85	14.87	89.02	41.23	24.02	71.45	57.43	66.22	65.76	70.09	43.19	68.41	11.05	59.62	65.39	76.69	41.18	69.18	36.12	44.72	22.8	87.86	71.4	61.68	88.24	54.71	30.41	76.01	62.27	67.12	35.69	20.88	54.92	17.03	46.39	87.09	74.53	73.98	68.26	74.52	71.47	36.12	9.9	67.54	63.64	48.75	47.17	28.3	20.88	12.08	40.11	45.62	55.97	79.2	43.42	40.5	84.29	54.56	47.1	76.24	56.44	65.37	18.87	56.86	17.03	62.63	69.31	52.63	35.13	38.05	49.82	81.49	35.51	28.18	28.16	63.51	13.6	67.47	77.93	51.35	73.05	42.95	33.54	52.63	86.59	39.22	60.41	41.77	74.06	37.48	18.38	54.12	3.16	99.16	47.54	70.01	21.59	68.54	49.98	67.62	40.8	24.52	16.28	63.03	80.65	4.12	56.08	88.39	25.94	56.52	51.88	74.33	101.52	75.95	65.3	76.0	48.92	5.0	95.75	14.21	56.36	68.07	79.1	48.3	49.04	53.37	70.09	66.07	30.27	96.46	39.46	6.0	64.2	88.84	65.19	34.41	55.36	68.01	34.54	40.26	69.78	65.55	17.03	41.34	52.09	69.35	71.39	98.49	30.89	
106.73	54.23	78.45	72.8	0.0	71.84	57.49	90.09	39.96	49.01	17.89	43.01	115.92	87.01	78.77	77.47	22.67	49.16	78.03	43.27	114.54	68.26	112.54	26.93	79.23	97.31	61.29	58.14	104.55	73.06	91.02	50.57	111.36	75.24	111.83	105.12	41.59	23.32	113.99	67.36	63.07	61.03	54.49	76.58	85.21	110.29	70.09	74.95	70.6	109.25	33.29	113.32	8.94	78.34	8.49	61.03	44.72	74.55	123.55	28.07	54.2	56.14	62.43	55.17	92.23	13.04	114.28	113.03	50.99	68.6	48.01	113.78	74.67	95.46	107.38	109.73	108.05	42.3	103.0	90.05	119.37	75.13	35.69	65.28	62.13	41.01	66.64	77.88	73.76	117.09	67.12	97.08	68.8	45.88	32.25	51.62	32.2	34.79	37.48	29.0	117.9	39.46	64.03	76.54	50.7	52.61	24.7	113.72	31.02	64.66	53.85	74.11	104.86	115.25	12.04	44.92	21.1	90.14	15.52	14.87	48.84	75.54	90.24	38.63	66.29	118.41	125.72	95.38	73.11	20.0	36.89	48.0	41.05	69.35	9.43	17.72	112.11	30.41	45.35	74.24	81.74	40.31	89.27	106.21	42.06	30.41	34.23	38.9	105.08	74.04	89.31	117.02	47.51	85.51	94.64	57.01	37.01	31.24	38.08	105.54	38.42	107.12	53.0	38.59	58.05	44.78	42.64	61.85	67.2	75.74	36.24	61.52	30.08	40.31	42.54	74.65	112.01	12.53	61.85	80.8	109.77	56.52	86.98	72.73	124.02	59.46	80.16	63.2	55.23	122.78	54.56	61.03	53.82	88.87	111.99	64.66	73.41	53.71	37.48	56.08	86.03	48.33	27.29	130.36	74.41	112.59	84.4	105.17	68.01	124.04	85.43	95.34	23.0	83.1	25.32	121.84	61.74	33.42	81.49	48.41	76.66	108.85	78.43	94.7	105.44	21.21	40.45	44.6	6.71	53.08	112.89	53.04	56.22	82.38	58.25	75.61	106.89	69.66	48.09	42.45	
56.22	45.19	9.43	6.08	71.84	0.0	62.24	31.89	50.0	98.29	70.83	94.18	60.88	73.0	47.27	69.58	54.08	94.79	60.03	55.0	43.19	57.07	72.07	45.12	17.2	27.02	16.12	19.42	32.76	18.03	73.17	81.61	42.45	15.23	87.8	43.83	38.9	57.0	56.22	75.27	87.71	77.82	63.95	70.86	70.0	49.65	37.01	44.05	39.01	71.11	41.05	73.82	63.06	39.62	64.54	92.65	52.92	29.43	89.0	44.78	59.03	27.29	81.39	36.89	41.34	70.35	53.0	61.62	34.01	25.24	75.39	61.55	11.18	60.08	80.08	65.19	51.66	67.68	39.45	27.02	47.54	14.14	43.42	14.56	47.42	73.08	49.82	37.66	30.87	46.04	16.12	55.95	20.25	85.04	41.19	25.96	67.94	59.44	62.29	62.48	65.05	39.7	62.94	17.12	63.06	68.88	73.82	43.6	70.86	41.04	48.55	16.76	81.79	66.07	61.19	84.29	52.8	25.81	73.82	60.42	62.43	29.61	19.0	57.28	22.02	46.57	81.61	68.45	68.25	69.0	70.72	74.46	33.29	15.26	65.92	64.07	45.54	48.04	26.57	14.87	10.05	41.98	39.82	50.91	75.17	41.79	38.48	80.61	49.5	41.05	70.18	52.8	60.75	15.52	50.99	14.87	58.73	65.86	48.8	34.13	39.2	45.49	76.85	36.0	32.2	28.07	59.2	10.3	61.85	72.18	53.37	67.78	41.76	34.0	55.36	81.04	40.71	59.67	36.14	68.12	37.95	15.65	48.08	3.0	93.23	42.06	64.03	16.16	63.51	51.43	62.61	45.34	27.31	17.49	57.98	75.39	10.2	50.99	84.96	21.4	50.45	47.17	71.22	95.71	70.21	60.14	70.01	44.41	5.83	89.9	18.79	50.54	69.07	73.17	46.82	50.54	47.8	66.48	60.03	32.57	91.08	38.0	7.81	58.19	82.76	66.01	32.2	58.31	67.47	38.08	41.23	64.88	60.42	13.0	45.61	46.04	63.63	65.73	94.76	29.41	
61.39	17.09	61.59	67.42	57.49	62.24	0.0	56.61	74.63	46.57	41.68	45.4	71.81	29.68	31.62	20.0	61.29	41.76	23.19	15.26	91.35	14.04	60.3	50.7	55.44	87.13	46.24	43.32	85.7	76.4	34.0	24.7	102.63	53.01	54.71	68.88	30.15	65.37	72.42	14.0	26.25	15.81	4.0	19.1	28.18	72.09	31.24	29.97	30.0	56.44	57.28	60.53	54.56	36.72	57.38	32.65	80.65	41.04	68.01	42.15	4.12	35.11	19.42	77.23	51.89	67.27	75.77	66.91	71.25	78.77	96.18	68.07	55.76	44.0	51.08	60.03	66.73	88.1	69.64	60.96	99.01	74.63	31.32	47.85	89.56	90.05	17.89	37.74	85.84	92.31	47.01	48.37	75.31	31.78	55.36	64.0	27.31	77.39	20.25	28.6	71.85	31.4	6.71	77.49	91.42	96.01	37.7	102.42	81.54	87.05	84.53	50.8	47.89	67.27	57.01	31.58	41.88	62.29	45.65	43.86	8.94	41.77	72.01	78.92	74.81	98.29	73.55	40.26	15.62	72.01	24.74	95.71	39.12	72.03	48.17	66.61	79.92	63.32	48.0	52.43	67.74	67.91	49.19	64.51	24.0	44.27	42.2	32.0	63.91	31.38	32.7	80.96	10.0	66.4	48.27	53.15	20.52	27.29	23.77	84.15	62.59	70.66	17.89	58.05	76.01	55.08	14.87	54.41	10.44	18.44	74.09	6.0	47.43	57.71	80.65	21.21	97.45	54.2	27.2	23.71	92.1	51.2	40.52	65.0	67.54	20.81	24.04	46.1	3.0	106.96	3.16	87.46	68.0	77.18	67.91	13.34	70.84	11.4	38.0	41.76	37.85	17.0	33.62	74.46	16.97	67.27	27.29	68.43	63.25	68.35	81.02	49.48	74.4	25.61	45.19	106.3	16.28	25.5	27.17	67.27	29.43	84.96	69.78	44.05	48.37	71.03	43.19	84.15	59.41	76.42	96.43	6.0	2.0	63.82	85.71	29.15	57.04	12.21	42.45	48.09	
24.41	43.46	23.02	37.2	90.09	31.89	56.61	0.0	78.77	101.52	82.87	99.01	29.41	53.31	28.02	54.08	77.88	97.06	42.72	57.58	35.61	45.25	41.44	66.49	14.87	41.0	30.68	32.98	32.89	49.09	51.55	80.78	53.94	18.03	61.01	15.03	49.09	81.61	25.5	65.76	82.33	71.7	59.91	56.04	50.57	20.4	25.55	27.59	26.63	41.23	65.79	43.32	82.39	20.52	84.59	89.2	82.68	16.76	58.82	62.29	55.23	34.0	75.17	68.12	11.05	92.57	24.33	29.73	64.4	57.01	104.81	29.7	21.26	33.06	53.01	34.01	20.25	96.65	13.6	7.0	43.83	44.42	55.08	26.93	79.2	101.52	39.05	19.1	62.13	36.07	24.35	27.07	52.01	86.77	65.15	55.47	74.33	87.24	66.73	70.83	33.3	51.04	53.81	47.01	93.48	99.3	83.2	51.92	97.5	72.92	79.65	17.89	56.14	34.21	81.88	86.31	69.03	9.0	86.7	76.01	61.29	15.81	24.08	85.88	53.91	43.27	49.93	43.57	54.82	93.15	75.03	103.94	49.37	47.01	82.01	87.56	23.77	73.74	48.38	18.87	27.31	70.24	11.18	19.21	77.39	60.67	56.57	84.69	17.8	25.5	48.7	27.07	60.37	20.88	22.02	39.82	63.89	72.8	56.09	29.97	66.21	17.03	74.33	61.85	63.7	53.71	61.47	35.51	50.91	58.01	81.39	60.31	62.17	60.01	84.72	69.03	45.54	79.63	31.95	50.61	39.0	38.91	23.09	34.21	63.79	37.58	46.14	28.46	59.08	53.24	58.52	77.08	57.8	33.54	26.25	67.21	41.05	48.3	90.25	34.71	26.57	48.7	79.56	65.19	56.4	28.28	50.99	15.13	37.48	59.77	43.01	21.1	93.96	55.47	65.49	52.77	40.5	72.42	40.71	62.13	80.28	29.41	34.0	31.06	57.14	90.52	50.99	87.98	87.57	69.03	43.46	61.59	55.47	21.02	77.16	29.07	32.89	53.81	97.49	51.24	
101.26	62.18	59.14	47.68	39.96	50.0	74.63	78.77	0.0	85.87	51.66	80.08	108.05	99.36	80.81	91.71	18.03	84.72	87.13	59.91	91.55	79.18	113.22	24.33	64.4	69.07	48.83	47.63	80.31	42.11	101.87	80.0	80.41	60.83	121.25	92.61	45.62	16.64	104.24	88.06	91.2	85.16	73.5	91.79	96.75	98.41	69.35	76.58	70.84	111.02	17.46	114.59	32.7	76.38	31.76	92.02	6.08	68.25	128.08	32.76	70.52	51.66	87.82	18.03	85.45	30.41	102.04	107.34	17.0	34.71	26.08	107.62	58.18	97.62	114.81	107.94	98.98	17.89	88.77	75.64	94.02	46.0	43.32	52.15	22.2	23.09	74.09	75.01	37.7	94.76	54.92	96.26	37.12	78.41	19.31	24.04	60.03	10.05	60.3	54.0	111.52	43.86	79.48	46.1	17.0	22.2	58.25	83.86	22.2	25.61	13.89	60.9	114.28	111.02	28.64	77.41	36.0	74.85	51.87	39.62	68.66	69.03	68.45	7.28	34.13	93.02	124.96	102.0	88.24	25.24	65.01	25.24	37.74	40.01	41.11	23.35	95.51	12.0	32.53	59.94	59.44	8.6	83.01	97.75	71.01	30.36	32.7	71.57	96.38	74.33	99.32	102.53	66.71	65.52	92.2	38.95	57.56	58.01	50.96	82.73	13.45	94.43	79.31	18.44	22.56	25.61	62.17	43.38	81.02	91.92	4.47	80.36	27.2	19.8	6.4	95.6	84.15	29.73	62.63	93.06	84.02	39.96	86.28	49.24	130.6	64.35	90.55	51.04	73.76	94.43	72.8	21.26	23.19	63.2	104.62	86.35	46.17	65.39	72.57	46.75	87.0	58.69	58.55	135.15	90.08	106.23	96.25	93.04	44.38	128.82	56.08	92.31	23.71	97.05	30.27	93.43	69.46	60.0	89.31	17.46	101.61	87.13	53.6	96.18	115.11	22.2	33.84	10.0	33.29	15.81	86.02	73.01	72.73	62.94	18.44	78.1	105.65	84.69	83.95	30.48	
107.94	58.18	100.9	101.91	49.01	98.29	46.57	101.52	85.87	0.0	34.21	6.0	118.36	70.11	78.16	61.0	67.91	5.0	68.59	44.65	134.53	60.42	105.17	64.47	97.08	125.21	82.88	79.31	127.2	107.2	75.11	22.2	140.73	93.81	93.38	114.77	59.4	70.21	118.96	45.04	29.12	36.01	42.72	59.01	70.01	118.33	76.06	76.22	75.24	101.12	73.01	105.08	53.76	82.64	55.44	21.93	91.44	85.0	109.55	58.67	46.82	72.62	34.23	97.17	98.08	62.0	122.09	113.36	91.71	106.0	97.0	114.54	95.43	89.81	92.35	105.93	113.23	91.2	114.97	104.81	141.48	107.3	55.32	85.91	106.89	90.0	64.2	83.38	112.51	136.0	86.21	94.73	104.29	14.87	71.18	88.32	30.48	82.87	36.24	36.4	118.26	58.73	51.79	109.64	98.99	101.4	27.86	141.6	80.0	107.54	99.33	91.84	87.69	113.44	57.87	15.23	51.89	105.82	34.37	46.49	40.31	85.88	112.61	86.31	102.63	140.66	118.04	84.02	57.04	69.01	27.66	97.01	66.07	102.8	44.91	66.27	125.24	74.33	75.0	93.01	106.3	83.22	95.27	111.02	24.19	62.27	63.51	17.69	110.37	77.25	75.01	127.02	41.15	107.0	94.83	85.04	39.7	32.65	49.52	126.49	79.31	116.62	29.27	76.92	98.39	79.08	40.5	88.41	55.73	57.04	82.98	45.4	64.41	77.83	89.82	48.84	137.77	56.29	69.84	66.01	133.41	83.55	87.09	100.42	107.35	63.95	68.18	83.74	43.68	148.05	43.97	105.34	91.79	115.36	114.48	42.01	104.24	53.23	13.89	77.16	84.4	53.54	28.65	115.12	57.0	113.78	69.01	114.39	97.0	109.66	116.1	96.05	72.01	65.12	59.03	147.27	61.47	31.83	72.56	88.1	43.46	128.16	106.07	90.09	87.82	70.11	68.6	92.4	55.15	95.46	137.44	40.8	47.13	104.02	102.79	75.58	102.96	55.23	4.12	73.24	
96.33	42.3	75.64	73.24	17.89	70.83	41.68	82.87	51.66	34.21	0.0	28.46	106.12	71.34	66.91	61.59	33.73	33.24	63.69	29.12	111.43	53.85	99.72	31.06	74.33	97.64	57.38	53.85	102.46	76.38	75.66	32.7	112.65	70.52	96.38	97.62	34.21	36.22	105.0	50.21	45.19	43.42	38.28	60.46	69.84	102.31	60.01	63.51	60.07	96.17	39.45	100.28	20.0	68.07	22.09	43.42	57.27	66.37	109.25	26.91	38.91	49.48	44.65	63.53	83.01	30.36	106.3	102.49	58.31	73.88	64.63	103.39	70.94	82.71	92.57	97.86	99.01	58.08	96.34	84.17	117.27	77.34	28.46	61.1	72.8	57.71	53.6	68.01	80.0	113.55	62.3	85.33	72.86	28.44	37.74	56.08	14.87	49.09	21.47	13.6	107.47	32.57	48.37	79.31	65.19	68.0	7.07	114.28	47.85	73.79	65.15	68.96	89.55	104.09	24.02	27.46	19.1	84.65	4.12	12.53	32.76	67.36	87.73	52.35	70.84	116.36	113.05	81.15	57.14	36.88	19.21	64.5	37.59	72.18	11.0	33.14	106.1	40.16	45.0	69.57	80.06	49.24	80.01	97.0	24.19	30.41	32.8	21.38	96.01	63.2	74.24	109.9	31.76	82.46	83.6	56.3	22.14	14.42	27.02	102.69	45.65	99.61	35.23	43.83	65.19	47.38	27.31	60.54	51.88	59.41	48.84	45.0	31.89	45.0	55.73	57.31	111.51	22.2	52.01	65.37	108.23	55.23	75.66	72.4	109.13	48.17	65.31	58.87	39.12	122.19	38.59	71.31	59.2	88.32	102.12	47.38	74.81	40.26	21.1	51.62	74.15	36.22	9.43	115.87	58.25	102.31	68.96	97.51	68.24	109.66	87.01	84.48	39.81	67.12	26.25	121.31	49.03	16.4	67.42	54.92	58.83	105.34	78.23	82.23	90.05	37.34	38.83	58.42	22.56	61.72	111.83	36.62	40.71	79.31	68.71	63.79	94.92	53.85	32.39	42.64	
106.71	55.54	97.2	97.58	43.01	94.18	45.4	99.01	80.08	6.0	28.46	0.0	117.09	70.71	76.69	61.29	62.1	7.81	68.07	41.59	131.37	59.41	105.0	59.03	93.81	121.17	79.03	75.43	123.71	102.45	75.66	22.2	136.62	90.43	94.59	112.61	55.32	64.33	117.39	45.71	31.3	36.67	41.44	59.41	70.35	116.39	73.74	74.46	73.05	101.0	67.54	105.02	47.85	80.65	49.5	25.0	85.62	82.35	110.32	53.54	45.12	69.07	35.44	91.71	96.17	56.0	120.21	112.29	86.31	100.96	91.0	113.44	91.84	89.2	93.06	105.3	111.57	85.21	112.54	101.97	138.13	102.73	50.91	82.2	101.24	84.0	62.59	81.27	107.38	132.97	82.66	93.77	99.4	14.04	65.74	83.22	26.25	76.94	32.76	31.83	117.24	54.49	51.09	105.0	93.06	95.43	22.36	137.64	74.0	102.04	93.61	88.51	88.65	112.64	51.97	14.0	46.53	102.88	28.44	40.85	38.33	83.26	109.04	80.41	97.65	137.3	118.04	84.1	57.14	63.01	24.19	91.01	61.55	98.08	39.05	60.3	122.77	68.62	70.29	89.59	102.45	77.62	93.3	109.38	21.84	57.14	58.6	14.32	108.67	75.29	75.33	124.92	38.9	103.47	93.56	80.62	36.06	28.32	45.61	123.17	73.82	114.49	29.07	71.59	93.06	74.06	37.58	84.17	55.08	57.56	77.13	45.0	59.17	72.56	83.95	50.29	134.01	50.45	67.12	66.19	129.85	79.2	85.7	96.21	108.47	61.47	68.01	80.0	42.43	144.4	42.58	99.72	86.61	111.4	113.16	42.58	99.76	50.92	9.22	73.25	83.19	50.54	23.6	116.1	57.31	112.61	69.35	112.27	92.63	110.48	111.73	94.73	66.01	65.76	53.71	143.6	59.48	27.8	72.06	82.76	46.14	125.03	101.91	89.36	88.84	64.12	63.89	86.49	49.16	89.96	133.81	39.46	45.71	100.44	97.14	73.98	102.31	55.01	6.4	68.41	
10.44	64.0	51.62	65.76	115.92	60.88	71.81	29.41	108.05	118.36	106.12	117.09	0.0	55.22	40.45	60.83	106.04	113.51	50.7	78.06	45.04	57.97	24.17	94.24	44.2	62.77	59.48	61.33	49.73	77.23	51.22	96.3	71.39	47.43	49.65	18.36	74.33	109.93	6.08	76.16	94.15	84.15	75.71	63.06	53.54	13.6	46.17	43.1	46.04	26.93	94.43	26.0	108.91	38.05	111.32	101.95	112.06	41.76	39.46	89.02	72.01	60.44	87.09	97.45	23.77	119.92	13.0	6.4	93.81	85.59	134.11	5.0	50.61	30.53	42.72	17.2	9.22	125.9	23.71	33.94	53.01	72.35	80.23	55.95	108.3	130.65	54.59	38.21	90.14	43.01	53.24	24.17	80.62	103.59	93.62	84.88	95.13	116.3	87.14	93.01	5.1	76.49	66.76	74.65	122.89	128.71	105.02	67.74	126.21	101.83	109.02	47.17	48.01	10.44	108.93	103.37	94.92	35.38	110.16	101.27	78.92	40.8	48.55	115.1	82.73	53.0	25.18	40.46	63.56	121.15	94.53	133.26	76.54	75.66	107.2	115.43	26.08	102.46	76.97	48.26	54.67	99.48	26.68	10.3	95.35	87.93	83.82	103.25	11.66	43.0	49.41	19.24	78.64	47.63	23.54	69.12	85.02	94.05	79.23	45.35	95.29	17.46	89.29	90.79	92.96	82.76	81.22	64.9	62.94	65.3	110.54	73.38	89.81	89.01	114.06	76.54	60.67	106.48	54.33	55.95	53.76	68.1	31.4	62.94	45.89	58.01	52.33	57.25	74.73	64.01	74.53	106.22	87.2	58.31	4.0	78.55	69.35	67.19	109.18	62.77	33.96	70.01	101.04	44.01	64.4	5.0	54.38	17.49	66.6	40.45	68.8	22.36	122.2	59.36	92.44	64.0	58.22	93.13	47.01	91.53	87.46	41.59	61.72	29.53	48.83	118.68	78.77	117.35	114.24	98.41	57.43	77.67	71.39	48.84	106.4	43.29	19.1	64.26	114.24	79.71	
45.45	37.22	68.47	79.01	87.01	73.0	29.68	53.31	99.36	70.11	71.34	70.71	55.22	0.0	26.48	9.85	88.41	65.12	13.15	43.93	88.19	20.25	36.4	76.84	59.84	92.42	59.54	58.05	86.16	90.2	5.0	48.51	106.61	59.3	25.06	60.0	53.85	92.62	58.14	25.08	42.19	34.13	33.12	11.4	3.0	60.88	36.01	29.07	34.01	32.28	81.99	35.9	83.49	34.71	86.31	50.25	105.12	44.28	39.62	68.6	32.8	50.7	36.0	98.03	43.91	96.21	63.64	49.09	92.36	95.04	122.89	50.48	63.2	24.84	22.36	39.36	53.74	114.55	62.97	59.81	96.65	87.02	57.2	59.14	110.68	117.2	25.63	36.67	101.83	87.98	57.04	31.83	90.67	56.72	80.26	83.82	56.82	103.73	49.93	58.25	53.34	55.76	23.02	90.02	116.36	121.43	67.08	105.0	109.34	106.74	107.15	57.22	18.38	47.41	85.56	56.89	70.04	61.68	75.29	73.0	38.59	44.41	75.43	104.62	91.08	96.18	48.51	15.23	14.32	100.45	53.71	122.32	61.72	86.37	77.62	94.85	72.2	89.04	68.71	59.21	74.67	91.68	42.49	51.62	51.55	69.89	66.89	59.2	51.66	32.06	5.83	70.04	39.66	70.61	34.83	69.43	50.0	56.94	50.99	83.26	86.31	61.22	41.77	81.39	95.6	76.32	44.41	68.59	19.85	13.15	99.64	26.93	72.95	80.53	105.68	22.56	98.79	82.73	39.05	6.4	92.31	67.47	30.41	76.0	38.28	35.47	9.22	58.31	32.25	106.45	32.76	108.47	87.64	83.36	52.01	28.16	83.02	34.83	65.0	57.49	26.83	41.4	63.06	45.61	13.6	50.22	3.16	59.2	76.16	39.81	90.35	36.24	102.65	5.0	72.01	106.02	29.97	55.07	13.15	88.6	32.7	82.3	79.16	26.17	18.79	99.16	65.74	109.27	88.53	97.74	96.77	34.89	30.81	69.05	107.22	27.07	36.72	17.49	66.19	69.86	
30.15	24.74	42.11	53.34	78.77	47.27	31.62	28.02	80.81	78.16	66.91	76.69	40.45	26.48	0.0	26.08	73.6	73.38	14.76	38.12	63.6	18.36	34.0	61.4	33.38	65.97	35.47	34.89	60.37	64.94	26.0	56.3	80.32	33.02	41.63	38.01	38.59	77.8	40.8	38.42	55.76	45.28	35.44	28.02	23.54	40.71	11.66	4.24	10.0	31.06	64.35	34.99	72.92	8.25	75.58	63.13	86.05	18.0	47.38	54.38	31.58	29.21	48.55	76.06	20.81	85.0	44.28	36.01	70.83	70.6	106.07	37.05	37.0	17.2	34.48	31.05	35.11	97.58	39.62	34.0	71.85	61.4	43.83	34.21	88.55	101.24	14.14	10.2	77.13	63.89	31.78	18.44	65.97	63.32	62.97	61.77	55.01	87.0	47.01	53.46	41.01	40.82	27.29	64.38	97.45	102.94	65.12	78.92	94.81	83.77	86.28	31.0	35.11	37.22	73.82	63.06	58.6	35.78	71.02	63.91	38.47	18.03	49.04	87.0	66.76	71.28	47.01	21.93	26.91	87.66	54.15	105.36	43.93	61.39	69.57	81.84	49.68	72.18	48.41	33.0	48.26	72.47	18.44	32.89	54.92	54.41	50.61	62.8	32.31	6.71	23.0	49.74	38.21	44.15	17.03	46.1	45.18	54.08	40.8	57.8	67.36	39.66	49.4	62.37	72.92	55.8	41.0	44.27	23.85	30.0	82.04	34.0	57.01	61.07	87.21	41.11	72.92	71.12	18.44	22.85	66.65	44.28	9.06	50.25	49.82	19.31	18.38	33.84	34.48	81.12	34.21	86.31	65.3	56.89	36.5	40.22	57.43	27.02	68.73	34.99	7.28	30.81	61.07	54.45	28.43	36.12	23.77	37.44	50.99	48.08	64.07	18.11	89.31	27.86	57.98	80.62	18.03	53.01	13.34	67.42	52.4	57.43	53.0	16.12	36.06	85.7	47.38	90.79	78.29	76.16	71.12	37.36	31.05	42.58	85.48	3.16	28.16	26.25	74.04	50.33	
50.61	29.73	66.22	75.43	77.47	69.58	20.0	54.08	91.71	61.0	61.59	61.29	60.83	9.85	26.08	0.0	79.88	56.0	11.4	34.66	89.63	13.15	44.41	68.6	58.19	91.08	55.01	53.04	86.35	86.05	14.56	39.12	105.85	57.01	34.89	62.94	46.1	84.05	62.97	16.12	33.96	25.02	23.32	2.24	9.06	64.66	32.98	27.31	31.05	40.31	74.25	44.18	74.25	34.0	77.08	41.98	97.58	42.38	49.24	60.21	23.35	45.18	27.29	91.68	46.01	86.98	67.8	55.04	85.87	90.14	114.59	56.36	60.64	30.46	32.02	46.17	58.01	106.33	65.19	60.03	97.91	83.29	48.88	55.23	104.29	108.72	20.0	35.78	97.08	89.81	53.46	36.72	86.02	47.27	72.45	77.67	47.01	95.52	40.22	48.6	59.62	47.85	13.45	86.28	108.69	113.6	57.25	104.69	100.6	100.81	100.24	54.82	28.23	54.08	76.49	47.38	61.07	61.77	65.51	63.66	28.84	42.72	74.46	96.65	86.15	97.35	57.08	23.09	4.47	91.44	43.86	114.06	54.42	82.01	68.12	85.91	74.97	81.01	62.1	56.75	72.53	84.31	44.05	55.8	41.76	61.77	59.03	49.48	55.61	30.08	14.04	73.88	30.0	69.29	38.6	64.2	40.46	47.17	42.2	83.86	78.92	64.38	32.25	74.09	89.63	69.64	34.83	64.0	10.82	4.47	91.71	17.09	64.88	73.39	97.94	15.81	98.84	73.66	34.0	5.1	92.66	62.2	32.53	72.56	48.1	29.27	8.6	54.08	22.47	107.19	23.02	102.11	81.58	81.61	57.31	19.03	79.31	26.42	55.32	52.15	29.0	33.12	53.24	55.36	4.0	55.9	8.06	62.24	72.11	49.48	87.66	40.0	93.72	5.66	63.51	106.68	23.35	45.28	14.21	82.01	27.02	83.49	76.3	31.3	28.64	90.27	58.52	101.52	79.21	91.21	97.13	25.06	21.26	67.36	100.69	25.5	43.32	7.81	57.01	62.94	
97.99	51.66	62.03	53.76	22.67	54.08	61.29	77.88	18.03	67.91	33.73	62.1	106.04	88.41	73.6	79.88	0.0	66.91	77.16	46.07	97.25	68.25	107.34	12.21	64.94	77.62	47.3	44.92	86.58	52.0	91.55	63.29	90.82	61.0	111.8	92.65	35.38	4.24	103.09	73.93	74.97	69.92	59.51	79.61	86.05	98.23	62.97	69.4	64.07	104.62	13.04	108.47	14.76	70.83	14.21	75.11	23.54	64.47	120.74	19.85	57.31	46.07	72.28	32.53	82.46	16.49	102.11	104.28	28.6	46.65	34.89	104.79	59.41	90.8	106.08	103.08	97.41	26.93	89.63	76.3	101.12	54.71	31.24	51.2	39.82	28.84	64.35	69.84	51.4	100.12	53.6	90.74	47.42	61.03	13.04	30.68	43.19	16.49	44.64	37.48	108.85	33.24	66.89	55.71	32.06	35.69	40.45	93.61	21.26	42.01	31.78	60.42	104.74	107.33	10.82	60.03	19.92	75.95	33.84	22.02	54.23	65.39	73.06	19.03	44.72	100.13	119.89	93.38	76.01	15.3	48.26	34.44	30.02	48.7	23.09	10.0	97.74	7.81	29.61	60.02	64.12	17.69	79.71	95.86	54.23	19.21	23.02	54.08	94.58	67.68	89.27	103.75	52.39	69.01	87.32	40.05	42.38	41.3	37.74	88.2	16.55	94.59	63.35	18.25	35.61	26.02	47.54	45.04	69.07	79.4	15.13	66.64	16.64	20.22	22.09	81.54	92.65	11.7	55.22	82.01	91.24	40.2	80.45	54.33	122.43	55.23	80.16	49.48	59.93	103.32	59.03	38.59	32.2	70.04	102.32	71.87	53.6	53.6	54.74	43.32	80.45	47.01	41.05	127.78	77.7	103.47	85.43	92.89	49.37	121.38	65.15	87.71	16.16	85.45	16.4	102.36	59.41	43.42	79.91	26.42	86.4	92.05	59.68	89.63	105.48	12.65	27.31	25.0	16.28	30.41	93.94	58.69	59.54	66.03	35.85	70.6	100.5	72.4	66.1	26.68	
103.08	53.85	97.08	98.6	49.16	94.79	41.76	97.06	84.72	5.0	33.24	7.81	113.51	65.12	73.38	56.0	66.91	0.0	63.64	40.61	130.36	55.54	100.18	62.63	93.01	121.62	79.21	75.66	123.23	104.29	70.11	17.26	137.19	89.81	88.46	110.17	55.97	69.46	114.18	40.05	24.35	31.02	37.95	54.01	65.01	113.65	71.55	71.51	70.68	96.13	71.17	100.08	53.15	78.0	55.04	17.49	90.43	80.62	104.58	56.36	42.15	68.77	29.27	95.27	93.41	62.2	117.39	108.47	89.69	103.45	97.13	109.66	91.55	84.85	87.37	100.98	108.47	91.01	110.46	100.5	137.41	104.2	52.2	82.13	105.36	90.14	59.46	78.79	110.06	131.76	82.33	89.82	101.55	10.3	69.29	85.88	27.46	82.3	32.53	33.62	113.36	55.44	46.87	106.61	98.41	101.08	26.48	137.93	80.16	105.69	97.98	87.8	82.73	108.5	57.22	10.82	49.98	101.55	34.0	45.12	35.78	81.49	108.71	85.59	99.98	136.61	113.04	79.03	52.04	69.12	24.08	97.08	63.01	99.86	44.18	66.01	120.75	73.01	72.11	89.02	102.59	81.61	90.62	106.25	20.0	59.93	60.9	14.42	105.62	72.62	70.01	122.38	36.72	103.08	89.99	81.84	36.07	29.68	46.01	122.41	77.49	112.0	24.33	74.85	96.25	76.54	36.4	85.04	50.8	52.04	82.04	40.45	62.24	75.64	88.96	43.93	133.96	55.44	65.51	61.01	129.47	80.28	82.28	97.0	102.42	59.54	63.2	79.98	38.9	144.17	39.22	103.74	89.44	111.73	109.64	37.01	101.04	48.76	12.17	73.54	79.56	49.41	26.57	110.17	52.0	108.91	64.01	109.77	93.72	104.69	112.81	91.21	72.11	60.13	57.01	143.4	56.86	28.6	67.6	86.01	38.91	123.98	102.59	85.16	82.87	70.01	65.73	91.66	55.01	93.64	133.54	36.06	42.38	100.12	101.24	70.84	98.01	50.25	1.41	70.49	
40.31	25.5	55.9	66.01	78.03	60.03	23.19	42.72	87.13	68.59	63.69	68.07	50.7	13.15	14.76	11.4	77.16	63.64	0.0	34.89	78.24	9.85	37.12	65.3	47.54	80.36	46.39	44.91	75.13	77.1	14.76	46.39	94.92	46.69	34.66	51.66	42.01	81.39	52.35	25.5	43.46	33.53	27.17	13.45	10.2	53.6	23.02	16.49	21.02	33.24	69.89	37.34	73.6	22.85	76.4	51.26	92.78	31.78	45.62	57.31	25.0	37.64	36.4	85.09	34.66	86.21	56.86	45.22	79.48	81.88	111.21	46.49	50.49	21.21	29.41	37.34	47.17	102.8	53.81	48.76	86.53	74.0	45.97	46.04	97.74	105.76	13.04	24.7	88.68	78.41	44.0	26.57	77.52	54.15	68.24	70.84	50.0	92.01	42.38	50.16	50.0	44.05	17.0	77.0	104.1	109.29	60.44	93.62	98.31	93.68	94.43	44.55	27.59	44.91	75.29	54.08	59.67	50.54	67.78	63.51	31.78	32.02	63.57	92.66	77.93	85.98	50.36	17.46	13.04	89.94	47.85	110.6	49.4	73.25	68.6	84.22	63.64	77.2	55.95	46.53	62.17	79.26	32.65	44.94	47.1	58.26	55.0	55.08	44.65	19.42	12.21	62.8	32.28	58.52	27.78	56.29	41.63	49.65	40.61	72.56	73.93	53.15	39.32	68.96	82.57	63.56	36.4	55.44	13.0	15.56	87.66	23.19	61.22	68.0	93.49	26.91	87.66	72.47	25.96	8.25	81.41	54.34	21.26	63.03	46.04	22.83	4.0	45.18	26.17	95.88	26.31	95.52	74.63	71.06	47.01	27.86	70.0	24.41	61.07	44.38	17.8	30.48	56.32	52.35	14.21	45.88	10.05	50.99	63.07	46.07	77.65	29.15	91.97	13.34	60.83	95.38	17.8	48.08	4.0	75.77	38.21	72.11	66.37	21.59	28.32	88.41	53.34	97.1	78.82	84.86	85.88	29.15	23.54	56.75	94.34	14.56	34.37	13.6	64.5	57.25	
68.0	14.32	56.59	59.36	43.27	55.0	15.26	57.58	59.91	44.65	29.12	41.59	78.06	43.93	38.12	34.66	46.07	40.61	34.89	0.0	89.89	25.06	70.6	35.74	52.43	81.47	39.05	35.61	82.62	66.71	47.8	26.63	97.08	49.2	68.6	71.57	17.72	50.12	77.52	28.16	34.21	26.02	13.6	34.06	42.01	75.71	32.76	35.0	32.39	67.05	42.76	71.17	39.6	40.31	42.43	38.01	65.97	40.85	80.5	27.2	11.4	28.28	29.15	64.03	55.73	52.33	79.62	74.03	58.03	67.72	80.95	75.01	50.99	53.6	64.14	68.88	71.57	72.92	71.17	60.37	96.83	65.76	17.03	41.73	76.03	74.79	24.52	40.61	74.73	91.42	41.77	56.44	64.85	30.48	40.79	51.62	17.12	62.24	9.22	15.52	79.03	18.25	21.26	68.43	76.54	80.99	27.02	97.59	66.29	74.17	70.46	47.2	61.61	75.33	41.87	29.83	26.63	61.29	33.24	29.07	9.0	41.79	68.12	63.91	63.89	96.02	83.93	52.33	30.48	56.85	17.46	80.5	26.48	62.24	33.84	51.4	81.34	48.38	35.9	48.41	62.24	53.6	52.77	69.46	20.62	29.61	28.07	27.29	68.59	35.13	46.04	83.93	7.0	62.48	55.04	43.38	7.07	16.0	9.06	81.84	48.37	73.5	22.47	44.1	63.39	42.3	4.24	45.79	24.08	33.6	59.14	20.62	32.76	44.01	65.8	35.74	93.43	39.05	25.63	37.64	88.87	41.59	47.04	57.43	80.78	20.4	36.89	39.62	13.93	103.59	13.0	74.01	55.58	71.51	74.06	26.48	62.27	11.18	32.7	33.6	45.28	8.94	23.0	87.24	32.02	74.0	41.23	71.31	54.71	80.95	73.5	56.01	59.2	40.31	30.08	102.83	20.1	15.13	38.48	54.04	42.11	83.53	62.8	53.15	62.2	55.8	30.27	69.26	44.6	63.0	92.96	13.15	13.6	59.55	72.06	35.06	65.92	26.91	40.8	35.36	
48.66	76.61	36.14	44.05	114.54	43.19	91.35	35.61	91.55	134.53	111.43	131.37	45.04	88.19	63.6	89.63	97.25	130.36	78.24	89.89	0.0	80.72	67.48	88.12	37.59	25.55	54.08	57.58	11.4	50.7	85.87	114.81	27.73	41.15	91.44	29.83	77.47	100.08	39.01	101.24	117.41	106.79	94.37	91.61	85.59	32.06	60.14	63.13	61.52	69.05	84.21	69.46	105.91	56.08	107.52	123.99	93.38	50.33	84.1	86.83	89.5	62.61	110.32	75.71	44.29	113.53	32.06	50.04	74.67	59.48	115.52	49.01	40.5	65.55	83.68	59.54	39.32	108.5	25.63	30.41	8.54	46.1	83.01	50.33	82.87	114.27	74.25	54.56	60.93	3.61	49.24	58.52	55.54	120.1	84.38	68.07	105.59	101.4	98.62	101.08	50.09	78.92	89.11	46.84	102.11	107.7	113.22	23.41	113.22	75.61	86.83	42.94	87.93	55.01	104.24	119.54	94.64	29.07	114.83	102.2	95.0	49.58	24.33	98.73	58.46	8.25	70.18	76.69	90.43	112.07	107.19	114.54	74.33	51.79	107.97	107.23	19.0	91.02	69.23	42.05	33.14	84.15	45.79	40.61	110.39	84.17	80.52	117.14	39.81	60.88	83.19	26.48	93.81	29.12	54.23	57.71	95.38	103.77	86.31	9.06	82.0	29.43	108.71	79.1	70.61	71.25	94.03	52.77	86.37	93.6	95.34	95.46	84.53	77.1	96.18	104.64	16.55	102.59	65.0	85.98	10.63	58.05	57.8	43.01	90.27	71.22	81.54	52.55	93.61	19.24	92.96	81.27	68.36	28.44	45.04	102.55	45.4	82.01	122.3	59.81	61.4	80.99	110.02	89.01	92.01	48.04	86.09	30.81	48.01	85.09	37.34	52.92	112.0	90.74	89.27	19.1	75.07	103.83	76.01	74.24	115.88	6.4	38.05	63.69	88.89	109.04	74.22	98.66	110.48	77.47	13.0	95.9	90.03	32.28	82.57	64.66	60.02	89.38	130.63	72.18	
47.54	17.0	54.42	62.8	68.26	57.07	14.04	45.25	79.18	60.42	53.85	59.41	57.97	20.25	18.36	13.15	68.25	55.54	9.85	25.06	80.72	0.0	46.53	56.61	46.96	79.71	42.11	40.0	76.28	73.17	23.35	38.33	94.81	45.31	43.93	56.3	33.62	72.47	58.87	20.52	37.44	26.93	18.03	14.0	17.8	59.06	21.47	17.69	19.72	42.76	61.77	46.87	64.03	24.76	66.84	44.78	84.97	31.38	55.46	48.41	15.3	32.06	30.23	78.59	39.12	76.69	62.61	52.95	72.8	77.06	102.65	54.13	48.7	30.02	39.12	46.01	53.31	94.3	57.63	50.45	88.73	70.58	37.01	42.58	91.21	97.01	7.28	26.17	84.02	81.32	41.0	34.37	73.0	45.71	60.03	64.54	40.26	83.49	32.57	40.31	57.87	35.51	8.94	73.55	96.18	101.21	50.7	94.02	89.27	87.66	87.32	43.08	36.88	53.24	65.86	45.54	50.25	52.01	57.94	53.82	22.2	31.91	63.53	84.38	73.06	88.09	59.84	27.31	11.18	80.62	38.33	102.08	41.63	69.07	58.83	74.95	67.8	68.8	49.04	44.94	60.75	71.59	36.62	51.08	38.01	49.65	46.65	46.01	50.57	19.85	21.26	68.1	22.56	58.14	34.48	51.09	31.78	39.85	31.14	74.2	66.21	57.98	31.32	61.33	76.49	56.61	26.57	51.04	5.66	15.13	79.4	15.65	52.7	60.54	85.48	24.6	88.51	63.03	21.1	13.89	82.66	49.09	26.93	60.02	55.76	16.12	12.04	41.3	17.03	97.42	17.0	89.02	68.45	70.01	54.12	22.02	66.61	14.87	52.01	39.05	24.04	21.26	46.57	62.18	13.15	53.37	17.2	55.76	59.3	55.9	75.43	35.74	82.73	18.03	51.86	96.83	10.2	38.33	13.6	68.96	35.51	74.41	64.03	30.02	37.54	79.21	45.69	89.07	69.2	78.16	87.09	20.02	14.04	55.95	87.64	16.4	43.01	8.94	56.29	49.98	
19.0	58.31	63.98	77.83	112.54	72.07	60.3	41.44	113.22	105.17	99.72	105.0	24.17	36.4	34.0	44.41	107.34	100.18	37.12	70.6	67.48	46.53	0.0	95.13	55.01	81.22	65.19	65.76	70.06	89.89	31.62	83.05	92.09	56.94	25.55	38.01	72.56	111.5	29.41	60.53	78.26	69.35	64.28	46.53	35.69	35.51	44.41	38.08	43.27	4.12	97.45	2.0	106.89	36.88	109.57	86.31	118.09	45.34	17.46	88.32	61.81	61.85	71.7	106.04	30.87	119.0	36.4	18.03	101.41	97.25	138.95	19.31	60.9	17.09	19.1	8.0	28.16	130.48	43.01	48.08	75.8	85.43	77.83	62.63	118.0	134.47	46.17	38.21	102.88	65.92	59.82	16.97	92.28	91.01	96.21	92.2	86.68	120.1	78.85	86.13	20.25	74.79	54.08	88.14	129.4	135.06	97.08	89.0	128.46	112.33	117.03	55.76	24.76	13.89	107.82	91.0	92.57	50.0	103.85	97.69	68.73	44.69	65.0	119.75	93.81	75.66	13.34	21.38	48.17	121.59	84.85	138.19	77.42	87.32	103.25	115.76	48.66	105.42	80.72	57.45	68.71	104.69	32.25	27.02	84.21	88.2	84.31	92.2	28.0	39.66	30.81	43.01	69.05	62.3	21.4	75.93	77.62	86.12	74.46	66.01	99.82	38.12	76.03	94.92	102.2	87.69	72.78	72.8	50.09	48.66	114.87	60.0	90.7	93.43	119.55	58.94	82.01	105.12	52.15	39.32	75.01	74.41	27.02	74.71	23.02	53.23	37.01	63.13	63.29	86.7	63.39	115.8	95.27	74.73	22.8	63.39	81.84	59.48	98.18	66.48	26.93	64.26	92.96	23.77	48.37	19.92	36.67	37.01	77.18	18.44	84.43	21.63	123.17	41.23	91.92	86.58	50.92	84.72	33.14	98.41	68.95	63.07	75.24	17.89	25.46	119.57	80.6	123.07	112.26	106.53	79.06	66.27	60.53	62.39	115.42	37.12	8.54	50.01	101.12	82.98	
86.01	39.82	52.24	45.88	26.93	45.12	50.7	66.49	24.33	64.47	31.06	59.03	94.24	76.84	61.4	68.6	12.21	62.63	65.3	35.74	88.12	56.61	95.13	0.0	54.15	70.38	36.22	33.54	77.88	46.62	79.81	56.14	84.53	50.16	99.9	81.39	23.35	16.4	91.48	63.89	67.03	60.83	49.34	68.48	74.4	86.88	50.77	57.2	51.87	92.42	8.54	96.26	18.03	58.67	19.42	68.26	30.41	52.55	108.58	8.54	46.62	34.01	63.51	32.7	70.58	26.17	90.8	92.31	27.29	43.14	46.04	92.85	49.0	78.6	94.05	90.92	85.73	37.74	78.64	65.38	92.65	48.37	19.72	40.2	42.95	40.46	52.4	57.71	49.04	90.8	42.43	78.55	42.64	55.32	6.71	25.5	36.5	26.93	36.06	30.27	96.93	21.26	55.9	49.93	40.8	45.31	36.67	86.82	33.42	43.08	36.12	49.37	92.85	95.27	16.12	54.34	12.65	65.19	32.65	18.6	44.38	53.49	63.79	28.23	40.36	91.68	107.7	81.32	64.88	26.93	41.3	45.49	17.89	42.72	22.67	21.19	87.14	12.65	19.03	49.16	55.11	19.24	67.78	84.12	47.27	7.07	10.82	48.76	82.86	55.47	77.47	92.78	42.45	59.3	75.18	30.41	33.24	34.37	26.93	79.08	14.87	83.36	55.08	12.81	34.13	17.89	37.85	35.36	57.8	68.43	23.41	56.3	4.47	14.14	30.08	71.47	85.09	14.56	43.01	70.46	82.97	30.15	68.26	45.88	110.34	43.14	68.41	38.33	49.65	95.86	48.7	41.23	28.32	61.98	90.48	62.1	46.52	42.19	50.7	31.78	68.24	35.51	36.06	115.62	66.65	91.55	73.82	81.58	41.11	109.22	58.59	75.59	28.18	74.09	6.0	94.92	47.51	36.22	67.94	23.85	77.28	82.61	51.55	77.42	93.61	24.6	15.52	33.53	22.36	31.02	86.02	48.76	48.85	56.22	38.83	58.41	88.32	61.29	62.03	16.03	
39.05	39.62	9.22	22.83	79.23	17.2	55.44	14.87	64.4	97.08	74.33	93.81	44.2	59.84	33.38	58.19	64.94	93.01	47.54	52.43	37.59	46.96	55.01	54.15	0.0	32.89	18.0	21.1	30.41	34.89	59.21	77.9	47.85	4.0	72.01	28.23	40.16	68.45	39.96	66.89	81.69	71.22	58.05	59.81	56.89	34.01	25.5	31.05	27.31	54.23	52.39	56.8	71.03	25.18	73.0	87.73	68.1	15.81	72.09	51.16	53.08	25.08	74.81	53.26	24.19	80.31	37.7	44.55	49.65	42.44	90.35	44.55	6.4	43.93	64.13	48.02	35.0	82.29	24.74	11.4	44.41	30.46	45.88	14.0	64.35	87.32	39.82	23.19	47.89	39.4	12.17	39.22	37.44	82.8	51.97	40.82	68.0	73.16	61.06	63.56	48.17	41.76	54.38	33.24	78.77	84.6	75.77	47.17	83.82	58.14	64.82	5.39	66.37	48.92	70.03	82.2	58.55	11.05	77.88	65.92	58.05	15.52	16.64	71.59	39.2	43.6	64.4	53.15	57.78	80.23	69.64	89.47	38.21	32.45	71.85	74.81	33.02	60.17	35.36	5.0	15.0	55.95	22.85	34.06	73.01	49.01	45.04	79.61	32.65	28.16	56.22	38.83	56.73	11.18	34.18	25.63	57.8	66.19	48.75	29.41	52.2	30.08	72.12	48.08	48.84	39.85	56.61	21.02	52.35	61.47	67.23	60.22	50.04	46.17	70.24	71.55	42.01	68.0	28.32	55.79	36.77	25.0	32.25	19.72	76.55	34.71	51.42	16.03	57.38	51.62	56.64	62.23	43.01	23.54	41.11	67.68	26.83	45.25	84.72	23.19	35.06	43.6	72.5	78.72	59.62	43.14	57.07	28.64	22.67	73.01	31.06	33.62	80.81	60.88	54.04	50.93	39.41	66.24	46.69	47.51	82.37	31.3	20.62	41.98	67.36	77.47	39.0	73.43	76.0	54.2	41.04	59.41	53.91	9.22	62.29	32.98	46.53	55.9	93.23	38.33	
62.59	70.46	25.55	24.6	97.31	27.02	87.13	41.0	69.07	125.21	97.64	121.17	62.77	92.42	65.97	91.08	77.62	121.62	80.36	81.47	25.55	79.71	81.22	70.38	32.89	0.0	42.45	45.97	14.87	27.0	91.41	107.94	15.62	34.44	102.0	44.6	65.86	79.83	56.86	99.3	113.16	102.93	89.31	92.7	89.5	49.24	58.31	63.89	60.17	81.61	64.85	83.19	88.39	57.72	89.54	118.6	70.06	48.7	98.66	71.2	84.31	53.26	106.53	52.09	52.01	94.11	51.0	66.1	52.09	35.23	91.66	65.46	31.38	74.03	94.01	73.35	54.71	85.15	39.22	34.0	25.5	23.19	70.43	39.82	57.97	91.09	72.5	55.79	35.74	29.15	40.22	68.03	32.0	111.76	65.46	47.07	94.92	79.1	89.1	89.5	67.78	66.71	86.77	23.0	77.93	83.36	100.8	16.64	91.2	50.7	62.65	36.67	97.08	71.17	86.03	111.04	79.26	32.0	100.5	86.83	88.41	48.38	17.12	76.01	35.0	24.52	87.28	84.29	90.62	91.59	97.59	90.67	60.22	29.27	92.13	87.32	38.83	70.61	52.84	34.89	19.42	62.51	52.04	55.08	101.86	68.0	65.0	107.52	53.85	61.03	88.46	47.43	86.83	21.84	63.01	41.34	85.56	92.85	75.69	19.1	61.39	45.31	102.8	59.48	47.04	52.55	85.7	37.2	85.0	94.34	73.17	92.28	67.54	57.57	73.03	104.28	15.13	84.86	60.03	88.6	15.81	42.44	63.39	25.24	104.09	66.37	84.2	41.87	88.75	25.71	87.92	56.52	46.39	10.0	61.35	99.85	24.04	76.28	111.95	48.08	66.61	73.25	98.23	104.56	92.48	64.2	89.74	45.54	29.53	99.64	13.0	62.03	91.08	93.68	72.9	24.74	71.59	93.43	79.31	52.47	114.93	24.04	19.42	72.03	98.08	88.46	58.83	75.17	92.36	54.04	17.03	90.44	85.44	23.77	58.05	65.8	72.84	88.64	121.63	55.47	
52.43	29.15	18.36	21.19	61.29	16.12	46.24	30.68	48.83	82.88	57.38	79.03	59.48	59.54	35.47	55.01	47.3	79.21	46.39	39.05	54.08	42.11	65.19	36.22	18.0	42.45	0.0	3.61	45.18	31.06	60.42	65.6	58.05	14.0	77.08	45.35	23.85	50.96	56.08	59.48	71.59	61.74	47.85	56.08	56.57	50.96	24.04	31.62	25.96	63.41	35.11	66.71	53.04	29.15	55.0	76.55	53.26	19.85	81.02	33.24	42.95	11.18	65.31	41.05	36.62	62.39	54.82	58.52	36.24	35.51	74.89	58.83	13.6	50.77	69.78	59.41	50.57	66.57	42.43	29.15	59.93	28.64	29.07	4.0	53.34	71.2	35.01	27.46	42.3	56.32	6.32	48.27	31.14	69.31	34.48	27.02	52.8	56.82	46.69	47.71	62.77	25.06	47.3	31.58	64.44	70.18	59.54	58.73	66.85	48.33	51.86	13.15	70.58	62.2	52.04	68.59	40.79	29.02	60.75	48.27	46.32	20.52	30.41	55.76	31.58	59.03	76.42	57.38	53.24	62.59	55.23	74.06	20.4	27.0	54.13	57.07	51.01	43.08	17.72	13.0	23.43	40.22	34.21	49.19	59.41	31.02	27.07	65.19	47.85	28.79	57.49	56.57	44.65	25.08	43.86	10.82	43.19	50.8	33.42	45.31	35.85	47.3	60.75	31.3	37.59	23.32	43.28	9.06	46.53	57.22	51.11	51.87	32.06	29.53	55.0	65.51	55.0	50.0	21.02	54.15	51.11	9.22	38.83	18.79	84.38	26.48	50.36	2.24	47.42	65.46	46.52	51.11	30.23	32.53	55.95	59.46	24.74	34.93	69.81	5.83	40.31	31.06	56.6	88.01	55.23	57.45	56.44	45.61	17.26	81.84	34.89	43.84	63.32	59.08	36.06	64.64	32.39	51.22	47.07	33.24	75.29	48.08	23.85	49.09	71.51	59.91	21.0	58.41	58.0	41.4	54.92	48.76	44.38	21.93	50.48	33.53	57.28	50.49	79.25	20.62	
53.85	26.25	21.95	24.17	58.14	19.42	43.32	32.98	47.63	79.31	53.85	75.43	61.33	58.05	34.89	53.04	44.92	75.66	44.91	35.61	57.58	40.0	65.76	33.54	21.1	45.97	3.61	0.0	48.76	33.38	59.2	62.2	61.55	17.12	76.49	47.85	20.25	48.7	58.19	56.75	68.43	58.69	44.78	54.0	55.11	53.37	23.26	30.87	25.08	63.78	33.11	67.21	50.0	29.21	52.04	73.25	52.35	20.62	81.22	30.07	39.92	8.25	62.24	41.18	38.08	59.68	57.27	60.03	36.06	37.12	73.6	60.42	17.09	50.8	69.35	60.31	52.55	65.22	45.18	32.02	63.51	31.32	25.5	7.28	53.67	69.64	33.06	27.66	44.05	59.77	9.0	48.8	33.0	65.8	32.31	26.93	49.2	55.23	43.14	44.1	64.41	21.47	44.72	34.21	63.64	69.31	55.95	62.29	64.88	49.04	51.61	16.0	69.86	63.51	49.16	65.07	37.48	32.02	57.25	44.91	43.05	21.4	34.0	54.41	33.14	62.61	77.34	56.8	51.04	60.17	51.66	72.8	17.12	29.15	50.8	54.57	54.01	41.15	15.65	16.12	27.02	39.05	35.51	51.08	55.9	28.02	24.0	61.62	49.77	28.18	56.32	59.3	41.34	28.64	44.6	11.4	39.62	47.2	29.83	48.85	34.41	49.82	57.45	29.68	38.08	22.02	39.82	11.18	44.18	55.04	49.65	49.04	29.27	28.02	53.91	62.97	58.6	47.04	19.1	52.47	54.71	9.49	39.05	21.95	84.31	24.08	48.84	5.1	44.38	69.07	43.46	51.43	30.41	36.07	57.7	56.61	27.51	31.95	66.22	2.24	40.22	27.78	53.0	88.24	53.04	59.06	54.92	48.05	19.92	82.01	38.08	44.69	61.03	57.31	33.0	68.24	30.07	47.63	45.88	32.8	72.53	51.55	27.2	49.2	70.77	57.57	18.11	57.38	55.04	41.34	58.52	45.62	41.44	25.5	50.61	32.7	58.05	48.17	75.69	18.38	
