230
0.0	97.91	50.96	16.03	99.98	66.01	47.71	87.66	62.29	93.74	62.43	72.03	12.65	26.68	46.14	43.27	102.73	34.71	74.46	60.93	100.0	101.36	63.41	37.0	68.71	54.45	96.38	89.87	111.68	98.74	100.21	77.67	48.75	44.82	67.94	33.24	49.65	40.2	43.29	82.15	79.51	52.0	51.89	24.41	47.42	36.69	92.78	42.01	91.84	102.96	66.61	62.13	68.59	61.85	18.11	105.04	54.34	64.29	89.27	59.46	42.49	71.06	75.66	69.77	93.3	55.46	73.54	102.88	89.89	96.26	15.0	105.32	72.03	55.01	39.01	10.77	98.25	84.58	28.64	110.6	90.09	85.44	42.8	17.12	92.44	46.04	102.39	41.44	14.56	42.05	36.67	4.0	59.51	78.19	24.21	94.05	33.24	94.63	51.24	87.66	61.68	78.79	91.98	99.04	61.4	96.83	89.81	92.57	57.01	38.83	41.44	96.38	27.02	26.02	81.3	71.59	80.8	45.54	11.18	81.88	65.19	88.96	103.39	117.63	10.82	77.41	5.39	61.59	33.42	98.08	118.47	17.72	51.24	61.13	80.5	96.15	86.28	92.2	81.86	95.43	58.41	95.69	34.06	18.03	12.81	68.03	107.15	53.6	80.65	95.52	78.52	50.64	32.39	58.18	70.72	53.14	99.01	71.06	92.35	53.85	56.22	79.31	8.06	77.0	6.32	61.29	67.08	86.33	83.68	25.63	45.12	111.07	91.61	93.11	64.38	8.25	92.2	63.81	57.43	55.11	76.12	53.85	47.27	85.0	101.79	26.25	65.73	117.2	90.35	107.02	46.1	79.91	73.01	110.29	82.73	94.03	24.04	37.95	72.25	41.77	82.1	81.94	87.05	63.81	90.8	119.42	56.29	48.8	117.17	72.11	42.38	45.12	20.62	95.34	43.01	77.08	89.45	40.31	86.31	65.12	74.73	110.48	50.7	56.59	116.69	96.42	58.01	119.88	64.4	55.0	
97.91	0.0	76.06	108.47	44.78	57.97	90.79	10.3	52.55	73.82	118.19	53.76	90.79	73.66	59.91	90.92	108.23	95.44	37.11	124.78	30.89	107.17	42.3	62.97	34.48	45.31	104.02	106.23	34.71	1.0	114.0	71.18	115.76	53.34	35.36	80.6	127.06	78.45	62.8	60.01	107.87	134.2	47.38	75.59	51.66	114.02	44.38	56.08	108.17	105.39	97.8	116.87	47.8	115.55	107.56	57.27	72.62	74.46	75.24	107.15	111.77	115.74	65.28	29.83	103.0	119.47	29.97	103.48	14.04	2.0	98.35	80.08	57.71	80.0	81.58	100.77	50.92	20.4	86.68	37.48	69.46	25.02	55.23	106.89	64.94	63.51	38.08	76.3	84.2	65.25	65.8	95.72	122.54	28.16	93.51	4.12	116.93	110.07	76.11	105.39	41.05	87.46	37.11	30.41	36.72	111.02	43.74	96.02	128.28	91.27	58.69	19.7	86.65	78.49	48.0	29.68	104.24	71.69	88.32	18.36	80.52	42.58	67.68	108.91	98.6	22.2	95.0	117.27	100.8	61.4	103.16	81.22	67.08	62.3	64.01	98.13	48.26	75.54	90.27	48.08	45.89	109.02	70.84	79.88	94.92	33.02	97.67	130.36	28.44	104.0	46.1	70.21	115.52	41.77	108.24	63.2	94.53	36.0	63.95	126.25	134.53	62.03	98.86	55.15	92.96	52.92	68.66	18.25	34.0	78.39	121.83	66.19	109.22	93.09	37.85	101.04	110.22	118.7	48.66	129.54	42.43	81.15	76.42	106.79	40.71	72.95	45.0	107.94	63.64	99.46	57.63	43.05	56.57	69.35	116.3	4.47	84.9	114.2	106.48	120.6	15.81	88.2	52.35	47.01	16.03	112.81	50.25	51.08	109.66	80.06	68.66	58.26	83.67	17.09	54.92	112.06	64.5	77.47	70.11	46.24	75.54	107.35	49.52	104.79	95.82	48.38	60.54	113.78	35.47	136.61	
50.96	76.06	0.0	50.04	57.31	21.4	15.0	68.01	23.85	43.19	42.15	28.02	38.33	30.48	59.93	16.4	55.15	24.7	40.22	48.88	63.03	53.74	64.78	29.53	41.79	52.95	48.8	44.65	74.03	76.49	55.22	27.07	41.04	44.27	64.07	17.72	53.91	70.29	19.92	34.21	38.9	62.01	36.06	48.8	34.53	43.42	50.25	43.08	46.87	54.56	25.5	40.85	29.83	39.56	47.17	58.52	4.47	13.34	38.47	31.32	38.42	41.19	26.31	47.8	46.01	43.83	46.1	54.04	63.13	75.24	40.05	54.59	25.94	84.05	71.51	45.18	53.31	56.44	23.09	71.61	40.0	53.82	42.72	47.1	43.29	16.28	62.43	69.81	39.36	60.54	24.7	52.2	46.65	48.37	30.02	73.54	48.85	49.65	78.49	42.72	36.14	29.21	52.63	62.29	51.0	51.61	47.71	43.42	53.26	18.79	29.73	64.82	64.66	26.42	38.28	46.82	37.58	8.06	50.12	57.78	15.0	47.43	54.23	67.96	43.29	54.42	45.61	41.23	30.46	50.01	67.98	37.22	9.22	15.62	31.4	47.01	42.54	41.44	32.65	51.43	61.39	50.0	21.93	41.62	39.46	43.97	56.82	56.59	49.09	48.1	37.01	6.08	47.54	38.21	35.06	71.11	48.88	69.12	43.42	51.66	60.83	30.81	45.54	31.3	51.08	23.32	17.12	58.67	47.42	55.17	49.2	62.8	47.17	43.27	61.2	47.38	48.02	42.72	63.06	55.17	37.48	6.08	75.21	41.59	60.75	46.69	70.21	67.42	41.44	56.94	24.33	39.7	27.29	61.29	45.89	71.59	26.93	43.05	34.37	49.09	62.94	32.2	41.63	69.63	62.43	70.21	26.68	51.24	67.68	21.47	64.35	24.52	55.61	65.22	41.44	40.45	40.31	69.66	36.01	30.02	23.77	61.4	33.06	28.79	65.79	52.33	15.81	70.8	42.95	63.89	
16.03	108.47	50.04	0.0	104.4	68.66	42.2	98.41	66.73	93.02	50.25	75.19	17.69	34.83	60.93	37.85	96.38	27.89	80.96	47.17	106.51	95.08	77.18	45.61	76.85	67.2	90.25	82.76	118.19	109.22	92.59	77.0	35.61	56.85	81.02	33.73	34.21	56.22	48.75	83.73	71.2	36.01	61.22	39.0	56.85	22.47	97.12	54.04	84.53	97.14	59.62	50.21	73.39	50.21	3.61	107.69	54.15	63.01	88.09	49.65	29.73	60.31	76.24	79.2	87.09	42.2	81.84	97.41	99.05	106.96	10.77	104.17	74.33	71.03	55.04	7.81	101.64	93.19	27.29	116.62	90.02	93.15	54.67	3.16	93.26	50.33	107.91	57.43	25.0	57.25	43.57	20.02	46.04	86.09	20.02	104.8	17.72	87.21	67.27	80.53	69.64	74.73	97.5	105.6	72.86	89.44	94.25	87.64	42.15	33.54	50.0	104.45	43.0	30.89	85.16	80.45	73.35	46.87	26.68	91.4	62.39	93.61	104.24	112.58	9.9	87.01	15.23	49.52	24.17	99.72	114.48	27.66	53.15	63.15	81.3	91.09	89.99	91.09	77.37	99.2	72.2	88.57	39.36	30.53	13.6	76.84	103.08	38.08	88.19	89.32	82.86	51.62	17.09	67.2	61.59	68.68	94.83	84.6	93.34	39.0	40.45	80.5	10.3	79.62	22.2	65.79	67.12	95.13	89.96	41.23	30.08	112.64	84.08	88.77	77.42	8.54	84.53	51.66	71.59	39.85	81.34	51.16	63.29	77.37	106.89	40.25	80.06	112.27	91.35	102.62	52.84	84.76	75.5	111.29	73.01	104.35	25.63	23.85	63.63	26.57	92.76	77.88	90.03	78.26	99.57	113.89	62.61	61.85	111.95	69.46	57.97	51.97	36.5	103.77	54.56	67.68	90.27	56.32	86.01	70.77	73.11	105.0	59.41	47.17	113.77	100.17	60.88	114.23	73.6	39.01	
99.98	44.78	57.31	104.4	0.0	36.25	71.28	45.0	37.85	32.76	94.05	29.55	88.84	73.44	80.32	73.57	67.9	81.84	27.46	102.59	14.32	67.08	69.97	64.03	36.69	64.62	65.0	69.64	19.7	44.38	75.19	37.8	97.2	65.51	64.07	70.84	110.68	98.49	56.72	25.5	75.29	118.98	52.61	85.21	56.32	100.72	7.28	67.08	71.17	64.63	69.53	92.63	31.4	91.22	102.14	12.53	52.84	48.27	36.06	82.73	95.41	87.62	33.94	41.15	64.85	98.6	34.01	62.51	33.02	45.62	93.68	36.22	31.38	106.23	101.14	97.98	7.07	30.41	77.49	16.12	29.73	24.84	66.1	101.83	24.04	54.34	8.06	96.84	85.59	84.48	63.39	99.5	100.5	29.53	85.09	45.65	105.99	72.42	101.02	69.46	41.59	53.34	10.3	14.56	55.04	72.8	10.2	57.28	108.71	76.06	60.0	25.08	100.84	74.53	19.31	37.58	70.71	57.94	94.09	36.8	53.04	11.05	23.35	65.38	95.8	38.6	95.35	93.34	87.66	18.03	59.03	82.49	51.62	42.05	29.83	58.46	14.76	35.17	55.01	6.4	70.66	70.88	66.1	84.1	91.68	39.56	55.0	113.0	26.42	65.25	21.59	53.71	104.65	47.07	79.2	88.64	53.6	67.8	23.09	107.62	117.2	29.0	97.29	26.08	97.33	38.83	42.01	31.14	19.31	90.55	106.23	21.63	72.45	53.85	64.14	99.46	73.39	94.07	73.79	111.21	24.02	59.64	99.62	72.01	5.1	82.22	75.17	64.38	23.77	57.01	54.15	20.1	30.02	24.6	83.73	42.06	78.85	100.34	76.61	106.33	44.55	52.77	16.28	76.32	30.23	69.35	44.05	68.31	66.27	49.04	88.89	55.15	94.19	27.73	64.94	80.99	25.08	97.53	32.2	35.06	43.42	65.01	52.24	81.39	51.42	5.83	43.66	70.35	43.32	120.67	
66.01	57.97	21.4	68.66	36.25	0.0	36.07	51.35	8.06	31.06	61.59	6.71	54.08	40.61	59.41	37.8	56.46	45.65	20.88	69.2	41.73	55.15	57.71	33.62	26.08	47.43	50.92	50.64	52.63	58.24	59.91	18.03	62.24	42.45	54.78	34.93	75.29	74.33	23.77	16.49	50.25	83.41	29.83	56.08	31.14	64.66	29.07	42.64	52.77	54.56	39.85	60.21	10.2	58.83	66.22	39.2	17.03	16.49	28.32	50.25	59.82	57.94	12.73	33.24	49.04	64.54	29.07	53.24	44.27	57.49	58.05	42.54	6.08	85.8	76.32	62.65	32.98	37.64	41.48	50.22	26.42	34.01	41.87	65.97	27.2	20.22	41.05	73.24	52.24	61.85	31.05	66.19	67.01	29.83	49.04	56.09	69.77	55.11	80.16	49.37	23.41	31.58	31.24	41.01	41.63	56.52	26.42	43.46	74.28	39.96	30.89	44.42	72.62	40.0	17.0	31.02	47.01	21.84	61.98	40.45	22.56	26.08	37.85	64.03	60.53	38.05	61.01	60.75	51.48	32.14	61.52	49.37	15.52	5.83	16.12	46.52	21.54	30.61	34.93	30.68	55.76	54.57	32.14	52.17	56.44	29.27	51.86	77.9	29.73	50.6	15.62	17.46	68.43	28.18	50.29	70.04	45.49	59.81	26.93	72.84	82.13	14.32	62.29	11.05	64.38	8.6	11.0	39.85	26.63	62.24	70.6	45.1	53.6	41.59	52.8	64.38	54.59	61.91	58.25	76.38	16.64	24.84	77.62	50.04	39.45	53.31	63.53	63.25	25.0	52.8	23.71	18.38	7.0	44.55	58.55	53.6	43.42	64.35	48.51	70.46	47.04	33.24	21.38	63.63	43.08	67.2	17.03	48.17	64.2	23.09	66.22	24.6	64.51	45.18	40.46	54.13	24.35	73.5	23.6	13.15	19.92	59.36	27.59	48.26	57.01	31.62	8.0	68.01	30.08	85.28	
47.71	90.79	15.0	42.2	71.28	36.07	0.0	82.46	38.83	52.61	27.89	42.52	35.61	34.93	68.15	4.47	55.07	14.32	55.22	34.0	77.79	53.71	76.01	38.33	56.36	64.01	48.76	42.2	88.62	91.24	52.63	37.36	26.17	54.23	76.24	18.79	39.41	75.18	31.14	46.96	32.65	47.71	48.51	52.84	46.1	30.36	64.4	52.47	44.2	55.46	19.1	26.68	44.82	25.5	38.83	71.18	19.1	23.77	47.38	18.0	24.19	29.43	38.48	62.03	45.65	28.84	60.83	55.54	78.03	89.9	34.01	63.13	40.0	89.9	75.8	39.4	66.73	71.34	19.8	86.05	50.45	68.82	52.35	39.05	54.71	28.64	76.84	75.13	39.7	67.68	33.24	50.0	31.76	63.29	23.71	88.14	36.67	47.01	84.58	40.0	50.33	32.56	67.27	77.08	63.64	49.2	62.01	45.54	38.29	8.94	40.01	79.81	67.01	28.65	52.63	61.33	33.3	19.65	50.21	72.45	21.21	61.85	65.25	70.58	38.01	68.94	42.44	26.93	19.0	62.03	72.28	38.6	23.71	30.41	43.46	49.04	56.61	50.36	35.17	65.19	72.11	48.01	28.64	43.83	34.99	58.31	60.88	41.87	64.07	47.89	51.66	20.59	35.51	51.66	25.5	79.12	52.63	81.15	55.03	36.77	46.1	43.38	40.71	45.22	49.68	38.28	29.53	73.57	62.37	58.83	34.99	74.33	44.05	46.57	73.11	42.05	44.69	28.64	73.33	40.31	52.4	11.66	80.96	37.54	75.0	51.43	81.1	70.23	53.14	60.44	36.35	54.45	41.4	72.28	37.59	86.31	25.5	29.73	26.08	35.34	77.25	35.69	55.23	80.22	77.39	72.09	40.85	61.29	70.01	28.07	70.94	36.22	57.8	80.21	51.24	31.76	51.87	74.71	46.32	44.94	32.56	63.16	45.54	15.03	71.7	66.04	30.81	72.5	56.92	49.41	
87.66	10.3	68.01	98.41	45.0	51.35	82.46	0.0	45.12	70.88	110.14	48.0	80.72	63.66	50.01	82.29	104.24	86.28	31.0	116.36	32.56	103.1	33.0	53.04	26.25	35.11	99.61	101.02	39.36	11.18	109.37	66.12	106.94	43.05	26.0	71.28	117.89	68.73	53.54	55.9	101.6	124.85	37.54	65.3	41.73	104.62	42.94	45.79	103.04	101.61	90.8	108.85	41.19	107.56	97.59	57.43	64.85	67.74	71.59	99.3	102.73	108.42	60.07	20.59	98.33	110.92	22.36	99.82	12.04	8.6	88.39	78.39	52.0	71.18	71.85	90.69	50.25	15.81	77.2	41.34	66.22	21.54	44.94	96.9	62.3	54.59	39.6	66.61	74.03	55.32	56.08	85.44	114.13	22.02	83.87	6.4	107.3	105.12	67.01	100.0	32.2	82.0	35.85	31.83	26.42	106.23	41.63	91.66	119.47	82.37	48.84	21.4	76.54	68.68	43.93	21.19	98.25	63.07	78.03	11.0	73.82	40.31	66.65	106.57	88.53	13.6	84.81	109.2	91.53	59.93	101.39	71.06	58.87	55.11	59.54	94.05	45.22	72.28	85.02	47.01	36.22	104.24	61.22	69.63	84.9	24.17	94.92	121.26	23.35	99.5	41.44	62.03	105.89	32.2	101.2	54.0	91.01	27.46	61.35	117.34	125.4	57.43	88.73	50.25	82.68	45.35	62.29	14.32	30.36	68.15	112.61	66.61	104.02	88.96	28.16	90.91	105.02	110.72	39.12	120.57	37.12	73.38	67.07	101.08	41.77	62.65	36.35	105.62	60.73	96.57	48.26	38.64	51.01	69.34	109.9	7.07	75.17	104.86	99.64	111.25	5.66	83.05	49.34	38.21	14.87	110.37	41.63	40.85	107.21	74.11	58.86	48.83	73.41	18.6	44.65	105.38	61.4	67.74	66.29	38.83	70.0	104.29	39.82	96.8	94.43	47.51	52.89	111.32	26.08	127.31	
62.29	52.55	23.85	66.73	37.85	8.06	38.83	45.12	0.0	38.42	65.74	10.77	50.99	36.0	51.74	39.7	64.47	46.23	16.4	72.72	40.5	63.16	49.65	27.66	19.1	39.41	58.87	58.25	51.97	52.92	67.72	26.08	64.66	34.83	46.82	33.54	77.08	67.23	19.03	22.83	57.01	84.9	21.93	50.0	23.6	65.44	30.59	35.23	60.42	62.61	45.71	64.4	6.71	63.07	64.62	43.1	20.12	23.0	36.07	54.63	61.52	63.32	20.62	26.0	56.92	67.68	22.8	61.29	39.36	51.87	55.97	49.65	12.81	78.24	69.35	60.17	36.01	32.65	40.25	50.09	33.6	30.0	34.41	64.26	33.54	16.49	41.23	66.04	48.04	54.41	26.02	62.03	70.49	24.6	47.85	50.29	69.89	62.82	72.62	56.89	15.52	39.29	30.87	39.66	33.62	64.29	27.66	51.48	77.01	41.04	24.35	41.11	66.41	36.67	19.03	24.19	54.08	21.4	57.14	34.48	29.02	26.93	43.66	72.01	57.97	31.58	57.56	64.85	52.01	37.36	69.31	45.01	15.56	10.05	23.43	54.56	24.02	38.21	42.72	33.14	47.71	62.36	28.28	47.17	53.85	22.0	59.82	79.98	25.24	58.52	16.28	18.44	68.51	20.12	56.09	62.23	53.54	51.87	33.11	75.29	84.22	21.4	59.44	16.16	60.0	1.0	18.44	34.89	24.21	55.97	72.14	50.01	61.19	49.65	44.78	61.61	62.17	66.21	50.22	78.75	14.76	28.64	70.21	57.31	40.16	47.13	55.47	71.22	31.3	60.8	17.46	18.03	13.04	50.0	65.12	48.1	41.11	65.3	54.59	71.59	40.45	41.11	25.18	55.57	38.59	75.21	9.22	40.31	72.2	30.59	58.82	18.44	58.69	41.4	33.02	60.41	30.89	66.37	31.14	6.32	27.86	67.42	19.85	52.33	64.54	34.13	8.06	76.03	22.36	86.98	
93.74	73.82	43.19	93.02	32.76	31.06	52.61	70.88	38.42	0.0	68.6	28.28	81.22	70.23	90.14	56.32	35.23	66.19	42.06	77.9	46.17	34.37	86.21	64.41	51.31	77.1	32.28	37.59	52.2	73.68	42.45	16.12	75.61	73.25	82.1	60.67	89.54	105.39	54.13	16.4	45.28	98.08	60.21	86.76	62.01	82.76	30.0	73.6	38.91	32.06	43.42	67.23	36.12	65.86	90.0	24.7	39.46	30.02	5.39	58.14	75.69	59.82	18.79	58.31	32.31	75.15	51.88	30.02	60.21	74.15	83.22	11.7	25.61	116.66	107.38	88.36	25.71	55.08	66.27	48.38	5.0	49.48	72.8	90.01	9.0	50.16	40.79	104.29	81.04	92.8	61.33	94.59	76.06	49.77	73.06	73.55	89.27	39.92	111.04	37.74	51.74	24.41	37.05	46.1	69.81	40.16	30.15	24.7	85.43	60.13	61.91	55.08	103.32	68.15	27.31	55.07	40.36	48.27	91.39	60.41	31.4	31.26	14.21	35.85	86.47	60.01	88.46	68.1	71.45	15.23	31.62	78.45	43.01	34.01	15.0	25.71	25.71	2.83	24.76	27.17	85.04	38.28	61.35	81.93	82.61	54.92	24.04	91.0	47.76	32.57	30.41	43.17	88.12	57.31	51.4	100.5	21.02	86.82	10.0	85.09	94.94	17.03	88.68	23.43	93.15	39.2	26.68	56.75	40.52	93.02	86.02	23.6	40.25	21.19	80.8	90.55	41.15	68.26	87.78	88.64	35.36	42.05	108.6	40.8	37.85	84.08	92.01	34.93	10.2	25.71	54.71	32.7	25.5	20.59	53.26	70.21	69.87	82.0	48.41	87.09	68.35	22.67	21.59	92.46	57.87	39.56	47.63	78.57	36.4	24.74	97.2	55.57	94.94	57.22	71.4	51.62	9.49	104.56	7.62	41.04	20.1	33.54	58.26	57.78	26.17	27.29	38.01	40.5	57.2	99.16	
62.43	118.19	42.15	50.25	94.05	61.59	27.89	110.14	65.74	68.6	0.0	67.42	53.31	59.41	93.54	29.15	55.0	30.81	81.88	9.49	102.62	54.01	103.17	65.03	83.93	91.2	50.16	41.05	112.7	118.6	48.37	56.73	15.0	81.02	103.82	44.01	25.32	97.42	58.86	68.59	28.07	33.02	76.3	75.43	73.68	28.43	87.78	79.0	42.0	57.08	25.24	1.41	71.2	2.83	46.75	91.21	45.62	46.23	63.29	11.4	20.52	12.17	60.11	89.81	47.27	9.49	88.24	58.22	105.1	117.39	47.51	76.56	64.2	112.64	97.41	51.87	88.46	98.39	41.59	109.71	68.24	95.38	79.01	47.51	73.6	56.52	100.57	97.8	60.08	92.23	60.07	65.86	8.06	90.34	40.5	115.69	35.23	44.05	107.7	39.12	78.11	44.29	91.83	102.0	91.41	46.1	85.8	51.42	18.11	31.02	67.27	106.0	86.93	52.47	76.84	88.96	32.39	47.54	68.94	99.92	41.04	85.91	82.68	73.03	51.62	96.57	58.18	1.0	29.55	81.4	77.52	60.17	51.26	56.44	64.38	53.94	80.06	65.86	44.78	87.68	99.05	46.01	55.01	65.52	50.54	86.03	67.08	25.0	90.82	49.16	76.61	48.1	35.0	79.56	18.44	104.09	59.67	108.66	74.2	19.03	28.16	65.05	54.38	68.88	66.65	65.31	52.63	100.62	88.2	80.65	24.7	92.11	41.01	54.12	100.6	54.64	41.05	1.41	100.0	22.02	78.23	37.12	103.85	35.06	98.35	74.73	108.04	73.06	72.62	65.76	64.13	79.63	65.6	89.19	25.71	113.72	47.07	27.02	21.59	27.73	105.0	46.52	77.79	107.0	104.24	73.03	68.62	88.01	72.01	45.45	94.92	63.95	78.19	106.68	78.03	22.02	71.22	97.12	64.4	72.01	51.09	65.03	73.35	13.42	79.83	88.39	57.7	73.06	84.77	33.06	
72.03	53.76	28.02	75.19	29.55	6.71	42.52	48.0	10.77	28.28	67.42	0.0	60.3	46.17	62.01	44.41	57.28	52.35	17.0	75.29	35.38	56.04	58.25	38.33	24.35	48.84	52.17	53.04	46.1	53.94	61.66	18.44	68.68	45.22	54.59	41.48	81.84	77.9	29.15	12.21	54.13	90.0	32.02	60.73	34.13	71.34	22.36	45.79	55.08	55.03	44.78	66.03	8.06	64.64	72.8	33.02	23.6	21.47	26.63	56.04	66.4	63.07	12.37	31.62	50.64	70.77	26.31	53.49	39.81	53.46	64.54	39.2	4.0	88.6	80.06	69.05	26.48	33.38	48.08	43.6	23.35	29.12	44.94	72.53	22.83	26.0	34.41	76.66	58.03	64.9	36.35	72.03	73.11	26.02	55.66	52.24	76.48	57.22	83.01	52.0	23.6	34.0	24.76	34.71	41.88	58.42	19.72	44.38	80.61	46.65	35.11	38.91	77.16	46.1	10.3	28.86	50.49	28.46	67.48	37.0	27.31	19.42	32.89	62.97	66.91	35.23	67.12	66.61	58.18	26.68	59.67	55.08	22.14	12.53	13.6	47.13	14.87	28.43	37.05	24.04	56.85	56.44	38.0	57.56	62.8	27.86	50.77	84.39	25.32	51.97	9.22	24.17	75.13	29.07	55.15	72.25	45.19	59.48	22.36	79.25	88.62	11.4	68.59	5.39	70.11	11.7	15.23	35.51	21.02	66.73	77.2	39.46	56.04	42.06	53.0	70.71	57.04	67.68	59.55	82.81	11.4	31.11	80.71	53.15	32.76	57.87	64.07	62.13	20.59	51.97	28.16	12.21	3.16	39.29	62.59	49.5	49.82	71.02	53.14	77.1	44.18	35.13	15.03	64.4	38.33	66.37	19.72	50.33	63.29	26.31	69.34	29.12	69.38	39.92	43.57	58.52	20.25	77.03	21.4	12.81	22.0	59.03	30.23	54.2	54.45	25.0	14.32	67.23	29.53	91.83	
12.65	90.79	38.33	17.69	88.84	54.08	35.61	80.72	50.99	81.22	53.31	60.3	0.0	17.2	45.35	31.24	90.43	23.6	64.26	53.37	89.89	89.04	60.37	28.02	59.54	49.93	84.06	77.8	101.59	91.55	88.24	65.12	41.0	39.41	63.81	20.62	45.18	44.72	32.28	70.01	67.9	49.48	43.6	24.08	39.2	31.02	81.58	36.62	79.81	90.55	54.67	52.8	57.49	52.33	17.2	93.26	41.77	51.66	76.69	48.83	34.71	60.75	63.29	61.61	80.99	47.54	64.5	90.43	81.54	89.27	8.54	92.76	60.03	60.02	44.38	10.0	86.7	75.8	16.12	100.24	77.65	76.03	37.2	16.4	80.16	34.53	91.76	45.4	8.25	42.43	26.4	14.42	51.66	68.88	13.04	87.11	30.08	82.62	55.44	75.6	52.35	66.21	81.32	88.96	55.23	84.81	78.64	80.06	51.09	26.91	32.45	87.24	33.62	14.32	69.87	62.97	68.88	33.14	15.65	73.82	52.55	77.88	91.14	105.1	7.81	69.4	7.28	52.39	23.77	86.0	105.85	10.3	39.01	49.0	68.18	83.65	74.81	79.62	69.32	84.01	55.46	83.6	22.8	14.32	4.47	59.36	94.54	49.16	71.11	83.22	67.27	38.21	28.86	49.65	59.55	54.33	86.41	67.6	80.1	48.04	52.47	67.07	8.54	65.12	14.14	50.01	54.59	77.7	73.39	28.16	40.05	99.0	79.65	80.53	60.21	10.77	80.28	54.63	55.15	50.01	65.25	41.23	51.48	73.11	90.96	24.52	63.69	104.65	78.1	94.43	35.85	68.88	61.07	98.08	71.7	86.68	11.4	32.0	60.83	37.22	75.07	69.35	75.33	62.03	82.15	106.94	45.88	44.78	104.66	59.46	44.05	34.93	25.0	86.45	37.01	65.95	77.16	44.55	73.82	54.41	62.1	98.01	41.88	45.8	104.04	85.0	46.1	107.42	56.04	52.39	
26.68	73.66	30.48	34.83	73.44	40.61	34.93	63.66	36.0	70.23	59.41	46.17	17.2	0.0	34.13	31.62	85.59	29.0	47.8	62.03	73.38	84.17	45.88	10.82	42.49	34.54	79.21	74.52	85.07	74.41	85.15	54.63	50.25	23.77	48.33	16.16	57.87	40.5	17.03	57.07	66.89	63.56	26.4	18.44	22.02	43.66	66.27	21.19	76.69	85.04	53.0	58.55	42.11	57.71	33.94	79.06	32.45	42.72	66.31	51.92	44.55	63.89	51.55	44.41	76.37	56.04	47.41	84.5	64.35	72.18	24.76	81.93	46.69	55.01	41.4	27.2	72.01	58.67	18.0	83.93	66.1	59.09	21.54	33.24	67.68	20.4	75.71	40.31	12.17	32.98	10.05	26.08	60.01	51.89	22.14	70.04	44.78	79.51	49.66	72.47	35.34	59.67	65.31	72.42	38.6	81.57	63.29	73.88	61.98	28.64	15.26	70.21	34.21	7.0	55.01	45.79	66.61	23.02	21.38	56.61	45.45	62.39	78.45	98.23	25.0	52.2	22.47	58.42	32.39	72.69	97.75	9.06	27.31	36.4	56.04	77.47	60.01	69.08	63.13	69.07	41.23	80.06	8.94	11.7	21.26	42.19	86.82	61.68	54.23	78.49	52.09	27.78	43.42	32.45	60.42	44.72	79.06	52.55	67.47	59.23	65.46	54.57	25.55	51.35	24.0	35.0	43.86	60.54	57.01	24.76	52.5	85.59	76.84	73.6	44.78	27.78	77.62	60.53	41.59	61.85	49.5	35.38	46.07	70.8	75.13	16.64	50.01	97.65	65.51	87.09	19.42	53.34	47.52	85.16	72.45	69.53	13.34	44.27	60.83	50.33	58.0	62.63	61.07	48.66	65.0	100.6	29.61	30.08	98.01	51.61	36.06	18.44	25.24	69.35	21.02	66.64	64.76	39.96	62.63	38.47	52.84	91.83	24.7	48.76	94.81	70.06	32.76	101.21	38.83	66.31	
46.14	59.91	59.93	60.93	80.32	59.41	68.15	50.01	51.74	90.14	93.54	62.01	45.35	34.13	0.0	65.31	113.46	63.07	53.31	96.01	73.98	112.07	18.87	30.46	43.66	16.12	107.34	104.32	84.38	60.88	114.74	77.1	84.02	16.97	25.08	49.82	90.26	19.0	40.31	74.2	98.62	94.83	30.0	21.93	28.28	75.95	74.46	17.2	106.55	112.2	84.86	92.66	54.64	91.79	61.68	89.96	60.03	69.07	87.73	85.7	78.1	97.51	72.14	39.81	104.85	90.01	46.57	111.21	57.01	57.97	53.85	101.21	64.54	26.63	22.02	53.49	81.94	54.23	52.09	84.85	85.28	57.87	17.8	60.75	84.63	44.42	79.08	17.03	37.11	5.39	35.47	42.72	94.02	51.42	55.15	55.79	75.43	109.27	21.1	102.47	39.82	87.09	70.21	72.99	26.17	111.14	71.69	100.8	95.34	62.65	30.53	66.07	27.29	41.11	66.73	43.17	97.51	51.89	34.99	49.01	73.57	70.38	93.81	123.17	51.87	45.1	45.69	92.54	66.03	86.95	120.93	35.51	53.0	58.14	75.17	104.2	71.12	89.94	90.7	78.39	14.32	109.42	39.56	31.05	49.73	40.8	111.07	94.2	54.57	106.78	63.13	55.07	74.22	34.0	93.3	11.18	104.24	26.63	84.05	92.44	97.67	73.11	50.7	67.2	39.96	50.99	67.48	55.08	61.03	21.26	85.0	98.39	106.94	99.64	22.14	52.39	107.82	94.64	12.21	94.76	58.59	65.8	19.31	101.52	79.81	20.88	19.85	122.43	82.42	111.87	37.2	62.61	64.66	99.36	105.0	57.07	47.0	76.79	93.3	82.38	45.4	89.63	73.93	17.8	59.01	126.15	42.52	12.08	123.24	78.24	9.0	36.62	26.91	64.01	19.21	99.3	82.2	18.0	82.88	49.65	77.47	117.92	31.89	82.57	116.28	79.31	53.91	126.91	37.0	97.74	
43.27	90.92	16.4	37.85	73.57	37.8	4.47	82.29	39.7	56.32	29.15	44.41	31.24	31.62	65.31	0.0	59.54	10.05	56.08	34.18	79.4	58.18	74.06	36.01	56.44	62.07	53.24	46.62	90.43	91.42	57.01	40.79	25.0	52.01	74.67	15.52	37.54	71.55	29.83	49.77	36.8	45.61	47.3	49.19	44.55	27.31	66.57	50.09	48.6	59.93	23.43	28.07	45.97	27.02	34.53	74.09	20.81	26.93	51.16	20.4	22.02	32.28	41.44	61.74	50.12	28.64	61.06	60.01	78.49	89.94	29.55	67.03	42.19	86.41	72.07	34.93	69.32	71.85	15.62	88.01	53.94	69.66	50.04	34.71	57.97	27.86	78.82	71.59	35.61	64.56	31.0	45.61	31.95	63.82	19.24	88.12	33.24	51.4	81.15	44.41	50.09	36.88	69.03	78.64	62.37	53.6	64.07	49.98	37.44	4.47	38.12	80.81	63.01	25.08	54.64	61.29	37.64	19.24	46.01	72.56	25.02	63.82	68.66	75.03	33.54	68.88	38.01	28.16	15.13	65.15	76.66	34.67	24.21	32.02	46.49	53.49	58.83	54.15	39.56	67.6	70.0	52.43	26.08	39.96	30.53	58.14	65.25	40.31	64.82	52.35	53.41	21.26	32.02	50.92	29.15	76.16	57.01	79.51	58.24	35.61	44.55	46.24	36.24	47.51	45.34	39.05	32.31	74.06	63.64	55.07	32.8	77.62	48.41	50.96	71.45	37.58	49.04	30.07	71.06	39.05	53.76	14.56	77.47	41.87	77.1	47.93	79.0	74.67	56.32	64.85	35.17	56.08	43.57	75.71	41.34	86.45	21.4	26.83	30.0	32.76	76.97	40.02	57.71	78.03	78.01	76.56	40.71	59.03	74.46	32.0	67.68	34.93	53.82	81.06	49.01	35.51	55.08	71.11	49.82	45.61	36.22	67.62	44.38	17.26	75.95	68.48	31.83	76.97	56.46	47.51	
102.73	108.23	55.15	96.38	67.9	56.46	55.07	104.24	64.47	35.23	55.0	57.28	90.43	85.59	113.46	59.54	0.0	68.88	73.76	64.07	81.39	1.41	114.06	83.87	81.61	103.35	6.4	14.14	87.1	108.17	9.22	38.9	67.6	96.8	111.23	71.22	80.1	125.32	73.41	48.37	27.07	88.01	85.48	103.95	85.76	79.08	65.12	96.26	13.0	3.61	36.77	54.01	65.15	53.04	92.85	58.52	53.91	44.41	33.02	48.84	70.61	43.05	44.92	88.89	9.43	64.07	83.43	5.83	94.34	108.37	89.01	34.44	53.45	138.68	126.62	94.37	60.83	88.68	74.33	83.2	39.01	83.38	95.69	93.23	44.18	69.2	75.95	124.74	93.41	114.81	79.4	104.85	63.01	82.38	78.77	107.56	86.35	11.18	133.06	16.28	79.85	26.4	72.03	81.3	98.09	9.49	65.01	13.0	73.03	64.01	83.01	90.01	119.67	80.92	60.41	86.13	23.54	62.97	104.2	93.38	40.36	66.0	46.49	18.11	93.06	92.2	97.42	55.01	72.24	50.01	23.77	91.68	60.61	55.95	44.72	10.2	60.03	33.06	22.8	62.39	111.83	9.06	77.08	96.43	90.05	85.07	16.28	80.0	80.89	7.21	62.8	58.9	85.62	84.58	37.22	124.54	14.32	116.25	45.18	74.01	83.05	46.87	95.77	54.13	104.29	64.88	46.53	90.55	74.33	110.32	78.52	54.13	14.04	15.3	109.25	97.06	14.14	54.01	114.13	77.01	67.27	50.33	129.96	20.1	72.99	101.83	119.87	18.25	45.04	14.14	76.28	65.62	54.12	50.09	30.59	104.39	79.63	77.88	34.37	80.89	101.0	23.85	56.01	119.85	92.2	18.11	72.9	103.25	17.03	35.23	118.85	76.84	110.54	92.01	94.3	33.02	44.01	124.65	38.12	69.29	36.67	10.2	82.86	50.45	28.6	62.51	60.03	18.25	86.38	88.02	
34.71	95.44	24.7	27.89	81.84	45.65	14.32	86.28	46.23	66.19	30.81	52.35	23.6	29.0	63.07	10.05	68.88	0.0	62.29	33.06	86.61	67.54	74.15	36.14	61.22	62.37	62.65	55.57	97.91	96.02	65.73	50.49	21.59	51.79	75.69	15.23	31.62	66.73	32.76	58.82	44.82	38.95	49.66	44.64	46.24	19.21	74.71	49.5	57.45	69.46	32.25	30.08	52.8	29.41	24.52	83.17	29.15	36.5	61.07	25.24	16.55	37.22	50.7	65.73	59.51	27.07	66.07	69.64	83.74	94.3	20.25	77.01	50.57	81.91	66.85	25.55	78.0	77.23	11.0	95.72	63.64	75.66	49.65	24.74	67.47	32.02	86.61	67.05	29.55	61.52	31.62	37.48	31.02	69.35	10.63	92.36	24.17	60.21	76.92	53.34	54.41	46.87	76.55	85.8	64.26	62.43	72.07	59.77	33.84	6.08	39.22	87.0	56.82	22.0	62.65	65.8	46.32	24.84	39.12	77.2	35.0	71.69	78.26	84.76	24.41	73.24	29.7	29.83	5.83	74.46	86.59	29.41	30.81	39.82	55.79	63.25	67.08	64.07	49.48	76.06	69.72	61.4	26.25	34.79	21.93	62.43	75.19	34.99	70.71	61.74	61.06	28.3	22.85	54.2	36.07	73.44	66.94	80.28	67.68	31.38	39.12	55.36	27.2	55.95	37.64	45.45	41.48	79.4	70.43	49.98	26.4	87.1	57.14	60.88	72.28	28.3	57.69	32.02	70.35	34.44	60.8	24.19	73.08	50.48	85.09	43.93	78.64	84.43	65.73	74.73	38.08	63.51	51.89	85.33	48.17	91.02	16.28	19.1	37.54	25.46	80.78	50.01	66.31	77.41	83.55	86.16	45.45	58.55	84.15	42.01	64.13	37.59	47.85	86.98	48.84	42.45	64.54	66.41	59.54	51.66	46.1	77.25	46.96	22.2	85.99	76.97	38.83	86.54	60.21	41.23	
74.46	37.11	40.22	80.96	27.46	20.88	55.22	31.0	16.4	42.06	81.88	17.0	64.26	47.8	53.31	56.08	73.76	62.29	0.0	89.04	25.63	72.57	45.28	37.66	10.0	38.08	68.88	70.03	37.34	37.36	78.52	35.23	81.06	38.08	40.46	48.83	93.38	71.17	32.2	26.0	70.86	101.12	25.18	58.01	29.02	81.47	21.19	39.62	72.06	71.31	60.73	80.53	10.77	79.18	79.18	36.67	36.36	37.36	41.79	70.66	77.83	78.77	29.15	16.4	67.48	84.05	9.85	69.64	23.41	36.67	70.21	51.4	21.0	79.61	73.76	73.93	28.64	16.76	55.47	36.14	37.12	13.6	38.64	78.71	34.41	31.06	28.16	69.57	59.91	57.25	37.95	73.55	86.82	9.06	62.97	35.36	85.6	74.17	74.25	69.0	14.14	51.0	18.0	24.7	29.21	75.33	18.38	61.0	93.41	57.28	33.38	24.76	73.44	50.16	15.0	13.04	67.36	37.48	67.6	20.0	43.42	17.09	41.77	77.82	71.69	18.44	70.21	81.01	68.01	34.71	73.57	56.75	31.89	25.5	29.12	63.56	18.44	42.95	54.04	25.08	45.0	73.33	41.63	57.71	67.62	13.45	65.8	96.33	8.94	68.73	11.66	34.83	84.2	19.65	71.17	62.27	61.03	45.0	33.6	91.68	100.57	26.93	72.8	19.65	71.2	17.03	31.58	18.97	9.22	63.2	88.39	45.28	73.03	58.46	39.6	75.03	74.03	82.3	48.01	95.13	6.71	44.78	72.62	70.11	28.0	55.01	50.91	76.92	32.45	67.23	28.46	9.9	20.02	46.62	79.25	32.76	55.47	81.39	69.38	87.73	27.29	52.09	21.93	51.66	22.36	81.44	18.38	41.23	78.29	43.19	61.68	29.41	67.01	25.0	37.48	74.95	32.76	70.21	36.4	10.63	39.0	74.67	25.0	68.48	67.42	26.0	24.41	82.35	16.64	103.25	
60.93	124.78	48.88	47.17	102.59	69.2	34.0	116.36	72.72	77.9	9.49	75.29	53.37	62.03	96.01	34.18	64.07	33.06	89.04	0.0	110.63	63.13	107.06	68.88	90.34	95.19	59.41	50.25	120.97	125.24	57.08	65.6	12.37	84.72	108.26	47.68	17.46	98.06	63.89	77.23	37.34	24.33	81.32	76.66	78.34	24.7	96.17	82.49	51.09	66.27	34.48	10.77	78.49	12.08	43.91	100.21	52.7	54.45	72.56	20.0	18.68	21.02	68.68	95.85	56.57	6.0	94.83	67.48	112.0	123.88	46.49	86.01	72.25	113.36	97.74	50.16	97.19	105.31	44.05	118.09	77.39	102.63	82.61	44.78	82.66	62.03	108.9	98.66	60.83	94.19	64.13	64.62	2.24	97.25	41.3	122.1	30.48	53.01	108.67	48.37	84.17	53.67	99.9	109.99	96.3	55.0	94.07	60.88	9.06	34.93	71.59	113.46	86.68	55.04	84.96	95.27	41.77	53.31	68.68	106.44	49.58	94.11	91.92	82.15	50.33	102.88	57.25	9.85	30.15	90.44	86.83	61.4	57.71	63.82	73.11	63.35	88.39	75.18	54.23	96.26	102.7	55.04	58.86	66.61	50.0	92.2	76.49	16.28	97.94	58.42	84.5	54.59	30.61	85.09	27.89	106.17	69.12	112.97	83.23	10.77	19.0	73.66	52.92	77.1	65.79	72.2	60.83	107.54	95.8	81.39	18.44	101.36	50.04	63.6	104.92	52.8	50.01	10.2	103.39	13.15	85.8	44.41	104.74	44.28	106.78	76.32	111.65	82.22	81.61	75.13	69.26	87.46	73.66	98.49	34.13	120.31	49.01	23.32	31.05	21.93	111.09	55.95	86.31	110.45	111.31	82.01	74.73	91.55	81.1	54.41	96.52	68.96	78.34	113.99	81.74	31.06	80.21	97.86	73.5	78.89	60.0	74.17	78.45	21.21	89.27	97.0	64.66	82.0	90.62	24.02	
100.0	30.89	63.03	106.51	14.32	41.73	77.79	32.56	40.5	46.17	102.62	35.38	89.89	73.38	73.98	79.4	81.39	86.61	25.63	110.63	0.0	80.5	61.1	63.06	32.14	57.87	78.09	82.01	11.7	30.41	88.28	48.33	103.97	61.0	54.63	73.93	116.93	92.78	57.78	35.85	86.41	124.96	49.37	82.39	53.6	105.8	16.49	63.03	83.68	78.23	79.08	101.21	33.84	99.81	104.65	26.57	58.73	56.4	48.84	91.21	101.41	97.42	43.42	34.23	77.67	106.15	28.0	76.16	20.62	31.91	95.75	50.49	38.42	98.76	95.63	99.54	21.1	20.25	80.62	11.0	42.58	16.12	62.03	104.22	37.22	56.36	7.21	90.93	85.44	78.64	63.57	98.95	108.47	23.0	88.19	32.2	110.39	85.15	93.86	81.61	38.64	64.62	10.82	1.0	47.85	85.7	17.46	70.21	115.97	81.22	58.69	11.4	97.01	75.77	25.81	31.06	82.08	61.85	92.76	26.4	61.85	17.0	37.66	79.63	97.31	29.41	95.82	101.83	92.42	32.06	73.35	82.28	55.8	47.42	40.31	71.7	23.26	48.37	66.73	19.03	62.64	83.74	67.23	82.98	93.23	34.0	69.07	119.6	20.02	78.26	26.17	58.41	109.0	43.19	89.19	81.04	67.19	57.71	36.22	114.56	123.84	38.91	98.43	33.84	96.54	41.34	50.0	20.12	16.55	87.09	112.16	35.34	84.9	66.91	55.36	100.66	85.87	102.8	65.8	118.11	25.81	66.48	92.96	83.82	9.85	79.4	65.8	78.64	36.5	71.03	54.08	23.35	37.01	38.63	94.94	28.6	80.96	105.6	86.83	111.83	33.29	64.51	26.57	67.23	17.8	83.6	44.01	62.39	80.5	59.06	82.87	55.03	91.35	14.21	61.07	91.68	37.66	91.79	44.38	35.78	53.67	79.03	49.82	89.5	65.73	19.0	47.8	84.59	38.0	126.91	
101.36	107.17	53.74	95.08	67.08	55.15	53.71	103.1	63.16	34.37	54.01	56.04	89.04	84.17	112.07	58.18	1.41	67.54	72.57	63.13	80.5	0.0	112.73	82.46	80.36	102.0	5.0	13.04	86.35	107.12	9.22	37.64	66.48	95.41	109.93	69.81	79.06	123.91	72.01	47.27	26.02	87.0	84.12	102.53	84.38	77.88	64.2	94.87	12.04	3.61	35.47	53.0	63.89	52.01	91.55	57.87	52.5	43.01	32.0	47.68	69.43	42.11	43.68	87.64	8.06	63.03	82.23	5.66	93.26	107.3	87.66	34.0	52.2	137.28	125.21	93.02	60.02	87.57	72.95	82.46	38.05	82.3	94.3	91.92	43.29	67.8	75.13	123.33	92.01	113.41	77.99	103.46	62.03	81.22	77.41	106.47	85.15	10.44	131.65	15.13	78.55	25.0	71.06	80.4	96.77	8.94	64.03	11.7	72.06	62.65	81.61	89.02	118.26	79.51	59.3	84.9	22.36	61.55	102.8	92.23	38.95	65.01	45.88	19.03	91.71	91.01	96.04	54.0	70.94	49.24	24.35	90.27	59.2	54.59	43.57	9.06	59.01	32.14	21.4	61.52	110.48	8.25	75.66	95.02	88.68	83.82	16.28	79.01	79.76	5.83	61.66	57.49	84.4	83.26	36.12	123.15	13.6	114.95	44.28	73.0	82.1	45.71	94.41	52.95	102.9	63.56	45.18	89.45	73.25	108.9	77.41	53.67	13.15	14.14	107.94	95.71	13.34	53.04	112.77	76.03	66.1	48.92	128.55	19.03	72.18	100.42	118.53	19.1	44.1	14.21	74.89	64.5	52.89	49.65	29.83	103.31	78.24	76.69	33.24	79.76	99.82	22.47	55.0	118.51	91.14	19.24	71.55	101.87	18.0	33.84	117.44	75.45	109.12	91.0	92.91	32.06	43.05	123.24	37.05	68.01	35.34	11.05	81.49	49.24	28.84	61.66	58.67	19.42	85.09	87.05	
63.41	42.3	64.78	77.18	69.97	57.71	76.01	33.0	49.65	86.21	103.17	58.25	60.37	45.88	18.87	74.06	114.06	74.15	45.28	107.06	61.1	112.73	0.0	38.21	35.36	12.0	108.34	106.89	70.34	43.29	116.81	75.66	95.71	22.36	7.0	59.41	103.74	36.4	45.18	69.81	103.37	109.2	29.12	39.05	30.27	89.49	65.22	24.74	109.11	112.25	90.26	102.12	50.22	101.08	77.41	81.02	63.56	70.84	84.88	94.01	90.24	105.17	69.97	29.21	106.23	101.12	36.4	110.94	41.98	40.31	68.88	96.33	61.59	38.33	39.56	69.46	73.01	40.85	63.35	71.47	81.22	45.62	24.52	76.54	79.31	48.51	67.12	34.21	52.35	24.19	43.1	60.31	104.94	40.5	68.01	38.21	90.08	111.66	34.01	105.3	34.67	88.39	59.68	60.17	16.4	113.3	62.8	101.08	107.71	72.34	36.0	51.66	46.14	52.63	60.11	32.8	101.39	57.31	52.5	34.79	76.24	61.4	87.05	121.2	67.6	31.78	62.13	102.18	78.1	79.98	117.8	50.09	56.29	58.31	71.85	104.2	63.7	86.61	91.92	69.4	5.0	111.43	48.26	46.65	64.85	31.83	109.0	107.56	43.57	107.94	56.59	59.03	88.77	29.53	99.72	21.0	103.08	7.81	78.57	105.02	111.32	69.63	66.89	62.8	57.49	49.19	67.62	41.11	51.04	39.7	98.37	90.0	109.73	99.3	5.83	68.8	110.68	104.12	6.71	107.7	51.62	70.86	34.13	105.08	68.43	37.2	5.83	120.37	77.23	110.14	40.45	55.17	61.29	91.68	110.64	40.01	59.2	90.14	99.14	96.14	29.27	90.47	67.18	6.4	44.38	124.56	41.23	15.81	121.49	79.48	26.93	40.31	45.34	49.24	25.32	105.22	77.34	35.44	79.63	45.49	77.39	116.97	32.02	91.0	112.16	70.21	54.42	125.4	29.07	112.01	
37.0	62.97	29.53	45.61	64.03	33.62	38.33	53.04	27.66	64.41	65.03	38.33	28.02	10.82	30.46	36.01	83.87	36.14	37.66	68.88	63.06	82.46	38.21	0.0	31.78	26.31	77.62	74.09	74.73	63.7	84.6	49.65	57.72	16.0	39.56	21.21	66.71	41.77	10.63	49.98	68.15	72.95	15.62	22.47	11.31	52.77	57.0	14.14	76.32	82.88	54.42	64.01	33.14	63.0	44.6	70.58	30.0	39.62	61.06	56.22	52.5	67.74	45.65	33.6	75.0	62.97	36.67	82.07	53.54	61.52	35.38	76.03	39.56	54.82	43.42	38.01	63.2	47.89	25.63	73.76	59.93	48.47	14.04	43.93	60.75	14.87	65.76	41.01	22.47	31.06	5.1	35.9	66.75	41.23	31.38	59.4	54.64	79.08	49.2	72.2	24.7	57.49	55.44	62.1	28.65	80.99	54.0	71.51	69.92	34.13	4.47	59.51	39.0	15.81	46.27	34.99	67.08	21.47	30.07	45.8	43.6	53.01	71.17	94.92	35.81	41.4	33.11	64.03	40.5	65.0	93.6	19.31	23.35	30.53	49.66	75.01	51.24	63.63	61.07	60.07	34.01	79.32	10.05	20.1	32.02	31.38	83.1	70.38	43.66	77.01	43.1	25.0	53.25	21.63	63.06	41.63	75.74	44.15	60.41	67.36	74.32	47.93	36.36	43.68	33.54	26.68	39.2	49.74	46.87	28.64	61.33	77.67	76.66	70.71	36.14	38.59	77.52	66.01	35.06	70.23	40.01	35.34	46.1	71.12	65.38	19.7	43.01	94.26	58.52	83.63	10.2	44.0	40.16	77.62	74.63	58.8	22.47	53.23	62.94	59.48	47.38	60.21	52.77	42.01	54.2	97.62	20.0	23.02	94.85	48.84	35.0	9.22	31.05	58.59	13.0	68.96	57.94	41.04	56.82	29.0	48.92	89.1	13.89	53.15	89.89	61.07	26.42	98.31	28.02	75.59	
68.71	34.48	41.79	76.85	36.69	26.08	56.36	26.25	19.1	51.31	83.93	24.35	59.54	42.49	43.66	56.44	81.61	61.22	10.0	90.34	32.14	80.36	35.36	31.78	0.0	28.18	76.4	76.66	43.57	34.99	85.7	42.72	81.3	29.15	30.81	46.69	92.8	61.85	29.0	34.99	76.06	100.12	17.26	50.25	21.59	80.06	30.87	31.02	78.77	79.38	64.78	82.64	16.49	81.34	75.45	46.53	38.6	42.05	50.54	73.05	77.42	82.23	36.69	7.28	74.73	85.0	5.0	77.83	22.63	33.54	66.29	61.07	28.16	69.78	64.54	69.46	38.47	16.4	53.04	43.1	46.32	16.76	30.02	74.89	44.05	29.21	36.12	60.17	54.23	47.8	33.29	67.36	88.1	9.49	60.21	31.78	83.45	81.05	64.47	75.43	7.21	57.56	26.68	31.14	19.21	82.38	28.18	68.68	93.81	56.86	27.31	27.73	65.03	46.04	24.76	5.1	73.01	37.22	60.88	16.12	48.09	26.83	51.74	86.83	67.23	12.65	64.88	83.01	66.71	44.69	82.93	51.08	32.7	29.15	37.58	71.47	28.43	51.97	60.83	34.89	35.0	80.41	37.8	51.24	63.29	3.61	74.71	96.02	12.17	76.16	21.26	35.85	82.04	11.05	75.13	52.35	69.46	35.51	43.28	91.81	100.21	35.34	68.0	28.18	64.85	19.24	37.05	18.44	17.46	55.01	87.62	55.23	79.63	66.41	29.73	70.24	80.62	84.5	38.01	95.13	16.28	47.13	62.97	76.11	36.5	47.27	41.04	85.96	42.01	76.03	24.21	19.85	27.51	56.61	84.21	30.02	52.01	80.16	73.68	86.56	21.38	59.03	31.83	41.73	22.8	90.35	15.81	31.62	87.24	49.16	52.2	25.0	59.21	26.93	29.0	79.51	42.2	60.88	45.18	13.0	45.71	83.26	18.03	70.58	77.01	35.78	26.68	91.24	6.71	102.45	
54.45	45.31	52.95	67.2	64.62	47.43	64.01	35.11	39.41	77.1	91.2	48.84	49.93	34.54	16.12	62.07	103.35	62.37	38.08	95.19	57.87	102.0	12.0	26.31	28.18	0.0	97.49	95.63	68.26	46.24	105.7	65.46	83.95	10.77	13.89	47.52	92.36	35.06	33.24	60.81	91.68	98.09	17.89	30.81	18.44	78.19	59.03	13.42	97.86	101.71	78.45	90.14	41.01	89.09	67.12	74.71	51.92	59.62	75.29	82.01	78.59	93.19	60.0	23.77	95.27	89.27	30.68	100.5	41.11	43.46	58.31	87.73	51.86	41.63	38.01	59.41	66.65	38.12	51.66	68.73	72.14	41.77	13.0	66.29	70.84	36.67	63.06	33.14	42.2	21.0	31.14	51.74	93.06	35.44	56.65	41.23	79.16	100.46	36.4	93.98	25.5	77.39	54.42	56.89	10.05	102.16	56.36	90.43	96.05	60.41	24.0	50.01	41.48	41.11	52.2	27.2	89.84	45.4	44.05	33.02	64.85	55.01	79.4	111.4	57.43	29.02	52.5	90.2	66.48	72.42	108.47	39.66	44.64	47.41	62.37	93.65	56.3	77.23	80.96	63.06	8.54	100.32	36.35	36.88	54.38	25.08	99.2	96.14	38.6	97.05	48.6	47.3	77.82	19.8	87.82	24.19	92.91	18.03	70.18	93.41	99.96	60.21	57.01	53.74	48.92	38.83	56.82	39.01	45.31	33.11	86.98	83.35	98.43	88.84	10.3	59.03	99.37	92.14	10.82	96.17	43.83	59.03	35.17	93.61	63.89	28.43	17.26	110.6	68.68	100.21	28.64	47.71	51.74	84.6	98.84	42.06	47.76	78.77	87.3	84.86	30.08	79.61	59.41	16.76	43.01	114.62	30.53	5.83	111.61	68.45	25.08	28.44	38.47	48.01	13.6	93.38	68.62	34.06	70.18	36.07	66.73	106.78	20.62	79.0	103.25	63.95	43.38	115.43	21.47	100.85	
96.38	104.02	48.8	90.25	65.0	50.92	48.76	99.61	58.87	32.28	50.16	52.17	84.06	79.21	107.34	53.24	6.4	62.65	68.88	59.41	78.09	5.0	108.34	77.62	76.4	97.49	0.0	9.22	84.48	104.0	10.2	33.73	62.2	90.74	105.69	64.82	75.0	119.0	67.2	44.01	22.09	83.05	79.61	97.58	79.76	73.35	61.66	90.14	8.94	7.07	30.68	49.09	59.91	48.04	86.73	56.46	47.63	38.28	29.27	43.29	64.94	38.47	39.81	83.68	3.16	59.01	78.45	8.06	90.05	104.08	82.73	33.6	48.27	132.44	120.28	88.1	57.97	84.21	67.96	80.65	35.51	79.06	89.59	87.09	41.0	63.01	73.01	118.44	87.01	108.6	73.11	98.48	58.22	77.65	72.47	103.17	80.6	8.49	126.82	11.05	74.33	20.25	68.36	77.93	92.48	8.06	61.29	8.0	68.26	57.71	76.84	86.21	113.28	74.52	56.04	81.02	18.03	56.64	97.8	88.68	34.06	62.2	44.72	23.09	86.77	87.3	91.07	50.09	66.13	47.43	27.46	85.28	54.41	50.09	40.11	6.71	56.08	29.83	16.64	59.23	105.99	6.4	70.72	90.03	83.73	79.81	17.89	75.11	76.32	1.0	58.22	52.63	79.83	78.92	32.0	118.43	12.81	110.72	41.98	69.07	78.31	42.19	89.47	49.37	97.91	59.24	40.72	86.15	70.03	103.95	73.17	53.0	10.3	11.18	103.62	90.79	10.82	49.25	108.24	72.17	62.51	43.93	123.69	15.13	70.09	95.48	114.13	23.02	41.59	16.16	70.18	61.13	49.03	49.09	26.93	100.08	73.24	72.18	29.02	75.43	96.18	17.89	52.15	114.06	88.01	23.77	67.12	97.25	22.2	29.15	112.61	70.72	104.14	88.09	88.2	28.44	40.45	118.34	34.06	63.89	31.02	15.13	76.94	44.72	30.87	59.44	54.12	24.04	80.96	83.22	
89.87	106.23	44.65	82.76	69.64	50.64	42.2	101.02	58.25	37.59	41.05	53.04	77.8	74.52	104.32	46.62	14.14	55.57	70.03	50.25	82.01	13.04	106.89	74.09	76.66	95.63	9.22	0.0	89.32	106.3	10.63	35.06	53.46	88.1	104.81	59.4	66.03	114.81	64.01	46.69	13.0	74.01	77.83	92.96	77.47	65.0	65.52	87.24	2.24	16.03	23.32	40.01	60.3	39.0	79.2	62.27	44.29	36.06	33.62	34.71	56.52	29.27	41.01	83.86	6.71	50.01	79.23	17.26	92.2	106.12	75.8	41.01	49.04	128.71	115.88	81.12	62.77	86.05	61.85	85.62	39.92	81.22	86.77	79.62	45.69	59.94	77.49	114.4	81.39	105.15	69.34	92.2	49.09	79.01	65.73	105.04	72.28	5.0	123.15	2.24	73.76	19.1	71.81	81.74	91.48	7.07	64.76	13.45	59.14	51.04	73.82	89.27	108.21	69.31	58.42	81.5	9.49	52.7	92.1	90.02	30.87	65.51	51.04	32.0	79.92	88.2	84.63	41.01	58.6	52.77	36.67	79.91	51.43	48.76	42.43	14.42	59.23	34.89	16.0	63.57	104.18	5.83	66.4	84.86	77.1	79.91	26.93	66.03	78.03	8.25	60.13	49.24	71.57	77.88	23.09	115.49	20.81	109.9	46.62	60.01	69.18	44.28	82.68	51.09	91.83	58.46	39.81	88.09	72.34	99.25	64.38	59.82	3.0	17.03	102.49	83.86	4.0	40.11	106.23	63.07	64.01	39.2	119.85	6.0	74.67	91.05	112.61	32.02	45.88	25.3	67.54	63.2	50.01	56.08	17.89	102.12	67.36	63.79	20.22	66.75	97.19	18.03	55.54	112.36	90.35	32.25	65.8	94.85	31.02	27.66	109.0	67.98	99.01	90.93	85.42	19.24	44.6	114.2	37.64	63.79	31.06	24.0	75.03	36.4	39.92	63.91	52.5	32.39	80.6	74.11	
111.68	34.71	74.03	118.19	19.7	52.63	88.62	39.36	51.97	52.2	112.7	46.1	101.59	85.07	84.38	90.43	87.1	97.91	37.34	120.97	11.7	86.35	70.34	74.73	43.57	68.26	84.48	89.32	0.0	33.97	94.64	57.14	114.77	72.11	63.6	85.48	127.91	103.31	69.46	44.65	94.89	136.03	60.83	93.77	65.12	117.07	25.0	74.24	90.82	83.74	88.6	111.29	45.28	109.88	116.3	29.07	69.66	66.53	55.71	101.32	112.45	106.83	52.8	45.0	84.43	116.67	39.2	81.58	28.46	36.24	107.42	54.15	48.8	108.47	106.23	111.23	26.57	30.15	92.18	4.0	49.4	27.07	73.25	115.87	43.66	67.98	12.21	101.4	97.12	89.2	75.27	110.6	118.83	34.23	99.76	37.2	121.79	92.03	103.75	89.16	50.22	72.95	21.4	12.65	58.22	92.35	26.91	76.84	126.62	92.42	70.34	18.68	108.12	87.46	36.07	42.05	90.35	73.25	104.35	35.69	71.7	26.87	41.19	83.01	109.0	39.32	107.52	111.95	103.73	37.11	76.06	93.96	67.12	58.41	49.09	77.88	32.65	54.71	74.69	25.94	72.37	90.44	78.92	94.59	104.92	45.18	73.44	130.48	31.4	84.77	37.01	69.63	120.42	54.59	98.47	90.8	72.78	66.13	42.72	125.32	134.71	48.01	110.14	43.86	108.17	52.84	60.14	29.43	28.23	98.33	123.23	36.22	92.11	73.38	64.76	112.36	93.05	112.81	75.5	128.89	37.22	77.16	103.1	91.71	14.76	90.8	74.63	82.01	43.46	75.54	65.79	34.41	47.38	40.11	103.35	33.84	92.61	116.83	95.96	123.0	41.44	72.45	35.23	76.24	25.96	87.01	55.71	73.06	84.02	68.24	93.34	66.73	102.7	21.19	72.34	100.5	44.78	102.31	51.89	47.42	62.68	83.49	61.39	99.76	68.12	25.5	59.08	88.01	49.16	137.91	
