200
0.0	32.02	23.77	92.14	58.01	56.08	36.88	74.0	103.6	63.81	46.57	49.24	98.29	105.89	27.78	69.89	94.05	33.24	83.05	19.72	29.15	30.0	83.1	82.76	83.6	28.64	74.73	73.76	12.04	44.28	10.82	26.91	85.59	55.0	74.04	102.55	16.12	21.93	7.62	57.2	47.38	69.92	61.98	31.06	51.24	82.76	12.21	48.08	67.62	62.2	36.77	37.2	23.41	23.35	43.17	22.56	76.42	24.19	61.1	70.49	69.92	82.68	82.05	48.17	27.2	48.0	57.43	41.79	30.27	55.61	12.37	13.6	63.6	37.36	62.97	63.32	94.85	15.0	19.7	20.22	77.88	49.37	51.11	28.65	9.22	34.01	64.56	91.59	17.72	10.63	91.24	75.01	39.12	56.08	67.74	78.19	92.13	41.05	87.68	59.24	49.37	74.01	80.62	56.61	37.74	75.29	45.65	81.49	72.62	76.16	72.35	76.16	58.26	62.61	35.44	83.55	12.04	30.36	47.85	85.87	35.47	62.18	38.9	71.01	59.03	84.77	75.74	12.81	86.13	62.23	70.94	33.3	38.18	86.56	39.2	67.78	43.86	68.03	85.07	51.48	67.68	56.09	32.02	81.69	38.63	65.07	15.52	51.09	26.08	28.16	71.02	32.45	50.96	92.76	49.65	42.05	59.55	87.21	79.81	18.38	18.68	93.51	79.2	91.35	19.72	67.74	36.06	45.71	14.87	56.89	39.81	28.86	59.93	47.17	51.97	62.36	47.85	73.17	18.44	84.69	49.19	67.36	70.52	42.19	86.98	68.94	58.82	32.8	99.64	90.69	46.87	18.6	67.21	53.85	32.02	87.92	71.03	50.09	11.0	40.61	
32.02	0.0	29.15	90.52	64.88	84.2	23.35	50.01	107.42	80.23	76.97	25.5	106.47	110.94	39.2	85.15	102.42	60.17	68.94	31.05	60.54	8.06	66.41	92.7	72.07	14.32	52.24	81.39	43.93	31.24	42.45	7.0	86.83	43.01	96.01	110.15	33.54	29.43	29.21	72.37	60.42	47.27	86.47	58.82	80.01	61.52	20.59	60.64	87.28	51.61	6.08	48.05	17.12	50.6	67.74	53.24	85.0	17.03	37.12	86.68	92.0	97.98	68.03	35.0	12.04	37.54	48.92	21.47	23.26	70.41	21.4	19.24	86.02	61.81	92.36	41.77	104.69	43.01	17.12	23.54	76.49	75.31	69.26	12.08	38.47	40.52	87.02	93.24	20.22	31.91	90.61	83.67	68.01	42.19	92.54	53.08	91.29	14.14	96.61	58.6	42.45	59.93	78.52	72.18	57.0	52.09	20.22	82.62	79.18	78.01	80.06	54.45	72.03	64.07	37.7	94.15	36.06	55.11	72.84	78.6	48.51	64.35	53.46	57.25	83.49	78.87	86.73	19.72	63.03	73.05	91.2	2.0	52.47	93.15	65.97	88.14	65.03	42.11	61.01	55.9	64.38	37.7	20.25	88.19	42.15	75.03	40.82	38.01	47.38	18.38	51.66	43.57	31.02	102.96	43.93	63.03	68.71	86.37	92.66	28.16	25.96	100.34	88.64	101.64	12.81	96.77	67.12	41.4	46.32	81.61	65.12	59.48	79.23	69.07	25.02	40.79	68.01	60.9	45.88	82.02	52.77	95.88	92.02	61.03	82.22	68.25	81.02	7.81	104.56	101.24	64.28	13.45	78.43	26.17	57.27	82.98	55.95	53.24	24.41	37.74	
23.77	29.15	0.0	110.94	79.2	78.23	47.13	79.03	124.58	87.32	67.07	54.04	120.51	127.29	48.84	93.3	116.28	56.52	95.34	5.1	49.04	33.24	93.74	105.26	97.41	16.16	81.02	95.52	30.0	55.66	28.0	29.27	105.42	67.68	97.72	124.65	37.8	2.0	16.16	80.45	70.0	76.03	85.38	54.13	73.11	90.14	24.21	70.6	91.39	75.96	35.23	58.8	34.01	46.84	66.76	44.18	98.49	12.17	66.0	94.02	93.61	106.17	94.37	59.77	17.46	61.1	72.09	48.51	42.95	78.77	15.62	24.41	87.28	61.03	84.02	70.18	117.44	22.8	30.41	6.32	96.52	72.57	74.71	34.93	32.89	53.81	88.23	111.66	31.06	14.14	110.44	97.08	61.29	67.72	91.01	82.22	111.25	43.01	109.99	77.67	64.4	86.13	99.02	79.92	61.29	81.0	49.0	101.21	94.05	96.05	94.11	83.1	81.27	82.01	53.6	106.21	35.36	54.08	71.31	101.98	57.63	81.84	61.61	83.24	82.46	101.53	98.41	23.6	92.01	84.65	94.7	31.14	60.8	108.21	62.37	91.55	67.62	71.25	90.09	71.59	85.23	64.94	42.38	103.25	57.63	87.32	18.97	62.94	49.65	38.63	79.63	53.81	58.55	115.42	65.3	65.8	81.47	106.25	102.9	5.39	5.66	115.31	101.53	114.02	19.65	89.01	56.08	61.77	36.22	80.28	63.32	50.04	83.67	70.94	54.15	69.18	71.59	86.33	42.06	102.93	68.88	89.02	94.24	65.76	104.32	87.66	82.54	35.06	120.93	113.41	70.33	21.19	89.81	55.33	55.66	105.19	82.46	69.66	14.21	56.94	
92.14	90.52	110.94	0.0	36.5	87.48	67.18	65.31	22.0	50.96	95.13	71.02	31.78	27.02	64.47	47.54	30.53	79.31	37.0	109.08	94.89	82.73	44.0	32.8	30.0	102.73	61.0	28.16	97.41	59.55	98.08	85.63	9.49	48.83	69.32	32.28	76.06	109.84	98.01	49.37	50.36	62.1	75.0	81.5	88.68	57.04	86.82	49.37	60.17	40.82	87.21	55.97	77.62	80.81	73.03	89.82	29.55	102.45	67.23	50.16	68.54	49.2	37.01	56.22	99.9	53.15	42.01	70.43	68.88	49.16	95.41	86.53	68.31	73.11	96.54	61.1	35.51	105.85	80.8	104.86	14.42	77.52	57.14	79.25	86.73	58.14	68.62	9.43	79.88	102.0	2.83	30.08	86.01	50.77	77.83	68.73	2.24	79.81	30.41	33.29	48.08	40.02	12.04	50.36	63.51	62.97	75.45	12.0	26.48	17.12	28.86	58.69	46.27	29.55	57.45	34.83	81.15	74.81	74.33	18.0	58.52	30.08	57.27	40.8	74.22	15.13	35.78	87.37	63.0	39.2	62.65	89.14	57.49	23.35	79.01	62.39	65.0	71.17	66.03	40.85	26.17	58.18	70.77	23.32	53.71	36.35	107.42	53.6	71.31	73.76	53.6	60.17	63.81	35.81	46.69	65.03	38.01	5.1	41.05	106.53	105.39	25.55	31.38	35.61	92.62	96.84	95.19	49.68	91.76	74.73	75.01	90.8	58.69	66.12	76.16	61.47	62.07	36.4	82.01	8.6	42.95	93.96	66.71	61.13	11.05	23.32	66.94	82.76	22.56	36.24	57.01	90.6	38.08	77.41	75.54	11.0	43.68	42.05	97.42	54.2	
58.01	64.88	79.2	36.5	0.0	54.63	43.42	62.39	45.61	23.85	60.02	54.04	41.88	48.1	30.48	25.3	37.74	43.01	47.51	76.49	58.42	56.86	52.35	27.86	43.27	74.33	59.51	16.64	61.74	39.12	62.61	58.59	28.46	34.93	45.22	45.8	42.01	77.79	64.66	17.69	14.0	57.58	45.0	45.1	54.71	61.29	55.23	13.0	34.41	32.65	63.57	20.81	48.88	44.38	37.85	53.37	20.12	72.8	56.89	27.86	42.64	36.12	46.75	38.01	71.56	34.01	28.79	49.65	41.63	16.4	63.66	55.32	39.62	37.05	64.4	52.89	39.81	70.71	51.04	73.59	24.08	43.66	23.26	52.8	51.48	25.61	40.31	34.01	49.2	68.41	34.93	18.79	50.25	38.08	49.58	67.23	35.9	58.46	31.76	14.42	28.07	42.64	27.07	18.44	27.07	61.33	56.44	24.74	14.87	19.42	15.26	58.59	14.87	10.82	27.29	29.41	46.32	38.33	40.16	37.95	22.83	9.43	20.88	40.8	43.27	35.17	22.36	55.97	67.42	10.44	38.28	64.08	21.19	29.07	43.29	36.4	29.61	63.79	68.96	9.22	20.81	45.71	44.94	24.08	22.83	11.0	72.72	37.22	35.11	46.52	51.43	25.61	48.04	38.08	26.08	29.27	5.39	31.4	29.07	74.28	73.54	36.24	23.77	36.77	63.01	65.86	59.0	26.08	55.71	43.05	39.32	54.33	29.0	31.62	60.03	52.63	27.51	38.95	45.88	31.02	12.37	63.29	41.4	25.08	35.36	17.09	36.4	57.94	41.77	36.4	21.59	60.8	15.03	62.01	39.12	36.35	43.27	12.17	65.07	27.89	
56.08	84.2	78.23	87.48	54.63	0.0	74.95	108.3	86.21	37.05	14.21	89.89	74.15	85.71	49.93	42.05	70.71	24.04	101.02	73.33	30.08	78.77	104.86	60.13	97.53	84.48	106.78	59.54	48.37	77.01	50.36	77.49	78.09	80.62	28.3	78.45	50.92	76.24	63.0	38.33	42.19	103.32	14.87	25.5	5.39	111.29	64.33	43.05	30.59	82.62	86.98	47.38	68.71	33.73	19.1	34.06	59.14	80.22	98.41	40.2	25.5	49.04	100.17	78.75	82.73	75.74	77.47	82.49	68.48	38.9	68.26	65.51	21.59	23.85	10.0	97.08	68.45	57.27	67.36	76.0	77.79	11.4	31.38	75.39	47.27	54.04	21.84	81.39	64.2	64.12	85.16	58.22	17.0	83.44	17.03	113.28	86.15	87.24	65.28	67.23	72.14	94.63	80.65	37.36	33.24	108.21	89.07	75.71	61.0	71.31	58.69	106.79	41.48	65.31	59.03	59.3	48.27	29.55	15.0	92.48	44.6	63.98	41.04	92.2	14.14	89.54	54.0	65.31	116.78	48.51	30.68	84.77	41.73	69.0	18.38	28.86	26.4	106.21	117.39	57.14	75.13	88.62	72.47	66.12	57.31	51.2	61.19	79.98	38.01	70.68	99.76	48.41	87.2	66.29	70.77	27.66	50.92	82.76	52.47	73.11	74.03	73.25	59.0	65.12	74.15	13.04	23.77	67.88	42.05	13.0	20.25	28.28	29.07	23.32	95.02	96.43	27.29	91.53	38.64	84.2	58.01	11.7	27.31	32.02	89.19	71.69	21.0	81.34	81.22	64.13	33.62	72.37	49.5	97.25	27.31	90.14	94.02	58.82	67.07	65.19	
36.88	23.35	47.13	67.18	43.42	74.95	0.0	37.58	84.31	62.03	71.51	15.0	84.17	87.98	25.06	66.07	80.23	52.01	48.27	46.87	58.6	15.62	47.17	71.17	50.33	36.06	37.95	59.46	47.76	8.54	47.13	18.87	63.6	20.62	80.41	87.66	27.2	46.57	39.01	54.04	42.11	33.24	73.39	51.74	71.85	45.89	26.02	42.05	70.58	29.07	20.59	30.59	14.0	44.55	56.36	50.8	63.25	36.67	25.24	68.01	76.69	78.41	47.3	12.65	33.29	14.42	25.81	7.62	7.21	52.04	33.24	25.0	71.31	51.11	84.31	26.57	82.87	51.62	18.0	40.8	53.15	64.41	52.95	12.53	38.01	22.56	72.28	70.0	19.24	43.0	67.27	61.98	61.07	20.62	79.38	42.06	67.94	15.13	74.67	35.51	19.1	39.05	55.17	54.08	43.08	38.63	14.56	59.41	57.01	54.92	58.19	39.29	53.01	41.18	18.11	72.8	32.76	45.8	61.27	55.76	32.28	41.59	37.11	36.14	70.58	55.8	65.73	26.0	49.34	52.61	74.67	22.02	36.14	70.68	56.86	71.85	51.26	32.8	48.47	34.21	41.04	19.24	5.0	65.8	22.0	54.13	51.16	15.81	37.2	9.0	34.23	27.51	14.32	81.27	20.62	49.4	47.85	63.03	72.18	43.93	42.2	77.82	67.05	80.01	27.51	87.98	63.78	18.36	46.53	69.08	54.71	56.08	62.8	55.36	20.12	25.63	53.16	39.22	41.23	58.69	31.05	86.45	76.3	46.17	59.03	45.0	66.48	15.62	81.63	79.7	48.05	25.96	57.87	22.36	48.01	59.82	35.51	31.32	36.12	15.52	
74.0	50.01	79.03	65.31	62.39	108.3	37.58	0.0	86.98	85.91	107.17	25.32	93.0	91.79	59.67	87.66	90.05	87.21	29.97	80.31	95.72	46.39	23.85	85.0	36.4	64.12	4.47	73.35	85.23	32.2	84.5	50.36	67.12	28.3	106.89	95.08	64.5	79.1	74.95	78.71	68.8	5.0	103.47	87.46	106.07	13.04	62.36	68.26	96.15	30.08	44.05	60.96	50.6	81.02	89.2	87.98	77.28	67.0	13.15	90.25	103.83	97.53	29.55	29.73	62.03	32.56	33.62	32.28	44.72	76.94	68.07	61.13	99.64	84.85	118.14	11.4	94.19	88.32	54.41	73.11	56.01	97.08	80.99	46.1	75.58	54.45	100.5	72.44	56.3	78.64	66.91	76.49	96.43	25.24	109.0	5.0	67.08	36.01	86.37	48.38	36.62	25.32	56.14	79.18	75.07	2.83	30.07	64.01	70.21	62.13	72.57	7.21	76.49	53.85	49.52	87.13	70.24	80.81	93.61	47.8	63.7	55.08	67.48	25.02	101.02	50.22	82.23	62.1	13.04	72.8	100.18	48.01	66.71	80.1	91.24	97.95	82.46	8.94	11.18	55.01	46.39	19.85	42.15	76.32	50.99	72.73	87.32	28.32	72.47	45.88	12.0	60.11	23.26	93.34	38.28	80.92	67.78	63.51	89.5	77.32	75.24	86.0	81.22	92.44	60.41	121.17	100.44	40.61	84.08	100.0	88.39	92.91	89.55	86.21	25.08	12.21	83.01	29.15	78.23	57.56	52.84	119.21	102.88	76.84	54.34	52.47	95.41	44.18	86.37	92.54	76.84	59.68	76.84	24.33	82.88	54.57	22.02	52.35	71.2	43.14	
103.6	107.42	124.58	22.0	45.61	86.21	84.31	86.98	0.0	49.65	96.51	90.38	14.76	5.1	76.06	44.18	16.49	84.15	59.0	122.02	100.3	99.4	66.0	26.08	52.0	118.44	82.73	30.41	106.68	77.52	107.7	101.83	21.02	68.03	62.65	12.73	87.62	123.24	110.26	51.55	57.31	83.55	72.01	86.73	88.68	79.03	100.45	56.44	56.0	60.75	104.85	66.4	92.85	88.1	75.69	96.66	28.79	117.46	87.93	46.04	63.2	39.81	59.01	74.71	115.62	71.2	60.84	88.68	84.65	52.2	108.98	100.42	65.01	77.49	94.0	82.01	20.62	115.97	95.52	118.83	32.31	78.09	59.77	95.6	96.8	70.77	65.0	14.87	94.05	114.02	20.1	30.08	89.02	70.38	73.17	90.55	20.02	98.11	21.0	48.83	65.51	61.66	31.32	52.5	69.78	84.72	94.37	25.06	31.06	29.41	31.76	80.5	49.04	43.42	71.45	27.0	91.84	81.02	75.5	40.0	68.24	43.28	65.51	62.17	72.11	37.05	32.56	101.14	85.0	42.95	57.14	106.25	66.04	18.03	82.28	58.01	68.62	92.42	88.02	53.04	44.28	78.19	87.2	22.36	67.18	39.81	118.15	72.45	79.76	89.64	75.13	71.22	83.26	22.14	63.81	69.29	44.42	23.54	34.01	119.75	118.93	13.0	27.66	22.8	107.56	93.13	99.04	66.03	100.24	73.25	78.45	96.21	57.56	68.41	95.85	82.28	64.85	57.87	90.43	29.43	55.87	90.14	61.2	66.31	33.02	39.45	65.28	99.86	5.0	23.77	61.47	105.42	39.22	97.31	81.15	33.0	65.12	55.17	110.54	69.81	
63.81	80.23	87.32	50.96	23.85	37.05	62.03	85.91	49.65	0.0	46.87	74.81	39.0	49.73	41.23	6.4	35.11	36.62	70.72	83.53	52.48	72.69	75.93	23.77	65.86	86.65	83.19	22.8	62.97	59.84	64.44	73.35	41.48	57.94	21.4	43.46	50.16	85.59	71.34	8.0	20.02	81.02	24.04	39.41	39.12	85.15	65.55	20.0	10.63	56.44	80.4	32.25	63.15	43.14	26.83	50.45	22.09	83.93	79.4	6.71	19.1	18.87	70.04	59.67	84.12	55.79	52.33	69.18	58.14	10.0	72.92	66.13	17.46	30.0	45.71	75.96	34.0	72.92	64.03	82.73	43.05	28.44	12.81	68.59	55.22	40.11	17.89	44.41	61.4	74.33	48.51	21.21	39.92	61.1	27.29	90.8	49.48	77.0	29.12	38.28	50.29	66.4	45.65	8.06	26.08	84.97	76.24	39.56	24.7	35.78	22.14	82.37	9.49	34.06	44.0	23.41	51.97	35.36	25.96	58.52	31.78	32.65	26.93	64.64	23.35	55.23	17.12	66.48	91.27	14.14	14.42	79.91	27.89	32.06	33.54	12.73	21.26	86.65	92.78	31.02	43.86	68.31	62.07	29.07	40.05	15.81	75.93	59.48	37.74	62.39	75.18	36.67	69.63	31.76	48.38	22.63	18.6	46.49	17.49	81.99	81.88	36.88	22.09	30.41	74.95	45.88	50.16	47.3	55.87	24.08	30.02	48.55	8.0	19.72	80.75	75.61	17.03	62.63	46.86	48.75	33.53	43.01	17.69	21.63	54.12	38.95	16.12	74.43	44.72	29.53	17.0	72.73	13.0	82.87	34.71	55.01	67.12	33.84	73.36	47.38	
46.57	76.97	67.07	95.13	60.02	14.21	71.51	107.17	96.51	46.87	0.0	86.45	85.44	96.54	47.51	52.63	81.74	20.0	103.87	62.03	18.03	72.56	106.89	70.61	101.24	75.19	106.21	68.07	37.12	75.07	39.12	70.66	86.02	80.71	42.01	89.84	45.22	65.07	52.77	46.01	46.32	102.3	28.02	19.8	9.22	111.77	56.46	47.3	42.54	84.12	80.53	47.89	62.97	27.2	22.2	24.04	68.36	70.61	96.18	51.24	38.83	61.33	102.96	77.47	73.76	75.0	78.77	78.75	64.54	46.01	58.94	57.78	34.0	23.77	17.03	95.78	80.01	45.1	60.9	65.62	84.01	18.44	38.01	69.64	38.63	53.01	34.48	90.05	57.8	53.24	93.05	67.27	10.82	83.23	31.11	112.04	94.05	82.1	75.93	70.84	72.4	96.6	86.98	45.01	34.54	107.45	84.81	83.15	69.0	78.31	67.03	106.61	49.0	70.09	57.8	70.09	41.18	26.4	21.1	97.74	44.78	68.88	42.54	93.94	26.42	95.13	63.95	57.38	116.83	56.01	43.42	77.82	42.95	78.77	17.09	41.15	30.41	103.95	117.0	60.41	79.4	87.32	68.25	75.33	57.14	59.0	49.09	79.2	34.71	65.8	99.86	47.43	84.86	77.79	71.34	30.81	57.31	90.2	63.6	62.2	63.39	83.74	68.88	76.54	65.79	22.09	11.0	67.96	31.78	24.6	20.88	17.72	39.05	29.02	91.05	95.02	33.06	93.94	31.38	90.8	60.54	22.56	40.5	35.17	95.35	76.9	31.95	75.29	91.59	75.58	38.47	64.26	58.14	93.24	24.41	96.34	95.38	61.47	57.27	64.4	
49.24	25.5	54.04	71.02	54.04	89.89	15.0	25.32	90.38	74.81	86.45	0.0	92.44	94.54	39.96	78.23	88.77	67.01	44.42	55.08	73.11	21.1	41.23	80.89	48.41	39.81	27.0	68.88	60.83	15.03	59.93	25.08	69.35	22.36	94.11	95.51	41.77	54.0	49.73	66.91	55.32	22.0	87.85	66.71	86.84	36.12	37.34	55.11	83.95	30.23	19.92	44.6	25.94	59.41	71.2	65.3	72.84	42.19	12.17	80.4	90.52	90.01	43.57	16.28	37.48	20.22	29.55	7.81	21.93	64.94	42.76	36.06	85.38	66.04	99.3	16.28	91.98	63.25	29.55	48.0	58.14	79.26	66.76	20.88	51.87	36.77	86.33	75.58	31.76	53.37	71.69	71.7	76.06	20.25	93.78	29.12	72.2	11.4	83.74	43.17	26.31	35.81	59.54	67.08	57.7	27.07	5.39	65.39	66.1	61.68	67.74	29.07	65.49	49.24	31.95	82.73	47.01	60.8	76.06	56.64	46.62	50.01	51.26	33.42	85.09	57.63	76.24	37.0	38.12	64.01	88.07	23.54	50.33	78.85	71.85	85.38	65.8	18.79	36.5	45.0	46.1	13.45	18.44	74.22	35.17	65.03	62.1	18.03	52.2	21.63	26.25	42.05	7.21	90.61	28.28	63.98	59.0	67.6	83.1	52.09	50.04	85.73	76.79	89.44	35.13	102.93	78.52	28.0	60.46	83.67	69.64	70.77	76.4	69.86	6.0	15.3	67.42	37.54	55.9	62.43	42.01	101.36	89.99	60.54	61.4	51.26	80.65	19.0	88.39	89.27	61.98	34.37	69.01	8.06	63.01	62.01	31.62	42.0	45.89	27.46	
98.29	106.47	120.51	31.78	41.88	74.15	84.17	93.0	14.76	39.0	85.44	92.44	0.0	12.17	71.7	32.89	4.24	75.18	67.27	117.46	91.24	98.41	74.15	15.81	60.42	116.21	89.02	25.24	99.81	78.43	101.04	100.34	26.31	70.61	49.04	4.47	82.81	119.0	105.38	42.72	50.93	89.05	59.54	77.9	77.13	86.7	96.83	50.21	43.57	64.5	104.69	61.72	90.74	80.45	65.8	88.51	22.02	114.62	91.92	34.21	50.04	26.02	67.08	76.24	113.44	72.42	63.35	89.54	83.24	43.83	105.12	97.01	52.61	68.48	81.3	86.47	6.08	109.48	92.91	115.11	37.01	67.05	50.61	94.41	90.69	67.42	52.47	22.47	91.02	108.89	29.15	23.43	78.92	73.35	60.03	97.05	29.55	98.79	10.63	49.34	66.41	68.12	37.22	43.57	62.2	91.02	95.82	29.02	27.29	31.26	26.63	87.09	40.8	43.32	69.12	15.65	86.28	72.95	64.85	48.76	62.97	42.72	59.41	68.01	60.02	45.35	23.02	97.62	92.91	36.07	44.1	105.55	60.11	13.6	72.5	45.4	59.54	97.33	95.63	50.61	47.38	81.39	86.31	18.38	64.66	33.24	112.04	74.46	73.11	88.19	81.0	66.71	85.62	8.0	64.51	60.54	39.05	31.05	21.84	115.43	114.87	7.0	19.1	9.06	104.86	80.02	89.16	65.92	93.01	61.39	68.88	87.24	46.49	58.6	98.23	86.58	55.47	64.07	83.41	36.88	53.71	77.03	48.04	58.25	41.76	41.59	53.6	99.28	10.63	10.05	53.25	102.65	31.24	99.92	72.72	42.06	71.01	53.24	106.3	68.88	
105.89	110.94	127.29	27.02	48.1	85.71	87.98	91.79	5.1	49.73	96.54	94.54	12.17	0.0	78.57	43.93	15.03	85.09	64.01	124.58	101.24	102.9	71.01	25.96	57.01	121.66	87.57	32.2	108.45	81.41	109.55	105.21	25.3	72.24	61.13	8.94	90.03	125.9	112.7	52.39	59.08	88.28	71.25	87.73	88.46	84.01	103.25	58.25	55.23	65.15	108.56	68.77	96.05	89.55	76.22	97.95	30.02	120.51	92.44	45.54	62.0	38.12	64.0	78.72	118.85	75.13	65.0	92.59	88.01	53.23	111.72	103.28	64.28	78.39	93.13	86.59	18.25	117.89	98.6	121.63	36.69	78.1	60.54	99.05	98.81	73.55	64.2	19.42	97.0	116.39	25.02	31.38	89.49	74.67	72.0	95.43	25.0	102.0	20.62	52.48	69.35	66.48	35.9	53.31	71.2	89.56	98.41	29.15	33.3	33.12	33.6	85.38	50.09	46.87	74.52	26.48	94.02	82.3	75.69	45.01	70.43	46.62	67.42	66.91	71.57	42.01	32.89	103.97	90.01	44.42	56.01	109.84	68.01	19.42	82.87	57.14	69.46	97.08	93.01	55.97	48.47	82.54	90.7	24.21	70.18	41.34	120.21	76.56	81.54	93.01	79.91	73.66	87.46	20.1	67.6	70.26	46.4	28.28	33.24	122.38	121.63	13.0	28.23	21.02	110.63	92.0	99.62	69.64	101.87	72.84	79.12	97.17	57.49	68.95	100.09	86.83	65.55	62.65	92.11	34.23	58.9	89.0	60.0	67.54	38.0	43.38	64.94	103.46	6.4	22.02	62.61	108.47	40.25	101.59	82.29	38.01	69.87	58.26	113.17	73.24	
27.78	39.2	48.84	64.47	30.48	49.93	25.06	59.67	76.06	41.23	47.51	39.96	71.7	78.57	0.0	46.49	67.48	27.59	60.02	46.01	37.34	32.0	61.68	56.61	59.14	45.69	58.82	46.69	33.54	27.59	33.96	32.25	57.8	34.01	57.08	75.82	11.66	47.38	34.21	33.53	21.93	54.82	48.76	27.8	47.01	64.88	25.24	22.36	48.09	39.05	40.05	10.0	22.09	21.93	31.3	30.08	49.68	43.42	48.84	47.8	53.15	59.46	59.03	30.0	43.08	27.78	33.73	32.65	18.97	31.62	33.42	25.55	47.38	26.08	59.41	48.27	68.82	41.44	22.8	43.42	50.33	39.36	30.07	28.02	22.56	7.0	48.37	63.81	20.25	38.01	63.51	48.27	36.8	36.24	54.82	64.54	64.4	38.33	61.22	32.02	26.25	51.66	53.14	33.24	18.44	60.0	39.4	53.71	45.28	48.37	45.28	59.36	33.62	34.93	10.77	57.69	16.76	21.21	36.25	59.54	9.49	34.44	14.32	48.76	45.88	58.05	49.93	26.08	69.64	36.06	52.04	39.05	13.34	59.4	32.02	49.01	26.68	56.64	69.63	23.71	40.79	39.82	23.09	54.45	12.0	38.6	42.95	31.91	12.81	22.2	52.84	5.0	37.54	66.85	25.71	24.74	32.65	59.51	55.01	43.84	43.19	66.48	52.8	65.46	34.01	62.97	41.18	21.84	29.0	44.27	29.68	34.01	40.05	30.81	45.18	47.51	29.15	49.82	20.4	57.25	21.54	61.4	53.04	22.09	59.91	41.44	42.43	34.06	72.25	64.9	25.08	31.78	41.34	47.41	23.35	60.88	49.65	22.47	34.66	17.46	
69.89	85.15	93.3	47.54	25.3	42.05	66.07	87.66	44.18	6.4	52.63	78.23	32.89	43.93	46.49	0.0	29.12	43.01	70.43	89.59	58.83	77.47	76.03	18.11	65.12	92.11	84.69	19.72	69.31	63.2	70.77	78.34	38.08	60.17	22.2	37.34	55.9	91.59	77.39	13.0	24.74	82.87	28.16	45.8	44.55	85.96	71.18	24.52	12.65	57.78	85.0	37.11	68.15	49.5	33.12	56.85	18.03	89.55	82.0	2.83	21.02	13.0	69.81	62.65	89.54	58.69	54.08	73.0	62.65	14.87	78.71	71.69	21.21	36.4	50.16	78.16	27.73	79.25	69.26	88.59	41.23	34.21	19.1	73.35	61.4	44.72	21.38	40.26	66.73	80.45	44.94	17.46	46.1	63.32	30.36	92.48	45.88	81.15	23.35	39.4	52.95	66.89	43.6	13.42	32.2	86.54	80.01	36.72	22.2	33.6	19.42	83.67	13.15	34.48	48.26	17.46	57.98	41.73	31.95	56.85	37.0	33.12	32.31	65.37	28.0	53.41	12.17	72.09	92.18	14.87	15.26	84.72	33.24	27.07	39.82	14.87	27.66	89.02	93.91	33.54	43.83	70.83	66.48	24.74	44.1	15.26	82.22	62.17	43.83	67.08	76.56	41.76	72.69	25.5	50.99	29.0	19.92	43.38	11.18	87.98	87.82	31.26	17.12	24.17	80.41	49.82	56.36	50.36	62.23	29.07	36.36	54.92	13.6	26.08	84.21	77.88	23.43	62.97	53.15	46.32	36.35	46.87	19.24	27.8	51.87	38.42	21.1	79.08	39.2	23.26	23.02	78.19	11.4	86.28	41.11	52.7	68.0	36.5	79.26	51.01	
94.05	102.42	116.28	30.53	37.74	70.71	80.23	90.05	16.49	35.11	81.74	88.77	4.24	15.03	67.48	29.12	0.0	71.12	65.0	113.22	87.21	94.37	71.81	11.66	58.24	112.06	86.15	21.1	95.6	74.63	96.83	96.25	24.04	67.08	46.27	8.6	78.57	114.77	101.14	38.59	46.69	86.0	56.22	73.82	73.55	84.17	92.62	45.97	40.2	61.2	100.72	57.49	86.61	76.28	61.85	84.38	17.8	110.44	88.57	30.59	47.01	23.35	64.76	72.53	109.29	68.68	59.84	85.7	79.18	39.66	100.9	92.8	49.25	64.41	78.1	83.22	5.0	105.26	88.75	110.89	34.23	63.32	46.53	90.35	86.45	63.25	49.16	21.1	86.84	104.65	27.78	19.21	75.03	69.87	57.01	94.19	28.3	94.92	6.4	45.61	62.64	65.38	34.71	39.45	58.01	88.14	92.05	26.31	23.26	28.02	22.47	84.29	36.62	39.56	65.0	11.7	82.04	68.8	61.03	46.82	58.73	38.9	55.17	65.12	56.57	43.32	18.87	93.41	90.43	31.83	41.0	101.52	55.87	10.05	68.54	42.11	55.47	94.13	93.06	46.53	44.1	77.93	82.29	14.56	60.54	29.0	107.81	70.83	68.88	84.12	78.06	62.48	82.0	5.83	60.73	56.44	34.83	29.15	18.25	111.2	110.63	5.0	14.87	6.32	100.69	77.01	85.23	62.03	88.81	57.87	64.88	83.19	42.72	54.63	94.59	83.29	51.43	61.29	79.2	34.79	49.65	74.01	45.01	54.08	39.92	38.21	50.01	95.27	11.7	7.28	49.09	98.47	27.02	96.32	68.6	40.31	68.12	49.19	102.07	64.88	
33.24	60.17	56.52	79.31	43.01	24.04	52.01	87.21	84.15	36.62	20.0	67.01	75.18	85.09	27.59	43.01	71.12	0.0	84.5	51.92	16.16	54.78	87.24	59.48	82.28	61.03	86.21	54.12	28.18	55.17	29.97	53.45	70.71	60.75	41.63	79.65	26.93	54.57	40.61	32.7	29.02	82.33	28.86	2.83	20.12	91.81	40.45	30.02	37.01	64.4	62.97	28.23	44.78	10.0	10.82	14.21	55.36	57.01	76.38	42.64	37.58	54.49	83.57	57.49	59.14	55.0	59.03	59.41	45.22	31.95	45.01	41.59	31.3	6.71	32.65	75.82	70.49	38.08	43.32	53.46	67.01	16.12	24.6	51.48	24.08	33.02	32.2	75.5	40.16	42.45	77.52	54.08	9.22	63.25	34.53	92.1	78.52	63.53	64.85	52.17	52.48	76.97	70.01	31.78	16.03	87.46	65.73	67.36	54.34	62.2	52.89	86.61	35.11	52.24	37.8	59.54	24.33	6.4	14.87	79.76	25.08	51.16	23.54	74.25	25.96	77.41	52.33	41.44	96.83	41.48	39.66	60.73	23.77	66.13	6.0	36.62	15.65	84.17	97.01	41.77	61.0	67.36	49.09	61.98	37.22	44.64	41.59	59.2	14.87	47.01	79.88	27.46	65.07	68.26	51.48	14.87	41.44	74.24	54.08	51.2	51.79	72.09	56.86	66.89	50.36	36.77	16.03	48.02	21.02	23.77	7.21	12.08	30.41	17.03	71.85	75.07	19.72	74.46	15.0	74.0	41.48	35.74	38.47	18.25	78.1	59.21	26.93	57.38	79.48	66.04	22.8	48.51	44.94	74.06	4.47	79.1	75.59	42.45	44.18	44.41	
83.05	68.94	95.34	37.0	47.51	101.02	48.27	29.97	59.0	70.72	103.87	44.42	67.27	64.01	60.02	70.43	65.0	84.5	0.0	95.13	97.02	62.63	7.0	62.65	7.0	83.01	25.5	52.48	92.14	39.81	92.05	66.41	41.0	28.16	92.02	68.59	69.18	94.83	86.58	65.19	58.83	28.02	92.46	85.7	100.24	20.1	73.68	57.98	81.34	21.1	63.95	56.3	61.98	81.49	82.76	90.03	55.95	84.43	36.07	73.25	89.81	77.52	1.0	35.69	80.41	35.13	26.31	47.54	53.46	63.89	81.39	72.84	87.11	80.11	110.98	29.73	69.64	98.05	65.92	89.02	31.38	89.69	70.21	60.44	81.22	53.15	87.78	45.28	66.48	90.67	39.05	55.57	93.23	27.66	97.08	32.57	39.01	55.47	62.63	33.84	34.13	9.22	30.36	65.95	69.35	27.31	49.74	38.9	49.4	38.91	52.15	22.85	62.29	36.8	49.5	64.88	75.24	78.43	86.09	19.0	59.46	38.21	61.33	12.17	90.6	22.09	61.91	73.82	26.0	56.59	84.96	67.12	60.93	55.66	86.82	83.45	74.79	37.44	29.07	43.91	26.87	31.3	53.15	52.92	48.27	55.32	98.25	32.56	71.57	57.07	19.85	57.97	38.01	69.26	34.37	73.82	52.35	36.35	68.96	92.2	90.47	60.42	59.48	68.62	75.69	112.89	99.93	38.33	88.68	90.21	83.19	93.41	76.49	77.7	47.8	30.48	73.78	10.2	80.41	30.41	43.38	110.44	88.41	69.35	26.02	32.02	83.87	61.47	59.21	68.95	67.42	74.22	59.03	48.27	80.06	26.0	13.0	42.49	84.17	43.19	
19.72	31.05	5.1	109.08	76.49	73.33	46.87	80.31	122.02	83.53	62.03	55.08	117.46	124.58	46.01	89.59	113.22	51.92	95.13	0.0	44.01	34.01	93.9	102.07	96.84	19.42	82.05	92.63	25.02	55.32	23.02	30.02	103.23	67.19	93.3	121.66	34.66	3.16	12.21	76.84	66.71	77.06	80.78	49.48	68.18	91.0	22.36	67.36	87.24	75.29	37.11	55.87	33.24	42.38	62.3	39.32	95.48	14.76	67.19	90.21	89.2	102.4	94.15	59.44	20.12	60.44	71.17	49.04	42.06	75.21	13.93	22.85	82.87	56.65	79.01	71.0	114.21	17.72	29.41	7.62	94.67	67.91	70.83	35.13	28.64	51.4	83.82	109.4	29.55	9.49	108.45	94.07	56.44	67.47	86.35	83.73	109.29	44.41	106.89	75.8	63.32	85.91	97.25	76.28	57.45	82.15	50.25	99.05	91.29	93.81	91.22	84.01	77.8	79.88	51.62	102.94	31.62	49.77	66.76	100.85	54.49	79.63	58.26	82.98	77.88	100.22	95.13	21.93	93.19	81.47	90.47	32.98	57.49	105.38	57.72	87.32	63.51	72.84	91.44	69.2	83.65	65.28	41.98	100.45	55.47	84.22	13.93	62.59	45.79	38.08	80.16	50.93	59.08	112.16	64.08	61.72	78.49	104.31	99.4	3.0	5.1	112.43	98.41	110.75	20.0	84.0	51.04	60.42	31.4	75.69	58.82	45.1	79.61	66.71	55.73	70.0	67.54	85.87	37.7	101.21	66.61	84.05	89.89	61.91	102.86	85.76	78.19	36.12	118.26	110.11	66.57	21.1	86.56	57.07	51.26	103.75	82.38	67.42	11.66	55.46	
29.15	60.54	49.04	94.89	58.42	30.08	58.6	95.72	100.3	52.48	18.03	73.11	91.24	101.24	37.34	58.83	87.21	16.16	97.02	44.01	0.0	57.01	98.98	75.58	95.52	57.57	95.38	70.21	19.1	63.63	21.1	54.64	86.49	71.31	54.41	95.71	31.4	47.04	34.93	48.85	44.55	91.07	40.5	13.6	24.74	101.98	39.96	45.54	51.66	76.24	64.64	41.3	48.1	15.52	25.81	7.81	71.51	52.89	83.82	58.25	50.61	69.81	96.05	66.65	56.3	64.88	70.88	65.3	51.4	48.1	41.44	41.34	44.69	22.85	35.0	84.38	86.45	27.29	45.45	47.68	82.15	27.8	40.72	54.56	22.2	43.97	45.45	91.44	42.52	35.23	93.21	70.23	14.42	73.41	45.18	100.4	94.2	67.27	80.96	66.19	63.57	88.89	85.15	47.93	31.4	96.38	70.72	83.02	70.34	77.78	68.96	96.18	51.26	67.01	48.1	75.59	26.17	20.1	28.28	94.13	38.21	66.03	38.01	86.02	38.01	92.02	68.45	40.82	106.47	57.57	53.76	61.59	38.0	82.28	19.21	50.91	31.78	91.4	106.17	56.04	75.17	76.16	54.67	78.11	48.76	60.73	31.26	68.88	25.5	51.66	89.9	39.05	72.67	84.22	62.94	31.02	57.27	89.81	69.97	44.18	45.4	88.24	73.01	82.86	48.75	40.01	7.07	59.14	14.32	35.81	22.47	4.12	45.8	32.76	77.1	83.53	35.78	86.83	17.49	89.2	55.23	40.2	51.86	34.21	93.02	74.01	41.01	59.82	95.63	81.99	38.9	47.41	61.1	79.21	19.42	94.02	86.98	56.22	39.56	54.78	
30.0	8.06	33.24	82.73	56.86	78.77	15.62	46.39	99.4	72.69	72.56	21.1	98.41	102.9	32.0	77.47	94.37	54.78	62.63	34.01	57.01	0.0	60.64	84.69	65.31	20.59	48.04	73.35	42.01	23.85	40.8	4.0	78.87	35.85	89.05	102.08	27.86	33.06	29.15	64.78	52.77	43.05	80.06	53.71	74.85	57.01	17.8	52.95	80.06	44.42	8.25	40.45	10.2	45.62	61.61	49.41	76.97	21.84	33.24	79.08	85.09	90.24	61.68	27.78	17.89	30.0	41.4	15.3	15.23	62.8	21.84	16.4	79.23	55.79	87.32	37.01	96.66	42.95	11.66	27.07	68.62	69.38	62.03	4.12	34.83	32.76	80.22	85.28	14.76	32.57	82.76	75.64	63.07	35.34	86.15	50.01	83.45	11.18	88.57	50.61	34.66	53.49	70.71	64.63	50.16	48.17	16.49	74.65	71.12	70.0	72.01	50.0	64.33	56.04	29.73	86.16	31.38	49.34	66.71	71.28	41.11	56.3	46.1	50.7	77.1	71.4	78.77	17.2	59.21	65.15	84.02	7.28	45.1	85.09	60.41	81.01	58.31	39.29	57.56	47.85	56.57	31.78	12.21	80.13	34.18	67.07	41.44	30.89	41.23	10.44	46.39	36.12	25.32	94.94	36.07	56.32	60.75	78.52	84.77	31.02	29.0	92.28	80.62	93.62	14.04	91.55	63.25	33.42	43.19	75.31	59.2	55.47	72.03	62.39	22.47	36.01	61.07	54.13	41.18	74.28	44.72	90.48	85.02	54.04	74.65	60.31	74.24	2.83	96.52	93.23	57.04	13.34	70.52	24.17	51.55	75.43	49.65	45.18	25.0	29.68	
83.1	66.41	93.74	44.0	52.35	104.86	47.17	23.85	66.0	75.93	106.89	41.23	74.15	71.01	61.68	76.03	71.81	87.24	7.0	93.9	98.98	60.64	0.0	69.08	14.0	80.65	19.42	58.59	92.78	39.01	92.54	64.54	47.85	28.28	97.31	75.54	70.04	93.38	86.05	70.01	62.8	22.63	97.0	88.24	103.77	13.15	73.06	62.01	86.56	22.85	61.1	59.03	61.13	83.49	86.28	91.76	62.17	82.46	31.62	78.82	94.92	83.65	7.07	35.0	78.16	35.23	28.23	45.35	53.0	68.59	80.4	72.11	91.92	83.24	114.86	25.55	76.4	98.08	65.12	87.48	37.95	93.48	74.52	58.86	82.04	55.03	92.63	52.24	66.01	90.09	46.04	61.72	96.15	27.02	101.83	26.0	46.01	52.55	69.26	38.21	35.44	10.3	37.11	70.71	72.56	21.1	46.62	45.61	55.47	45.31	58.18	16.64	67.21	41.87	50.96	71.31	76.12	81.02	89.87	26.0	62.17	43.28	64.5	13.0	95.02	29.07	68.0	73.11	19.0	61.85	90.27	64.51	64.01	62.36	89.94	88.62	78.49	31.89	22.09	47.8	32.2	28.86	52.15	59.46	50.33	60.8	98.0	32.02	73.74	56.14	15.26	60.17	35.44	75.96	36.06	77.39	57.38	43.29	75.13	90.93	89.11	67.27	65.8	75.29	74.15	117.0	102.32	39.85	89.82	94.49	86.45	95.52	81.32	81.61	43.91	26.42	77.8	13.45	82.01	37.34	46.87	114.63	93.61	72.95	33.02	37.74	88.46	59.2	66.19	75.58	71.4	72.84	64.64	44.1	82.76	33.0	12.17	46.04	83.29	44.38	
82.76	92.7	105.26	32.8	27.86	60.13	71.17	85.0	26.08	23.77	70.61	80.89	15.81	25.96	56.61	18.11	11.66	59.48	62.65	102.07	75.58	84.69	69.08	0.0	56.36	101.71	81.39	12.04	84.02	66.29	85.28	86.33	24.04	60.03	37.64	20.25	67.48	103.71	89.94	26.93	35.38	80.62	46.01	62.18	62.65	80.65	81.84	34.71	30.07	55.23	91.42	46.62	76.48	64.64	50.33	72.72	8.06	99.86	82.0	20.0	37.66	16.4	62.24	64.63	98.98	60.67	53.0	77.13	69.46	28.02	90.0	82.1	39.01	52.77	68.03	77.1	12.21	93.72	78.39	100.0	31.3	52.17	34.89	80.62	75.01	52.84	39.05	24.19	76.32	93.38	30.0	9.22	63.57	63.01	47.52	89.44	30.81	86.13	5.39	38.05	54.59	61.4	32.76	27.78	46.4	83.36	83.74	24.41	15.0	23.77	13.15	79.83	25.0	32.02	55.04	2.24	70.72	57.14	49.73	46.04	47.63	31.06	43.86	60.64	46.04	42.44	7.21	82.66	86.98	20.62	31.58	91.92	44.6	9.85	57.01	32.14	43.83	88.14	89.29	37.0	38.64	71.03	72.8	10.0	50.57	18.03	96.33	63.29	57.38	74.32	73.16	51.61	74.43	10.3	52.61	44.78	24.19	29.7	8.54	100.12	99.64	13.15	4.12	8.94	90.21	67.36	73.74	53.37	77.2	47.17	53.31	71.55	31.58	43.08	86.83	77.06	39.81	57.28	67.62	34.21	40.16	64.38	35.69	42.44	39.82	32.56	39.2	85.8	21.1	8.54	37.44	87.98	15.56	88.68	56.94	40.46	63.56	39.85	91.05	55.66	
83.6	72.07	97.41	30.0	43.27	97.53	50.33	36.4	52.0	65.86	101.24	48.41	60.42	57.01	59.14	65.12	58.24	82.28	7.0	96.84	95.52	65.31	14.0	56.36	0.0	85.87	31.95	46.62	92.02	41.79	92.09	68.94	34.21	29.73	86.98	61.66	69.03	96.77	87.66	60.8	55.46	34.0	88.23	83.68	97.08	27.07	74.95	54.56	76.42	21.59	67.42	54.34	63.6	80.06	79.71	88.81	49.93	86.93	41.23	67.94	84.96	71.56	7.07	37.7	83.19	36.4	26.17	50.61	54.82	59.64	82.97	74.22	82.62	77.49	107.42	34.83	62.94	98.51	67.45	91.08	25.06	86.31	66.37	62.77	81.01	52.15	83.24	38.33	67.68	91.78	32.06	49.65	90.76	29.97	92.62	39.29	32.02	59.08	56.08	30.46	34.23	12.73	23.77	61.61	66.73	33.84	53.6	32.31	43.6	32.76	46.4	29.41	57.8	32.45	49.0	58.59	75.01	76.4	82.73	12.0	57.49	33.84	58.82	15.0	86.53	15.13	56.04	75.19	33.0	51.74	79.91	70.33	58.52	49.04	84.15	78.57	71.59	43.42	36.06	40.85	22.47	35.0	55.03	46.52	47.17	50.21	98.99	34.54	70.04	58.82	25.55	56.57	41.62	62.63	34.06	70.77	47.8	29.43	62.97	93.96	92.35	53.6	53.34	62.03	77.83	109.08	97.98	38.05	88.09	86.28	80.41	91.78	72.01	74.24	52.35	35.47	70.24	11.18	79.4	23.54	40.8	106.53	83.49	66.31	19.03	26.91	79.63	64.41	52.24	62.39	63.95	76.22	53.76	53.04	77.88	19.0	16.97	39.85	85.62	43.1	
28.64	14.32	16.16	102.73	74.33	84.48	36.06	64.12	118.44	86.65	75.19	39.81	116.21	121.66	45.69	92.11	112.06	61.03	83.01	19.42	57.57	20.59	80.65	101.71	85.87	0.0	66.48	90.97	39.0	44.42	37.16	17.2	98.31	56.44	100.13	120.1	36.88	17.0	22.85	79.12	67.62	61.52	89.14	59.14	79.76	75.8	21.38	68.03	92.42	65.0	20.1	55.46	25.61	51.04	70.11	51.2	94.34	5.0	51.35	93.3	96.03	105.11	82.08	48.37	2.83	50.48	61.85	35.47	33.94	77.25	16.28	20.62	89.81	64.12	91.59	56.09	113.88	35.0	23.32	12.04	88.46	77.0	74.73	23.6	37.22	48.88	90.8	104.69	25.5	23.85	102.59	92.96	67.6	55.9	95.08	67.0	103.32	28.44	106.0	70.01	54.82	73.93	90.69	78.77	61.61	66.27	34.53	94.07	89.05	89.2	89.59	68.73	79.31	75.07	47.2	102.96	37.05	57.08	75.06	91.81	55.15	75.17	59.81	71.18	86.15	91.84	95.29	20.4	77.16	81.41	96.1	16.28	58.87	103.23	67.03	92.96	69.05	56.0	75.03	65.8	76.58	51.87	32.02	98.23	51.61	83.73	31.89	51.48	50.64	29.0	65.97	50.57	45.22	112.0	56.08	67.08	77.52	98.35	100.65	17.03	14.87	110.44	97.75	110.64	11.7	96.34	64.56	53.08	43.42	84.1	67.03	57.49	84.4	72.84	39.05	55.11	72.57	74.69	46.04	94.37	62.8	95.89	96.34	65.97	95.0	79.91	84.85	21.54	115.26	110.15	69.92	13.93	86.77	40.0	59.03	95.8	70.01	63.41	18.03	48.8	
74.73	52.24	81.02	61.0	59.51	106.78	37.95	4.47	82.73	83.19	106.21	27.0	89.02	87.57	58.82	84.69	86.15	86.21	25.5	82.05	95.38	48.04	19.42	81.39	31.95	66.48	0.0	69.86	85.7	31.76	85.07	52.04	63.03	26.25	104.32	91.02	64.4	81.0	76.12	76.16	66.61	5.0	101.4	86.61	104.74	9.49	63.35	66.03	93.54	26.93	46.39	59.4	51.42	80.45	87.68	87.71	73.76	69.12	15.13	87.32	101.36	94.25	25.08	28.84	64.28	31.24	30.89	33.38	44.94	74.43	69.46	62.17	97.35	83.55	116.67	11.4	90.35	89.27	55.32	75.0	52.01	95.48	78.82	47.38	75.77	53.26	98.18	68.26	57.01	79.91	62.65	73.01	95.43	23.35	106.83	8.06	62.8	38.12	82.61	45.31	34.71	21.1	52.04	76.66	73.54	2.0	32.06	60.01	66.71	58.31	69.12	2.83	73.82	50.6	48.41	83.55	70.26	79.81	91.97	43.42	62.24	51.87	65.8	21.02	99.02	45.89	78.85	63.15	11.4	69.86	97.53	50.25	65.07	76.24	90.03	95.38	80.72	12.81	10.82	52.48	42.76	19.24	42.72	72.56	49.52	69.64	88.46	27.02	71.61	46.57	8.25	58.9	23.77	89.56	36.24	79.25	64.88	59.3	86.13	79.06	77.03	82.02	77.67	88.68	62.07	119.55	99.86	38.9	84.17	98.08	87.05	92.44	87.13	84.39	27.66	12.37	81.06	25.02	77.9	53.34	50.48	117.52	100.34	75.07	50.01	48.84	93.23	46.0	82.22	88.81	74.81	61.2	73.74	27.2	81.84	50.22	18.03	49.93	72.56	41.87	
73.76	81.39	95.52	28.16	16.64	59.54	59.46	73.35	30.41	22.8	68.07	68.88	25.24	32.2	46.69	19.72	21.1	54.12	52.48	92.63	70.21	73.35	58.59	12.04	46.62	90.97	69.86	0.0	76.32	54.34	77.39	75.18	18.68	48.01	41.88	29.21	58.0	94.07	80.66	22.09	26.93	68.88	46.84	56.61	61.07	69.64	71.7	26.08	32.2	43.42	79.85	36.77	65.51	57.7	46.39	66.31	4.0	89.4	70.01	22.47	40.71	25.06	51.97	52.61	88.2	48.66	41.01	65.25	58.14	22.36	80.06	71.84	40.16	47.54	68.45	65.19	23.41	85.7	67.68	90.03	21.93	50.01	30.27	69.32	66.61	42.2	40.5	22.0	65.8	84.29	25.71	3.16	59.68	51.0	49.77	77.88	26.68	74.33	15.23	26.02	42.58	50.33	24.08	23.09	39.4	71.81	71.81	17.0	3.16	14.14	1.41	68.41	19.24	20.0	43.91	14.0	61.85	50.7	47.01	37.48	38.29	19.03	35.23	49.34	46.1	33.97	9.43	72.47	75.96	12.65	34.99	80.53	35.81	12.81	52.77	34.44	38.83	76.24	78.11	25.5	27.2	59.01	61.33	8.06	39.45	9.49	88.01	51.24	49.4	63.06	61.61	41.73	62.39	21.84	40.61	39.29	14.21	23.77	16.55	90.52	89.87	19.8	8.0	20.62	79.63	68.68	69.43	41.48	69.84	46.69	48.84	66.1	30.59	39.2	74.81	65.12	35.36	46.24	60.03	26.63	28.64	65.8	38.95	36.06	32.2	21.19	38.83	74.32	26.08	20.4	31.32	77.42	10.05	76.66	50.92	33.02	52.2	28.23	81.34	44.01	
12.04	43.93	30.0	97.41	61.74	48.37	47.76	85.23	106.68	62.97	37.12	60.83	99.81	108.45	33.54	69.31	95.6	28.18	92.14	25.02	19.1	42.01	92.78	84.02	92.02	39.0	85.7	76.32	0.0	54.57	2.0	38.95	90.08	64.5	69.78	104.2	23.0	28.0	16.16	57.38	49.4	80.99	56.65	25.5	43.19	93.41	24.21	50.25	64.9	71.06	48.8	41.44	34.89	19.85	38.95	14.56	78.49	34.18	72.5	69.43	65.74	81.57	91.14	58.25	38.01	57.56	66.01	53.23	40.8	56.08	23.32	25.61	59.48	33.84	54.04	74.33	95.78	10.0	31.38	28.64	83.52	43.66	50.21	40.5	11.05	40.45	60.37	95.75	29.07	16.12	96.21	77.1	31.58	65.92	61.98	89.55	97.14	53.01	89.2	65.51	58.03	83.29	86.4	56.64	37.64	86.38	57.45	86.16	75.66	80.78	74.95	86.98	59.03	68.01	43.05	84.5	17.03	27.66	42.95	93.06	39.0	67.36	41.18	80.31	53.85	91.59	76.84	24.84	97.08	64.07	67.74	45.28	40.71	89.04	33.62	64.66	41.87	79.61	96.21	56.61	74.33	66.76	43.08	84.38	45.4	67.12	13.42	61.0	26.93	39.4	81.49	37.36	62.03	93.61	58.0	40.36	62.27	92.36	79.93	25.08	26.31	95.69	80.8	92.2	31.4	59.01	26.17	54.0	7.21	51.62	35.36	20.1	57.8	44.41	63.81	73.39	46.1	82.05	16.4	90.52	54.82	59.03	66.65	41.77	93.39	74.73	55.07	44.82	102.4	91.44	46.75	30.48	68.6	65.73	28.6	94.37	80.62	55.79	21.02	49.01	
44.28	31.24	55.66	59.55	39.12	77.01	8.54	32.2	77.52	59.84	75.07	15.03	78.43	81.41	27.59	63.2	74.63	55.17	39.81	55.32	63.63	23.85	39.01	66.29	41.79	44.42	31.76	54.34	54.57	0.0	54.13	27.29	56.6	12.08	79.4	81.71	32.7	55.08	47.04	51.97	40.52	27.46	73.79	55.32	74.41	38.9	34.06	40.26	69.12	20.59	27.66	30.41	22.2	48.83	58.01	55.95	58.25	45.19	21.4	65.38	75.89	75.0	38.83	4.12	41.68	6.4	17.69	11.18	14.04	50.01	41.59	33.14	70.94	53.26	86.68	20.81	77.62	59.21	26.17	49.34	45.8	66.03	52.2	21.02	44.27	23.02	71.87	62.97	27.0	51.09	59.82	57.07	64.38	12.17	79.62	37.01	60.44	20.59	69.38	29.15	12.08	30.59	47.63	52.17	44.1	32.76	17.46	52.48	51.66	48.3	53.15	32.7	50.49	35.11	18.03	68.07	38.63	48.8	62.68	47.43	32.76	35.74	37.12	27.66	71.12	47.63	61.4	34.13	42.95	49.0	73.25	29.73	36.24	64.85	59.46	70.6	51.97	29.21	42.54	30.02	33.6	12.53	13.34	60.08	20.62	50.09	59.01	7.28	40.36	17.26	26.93	28.6	10.3	76.16	13.93	50.25	44.01	55.61	68.18	52.39	50.7	71.87	62.17	74.95	36.06	90.0	68.24	13.04	52.55	69.84	56.85	60.75	61.68	55.95	21.02	20.0	53.23	30.68	46.14	50.99	27.0	88.23	75.29	46.53	50.99	38.08	66.31	23.43	75.13	74.73	47.54	34.48	54.04	23.09	50.91	51.74	27.17	27.02	44.41	12.65	
10.82	42.45	28.0	98.08	62.61	50.36	47.13	84.5	107.7	64.44	39.12	59.93	101.04	109.55	33.96	70.77	96.83	29.97	92.05	23.02	21.1	40.8	92.54	85.28	92.09	37.16	85.07	77.39	2.0	54.13	0.0	37.64	90.87	64.28	71.59	105.42	23.09	26.0	14.32	58.73	50.48	80.32	58.52	27.31	45.18	92.89	23.02	51.31	66.57	71.01	47.42	42.15	34.01	21.4	40.71	16.49	79.63	32.31	71.69	70.94	67.54	83.1	91.05	57.87	36.24	57.31	66.01	52.39	40.26	57.38	21.63	24.41	61.27	35.51	56.04	73.68	97.08	8.49	30.41	26.68	84.12	45.54	51.66	39.45	11.4	40.79	62.17	96.61	28.23	14.14	96.93	78.24	33.54	65.62	63.89	88.77	97.86	51.87	90.43	65.97	58.0	83.15	86.98	58.0	38.95	85.7	56.44	86.93	76.66	81.54	76.01	86.4	60.31	68.62	43.19	85.8	17.26	29.21	44.78	93.38	39.81	68.01	42.19	80.16	55.71	91.98	78.1	23.6	96.46	65.22	69.46	43.84	41.68	90.14	35.47	66.37	43.42	78.72	95.52	57.25	74.73	66.22	42.38	85.44	45.71	68.24	11.66	60.67	28.02	38.63	81.02	37.95	61.35	94.92	58.03	41.87	63.29	93.05	81.32	23.09	24.33	96.83	82.01	93.51	29.83	61.01	28.16	54.04	8.94	53.49	37.12	22.09	59.41	46.04	62.77	72.73	47.63	82.01	17.69	91.09	55.36	61.03	68.43	43.14	93.86	75.29	56.82	43.6	103.46	92.76	48.1	29.0	69.81	64.66	30.23	94.83	80.4	56.32	19.24	49.01	
26.91	7.0	29.27	85.63	58.59	77.49	18.87	50.36	101.83	73.35	70.66	25.08	100.34	105.21	32.25	78.34	96.25	53.45	66.41	30.02	54.64	4.0	64.54	86.33	68.94	17.2	52.04	75.18	38.95	27.29	37.64	0.0	81.47	39.36	89.01	104.1	26.68	29.07	25.5	65.51	53.6	47.04	79.51	52.2	73.39	61.01	14.87	53.85	80.31	47.89	10.0	41.23	10.2	44.01	60.83	47.17	78.71	18.03	37.22	79.83	85.0	91.21	65.46	31.3	14.42	33.29	44.65	19.24	17.2	63.56	18.03	13.45	79.03	54.92	85.8	41.01	98.39	39.36	10.2	23.09	71.42	68.45	62.29	6.4	32.45	33.84	80.02	87.86	13.34	28.79	85.56	77.37	61.47	39.0	85.59	53.94	86.28	14.87	90.35	53.15	37.64	57.25	73.59	65.31	50.0	52.15	20.4	77.23	73.06	72.47	73.82	54.0	65.25	58.41	31.3	87.73	29.55	48.27	65.92	74.63	41.59	58.6	46.53	54.42	76.53	74.63	80.23	14.14	63.2	66.48	84.21	7.28	45.54	87.13	59.2	81.15	58.03	43.17	61.52	49.74	59.46	35.69	14.87	82.15	35.78	68.54	37.7	34.44	40.45	12.21	50.36	36.67	29.27	96.61	38.95	56.04	62.24	81.32	86.03	27.02	25.0	94.34	82.29	95.27	10.05	90.14	61.06	36.07	40.61	74.67	58.25	53.34	72.25	62.07	26.25	40.01	61.01	57.78	39.4	77.23	46.65	89.19	85.02	54.04	77.8	62.97	74.03	6.32	98.81	94.85	57.31	9.49	71.87	27.86	50.45	78.6	53.45	47.17	21.19	32.02	
85.59	86.83	105.42	9.49	28.46	78.09	63.6	67.12	21.02	41.48	86.02	69.35	26.31	25.3	57.8	38.08	24.04	70.71	41.0	103.23	86.49	78.87	47.85	24.04	34.21	98.31	63.03	18.68	90.08	56.6	90.87	81.47	0.0	47.01	59.94	28.0	69.46	104.2	91.81	40.11	41.98	63.39	65.52	72.99	79.4	60.41	81.22	41.0	50.7	39.85	84.05	48.75	72.84	72.8	64.01	81.74	20.12	97.62	67.19	40.72	59.09	40.36	40.79	53.71	95.48	50.25	39.81	67.74	64.38	40.01	89.81	81.06	58.82	64.38	87.1	61.39	28.79	98.84	75.74	99.49	11.4	68.26	48.01	75.17	79.62	51.87	59.14	6.4	74.52	95.72	7.07	20.62	77.1	49.4	68.35	71.01	8.06	77.18	22.47	28.32	44.65	42.0	11.0	41.11	55.11	65.03	73.36	4.24	17.12	9.43	19.42	61.0	37.05	23.43	51.86	26.17	74.24	66.49	65.12	22.85	51.08	23.6	49.34	42.11	64.76	19.31	26.42	81.84	66.61	30.02	53.23	85.6	49.65	15.26	70.11	52.92	56.08	72.01	69.35	34.13	23.26	57.25	66.71	14.21	47.8	27.07	100.65	51.43	63.57	69.35	55.15	53.24	62.24	28.64	43.01	56.22	29.27	5.66	32.02	100.8	99.81	19.42	22.2	28.18	87.73	87.36	86.47	45.45	84.15	65.31	66.12	82.38	49.24	57.01	74.85	61.61	53.0	38.01	74.33	10.77	36.62	84.48	57.27	52.47	16.12	18.6	57.49	79.2	19.42	28.65	48.17	85.63	28.64	76.32	67.08	16.64	45.1	35.81	91.61	49.52	
55.0	43.01	67.68	48.83	34.93	80.62	20.62	28.3	68.03	57.94	80.71	22.36	70.61	72.24	34.01	60.17	67.08	60.75	28.16	67.19	71.31	35.85	28.28	60.03	29.73	56.44	26.25	48.01	64.5	12.08	64.28	39.36	47.01	0.0	78.72	73.5	41.77	67.05	58.42	50.57	40.5	23.32	75.21	61.4	78.75	31.06	45.54	39.96	68.03	8.6	38.95	33.3	33.96	55.95	61.55	63.91	52.01	57.27	22.09	62.64	75.59	70.86	27.17	8.06	53.71	7.0	7.28	21.93	25.32	48.75	53.37	44.72	71.34	57.63	90.55	18.03	70.58	70.0	37.85	61.35	35.78	69.3	52.7	33.11	53.76	27.78	72.2	53.23	38.33	62.51	49.4	51.0	69.89	3.16	80.71	33.29	49.93	31.14	62.39	22.0	8.49	19.03	37.22	50.99	47.42	27.8	26.63	43.08	45.04	39.56	47.0	26.17	48.47	28.02	23.26	62.01	47.85	54.38	65.76	35.61	36.24	29.0	39.6	16.03	72.8	36.07	56.14	45.71	36.24	45.35	72.09	41.4	38.9	57.07	64.2	69.78	54.49	28.86	36.77	26.93	23.77	11.0	25.3	52.61	23.6	45.71	70.11	5.0	46.53	29.12	19.21	33.29	15.23	69.35	10.0	53.04	40.26	45.28	63.29	64.29	62.64	63.79	56.01	68.26	48.1	93.35	75.13	12.81	61.61	71.84	61.07	68.03	61.29	58.14	27.86	17.72	54.82	18.68	54.08	40.22	24.6	91.29	74.69	48.84	39.62	29.12	67.12	35.23	66.13	68.18	48.6	46.49	49.82	29.41	56.3	40.31	16.12	24.17	56.09	16.55	
