230
0.0	43.86	81.04	68.62	50.77	63.06	107.38	11.05	74.06	30.41	28.32	91.68	31.91	31.62	20.52	93.24	82.01	33.14	112.09	36.12	137.44	97.1	70.6	87.86	67.07	30.81	103.48	98.41	33.29	36.67	118.97	61.68	106.68	78.16	25.08	90.48	101.36	64.03	69.38	90.27	82.49	29.43	31.38	85.04	66.91	105.15	48.3	64.56	9.0	43.42	31.83	66.48	80.65	87.21	63.91	92.11	24.76	62.51	111.02	62.24	29.73	88.12	50.29	71.69	37.59	27.2	26.83	65.46	70.06	54.63	89.0	60.75	41.4	101.79	23.0	80.75	52.24	128.7	89.5	15.26	36.4	113.85	61.61	64.56	75.01	19.7	74.0	92.85	112.61	71.17	3.61	100.08	42.15	40.72	104.35	42.3	88.64	94.05	74.33	65.12	6.71	74.24	65.0	98.08	86.61	103.39	34.66	22.56	8.6	17.12	49.65	87.0	99.02	85.29	64.44	5.0	67.0	130.86	84.86	59.77	75.93	89.64	76.66	87.24	44.38	60.11	43.38	56.08	77.47	10.63	15.81	78.49	83.73	87.37	69.84	43.68	41.3	83.65	78.52	23.77	52.8	91.22	80.8	101.14	113.64	82.28	61.0	103.6	123.33	82.04	99.25	81.1	100.96	106.67	85.43	124.84	69.38	65.51	67.2	122.3	45.28	79.08	24.0	69.35	25.0	82.2	105.54	85.33	52.0	79.06	114.74	32.02	69.18	40.22	37.12	38.9	101.41	103.59	81.88	28.16	15.23	81.01	96.88	70.18	107.06	105.12	75.43	101.32	24.41	80.81	96.77	98.09	88.23	93.19	85.05	36.22	74.41	73.39	88.87	81.61	60.75	81.84	74.22	133.81	82.86	80.1	73.76	82.23	12.04	24.7	64.85	104.29	76.84	79.51	95.08	68.62	106.23	67.01	82.98	100.45	127.4	13.93	90.45	83.49	45.22	113.46	8.54	38.63	75.39	105.32	
43.86	0.0	86.28	25.32	28.18	49.24	94.24	33.62	31.89	62.07	61.01	73.25	57.71	23.41	25.32	51.86	40.61	39.92	90.55	14.32	100.62	65.12	29.68	46.0	65.19	14.87	66.21	54.56	24.17	28.3	89.81	72.95	92.35	59.77	21.93	46.84	70.04	62.29	75.93	54.71	71.11	17.03	30.08	48.7	70.04	72.78	66.85	22.0	35.85	42.2	62.2	22.8	59.44	50.92	74.89	68.36	22.02	54.41	76.22	25.5	62.03	44.42	39.05	49.48	26.63	62.03	64.28	75.21	33.54	36.72	52.2	18.6	21.21	101.02	65.52	68.45	17.69	94.87	92.1	48.26	21.1	87.09	49.4	72.8	36.25	48.0	82.46	56.08	79.12	28.16	44.6	93.06	2.24	60.08	67.62	23.09	44.78	84.53	54.12	28.65	37.16	65.51	38.64	62.03	56.22	90.48	64.38	66.13	46.32	59.2	25.94	79.76	57.38	46.32	30.15	42.06	32.45	91.81	47.01	17.0	35.85	54.41	34.06	43.38	1.41	25.08	29.7	21.93	42.95	49.24	56.52	40.85	40.22	76.06	26.4	36.88	41.88	39.96	39.81	49.16	34.99	73.76	47.68	61.59	85.38	38.6	66.07	61.52	85.48	41.3	62.24	43.32	67.91	65.19	41.59	87.24	53.71	22.63	36.0	90.47	5.1	36.12	66.48	43.57	40.61	48.84	105.8	85.91	36.06	41.79	82.98	34.54	61.85	64.76	58.94	33.84	82.98	84.72	41.44	44.15	34.23	37.44	79.81	62.68	66.22	93.78	33.02	95.88	26.08	44.92	98.72	54.23	67.27	50.33	49.66	40.25	34.89	53.16	66.91	38.47	33.73	51.16	58.31	98.09	54.01	76.03	31.06	85.59	48.84	19.24	21.1	70.6	33.54	44.38	85.0	50.33	73.25	31.91	41.0	60.75	88.84	45.28	87.09	40.02	5.0	79.06	38.28	5.66	53.37	86.88	
81.04	86.28	0.0	103.46	60.22	41.63	42.45	83.77	90.47	57.0	59.01	45.35	51.24	65.6	73.93	97.08	91.39	51.48	60.03	72.92	111.13	74.11	85.49	123.55	21.95	88.01	90.0	116.69	64.03	58.9	79.48	20.02	44.05	44.1	89.36	116.87	74.55	24.41	11.7	79.4	31.26	89.05	59.64	79.25	16.28	78.77	35.0	103.23	83.93	44.82	55.0	99.86	49.04	79.91	18.0	55.58	72.95	34.0	87.82	75.59	58.0	106.63	47.63	51.42	60.21	62.0	66.03	16.03	118.7	52.15	135.67	85.76	65.07	22.2	78.01	33.06	103.95	96.77	9.06	66.49	65.86	71.31	40.25	16.49	81.6	61.61	8.25	83.38	85.51	106.53	77.62	28.43	86.98	41.3	89.02	104.81	111.23	29.68	47.68	114.21	80.06	28.28	59.24	84.02	67.12	39.82	53.04	83.0	73.01	76.16	62.2	23.77	101.43	128.41	71.59	76.24	118.34	113.28	82.76	99.2	85.09	78.41	112.16	109.0	87.69	72.95	56.59	108.21	73.25	72.37	73.33	80.08	101.95	31.32	93.94	49.52	45.8	103.62	82.57	57.49	53.25	43.42	71.2	95.34	74.33	110.46	21.1	106.21	104.09	121.79	87.05	126.83	78.23	105.57	107.15	104.39	41.48	89.55	66.48	87.6	82.13	96.01	78.03	57.57	57.38	72.01	25.02	9.22	51.61	125.8	82.71	55.76	28.46	45.01	45.28	53.26	48.75	50.54	122.33	53.49	69.86	100.85	44.38	28.16	103.31	38.18	111.83	26.93	68.26	76.9	16.03	118.6	49.37	103.58	134.2	49.4	83.22	47.85	51.35	113.65	61.27	66.61	40.45	105.36	63.29	18.11	109.6	3.61	70.41	82.38	93.81	81.39	109.27	74.95	31.06	45.88	80.75	117.69	119.2	95.43	109.18	67.19	17.69	113.15	91.22	88.28	86.38	86.37	50.64	50.61	
68.62	25.32	103.46	0.0	43.42	62.63	101.79	57.94	20.4	87.01	86.05	79.61	82.15	47.17	50.64	36.88	28.0	62.97	92.85	38.05	88.29	61.39	22.85	21.38	81.54	38.08	56.08	31.24	47.38	50.22	85.99	93.23	99.32	68.25	44.72	21.93	66.29	79.08	94.41	48.66	82.07	39.81	53.46	42.95	87.82	67.6	89.5	5.0	60.17	62.63	87.01	3.61	66.03	44.72	94.94	71.55	47.27	69.63	68.0	29.0	87.02	23.02	56.36	57.49	48.27	87.21	89.56	94.85	19.65	51.31	32.56	17.8	41.48	114.63	90.71	79.25	21.4	86.15	107.8	73.55	43.57	85.62	63.6	92.14	30.68	73.11	101.12	48.17	72.06	3.16	69.64	104.14	26.68	83.36	58.03	35.47	21.26	95.02	62.48	18.0	61.98	78.64	46.69	54.08	55.71	98.47	89.05	91.09	71.59	84.4	41.59	91.92	41.11	25.0	34.06	67.19	22.09	77.16	39.46	8.94	27.89	48.84	9.22	20.52	24.52	31.14	49.04	21.02	41.23	74.53	81.79	35.44	20.62	86.45	12.65	56.65	62.94	19.24	32.98	74.0	50.25	80.71	46.24	48.66	82.76	13.89	84.97	43.86	72.78	18.36	53.0	24.08	62.65	48.47	19.21	74.73	65.07	15.0	40.61	84.1	26.02	20.1	91.68	50.45	65.07	46.82	119.6	101.21	51.97	23.6	77.32	57.71	76.22	88.68	82.73	55.08	88.19	89.47	18.87	68.26	59.54	18.03	86.28	76.84	50.6	102.42	8.54	107.56	51.04	40.8	113.7	30.23	72.72	31.78	32.02	62.59	28.46	61.72	71.69	13.15	43.19	51.48	68.62	87.13	55.46	90.14	6.32	102.08	74.15	43.97	9.9	64.28	8.25	41.44	95.13	60.81	67.36	21.1	16.49	47.68	75.0	70.58	100.5	14.87	23.41	71.0	62.24	30.08	60.61	91.71	
50.77	28.18	60.22	43.42	0.0	21.1	66.48	44.94	34.01	53.71	53.67	46.27	46.82	19.24	31.38	48.38	38.64	26.0	65.07	19.0	87.11	46.32	29.0	64.08	38.42	36.12	53.91	62.01	17.49	14.87	68.71	50.29	64.76	32.39	41.05	59.23	50.61	35.81	51.0	40.36	42.95	38.05	20.52	35.81	44.42	54.38	49.0	43.01	46.62	21.0	52.92	39.82	33.0	37.8	51.87	43.42	27.51	26.87	60.44	18.0	54.13	51.04	13.0	23.02	13.45	55.95	59.68	51.62	58.73	8.6	75.45	26.0	10.2	73.25	65.95	40.31	45.49	77.94	65.12	46.1	14.87	64.29	21.4	48.85	29.12	43.01	57.71	43.42	61.85	46.53	49.41	64.88	29.55	44.41	54.49	50.29	54.45	56.36	27.07	54.45	45.18	37.44	14.32	48.1	35.85	62.64	54.08	68.59	48.17	60.14	2.24	51.62	54.08	68.26	16.76	46.62	58.73	81.69	36.72	39.05	31.58	39.62	52.33	52.35	29.53	15.0	8.94	49.41	27.8	50.21	56.64	30.87	46.04	47.93	35.17	15.03	22.09	47.17	31.95	41.68	7.07	46.53	30.41	53.34	63.57	51.92	41.63	59.14	73.59	61.77	49.68	66.61	50.22	60.93	50.36	74.97	25.63	30.36	17.03	71.59	23.32	40.01	66.71	18.97	32.45	31.83	78.1	58.69	8.6	65.6	64.01	22.47	34.06	50.99	45.12	16.16	56.22	58.14	62.27	33.54	35.81	44.18	52.61	34.83	60.37	65.79	51.88	67.74	26.42	31.62	71.42	63.13	41.0	51.62	74.03	24.04	29.61	26.08	41.05	54.42	10.0	31.06	30.36	83.24	32.2	48.27	49.65	59.03	48.8	34.23	34.01	53.6	49.77	30.0	56.86	22.56	55.47	58.0	59.51	52.84	77.99	43.86	59.2	54.41	33.12	62.8	49.77	30.36	27.02	60.21	
63.06	49.24	41.63	62.63	21.1	0.0	46.53	60.21	48.85	55.17	55.97	28.64	47.38	35.06	47.01	57.08	50.22	30.87	49.04	38.6	83.49	41.68	43.86	82.15	19.92	55.79	54.71	75.43	33.06	28.0	58.41	37.12	45.18	15.23	59.68	75.24	44.41	18.25	34.53	41.98	22.14	57.49	32.25	40.11	27.46	48.83	42.05	62.97	61.4	20.59	53.74	59.03	18.6	41.3	38.01	30.23	44.05	8.06	56.94	34.13	55.9	65.15	13.04	13.0	28.07	58.9	63.25	37.01	79.25	12.53	95.13	44.82	29.41	52.4	72.4	19.65	66.57	71.59	45.22	53.67	32.56	52.15	2.24	34.01	40.26	49.24	41.0	45.89	56.61	65.6	60.73	43.83	50.54	40.8	54.42	70.94	69.64	35.47	12.73	75.17	58.86	16.4	17.72	48.38	31.78	42.58	53.81	76.16	57.94	67.6	23.32	30.53	62.0	87.62	29.97	58.24	79.51	81.44	43.0	59.41	43.68	41.0	71.03	67.42	50.61	31.62	22.2	70.46	33.02	59.09	64.01	39.32	60.41	27.2	52.48	19.42	22.83	62.03	41.59	46.32	14.32	28.28	32.25	57.71	52.8	68.88	27.02	67.01	72.45	80.8	50.96	86.45	46.14	67.27	65.55	73.36	6.32	48.26	25.0	63.64	44.42	54.42	72.95	17.0	39.4	33.38	57.31	38.6	13.6	85.63	56.64	31.05	13.6	48.01	43.28	24.33	38.47	40.61	81.4	38.08	48.05	59.24	34.13	14.21	65.62	45.35	70.8	46.65	41.05	37.0	51.09	77.2	25.5	62.8	94.11	27.73	41.76	12.04	26.42	72.2	19.72	29.12	11.18	78.6	27.31	27.59	68.6	39.82	57.27	52.47	52.8	49.74	67.96	35.0	36.06	7.21	50.48	78.75	77.94	57.56	77.39	52.39	38.29	71.59	54.2	58.52	64.5	51.08	15.0	42.43	
107.38	94.24	42.45	101.79	66.48	46.53	0.0	106.02	83.24	91.42	92.97	22.2	84.12	81.5	93.19	80.6	79.91	74.24	21.02	84.93	76.01	49.74	79.4	117.69	41.76	102.18	65.74	103.08	79.51	74.33	43.0	57.45	3.16	34.54	106.21	107.48	47.42	44.38	48.26	60.61	25.0	103.94	78.06	63.7	45.62	50.33	71.11	103.59	107.0	64.07	89.54	98.48	35.85	63.13	56.3	31.89	90.45	45.01	58.52	73.43	92.36	95.48	59.3	45.19	74.55	96.14	100.57	54.08	120.57	58.46	133.6	85.09	75.71	28.86	111.68	27.07	110.69	61.01	36.06	95.52	79.08	35.06	47.27	52.48	72.47	90.61	49.58	63.82	54.57	104.29	104.58	14.76	95.82	74.67	63.98	116.76	101.12	14.32	40.31	117.24	104.04	33.14	56.36	61.4	48.84	4.0	88.39	116.21	100.98	108.17	68.68	21.93	82.93	125.6	68.1	102.4	121.71	81.88	67.94	101.12	75.93	59.82	108.6	98.99	95.52	72.01	68.73	114.13	61.72	101.43	104.79	68.68	91.93	20.02	89.63	65.07	66.12	94.07	71.51	86.88	60.42	21.1	57.31	73.93	39.2	103.48	51.08	86.61	73.35	118.41	64.5	125.67	52.33	84.12	97.59	72.99	41.0	86.82	61.4	52.01	89.2	87.11	111.97	51.88	82.49	57.28	32.25	33.24	60.02	125.36	49.65	76.01	38.21	80.62	78.43	70.06	15.26	15.23	119.2	79.91	93.05	92.02	15.62	37.22	80.95	4.47	108.81	18.03	87.14	63.66	34.54	105.76	29.21	88.87	133.7	71.18	74.65	41.23	30.48	107.94	60.93	51.66	36.14	70.01	47.42	29.97	106.83	38.9	99.46	98.99	92.11	54.23	104.81	62.29	13.0	43.97	52.2	120.83	114.48	74.43	78.09	95.04	24.76	106.3	99.02	57.72	110.0	96.84	41.59	13.6	
11.05	33.62	83.77	57.94	44.94	60.21	106.02	0.0	64.66	38.59	36.72	88.68	38.21	25.96	13.6	84.22	72.92	32.98	108.67	28.02	130.1	90.79	61.55	76.9	67.47	19.92	95.8	88.12	27.89	32.39	113.65	65.37	105.0	74.81	14.04	79.85	95.27	64.33	72.09	82.93	81.02	18.44	28.02	77.42	68.62	98.84	53.41	53.76	2.24	42.3	39.66	55.95	76.69	79.63	67.6	87.8	17.46	61.07	104.1	54.04	38.08	78.03	47.17	67.19	32.76	36.25	36.69	68.88	59.03	50.22	78.01	51.22	34.93	103.45	34.01	79.0	41.19	122.19	91.76	22.47	30.08	109.11	59.08	67.54	66.6	25.5	77.37	85.21	106.07	60.41	13.15	100.13	31.76	45.61	96.83	31.58	78.26	93.34	70.41	54.08	5.39	73.17	59.24	90.7	80.53	102.02	42.44	33.54	17.09	28.02	43.46	86.7	89.94	74.24	56.86	11.7	56.01	122.79	76.84	49.04	67.18	82.38	65.8	76.94	34.0	52.2	38.83	45.04	70.18	19.92	26.31	70.43	73.78	86.05	59.91	41.01	40.45	73.57	70.18	29.0	48.27	88.46	73.93	92.76	108.5	71.69	62.97	94.37	115.6	71.02	91.61	70.06	94.41	97.67	75.18	117.2	66.37	55.8	60.42	116.3	35.61	69.4	35.01	63.91	26.4	75.29	107.52	86.98	47.85	68.03	108.69	30.15	68.26	46.69	42.52	36.01	98.62	100.72	70.86	30.41	13.93	71.02	94.34	69.26	98.29	104.17	64.56	101.79	19.24	73.24	99.02	87.66	84.53	83.6	74.11	35.69	65.8	69.43	84.93	70.84	54.63	75.58	71.34	126.78	77.08	80.41	62.94	84.5	20.62	14.42	54.71	97.62	66.13	72.11	94.26	64.94	99.76	56.0	72.03	92.02	119.47	20.0	91.22	72.8	34.54	106.68	5.0	28.18	71.06	102.59	
74.06	31.89	90.47	20.4	34.01	48.85	83.24	64.66	0.0	85.62	85.16	61.07	79.43	45.88	53.85	20.0	8.94	58.69	72.92	38.47	70.23	41.0	5.1	34.66	68.71	46.75	36.67	28.0	45.22	45.89	65.62	83.55	80.6	51.09	53.81	26.4	45.89	66.73	82.86	28.28	65.6	48.92	50.7	22.56	75.89	47.27	83.01	24.02	66.84	55.01	85.15	18.03	48.08	24.33	84.93	52.15	49.74	56.65	48.17	16.03	85.87	17.03	46.39	40.8	43.93	86.98	90.14	84.4	40.02	39.81	50.48	13.45	37.11	98.81	93.91	62.8	38.08	66.61	93.54	74.85	41.11	65.25	50.33	81.49	10.82	73.05	89.49	28.0	52.01	22.14	74.09	87.11	34.06	78.16	38.47	50.7	20.88	77.9	45.61	38.21	67.42	63.63	31.3	34.01	35.78	80.16	86.68	95.38	74.71	87.66	33.02	75.8	25.5	42.44	18.97	71.34	42.43	60.42	19.1	24.33	7.62	28.44	25.55	18.68	32.02	19.03	42.11	39.32	21.63	77.37	84.53	15.23	12.04	69.53	8.0	49.0	56.01	13.34	12.65	72.8	39.46	62.37	26.42	30.46	62.37	20.62	74.22	29.73	54.78	35.23	33.24	42.94	42.3	33.3	16.76	56.65	49.74	9.43	24.19	64.0	29.07	6.0	94.81	33.84	63.32	26.83	103.81	86.83	41.44	42.95	57.08	54.13	62.17	84.48	78.52	49.25	69.07	70.18	36.06	65.51	61.72	10.44	67.62	62.61	34.41	84.29	25.94	90.79	51.89	20.62	98.79	29.15	54.04	19.24	51.0	57.31	8.6	45.0	52.8	24.76	29.41	31.91	52.43	68.41	36.06	75.29	24.17	88.57	76.49	50.33	13.34	44.05	21.63	21.47	77.83	45.28	47.1	41.44	31.24	29.55	57.7	72.09	84.88	23.43	33.29	51.16	69.53	37.54	43.28	72.4	
30.41	62.07	57.0	87.01	53.71	55.17	91.42	38.59	85.62	0.0	2.24	80.99	7.81	40.31	37.66	101.95	91.71	27.73	101.36	49.09	137.91	95.9	81.04	108.04	49.77	53.85	106.53	112.97	40.61	39.85	113.45	37.01	91.55	69.66	50.7	107.47	99.16	47.42	46.17	92.96	68.43	53.45	34.93	89.07	46.32	103.48	22.0	84.05	37.44	35.61	2.0	84.05	73.66	90.92	39.0	85.15	40.2	50.8	111.04	70.52	1.0	101.98	45.8	67.27	41.76	5.0	9.22	41.01	93.74	52.7	112.97	73.98	48.51	79.06	21.02	67.6	75.71	126.62	66.01	16.12	44.72	106.83	53.08	41.19	82.64	14.32	49.04	96.38	111.29	90.0	26.91	81.02	61.2	16.76	106.78	69.08	104.09	77.16	67.9	88.65	33.29	59.94	65.19	100.4	85.43	87.66	4.47	26.0	22.02	19.65	53.85	69.57	107.7	107.91	70.38	27.2	91.44	134.24	90.34	79.06	84.76	92.11	96.01	102.26	63.13	67.68	44.78	80.05	81.01	19.8	17.46	84.58	97.08	72.5	84.01	39.96	33.6	97.67	85.62	13.04	51.62	79.92	82.68	106.89	107.81	99.32	40.52	112.72	125.67	103.31	102.4	104.39	100.26	114.63	100.28	126.83	60.96	79.08	70.24	118.8	61.03	91.44	21.1	68.01	22.36	84.06	82.01	63.39	49.93	102.59	111.73	31.62	55.07	12.04	13.0	37.58	89.55	91.79	103.39	20.25	28.86	94.73	84.6	55.95	114.06	88.23	95.02	81.22	36.01	85.0	73.01	113.44	79.81	104.4	109.66	30.02	82.87	67.18	81.06	100.04	62.65	81.61	64.82	133.3	81.06	61.68	93.01	59.08	18.44	46.57	80.4	103.86	95.05	83.24	78.43	62.23	105.0	91.22	103.04	106.44	130.36	18.79	70.21	101.18	65.38	112.93	38.42	58.42	70.01	93.06	
28.32	61.01	59.01	86.05	53.67	55.97	92.97	36.72	85.16	2.24	0.0	82.15	8.94	39.62	36.35	101.77	91.42	27.78	102.58	48.26	138.41	96.43	80.65	107.0	51.26	52.39	106.78	112.38	40.02	39.56	114.34	39.0	93.05	70.6	49.04	106.68	99.76	48.85	48.09	93.19	69.78	51.92	34.48	89.19	48.05	104.06	24.02	83.01	35.51	36.12	4.12	83.15	74.52	91.07	41.01	86.05	39.05	51.87	111.52	70.23	1.41	101.41	46.23	67.9	41.44	3.16	7.62	43.0	92.4	53.01	111.63	73.35	48.08	81.02	19.1	68.88	74.33	127.29	68.0	14.32	44.15	107.8	53.91	43.1	82.46	13.04	51.09	96.57	111.87	89.02	24.84	82.76	60.07	18.44	107.07	67.42	103.41	78.75	68.68	87.3	31.38	61.27	65.46	100.69	85.91	89.2	6.71	24.02	20.0	17.46	53.71	71.17	107.54	106.68	70.26	25.24	90.03	134.53	90.35	78.01	84.5	92.36	95.01	101.61	62.03	67.42	44.72	78.64	81.12	17.69	15.23	84.53	96.54	73.93	83.36	40.22	34.06	97.08	85.49	12.37	51.87	81.12	82.93	106.94	108.71	98.51	42.2	112.54	126.02	102.18	102.63	103.1	100.77	114.54	99.64	127.2	61.85	78.45	70.33	119.55	60.13	90.96	19.24	68.41	21.84	84.31	84.02	65.28	50.22	101.27	112.43	31.38	56.36	14.14	14.56	37.59	90.82	93.06	102.24	20.12	27.46	94.15	85.88	57.25	114.04	89.84	94.0	83.02	35.01	85.09	75.03	112.79	80.8	104.04	108.26	30.23	82.64	67.94	82.01	99.13	62.77	82.01	65.8	133.87	81.57	63.32	92.01	61.03	16.4	45.12	79.63	104.35	94.13	83.35	80.01	62.97	105.55	89.82	102.0	106.47	130.67	17.09	72.01	100.32	64.2	113.45	36.4	57.22	70.72	94.37	
91.68	73.25	45.35	79.61	46.27	28.64	22.2	88.68	61.07	80.99	82.15	0.0	73.25	63.13	75.33	59.68	58.05	59.14	20.62	65.19	65.8	30.81	57.2	95.59	33.3	82.39	47.3	81.84	61.13	56.32	34.99	53.01	19.72	14.0	87.05	85.63	30.07	34.66	45.65	39.82	14.76	84.29	60.83	42.2	40.22	34.0	63.66	81.49	89.94	48.7	79.32	76.32	13.93	41.88	52.7	11.4	72.11	30.41	43.01	51.43	81.84	73.76	41.59	23.77	56.14	85.23	89.69	50.77	98.49	39.0	111.4	63.06	56.08	42.45	99.73	14.21	89.2	51.62	43.05	81.71	60.0	27.2	30.08	48.26	50.33	77.08	49.77	43.38	40.31	82.1	89.29	28.23	74.95	65.0	45.89	96.1	79.31	19.65	19.24	95.26	87.48	21.93	34.79	42.06	27.46	19.1	78.82	103.79	86.33	95.34	48.37	22.09	62.61	103.41	46.07	86.83	99.73	68.26	46.4	79.16	53.81	38.95	86.4	77.16	74.46	50.16	50.09	92.48	39.62	87.32	91.79	46.67	70.04	14.14	67.42	48.05	50.92	72.14	49.5	73.82	41.0	2.0	35.38	54.42	29.53	81.39	43.93	66.71	59.14	96.21	45.22	103.47	34.37	64.85	75.69	59.3	22.36	64.66	39.36	42.54	68.15	65.07	100.18	30.08	67.68	35.47	47.13	37.34	41.05	103.17	37.36	59.67	26.25	71.84	68.24	52.95	10.0	12.04	97.01	65.92	76.69	70.01	6.71	25.5	61.98	23.35	86.61	32.31	69.46	41.77	45.28	84.4	7.07	67.68	111.5	55.97	52.5	20.22	8.6	85.8	39.56	29.73	17.46	60.08	25.5	27.51	84.63	41.98	85.44	80.01	69.97	37.12	82.62	40.31	18.97	24.0	36.0	98.84	92.31	54.78	64.2	80.65	31.02	84.22	77.88	43.19	93.06	76.3	19.92	14.0	
31.91	57.71	51.24	82.15	46.82	47.38	84.12	38.21	79.43	7.81	8.94	73.25	0.0	35.01	34.54	95.19	85.16	20.88	93.65	44.1	130.25	88.24	74.73	103.39	42.38	51.08	99.13	107.06	35.01	33.54	105.65	31.26	84.15	61.85	48.88	102.08	91.44	39.92	40.01	85.59	60.84	50.99	29.07	81.84	39.46	95.78	16.76	79.51	37.48	28.02	6.4	79.06	65.86	83.65	33.38	77.34	36.4	43.01	103.41	64.03	8.6	96.03	38.28	59.55	35.51	12.08	16.55	35.23	90.25	45.28	109.38	68.26	42.43	73.03	27.66	59.94	72.42	118.87	60.13	16.64	39.05	99.02	45.28	35.01	75.89	12.73	43.57	89.07	103.59	85.21	28.3	74.15	57.07	10.0	99.32	67.12	98.41	69.92	60.11	85.16	33.24	52.33	57.8	92.96	77.8	80.32	7.28	32.39	23.32	25.0	47.13	62.36	100.9	103.94	63.57	27.8	88.23	126.78	83.26	74.55	78.16	84.72	91.27	96.52	58.86	61.13	37.95	76.84	73.79	21.93	22.09	77.62	91.08	65.0	78.31	32.65	26.08	91.79	78.77	9.43	44.29	72.2	75.29	99.74	100.0	94.02	33.54	105.95	118.15	98.99	95.02	100.66	92.62	107.7	94.53	119.28	53.15	73.33	63.07	111.02	56.14	85.33	27.89	60.46	17.12	76.66	76.24	57.04	42.54	98.95	103.97	25.32	47.41	8.49	6.0	30.68	81.88	84.12	99.14	14.04	26.42	88.81	76.94	48.3	107.02	81.04	90.35	74.55	31.78	77.82	67.27	107.67	72.01	97.98	106.32	22.85	76.24	59.4	73.25	95.05	55.46	74.06	57.01	125.61	73.41	54.57	88.28	53.04	20.12	43.86	75.03	96.21	90.05	76.03	71.17	54.45	97.31	87.93	98.41	99.32	122.87	18.44	63.51	96.0	61.39	105.26	39.05	54.57	62.24	85.42	
31.62	23.41	65.6	47.17	19.24	35.06	81.5	25.96	45.88	40.31	39.62	63.13	35.01	0.0	12.37	63.63	52.77	16.55	82.87	9.22	105.89	65.51	41.63	68.47	46.07	22.47	72.14	72.78	2.0	7.28	87.85	50.45	80.22	49.16	25.0	67.19	69.84	42.94	54.56	58.8	56.72	23.71	6.71	53.74	49.41	73.57	43.46	44.72	27.51	20.81	40.11	44.05	50.8	55.87	52.5	61.85	9.0	37.36	79.4	31.91	40.45	61.85	22.2	41.23	7.0	41.23	44.27	53.08	56.86	24.33	75.61	33.73	9.9	82.73	48.55	54.45	39.96	97.1	72.4	29.07	5.0	83.17	34.23	50.91	44.65	27.2	60.83	61.52	80.99	50.25	30.48	77.2	23.26	36.69	72.92	39.2	63.79	69.63	44.55	51.89	25.94	49.48	33.54	66.6	55.07	77.52	42.01	50.61	29.83	42.44	18.03	63.6	69.46	69.64	33.3	27.66	55.47	99.72	53.91	39.81	46.14	58.14	56.32	61.98	24.7	29.41	13.04	44.42	46.01	32.2	39.12	47.63	57.01	61.81	43.74	17.09	19.85	57.49	48.01	27.29	22.36	63.03	49.2	70.43	82.64	59.08	44.69	74.3	91.97	64.33	67.9	66.73	69.34	76.85	60.02	93.43	41.0	38.83	35.61	90.82	21.21	51.55	49.4	38.08	18.03	50.61	87.24	66.73	22.09	65.19	83.24	11.18	44.92	41.59	35.69	12.53	73.11	75.17	64.54	21.1	16.97	54.57	69.01	45.88	76.84	80.06	55.44	79.38	7.21	49.5	79.4	73.16	58.69	65.0	73.01	17.2	44.42	43.57	59.03	60.03	29.15	50.25	46.0	102.2	51.43	58.31	53.34	65.46	31.06	17.72	40.11	72.67	55.04	48.1	70.41	39.2	74.63	55.01	63.51	69.81	96.17	26.42	69.46	61.01	27.73	81.84	30.68	21.63	45.12	77.1	
20.52	25.32	73.93	50.64	31.38	47.01	93.19	13.6	53.85	37.66	36.35	75.33	34.54	12.37	0.0	72.8	61.61	22.47	95.19	15.62	117.2	77.41	50.22	71.11	55.97	16.55	83.1	79.12	14.32	19.03	100.09	56.85	92.05	61.4	15.62	72.03	81.84	52.81	62.43	70.0	68.26	16.64	15.3	64.66	58.14	85.48	47.01	47.17	15.23	30.36	38.08	48.05	63.15	66.84	59.03	74.22	4.24	48.51	90.97	41.73	37.48	68.54	34.0	53.6	19.24	37.05	39.05	60.0	56.09	36.67	75.31	40.71	21.47	92.48	40.5	66.12	38.08	108.91	81.39	23.02	16.55	95.51	46.01	58.25	54.49	23.35	68.24	72.47	92.78	53.46	20.25	88.07	24.08	39.41	84.02	33.02	69.57	80.89	56.89	50.99	14.21	60.67	45.69	77.8	67.08	89.2	40.52	41.59	21.19	34.18	29.97	74.53	78.6	70.35	44.05	17.49	53.85	110.39	64.38	42.19	55.44	69.4	59.3	68.01	26.17	39.62	25.32	42.45	57.2	24.04	31.32	58.0	63.98	73.33	50.16	28.16	28.79	64.08	58.0	25.3	34.71	75.17	60.75	80.62	94.92	63.79	52.84	83.23	102.94	66.01	78.87	66.75	81.12	86.21	66.13	104.48	53.08	45.62	47.17	102.86	25.63	59.06	41.44	50.33	18.6	62.13	96.77	76.16	34.37	64.94	95.26	18.38	55.9	42.49	37.22	23.19	85.29	87.37	66.03	22.8	9.0	61.33	81.1	56.89	86.56	91.55	58.22	89.99	6.08	60.44	88.57	79.06	71.02	73.06	72.03	24.6	53.91	55.9	71.39	63.79	41.15	62.18	58.08	113.72	63.56	68.68	56.32	74.24	23.54	9.43	45.54	84.38	58.86	59.2	81.74	51.48	86.45	53.6	66.12	79.93	106.96	20.02	79.7	65.31	28.0	93.49	18.38	21.0	57.49	89.27	
93.24	51.86	97.08	36.88	48.38	57.08	80.6	84.22	20.0	101.95	101.77	59.68	95.19	63.63	72.8	0.0	11.31	74.33	65.95	57.2	51.42	31.89	22.67	42.06	76.53	66.71	20.62	22.63	62.65	62.24	53.31	94.0	77.62	53.76	73.76	29.55	35.81	75.24	91.44	20.0	68.35	68.88	67.54	18.03	84.38	35.36	96.18	41.48	86.37	68.66	101.24	35.74	49.4	17.89	95.02	48.83	68.6	65.12	32.98	31.76	102.32	17.72	58.86	45.71	60.42	103.87	107.35	94.09	55.08	51.62	60.17	33.3	54.12	101.13	112.16	65.79	57.01	50.09	98.37	92.66	58.67	55.23	59.03	91.09	19.31	90.34	97.74	16.97	37.64	37.34	93.01	87.71	54.04	92.42	22.8	70.21	23.41	78.71	49.48	54.59	86.68	68.88	40.05	21.1	32.25	78.24	102.46	113.99	93.19	106.0	48.1	78.55	5.83	52.39	31.62	90.21	58.31	40.72	14.32	43.08	17.49	20.81	38.01	21.84	52.01	34.44	57.25	57.57	24.08	95.72	102.73	18.11	17.0	71.18	26.83	63.06	70.09	19.03	16.49	89.55	51.97	61.4	25.96	12.0	51.48	29.27	84.02	10.77	35.9	45.71	18.79	54.59	31.06	13.45	21.38	37.85	55.73	29.41	33.24	49.48	48.8	17.09	113.02	40.11	80.11	25.3	106.02	91.76	53.94	55.33	43.66	70.38	68.88	99.2	93.41	64.51	65.44	65.95	46.69	81.71	80.16	19.1	65.46	69.05	14.42	82.66	39.0	91.71	70.18	20.22	102.53	25.5	52.84	8.6	62.17	72.42	19.24	49.24	51.11	34.37	40.61	31.02	56.75	50.36	34.93	80.08	38.05	94.59	94.67	70.01	32.65	31.3	34.0	22.2	78.29	51.48	34.44	57.31	40.79	11.0	38.28	90.05	88.02	31.58	53.25	35.9	89.14	57.49	46.57	68.01	
82.01	40.61	91.39	28.0	38.64	50.22	79.91	72.92	8.94	91.71	91.42	58.05	85.16	52.77	61.61	11.31	0.0	64.29	67.74	46.04	61.35	34.54	11.4	38.28	70.09	55.44	28.16	25.3	51.89	51.87	58.46	86.37	77.1	49.74	62.48	27.59	39.22	68.45	84.72	21.54	64.5	57.63	57.01	16.64	77.67	40.02	87.28	32.14	75.07	59.41	91.09	26.17	46.04	17.89	87.57	48.17	57.43	58.25	40.0	21.19	92.03	15.81	50.04	40.31	49.98	93.41	96.77	86.83	47.27	43.0	55.46	22.02	43.46	97.75	101.21	61.77	46.84	58.22	93.62	81.84	47.85	58.87	51.97	83.86	10.05	79.71	91.22	20.4	44.1	29.15	81.84	85.21	42.8	83.02	30.07	59.62	21.26	76.03	44.72	46.0	75.43	63.69	32.56	26.17	31.24	77.1	92.44	102.93	82.15	95.02	38.08	74.79	17.03	47.42	22.09	79.06	50.04	51.48	12.53	32.98	7.07	21.93	31.32	19.1	40.8	24.04	47.3	47.85	18.87	84.72	91.79	11.66	12.04	67.96	16.49	53.6	60.67	14.21	8.94	79.12	43.05	59.55	22.67	21.54	55.66	24.19	76.66	21.63	45.88	40.31	25.0	48.7	35.17	24.76	17.69	47.76	49.98	18.36	25.32	56.14	37.48	8.25	102.08	33.84	69.64	22.63	102.73	86.93	45.04	49.04	49.5	60.08	62.94	89.63	83.74	54.57	65.19	66.07	41.23	71.47	69.12	12.53	64.35	63.25	25.61	81.39	32.02	89.05	59.17	16.28	98.39	27.31	50.99	13.04	56.65	62.59	9.06	44.28	49.52	29.07	32.02	28.32	51.89	59.67	32.56	75.24	30.59	89.2	83.73	58.69	22.14	36.5	27.2	17.8	75.8	45.54	39.62	49.04	35.78	20.62	48.75	79.18	84.12	26.93	42.19	43.0	77.83	46.23	42.06	68.25	
33.14	39.92	51.48	62.97	26.0	30.87	74.24	32.98	58.69	27.73	27.78	59.14	20.88	16.55	22.47	74.33	64.29	0.0	79.71	25.63	111.13	69.3	53.94	84.34	34.53	37.48	79.06	86.47	15.81	13.0	88.75	34.66	73.55	46.1	38.01	82.02	72.92	31.4	39.96	65.46	49.37	38.21	9.85	61.4	35.85	77.1	26.93	60.88	33.54	10.44	26.93	59.68	49.24	63.29	36.8	60.9	21.93	29.43	84.22	43.17	28.18	75.43	19.21	41.4	15.0	30.23	34.21	37.64	73.41	25.5	92.11	48.0	22.0	70.52	42.01	47.68	56.44	100.57	59.09	22.83	19.42	82.86	29.15	35.81	55.03	18.6	45.8	68.8	84.86	66.1	30.41	67.36	39.81	20.4	79.4	54.45	78.06	61.0	43.05	68.45	30.15	41.11	37.8	73.01	58.69	70.26	28.16	45.49	27.2	36.89	26.25	54.08	80.06	86.02	42.72	28.16	72.01	106.83	62.61	56.04	57.28	64.64	72.18	76.11	41.23	40.26	17.09	60.9	53.34	28.23	33.29	56.86	70.46	54.23	58.01	12.73	8.25	71.25	57.94	16.28	24.21	58.52	55.22	79.18	83.22	74.11	30.41	85.09	98.41	80.52	74.89	83.22	73.55	86.93	74.11	99.64	37.16	53.01	42.54	93.24	37.36	64.63	42.64	41.04	8.54	56.61	74.67	54.08	22.67	81.71	85.91	5.39	36.06	26.0	20.0	9.85	68.68	70.88	80.78	7.81	19.24	68.26	64.03	37.05	86.33	72.03	71.39	68.88	17.03	57.31	66.31	87.21	56.36	77.13	89.55	3.16	55.36	42.19	57.25	75.54	34.99	54.56	41.79	106.78	54.45	47.52	69.23	51.89	26.4	31.24	55.15	77.1	70.58	55.57	62.01	37.22	78.49	71.55	79.43	78.71	103.0	21.54	58.25	76.24	44.28	86.28	36.35	38.08	44.65	72.53	
112.09	90.55	60.03	92.85	65.07	49.04	21.02	108.67	72.92	101.36	102.58	20.62	93.65	82.87	95.19	65.95	67.74	79.71	0.0	84.05	55.0	34.06	70.01	106.0	52.63	101.0	48.41	88.53	80.89	76.3	22.02	71.42	18.11	33.96	106.12	94.63	30.41	54.41	63.13	46.62	33.42	103.0	81.02	51.11	58.69	32.2	83.24	95.52	110.02	69.29	99.64	89.89	32.14	49.93	70.77	22.2	91.79	50.99	39.36	66.71	102.22	82.42	61.85	42.05	75.95	105.68	110.15	68.68	112.36	58.55	123.07	77.88	75.17	49.65	120.3	33.84	105.32	40.0	55.15	102.32	79.4	14.32	50.6	66.48	62.24	97.69	66.03	49.04	34.93	94.94	109.77	34.93	92.44	85.15	46.4	113.64	88.23	30.41	38.33	109.73	107.71	41.62	52.09	45.25	37.16	21.59	99.02	124.39	106.89	115.95	67.03	36.62	67.18	115.0	61.39	107.28	114.16	61.39	55.23	93.96	65.31	46.04	98.39	86.27	91.66	66.1	69.87	108.17	51.62	107.91	112.4	57.7	79.61	30.41	80.23	68.41	71.51	81.84	60.37	94.43	60.53	21.47	46.62	57.38	18.68	91.92	63.13	70.18	53.16	107.82	48.1	115.83	35.38	67.01	85.15	52.63	42.72	78.43	54.92	31.06	85.48	75.66	120.75	47.1	88.26	46.1	53.24	51.0	60.83	115.87	29.41	80.08	46.32	91.84	88.51	73.25	12.04	9.9	108.71	86.54	97.02	80.26	17.03	45.49	63.6	25.18	98.84	38.64	89.44	52.33	54.82	91.44	24.19	74.52	123.88	76.55	64.47	39.32	24.02	96.75	57.08	41.44	37.95	49.0	37.64	44.05	97.08	56.44	106.04	99.25	83.82	36.4	94.37	51.48	29.07	43.74	33.84	113.22	103.45	58.05	57.72	101.24	42.95	94.67	94.89	38.08	113.16	94.19	38.05	9.43	
36.12	14.32	72.92	38.05	19.0	38.6	84.93	28.02	38.47	49.09	48.26	65.19	44.1	9.22	15.62	57.2	46.04	25.63	84.05	0.0	102.08	63.16	34.67	59.3	52.43	17.26	67.8	64.56	9.85	14.21	86.68	58.82	83.36	51.24	22.09	58.42	67.78	49.41	62.24	54.92	60.73	19.1	15.81	49.41	56.64	71.18	52.55	35.51	30.0	28.32	49.01	35.0	52.0	51.61	60.8	62.29	11.4	42.49	76.16	26.17	49.16	53.76	26.83	42.01	12.73	49.65	52.39	61.22	47.85	26.48	66.48	25.63	9.22	88.84	55.46	58.24	31.4	94.37	79.2	36.69	7.07	82.76	38.28	58.9	38.9	35.51	68.68	57.2	78.26	41.11	35.81	82.08	14.42	45.88	68.82	32.65	55.32	74.0	46.04	42.94	29.7	54.23	32.56	62.68	53.14	81.02	51.01	56.94	36.24	49.19	17.03	68.54	63.01	60.44	28.84	33.02	46.65	94.92	48.92	30.59	39.82	54.38	47.17	53.6	15.65	24.21	17.0	35.81	42.19	38.91	46.1	42.52	49.04	65.8	35.44	23.43	27.8	49.34	42.43	36.06	24.52	65.38	46.07	65.05	81.74	50.25	52.35	67.68	87.62	55.11	63.6	57.58	66.64	70.6	51.66	89.2	43.93	30.68	32.7	88.77	12.04	43.86	56.36	37.48	27.02	47.41	93.49	73.24	25.0	56.08	81.15	20.25	50.09	50.8	44.91	19.85	75.17	77.1	55.32	30.27	23.26	46.49	71.45	50.99	70.94	83.93	46.27	84.58	13.6	45.22	86.02	64.76	60.0	57.71	63.98	25.94	38.29	45.04	60.03	51.0	27.66	48.1	48.84	98.79	50.0	64.01	44.18	72.47	38.08	15.52	31.4	69.77	46.0	44.1	74.63	41.3	72.01	46.14	54.33	64.35	91.55	33.84	75.18	52.09	18.87	78.77	33.02	13.45	46.01	79.16	
137.44	100.62	111.13	88.29	87.11	83.49	76.01	130.1	70.23	137.91	138.41	65.8	130.25	105.89	117.2	51.42	61.35	111.13	55.0	102.08	0.0	42.01	71.18	90.01	97.08	115.0	34.48	66.12	104.35	101.91	33.02	117.2	73.03	71.12	121.8	77.0	39.12	97.49	110.86	47.2	80.32	117.24	107.56	52.7	104.79	34.67	125.2	92.89	132.06	102.3	136.65	87.09	66.24	50.48	117.27	56.46	113.0	89.69	26.91	76.32	138.54	67.36	92.2	70.8	100.57	141.11	145.25	115.55	106.07	85.63	108.07	82.35	96.05	104.31	152.74	79.12	108.16	15.0	108.06	132.94	101.04	41.11	85.7	112.81	64.41	129.42	115.43	44.94	26.93	88.65	136.36	89.36	102.86	124.28	33.29	120.9	72.11	83.19	71.02	105.91	131.4	86.01	73.54	39.41	52.5	76.16	137.0	155.62	135.28	147.11	87.97	87.56	47.52	101.0	73.24	133.54	109.49	13.93	53.71	94.25	64.88	47.8	88.68	71.25	101.08	77.94	95.48	108.93	60.0	137.3	143.56	60.03	68.07	79.81	77.79	98.41	104.35	69.87	60.83	127.4	87.0	67.72	56.73	39.85	37.34	79.4	107.33	46.04	15.52	95.08	38.59	104.08	37.64	41.05	71.45	13.6	78.55	79.48	70.29	24.08	96.65	68.41	153.44	70.09	118.8	55.32	108.12	102.84	88.46	105.17	28.46	108.89	89.0	131.49	126.61	101.83	63.64	62.39	96.08	118.93	122.79	70.41	67.27	88.57	38.21	80.06	89.81	93.26	113.07	56.86	108.9	69.18	62.77	57.43	111.0	108.37	65.74	71.56	60.93	84.29	77.16	56.59	76.06	6.0	56.85	93.3	89.11	107.7	135.83	116.81	83.49	34.06	84.85	58.01	82.04	76.28	33.02	108.5	90.09	40.8	14.04	130.86	95.71	81.22	102.96	25.0	135.09	106.0	68.51	63.2	
97.1	65.12	74.11	61.39	46.32	41.68	49.74	90.79	41.0	95.9	96.43	30.81	88.24	65.51	77.41	31.89	34.54	69.3	34.06	63.16	42.01	0.0	39.2	72.47	57.01	78.16	16.49	54.49	63.81	60.8	25.0	76.84	46.65	30.81	84.43	60.75	5.0	56.92	71.59	13.0	43.0	80.36	66.4	18.44	65.0	8.06	83.65	64.78	92.59	60.31	94.64	58.86	25.71	16.76	77.2	19.42	73.36	48.33	15.26	39.62	96.54	48.55	50.25	28.84	59.64	99.16	103.32	75.69	81.02	43.86	89.96	49.01	55.95	73.25	111.13	41.05	77.0	31.62	73.17	91.44	60.9	24.35	43.91	72.8	31.14	87.73	76.94	15.0	15.62	63.06	95.69	58.82	67.27	82.38	15.13	87.57	54.38	50.45	29.55	79.08	91.42	46.69	32.2	11.66	10.63	47.85	95.0	114.21	94.2	105.65	47.51	52.24	33.42	81.94	35.17	92.91	83.36	40.16	22.14	64.2	33.54	12.65	65.79	52.48	65.92	40.26	54.2	79.1	22.2	96.05	102.07	26.17	46.07	44.28	48.84	56.57	62.37	48.3	28.44	85.56	45.34	32.76	17.46	24.19	21.38	58.6	66.73	36.89	31.02	74.85	14.76	83.22	4.47	34.44	51.48	31.78	37.16	48.17	30.46	25.63	60.42	42.72	111.8	28.32	77.16	16.28	77.88	67.03	46.69	83.49	18.03	67.36	48.76	89.59	84.63	60.21	34.48	34.67	75.77	77.08	82.1	47.01	35.47	48.51	31.38	52.33	66.41	62.94	72.72	21.02	75.95	57.38	25.08	40.46	91.18	66.48	33.24	29.97	23.09	63.56	36.36	15.26	35.44	37.48	14.87	56.04	64.85	71.03	94.49	78.55	53.34	8.06	61.68	21.02	49.73	34.48	9.22	82.38	70.26	24.7	36.06	89.5	61.52	61.27	68.59	17.03	95.71	69.86	26.83	36.62	
70.6	29.68	85.49	22.85	29.0	43.86	79.4	61.55	5.1	81.04	80.65	57.2	74.73	41.63	50.22	22.67	11.4	53.94	70.01	34.67	71.18	39.2	0.0	39.05	63.69	44.41	37.0	33.02	40.85	41.23	64.12	78.45	76.84	46.69	51.4	31.38	44.18	61.68	77.79	27.02	61.07	46.62	46.17	21.0	70.84	46.0	78.0	25.71	63.7	50.0	80.52	19.92	43.93	23.02	79.83	48.76	46.04	51.62	47.85	11.0	81.32	22.09	41.3	36.24	39.29	82.54	85.8	79.31	42.38	34.71	54.2	11.18	32.57	94.2	89.94	58.26	38.21	66.49	88.68	70.68	36.77	63.15	45.31	76.4	8.06	68.71	84.43	27.46	51.35	25.06	70.46	82.76	31.91	73.25	38.6	50.0	25.96	73.55	41.11	40.02	64.03	58.83	26.42	33.54	32.89	76.22	82.0	91.59	70.83	83.73	28.07	71.22	28.43	46.23	13.93	67.68	44.38	62.13	18.25	25.02	6.32	27.0	29.21	23.77	30.02	14.0	37.22	40.0	18.38	73.43	80.53	13.04	17.12	65.12	10.3	44.01	51.04	18.44	11.05	68.31	34.37	58.41	23.41	31.91	60.53	25.24	69.12	33.02	55.9	39.05	33.24	46.32	41.0	36.12	21.84	57.7	44.94	9.0	19.42	63.2	26.25	11.05	90.82	29.21	58.82	24.04	99.2	81.99	36.35	46.14	56.04	49.48	57.25	79.63	73.68	44.41	65.51	66.73	39.82	60.88	57.8	15.52	63.82	57.71	36.8	80.28	29.41	86.37	47.89	18.25	94.03	34.23	50.22	23.41	54.38	52.47	6.0	40.46	49.09	29.07	24.35	28.64	47.8	68.95	32.65	70.49	27.46	83.63	72.47	47.38	14.14	43.1	25.5	18.68	73.54	40.5	46.04	43.42	35.36	31.06	59.17	67.98	80.21	28.02	31.78	50.8	66.48	35.23	38.9	68.96	
87.86	46.0	123.55	21.38	64.08	82.15	117.69	76.9	34.66	108.04	107.0	95.59	103.39	68.47	71.11	42.06	38.28	84.34	106.0	59.3	90.01	72.47	39.05	0.0	101.6	57.07	62.64	24.19	68.73	71.59	95.27	114.23	114.98	85.7	63.06	13.04	76.92	99.3	114.97	59.54	100.12	58.46	74.81	54.92	108.23	77.08	110.86	24.0	79.08	83.82	108.12	24.74	82.73	56.08	115.88	86.21	68.01	89.55	75.0	48.02	108.02	24.35	77.08	75.29	69.63	108.02	110.16	115.69	21.93	71.55	18.25	38.08	62.82	133.23	110.48	97.31	36.4	91.41	127.32	94.13	64.94	96.61	83.35	112.92	45.28	94.0	121.67	57.7	79.7	18.25	89.27	121.75	47.04	104.74	64.85	49.65	18.68	112.54	80.16	25.24	81.39	97.65	65.22	62.77	69.4	114.69	110.22	110.42	91.66	104.24	62.39	110.26	43.74	11.05	52.43	86.98	26.17	77.1	50.77	29.0	41.77	60.03	12.17	20.25	45.01	50.61	70.21	33.54	55.97	94.64	101.83	49.04	26.42	104.14	29.68	77.79	84.2	24.19	46.23	95.08	70.68	96.94	60.44	53.6	93.11	14.21	105.7	44.1	75.17	7.07	60.75	14.87	72.5	49.09	21.02	77.16	83.82	34.0	58.41	91.48	47.27	30.61	111.46	68.25	86.28	60.61	138.22	120.65	72.5	16.55	85.7	79.08	95.72	110.03	104.09	76.4	103.23	104.2	7.81	89.56	80.1	25.81	102.07	96.25	52.24	118.87	13.04	125.4	72.03	54.2	132.88	21.38	88.53	33.96	21.02	83.95	43.14	79.51	87.21	10.0	62.43	66.07	86.83	90.27	70.29	109.29	15.13	121.94	94.43	63.64	30.08	73.16	14.32	55.44	112.49	79.4	76.32	25.5	5.0	52.63	76.0	91.14	119.2	11.4	43.19	77.88	80.78	50.16	77.9	106.4	
67.07	65.19	21.95	81.54	38.42	19.92	41.76	67.47	68.71	49.77	51.26	33.3	42.38	46.07	55.97	76.53	70.09	34.53	52.63	52.43	97.08	57.01	63.69	101.6	0.0	68.48	71.85	95.34	44.29	38.95	68.01	20.12	41.79	26.25	70.77	95.08	58.52	3.16	15.0	60.07	19.21	69.77	40.85	59.08	8.06	62.97	30.61	81.4	68.07	25.63	47.93	77.94	31.32	60.01	20.25	40.71	54.23	12.08	71.78	53.67	50.7	85.07	26.17	31.02	39.96	54.42	58.87	18.68	97.08	30.23	113.81	63.81	44.05	36.67	69.92	19.1	82.88	83.73	26.91	54.23	45.49	60.44	18.38	15.81	60.17	49.25	21.21	64.07	70.38	84.6	64.01	33.02	66.07	33.11	71.2	84.91	89.54	27.66	28.16	92.7	64.63	11.4	37.64	65.62	48.51	37.95	46.96	74.46	60.03	66.49	40.46	20.22	81.22	106.51	49.77	62.07	96.9	97.12	62.29	77.47	63.6	59.08	90.21	87.32	66.6	51.0	35.61	87.05	52.47	60.21	63.15	59.03	80.32	22.83	72.01	29.15	27.2	81.93	61.39	45.4	31.4	31.83	51.04	76.06	62.43	88.57	10.63	86.15	87.93	99.86	68.47	105.0	61.4	86.0	85.44	88.54	21.0	67.6	44.92	74.95	60.83	74.33	70.21	36.5	42.11	52.01	41.18	20.81	29.83	104.02	68.88	37.64	8.25	39.45	36.77	33.54	40.61	42.8	100.4	39.0	53.76	79.12	35.61	8.54	84.05	38.83	89.89	34.37	49.98	56.32	33.6	97.12	34.48	82.57	112.45	31.78	61.68	28.07	36.24	91.71	39.4	47.04	21.59	91.68	44.28	13.04	87.66	20.62	58.22	63.56	71.87	64.85	87.32	54.33	28.86	25.08	64.85	96.21	97.25	76.03	93.01	54.04	23.77	91.24	70.18	72.8	70.86	65.8	31.14	43.83	
30.81	14.87	88.01	38.08	36.12	55.79	102.18	19.92	46.75	53.85	52.39	82.39	51.08	22.47	16.55	66.71	55.44	37.48	101.0	17.26	115.0	78.16	44.41	57.07	68.48	0.0	80.53	68.6	24.19	29.53	102.39	72.12	100.62	68.47	7.07	60.01	82.97	65.37	76.84	68.54	77.88	2.24	28.43	62.65	71.85	86.02	63.25	33.84	22.14	43.27	54.41	36.24	69.07	64.88	74.25	79.06	15.62	59.24	90.08	39.0	53.6	58.82	43.66	59.03	28.64	52.77	54.23	75.01	40.2	43.74	59.41	33.42	26.48	105.12	53.46	75.43	22.09	108.63	94.87	38.47	23.41	98.99	55.36	73.0	50.61	39.56	82.98	70.21	92.7	40.5	32.25	99.02	12.73	55.76	81.84	16.97	58.67	91.09	63.2	35.13	24.33	71.17	49.09	76.06	68.66	98.27	56.92	53.37	35.0	47.27	34.06	85.44	72.25	55.0	43.01	30.07	37.66	106.51	61.29	29.15	50.48	68.15	45.88	57.45	14.87	37.95	33.84	26.31	56.3	38.0	45.04	55.01	54.82	82.97	41.11	39.36	42.2	54.41	54.2	41.79	41.77	82.61	60.73	76.28	97.67	51.89	67.01	76.38	99.98	51.35	76.48	51.09	81.27	80.06	55.76	101.71	61.19	37.48	48.05	103.74	18.36	50.93	54.45	54.08	34.99	61.98	109.66	89.19	42.2	49.16	96.17	32.56	66.85	59.03	53.71	34.99	92.35	94.26	51.24	39.12	25.0	52.01	88.68	67.78	81.06	101.14	44.64	101.39	20.62	58.69	101.87	68.0	77.06	65.12	55.9	38.95	49.4	62.2	77.01	50.92	44.1	63.56	66.1	112.26	65.92	80.53	43.01	87.92	38.05	7.28	35.61	84.15	46.24	57.94	91.76	58.55	86.65	37.48	52.17	75.45	103.46	35.51	91.71	52.92	14.76	92.85	24.17	9.22	63.03	96.33	
103.48	66.21	90.0	56.08	53.91	54.71	65.74	95.8	36.67	106.53	106.78	47.3	99.13	72.14	83.1	20.62	28.16	79.06	48.41	67.8	34.48	16.49	37.0	62.64	71.85	80.53	0.0	41.68	70.71	68.77	33.12	91.22	62.61	46.1	87.32	49.98	18.36	71.39	86.7	13.6	59.14	82.76	74.41	18.44	79.91	16.28	96.57	60.3	97.8	71.2	105.48	54.33	41.05	16.28	91.78	35.9	78.87	62.1	12.37	41.88	107.07	38.33	60.9	41.76	67.27	109.29	113.23	90.43	75.03	53.85	80.78	48.1	62.24	89.74	119.85	57.04	74.73	30.07	89.45	100.0	67.21	36.12	56.92	87.48	29.97	96.83	92.35	10.63	17.09	57.0	102.59	75.29	68.45	94.37	2.24	86.98	43.97	66.94	43.74	74.06	97.31	62.13	41.34	6.32	23.35	64.08	106.17	122.43	101.83	114.02	54.49	68.59	19.72	73.01	39.05	99.76	78.01	27.8	19.24	61.0	30.68	14.42	58.31	42.45	66.71	43.6	62.63	75.95	26.17	104.0	110.54	25.55	37.34	60.67	44.55	66.57	73.06	39.46	26.4	95.21	54.92	49.24	23.85	9.43	32.02	49.82	81.02	21.93	19.85	66.29	4.24	75.13	13.42	18.6	41.98	21.4	51.2	45.61	36.88	28.86	62.18	36.01	120.62	38.91	86.21	22.47	94.37	83.22	56.6	75.8	23.26	76.22	63.64	101.52	96.18	69.4	50.57	50.54	67.27	86.84	89.11	39.12	51.87	63.51	15.26	68.54	59.21	79.4	79.25	22.67	92.4	44.78	41.44	28.79	82.76	76.55	31.38	43.93	39.46	54.92	44.2	25.63	50.36	31.95	27.66	72.03	58.08	87.02	102.65	82.38	50.01	12.04	54.23	24.04	66.22	47.8	14.87	77.01	61.39	10.3	24.08	97.74	77.93	52.17	68.71	15.3	100.8	71.55	40.79	52.35	
98.41	54.56	116.69	31.24	62.01	75.43	103.08	88.12	28.0	112.97	112.38	81.84	107.06	72.78	79.12	22.63	25.3	86.47	88.53	64.56	66.12	54.49	33.02	24.19	95.34	68.6	41.68	0.0	72.37	73.55	74.79	111.16	100.12	74.69	75.47	11.7	58.26	93.62	109.88	42.52	89.44	70.49	78.09	39.66	102.84	57.43	111.0	36.12	90.35	83.01	112.61	32.45	70.71	40.0	112.45	71.22	75.27	83.43	53.67	44.01	113.16	11.05	74.24	65.55	71.57	114.0	116.91	111.8	43.38	67.48	42.0	39.05	64.63	122.59	119.62	86.76	52.33	68.68	118.85	101.24	68.25	77.42	77.13	108.85	35.17	99.92	116.42	39.6	58.59	29.7	99.01	109.6	56.36	106.12	43.91	66.47	10.0	100.5	69.86	44.94	91.71	88.96	57.72	43.42	54.41	100.6	114.27	120.54	100.3	113.3	61.01	99.73	21.95	35.23	46.39	96.38	47.41	53.01	35.51	40.0	31.78	43.28	26.63	11.18	54.12	47.01	70.06	51.09	43.86	103.12	110.39	36.77	16.03	92.66	29.12	77.0	84.01	15.3	34.18	100.02	67.27	83.49	47.01	32.25	73.5	17.69	101.61	20.88	51.62	30.08	40.8	38.83	53.41	25.71	13.0	53.6	75.27	33.96	50.45	69.86	53.49	22.0	120.55	59.14	90.61	46.65	127.53	112.16	69.26	40.26	64.88	81.74	88.23	112.36	106.38	77.16	87.97	88.53	31.05	93.06	87.6	18.25	87.8	88.54	29.12	105.0	28.02	113.53	78.16	40.71	123.48	3.16	74.89	14.21	45.18	85.21	33.73	69.46	73.24	21.1	56.72	52.48	77.08	66.75	56.6	100.46	28.43	114.49	102.46	73.79	33.62	53.25	24.08	42.49	100.17	70.84	56.3	46.53	25.3	31.38	52.09	98.37	109.12	18.03	53.85	56.36	92.66	59.94	67.12	90.61	
33.29	24.17	64.03	47.38	17.49	33.06	79.51	27.89	45.22	40.61	40.02	61.13	35.01	2.0	14.32	62.65	51.89	15.81	80.89	9.85	104.35	63.81	40.85	68.73	44.29	24.19	70.71	72.37	0.0	5.39	86.01	49.2	78.23	47.17	26.93	67.07	68.1	41.18	53.08	57.31	54.74	25.5	6.08	52.35	47.8	71.87	42.72	45.12	29.41	19.21	40.31	44.18	48.84	54.45	51.22	59.91	11.0	35.44	77.8	30.89	40.79	61.39	20.22	39.29	5.0	41.76	44.94	51.74	57.7	22.36	76.32	33.38	8.6	80.95	49.65	52.47	41.05	95.41	70.72	30.02	4.12	81.27	32.25	49.52	43.57	27.86	59.4	60.11	79.32	50.49	32.02	75.29	24.19	36.14	71.45	40.8	63.51	67.68	42.58	52.77	27.73	47.54	31.76	65.12	53.34	75.54	42.11	51.86	31.14	43.6	16.4	61.68	68.48	70.21	32.02	29.21	56.44	98.35	52.63	40.26	45.18	56.64	56.57	61.66	25.5	28.3	11.05	45.49	44.55	33.42	40.22	46.4	56.52	59.84	43.42	15.23	18.38	57.07	46.87	27.66	20.4	61.03	47.63	69.2	80.78	59.01	43.19	73.36	90.52	64.76	66.47	67.42	67.68	75.8	59.68	91.97	39.0	38.47	34.06	89.07	21.59	50.96	50.48	36.25	18.25	49.04	85.48	65.0	20.1	65.92	81.49	10.44	43.01	41.3	35.36	10.82	71.11	73.17	65.0	21.0	18.44	54.13	67.01	43.97	75.72	78.09	55.73	77.49	8.94	48.1	77.7	72.84	56.72	64.26	73.82	16.12	43.42	41.59	57.07	60.13	27.46	48.55	44.0	100.6	49.65	56.46	53.6	63.82	32.2	19.65	40.01	71.03	55.15	46.67	68.45	37.22	72.95	55.95	63.79	68.6	94.76	27.46	67.62	61.01	28.65	80.21	32.57	22.8	43.17	75.11	
