210
0.0	35.81	32.2	72.07	43.38	33.84	18.03	31.0	47.54	23.77	58.73	19.24	43.6	36.07	66.84	67.98	45.31	12.08	66.91	39.6	50.6	32.57	71.59	19.92	56.44	54.42	25.5	33.24	27.46	22.56	23.02	52.47	35.51	27.0	32.02	51.24	66.0	55.36	46.62	28.3	27.89	51.62	64.56	63.82	38.29	70.0	41.87	36.01	29.21	15.81	19.0	65.73	40.16	48.08	11.05	41.62	66.73	68.12	74.32	74.09	27.59	31.02	24.21	69.07	28.3	51.61	10.63	5.0	12.04	45.62	41.05	45.31	46.1	53.6	37.12	44.38	62.51	40.31	49.03	16.28	11.4	44.72	18.44	70.04	31.02	18.03	45.8	47.17	50.54	34.23	48.37	33.0	59.36	48.66	12.04	37.54	39.22	2.0	37.7	33.97	18.6	48.85	42.72	40.8	27.66	85.0	27.2	6.71	17.69	17.26	29.07	47.54	69.12	36.67	27.07	59.41	26.08	33.02	30.41	58.55	34.93	40.26	46.0	30.89	38.18	29.15	33.24	59.54	46.82	35.44	21.1	59.67	58.41	16.55	19.24	24.74	37.34	67.01	12.65	68.96	28.46	14.32	39.36	18.36	68.26	70.84	15.81	22.2	27.59	39.82	30.08	60.88	60.41	28.0	62.17	42.0	28.28	69.84	30.41	13.42	21.63	51.48	62.01	43.86	31.4	30.08	32.56	25.0	48.1	43.83	49.4	52.77	58.82	41.44	78.23	52.63	37.8	48.02	14.21	43.1	29.27	49.48	69.38	50.92	13.6	49.0	40.45	67.54	38.42	28.86	50.49	49.77	74.89	29.15	49.73	22.83	59.62	71.2	51.87	58.05	69.64	54.04	59.54	22.85	55.87	25.18	53.91	78.77	42.95	43.74	
35.81	0.0	67.18	107.7	60.83	48.51	22.83	21.1	30.23	16.16	94.37	54.92	78.49	71.59	101.83	103.45	78.01	31.62	100.24	57.43	77.16	67.54	92.91	50.29	86.15	72.69	46.04	60.67	61.74	49.24	35.44	81.39	40.01	56.08	23.26	45.34	97.29	87.37	81.34	7.81	60.0	87.21	99.01	98.41	54.59	105.8	48.09	68.62	45.35	24.74	52.39	85.33	72.42	83.63	26.91	55.23	92.01	103.24	109.59	93.74	48.01	19.7	60.0	104.86	36.35	87.42	25.55	31.06	26.25	70.01	44.28	71.11	40.61	74.73	47.54	50.16	91.92	58.42	83.01	51.0	45.25	74.15	20.25	105.42	20.1	53.34	58.24	73.11	66.27	17.72	82.33	21.38	29.15	78.09	27.8	54.45	44.94	34.67	57.97	69.66	54.41	53.67	77.39	24.76	57.97	101.53	56.52	35.34	18.36	51.88	48.01	69.12	104.85	67.42	59.14	69.46	15.03	20.4	61.29	91.71	24.7	26.17	38.29	15.23	73.76	64.9	59.51	92.66	73.17	23.02	42.95	71.51	69.64	19.8	53.67	59.48	58.24	98.06	41.4	89.94	63.53	21.93	57.07	54.08	104.01	105.6	43.27	32.02	10.05	73.76	59.44	96.21	86.01	60.75	85.21	69.35	9.06	105.48	56.36	31.91	14.21	59.09	72.62	77.01	54.04	19.31	68.25	44.01	65.12	56.04	67.9	75.69	93.52	71.59	113.99	88.41	44.01	57.58	34.99	34.06	60.44	77.52	103.62	53.34	48.92	40.31	74.09	89.56	73.55	23.09	46.23	54.12	110.68	64.5	84.17	33.24	94.83	106.85	62.03	74.22	104.0	89.81	73.0	20.0	71.31	59.09	89.64	114.55	50.33	73.93	
32.2	67.18	0.0	44.91	40.16	54.0	45.8	56.36	78.39	52.8	27.78	17.12	11.4	6.0	34.71	42.19	16.12	36.62	49.34	54.74	51.04	20.0	74.4	32.0	49.58	45.49	45.04	39.85	22.47	24.33	40.16	28.64	49.5	19.03	63.07	78.26	53.71	26.0	14.42	59.41	12.04	20.59	43.74	31.62	55.33	40.31	51.01	30.23	37.12	47.51	26.0	71.69	13.42	17.0	40.36	43.74	65.12	36.07	49.16	78.49	46.0	62.65	11.0	40.16	44.38	23.35	42.8	37.2	41.11	50.99	53.08	48.76	73.76	41.23	59.03	67.03	54.82	54.92	33.12	23.19	21.93	42.2	47.63	38.29	56.82	20.1	63.51	49.74	46.1	60.9	16.76	58.14	91.53	44.69	39.82	54.33	63.29	33.84	34.21	6.71	15.52	71.0	26.08	72.01	32.98	91.27	34.71	35.78	49.68	23.09	48.0	36.89	41.23	15.62	29.12	75.71	58.25	58.59	14.56	42.95	65.8	71.18	74.46	62.97	8.06	12.53	24.04	43.86	48.88	66.64	31.05	74.46	73.98	47.38	23.0	20.62	33.24	55.07	26.93	72.67	18.79	45.25	38.08	17.26	40.26	48.09	26.4	50.6	59.67	9.0	35.44	29.07	59.67	27.51	64.64	24.84	60.31	42.76	24.33	36.89	53.04	71.25	77.37	14.04	45.4	61.77	6.4	46.17	61.13	62.29	42.06	38.21	37.85	38.83	49.65	23.09	49.09	67.27	34.48	72.42	31.62	47.8	48.66	74.03	18.6	77.37	29.0	70.21	6.4	59.93	76.94	72.0	45.88	17.0	31.78	41.79	36.12	43.93	69.72	69.29	48.51	24.35	54.59	54.71	68.31	23.77	23.77	49.98	65.01	20.25	
72.07	107.7	44.91	0.0	82.1	76.84	88.64	100.3	110.39	95.27	20.62	52.84	37.0	39.05	27.02	5.39	46.53	79.85	24.19	72.07	53.16	40.61	69.0	60.14	42.58	83.55	70.94	56.86	46.86	69.23	84.9	58.52	94.37	63.51	96.94	103.73	35.13	47.17	36.12	100.34	56.57	26.02	17.03	31.06	74.43	9.9	95.34	43.42	81.88	84.4	56.22	71.45	50.09	29.02	82.29	87.01	57.0	25.5	7.07	74.0	70.43	97.84	48.33	7.21	89.27	21.59	82.15	76.66	83.19	59.24	97.74	56.08	100.8	77.88	82.1	88.84	43.01	71.59	29.15	56.86	64.62	47.01	89.9	21.93	100.66	54.38	80.5	55.36	86.58	104.55	39.62	102.18	127.48	45.54	82.35	73.57	87.66	73.06	77.0	39.85	53.67	91.3	31.83	105.36	54.56	86.15	56.73	72.67	89.36	56.04	72.01	75.8	4.12	56.01	51.62	87.6	95.8	102.53	58.22	27.46	99.01	103.95	102.62	99.64	36.88	42.94	67.03	27.29	54.42	100.45	75.93	84.77	85.38	88.59	54.41	48.6	76.0	36.22	70.84	69.07	44.41	86.35	81.0	53.71	5.1	12.65	70.88	82.76	98.74	44.0	54.82	24.17	55.33	49.5	62.39	63.39	99.57	2.24	68.18	80.41	93.65	88.57	87.64	45.28	66.03	97.19	41.11	73.0	73.54	80.53	81.74	73.98	18.38	46.53	7.62	22.09	93.77	84.97	78.43	102.18	51.74	49.34	17.46	94.89	60.01	105.0	37.01	66.07	39.32	94.18	101.79	92.18	7.07	43.27	26.63	86.4	14.42	1.0	85.09	76.66	16.49	21.02	93.56	91.21	77.49	49.68	22.0	8.54	86.61	55.58	
43.38	60.83	40.16	82.1	0.0	77.03	40.01	40.8	85.29	45.18	62.01	46.86	45.18	45.88	62.37	80.5	36.12	34.93	89.49	81.84	86.68	57.8	109.79	58.9	87.98	12.0	68.26	71.42	57.2	22.02	26.0	29.07	22.83	22.47	70.86	93.15	93.52	40.16	46.01	54.23	28.64	56.08	83.68	57.49	80.99	75.06	17.69	66.85	16.03	55.79	54.45	105.36	32.02	53.24	40.79	7.07	102.2	64.33	87.46	113.17	70.18	68.47	44.94	76.0	24.52	61.66	48.51	45.88	40.61	84.15	21.93	82.81	87.8	14.32	80.5	87.73	93.65	82.42	73.01	50.21	35.61	78.6	43.01	68.07	41.76	48.84	88.84	84.29	7.21	45.54	43.1	41.44	89.94	81.84	38.64	80.16	82.46	45.19	6.4	46.82	44.05	92.2	65.8	78.31	64.35	125.18	65.07	50.09	51.35	50.91	71.87	9.9	78.06	26.17	61.62	102.4	61.2	42.38	25.63	83.01	73.82	78.52	87.1	66.12	47.54	50.12	16.16	83.93	83.63	73.55	22.47	102.34	101.24	46.17	52.35	54.2	7.21	94.85	30.89	107.56	54.92	45.4	4.12	46.1	77.06	87.48	27.78	64.85	59.0	38.21	67.18	60.3	96.21	61.07	99.9	19.24	59.01	80.16	16.64	33.73	51.01	94.83	104.85	37.01	72.8	67.48	46.24	68.1	90.0	86.95	7.07	16.4	77.88	75.0	85.05	60.3	19.42	91.3	31.05	83.55	64.44	84.2	88.53	94.15	38.9	90.03	67.6	105.55	43.93	68.07	92.72	93.11	81.06	53.85	71.87	28.02	75.71	81.1	95.02	99.64	88.29	61.2	16.4	60.83	97.8	56.85	60.13	85.09	86.33	27.29	
33.84	48.51	54.0	76.84	77.03	0.0	45.8	57.31	35.85	47.41	72.11	37.05	63.39	54.33	83.24	71.61	70.03	44.6	61.07	9.0	31.38	39.85	44.41	22.0	42.54	87.66	9.22	20.0	33.96	55.46	55.9	80.89	67.9	58.19	27.17	26.93	54.71	80.0	66.48	44.92	56.29	66.48	62.97	82.0	6.08	79.18	75.01	33.62	63.01	27.29	28.0	36.88	66.27	63.79	40.36	75.45	44.41	83.82	75.93	45.35	8.0	30.02	43.0	77.03	60.81	62.39	32.8	32.56	41.11	23.41	73.55	25.5	24.08	86.16	5.39	13.15	47.42	10.0	47.8	31.14	42.15	32.02	44.1	84.15	56.82	34.06	12.04	27.31	84.22	58.18	70.18	59.06	55.54	35.23	42.45	6.0	10.82	32.2	71.12	51.35	39.2	17.0	45.65	32.89	23.41	54.13	21.19	27.2	35.78	31.06	6.0	80.23	75.47	65.12	27.2	25.61	33.54	58.59	59.67	53.08	27.66	31.02	26.17	34.01	55.58	43.42	65.19	53.81	27.73	29.61	54.92	26.17	24.76	39.96	31.0	34.37	70.66	55.07	46.14	41.44	37.85	38.83	73.06	37.12	74.95	70.04	49.24	17.09	38.83	63.0	22.36	76.24	38.83	29.41	37.01	72.53	39.81	74.89	62.77	46.01	40.31	18.03	28.32	68.01	10.82	30.0	50.25	8.94	16.76	10.0	82.73	84.76	59.03	31.11	84.31	64.85	70.72	14.32	47.63	26.63	26.0	33.12	66.48	20.1	40.52	28.32	39.96	41.11	58.22	26.0	25.06	18.0	82.15	39.81	50.22	55.15	62.43	76.28	18.03	26.4	67.18	66.13	93.3	28.86	23.71	31.58	66.73	85.15	11.05	71.85	
18.03	22.83	45.8	88.64	40.01	45.8	0.0	13.04	45.4	7.07	73.5	36.4	56.85	50.77	80.06	84.86	55.44	9.22	84.85	53.34	67.68	50.22	87.46	37.34	74.24	52.01	39.36	50.22	45.4	26.42	14.04	58.6	23.32	33.29	31.62	55.04	84.01	64.64	59.55	15.23	37.54	66.29	82.23	76.38	51.31	85.59	31.3	54.04	24.0	19.1	37.01	80.96	49.82	62.68	7.0	35.51	83.68	81.57	91.42	89.47	41.59	28.86	40.31	85.0	17.09	67.54	13.04	15.3	6.0	61.98	28.84	62.1	49.66	53.24	47.42	53.15	80.31	54.2	66.91	34.23	24.19	62.39	3.0	84.02	13.0	35.69	57.63	64.03	46.27	16.28	60.11	15.03	50.96	66.37	6.32	50.77	47.51	18.03	36.22	49.24	35.11	57.49	60.42	38.47	45.28	99.48	44.55	21.59	12.08	35.23	42.54	47.38	85.43	44.65	45.01	70.84	21.38	15.0	38.6	76.53	34.48	38.83	48.47	26.17	53.0	45.88	36.77	77.52	63.79	33.96	20.25	71.84	70.29	6.71	37.22	42.58	36.35	85.0	19.1	84.69	46.1	7.07	36.0	35.44	84.53	88.32	20.62	29.7	19.03	51.62	47.52	74.81	77.37	46.01	78.43	46.62	19.1	86.41	33.62	9.22	11.0	61.52	73.76	54.56	46.62	27.89	47.89	38.08	61.91	55.44	47.0	53.76	76.4	59.21	94.37	68.1	26.83	58.73	12.21	44.6	47.1	66.91	87.1	58.6	28.64	51.26	58.42	83.57	52.2	29.15	55.01	58.26	90.82	46.57	67.47	12.17	76.84	87.73	63.03	71.87	87.32	69.46	54.13	21.93	69.34	43.19	69.12	94.83	52.35	51.11	
31.0	21.1	56.36	100.3	40.8	57.31	13.04	0.0	49.77	10.0	84.12	48.84	66.89	61.74	89.63	96.77	63.78	20.62	97.62	65.31	80.6	62.8	99.96	50.36	87.28	52.39	51.62	63.15	58.22	34.06	17.69	64.4	19.03	41.11	38.6	62.43	97.0	72.14	69.34	16.55	46.62	76.94	94.73	85.6	63.06	96.61	27.02	67.01	26.42	30.02	50.0	93.23	58.14	73.36	20.02	34.71	96.54	91.26	103.45	101.77	53.85	35.23	52.2	96.25	16.55	78.92	25.3	28.28	19.03	74.73	23.19	74.95	57.2	55.03	58.25	63.13	93.34	66.21	79.63	47.1	35.74	75.43	13.6	94.03	1.0	48.37	68.8	76.9	45.71	5.0	69.2	2.0	50.01	79.4	19.03	62.61	57.49	31.06	38.91	60.54	47.3	67.27	72.99	43.38	58.31	111.36	57.56	34.53	21.63	48.09	54.63	49.77	96.93	52.35	58.03	81.61	27.8	2.24	46.86	89.36	41.05	44.29	55.47	31.38	63.98	57.97	42.64	90.35	76.69	39.96	26.91	82.93	81.27	17.46	50.09	55.33	39.36	98.01	29.55	97.14	58.69	18.97	37.34	47.85	96.01	100.66	30.02	40.5	23.32	61.03	60.53	84.91	90.24	59.0	91.09	52.2	22.83	98.08	39.7	19.92	17.69	71.84	84.63	63.25	59.14	34.41	59.24	50.16	73.79	66.57	47.8	56.46	88.84	72.25	105.7	79.2	23.02	69.4	21.93	51.31	60.13	79.91	99.64	67.88	40.52	57.98	71.25	96.14	62.65	36.88	62.8	67.94	102.04	59.03	80.06	15.56	89.02	99.37	73.82	83.65	99.82	80.53	52.04	30.41	81.01	56.08	80.06	106.1	62.63	58.05	
47.54	30.23	78.39	110.39	85.29	35.85	45.4	49.77	0.0	41.48	102.08	62.18	89.47	80.95	111.89	105.38	92.66	51.01	96.61	43.86	67.08	70.6	75.95	50.61	78.39	97.25	39.62	54.82	64.2	68.36	59.41	99.82	67.45	73.98	15.52	17.72	90.55	102.79	92.61	33.24	75.43	95.52	97.84	109.57	40.72	111.21	75.69	67.18	69.26	31.78	55.47	67.74	87.64	92.28	45.01	80.89	78.75	112.87	110.34	75.33	40.46	17.03	68.43	109.48	62.17	93.23	38.33	42.95	45.0	59.03	72.42	61.29	15.0	98.01	31.78	29.43	83.19	44.78	82.07	56.44	58.94	67.68	42.43	114.06	48.85	59.54	40.02	63.06	91.66	47.41	95.08	50.57	20.4	71.02	47.0	41.15	26.57	45.61	81.02	78.29	63.07	31.02	78.57	7.0	55.87	80.16	53.74	42.72	34.01	56.94	39.2	92.0	108.47	84.17	58.8	47.04	24.08	49.66	77.88	88.41	12.65	7.28	12.0	19.24	82.76	71.34	79.4	89.2	63.53	12.17	64.01	50.0	48.0	39.12	57.98	63.25	81.01	90.92	58.55	72.99	67.42	40.01	81.22	61.72	107.81	104.89	61.4	28.3	26.93	86.73	55.9	105.31	73.74	60.96	70.6	88.81	27.2	108.3	76.32	52.0	34.53	37.01	50.09	91.08	45.8	18.03	76.94	37.48	48.76	38.33	92.2	98.05	93.38	66.4	117.59	95.13	71.31	37.34	55.01	9.49	58.69	68.96	101.67	29.07	60.41	12.37	73.54	73.55	84.1	18.68	19.42	31.0	114.98	69.07	84.15	57.56	96.18	109.71	41.11	55.44	102.3	96.52	99.46	25.18	52.47	61.4	96.8	118.34	30.81	91.22	
23.77	16.16	52.8	95.27	45.18	47.41	7.07	10.0	41.48	0.0	80.45	42.72	63.89	57.69	87.11	91.39	62.48	16.28	90.61	55.54	71.7	56.32	90.44	42.0	79.01	57.14	42.06	54.33	51.2	33.29	19.42	65.3	25.96	40.22	29.15	53.0	89.2	71.61	66.6	9.06	44.6	73.24	88.32	83.45	53.23	92.44	34.21	59.41	29.43	20.12	42.43	83.57	56.85	69.63	13.0	40.01	87.48	88.62	97.86	92.11	44.27	25.94	46.96	91.79	21.02	74.3	16.12	20.1	12.08	65.51	31.02	65.92	47.71	58.86	48.26	53.15	85.02	56.46	72.78	40.02	31.06	67.03	5.39	91.05	9.43	41.76	58.83	67.9	51.0	11.18	67.18	11.66	44.91	71.03	13.04	52.8	47.51	23.35	41.98	56.08	41.63	57.31	66.48	34.79	50.0	101.52	49.04	26.0	11.66	41.0	44.94	53.15	92.13	51.61	50.16	71.61	18.36	11.18	45.61	82.2	31.76	35.47	46.14	22.47	59.91	52.39	43.38	83.19	67.74	30.87	26.83	72.95	71.28	8.06	42.95	48.51	42.2	90.14	26.17	87.6	52.2	10.0	41.3	41.79	91.24	94.56	27.66	30.53	14.56	58.69	52.04	81.84	81.22	51.35	81.74	53.23	14.32	93.04	40.25	16.28	7.81	61.85	74.63	61.62	49.73	25.06	54.71	40.5	63.98	56.6	52.24	59.67	82.57	64.0	101.12	74.95	29.83	59.41	19.21	42.06	52.04	71.25	93.15	58.0	35.36	48.76	64.13	86.68	59.2	27.2	53.25	58.0	97.62	52.81	73.5	17.26	83.22	94.37	63.82	73.79	93.41	76.32	58.31	20.52	71.12	48.84	76.01	101.6	52.63	57.98	
58.73	94.37	27.78	20.62	62.01	72.11	73.5	84.12	102.08	80.45	0.0	40.46	17.72	22.8	12.04	20.59	26.08	64.35	37.01	69.63	56.22	32.31	76.66	51.88	48.76	62.97	64.47	53.37	38.48	51.26	67.62	37.95	75.96	44.92	87.42	98.62	46.14	26.83	16.12	86.68	38.28	7.21	29.07	13.42	71.31	13.15	76.12	39.62	63.32	73.0	46.65	76.94	30.07	10.82	67.8	67.27	65.15	12.04	26.93	81.49	64.62	87.62	34.66	14.04	71.51	10.05	69.31	63.66	68.6	60.03	78.85	57.01	94.85	57.27	77.49	85.07	51.62	69.43	30.41	45.8	49.41	48.01	75.21	12.08	84.6	42.8	78.64	57.01	66.19	88.68	19.1	85.88	117.15	48.26	67.42	70.34	82.64	60.11	57.22	24.76	40.31	88.32	28.07	96.26	48.7	94.37	50.92	60.96	76.42	45.22	66.48	55.33	16.49	36.22	44.94	88.36	84.22	86.35	39.29	35.34	89.87	95.13	96.15	88.62	20.62	30.81	47.52	35.78	56.01	91.02	58.31	86.15	86.28	74.65	44.1	38.95	56.22	47.51	54.71	75.93	34.89	72.47	61.2	41.11	15.52	29.41	54.12	73.78	86.28	24.52	50.0	5.39	61.61	42.72	68.25	43.05	87.0	18.97	49.03	64.66	80.16	86.88	89.14	25.0	61.68	86.83	26.17	66.21	73.44	78.1	61.29	53.37	25.55	46.04	23.09	7.28	74.95	82.98	62.27	94.89	46.17	52.24	32.56	91.76	45.45	98.84	34.13	73.01	21.47	84.4	96.93	89.29	19.1	33.12	27.46	69.35	20.81	19.65	84.17	79.0	31.89	6.08	72.99	80.16	79.06	41.15	5.39	23.19	82.86	35.13	
19.24	54.92	17.12	52.84	46.86	37.05	36.4	48.84	62.18	42.72	40.46	0.0	27.51	18.79	49.74	48.75	33.0	28.28	49.04	38.6	39.82	14.04	62.97	15.13	42.15	55.32	28.0	25.24	10.77	25.55	36.22	44.15	48.05	24.76	47.17	61.19	49.82	43.05	30.68	47.51	20.59	33.6	45.89	47.42	38.83	51.09	52.2	20.62	37.7	32.56	9.22	58.9	29.27	30.23	29.73	48.02	55.47	50.77	55.15	66.48	29.07	47.2	6.32	50.0	41.44	32.65	29.41	23.85	30.68	37.64	52.89	36.07	56.75	52.43	42.0	50.0	48.1	38.9	31.02	6.08	14.14	31.91	37.34	52.2	49.03	3.0	47.07	37.48	53.81	52.63	33.73	50.8	76.69	35.36	30.08	37.85	46.17	20.25	40.46	16.12	2.83	54.04	24.19	56.08	18.03	78.75	19.24	20.52	36.62	6.0	31.06	47.01	49.93	28.79	14.87	59.77	43.84	50.99	24.19	41.01	49.74	55.07	57.57	48.17	20.59	10.0	31.89	42.01	36.8	50.77	29.41	58.87	58.19	35.78	6.32	7.62	39.7	50.99	21.21	60.81	10.0	33.54	43.6	1.0	49.09	51.92	22.8	34.01	46.23	26.08	20.81	43.27	49.41	14.21	53.08	37.12	47.01	50.61	30.41	29.15	40.82	54.59	61.68	31.02	29.12	46.4	14.76	29.07	45.69	45.71	50.93	50.25	40.02	28.3	59.08	33.94	49.04	50.64	28.0	55.71	17.69	37.44	50.8	57.0	9.22	60.44	23.19	58.73	22.14	44.1	59.84	55.04	55.8	10.2	31.26	37.05	40.5	51.97	53.37	54.59	50.99	35.36	62.97	39.7	53.23	10.0	35.38	59.64	48.01	35.17	
43.6	78.49	11.4	37.0	45.18	63.39	56.85	66.89	89.47	63.89	17.72	27.51	0.0	9.06	23.35	35.36	11.4	47.63	46.65	63.03	55.54	25.5	78.29	41.59	51.61	47.76	54.74	47.27	30.02	33.62	50.09	25.5	58.24	27.2	74.24	88.53	53.15	18.38	3.16	70.71	20.62	11.05	39.81	20.25	64.01	30.81	58.55	35.44	45.61	58.83	35.69	76.69	13.34	8.06	51.62	50.01	67.96	24.76	42.3	82.73	55.44	73.93	21.19	31.26	53.85	16.76	54.2	48.6	52.35	57.01	61.19	54.41	84.2	42.54	68.59	76.53	56.08	63.07	33.3	33.53	33.24	46.62	58.8	27.2	67.42	30.36	72.01	55.03	50.01	71.56	7.28	68.6	102.9	48.3	50.99	63.01	73.16	45.22	40.0	12.04	26.4	80.31	27.46	83.19	41.01	95.71	43.0	47.01	61.07	33.24	57.43	39.56	33.02	19.03	37.01	83.49	69.63	69.12	21.59	41.87	76.92	82.29	85.07	74.33	8.06	20.02	30.07	42.64	54.08	77.83	40.72	81.88	81.61	58.69	32.76	29.07	39.0	54.56	37.8	76.92	26.02	56.59	44.0	27.86	32.02	42.72	36.89	61.47	71.06	7.0	43.1	18.03	63.13	35.06	68.88	26.93	71.7	35.01	31.4	47.8	64.38	80.01	84.85	9.43	54.01	73.06	13.15	56.09	68.59	71.01	45.35	38.91	34.48	43.66	40.61	15.13	57.27	76.01	45.22	83.22	39.12	51.89	44.38	83.49	30.0	87.93	32.2	74.24	5.39	71.12	87.1	81.3	36.67	24.02	31.11	51.88	31.38	36.0	78.06	75.93	44.01	16.03	57.57	66.04	75.31	32.02	15.0	40.79	74.43	19.7	
36.07	71.59	6.0	39.05	45.88	54.33	50.77	61.74	80.95	57.69	22.8	18.79	9.06	0.0	31.06	36.22	17.89	41.68	43.66	54.08	47.89	17.09	71.02	32.56	45.28	50.61	45.71	38.47	21.1	30.27	45.88	31.62	55.44	25.02	65.86	79.56	48.55	26.68	12.17	63.89	18.03	15.62	37.85	28.64	55.0	34.89	57.01	27.31	43.1	50.8	26.68	68.88	16.97	12.04	45.0	49.65	61.22	32.2	43.19	75.29	46.39	65.73	12.53	34.54	50.22	17.46	46.69	41.04	45.8	48.7	59.08	46.24	75.29	46.04	59.54	67.48	50.25	54.15	28.02	24.7	26.63	38.95	52.43	33.97	62.17	21.54	63.03	47.01	51.62	66.19	16.03	63.56	95.0	41.05	44.65	54.0	64.13	37.54	40.02	3.0	18.03	71.25	21.26	74.79	32.06	88.19	34.01	38.83	53.74	24.35	48.37	42.06	35.44	20.59	28.07	74.67	61.85	63.98	20.4	37.59	68.48	73.82	76.22	66.4	2.24	11.0	29.83	38.47	46.1	69.46	36.88	73.16	72.84	51.86	23.77	20.02	39.05	49.93	32.2	69.46	17.12	49.68	43.93	19.24	34.48	42.11	31.95	52.8	63.66	10.82	34.23	24.84	56.04	26.17	61.4	29.68	64.35	36.88	30.27	42.06	57.38	71.0	76.12	15.65	45.0	64.9	4.12	47.07	59.84	62.0	47.42	42.8	32.02	35.78	44.01	17.46	55.08	67.0	39.81	74.46	30.27	44.42	42.76	74.43	22.67	79.06	25.0	66.89	4.12	62.77	78.1	72.25	40.31	15.13	26.42	47.43	30.15	38.08	69.12	67.45	42.58	18.79	59.93	58.01	66.71	23.0	18.36	44.38	65.38	24.04	
66.84	101.83	34.71	27.02	62.37	83.24	80.06	89.63	111.89	87.11	12.04	49.74	23.35	31.06	0.0	29.07	26.93	70.84	47.51	81.22	68.26	43.42	88.53	62.39	60.64	61.01	75.27	64.94	49.34	55.76	72.4	35.0	79.2	48.88	96.9	109.44	57.27	23.0	20.52	94.05	43.01	16.76	39.45	5.0	82.76	17.2	78.11	51.35	66.64	81.84	56.86	88.96	32.2	19.7	74.95	68.41	76.92	2.0	34.06	93.39	75.58	96.8	43.57	19.85	75.66	22.0	77.47	71.84	75.66	72.01	81.34	69.0	105.48	55.0	88.6	96.3	63.25	81.05	42.43	55.47	56.59	60.03	82.07	6.08	90.21	52.35	90.26	69.03	65.38	94.4	20.59	91.26	126.02	60.3	74.28	81.79	93.61	68.41	58.52	33.62	49.09	99.69	40.01	105.82	59.91	106.23	62.1	69.89	84.39	55.01	77.49	54.33	23.35	38.48	56.04	100.24	92.8	91.84	43.05	46.82	99.48	104.81	106.62	97.42	29.15	40.72	49.77	47.17	68.03	100.5	62.97	98.08	98.18	82.04	54.13	49.4	57.57	58.6	60.96	87.86	45.54	79.93	62.36	50.25	22.63	38.29	59.82	83.65	94.37	28.6	61.39	7.07	73.55	53.85	80.23	43.17	95.02	26.17	51.89	70.94	87.73	98.48	101.08	26.83	73.01	95.96	34.99	76.9	85.29	89.63	60.3	51.0	36.77	58.01	26.0	19.03	77.62	94.54	68.25	105.12	57.49	64.28	42.2	103.08	53.26	109.38	46.04	84.93	28.43	93.81	107.84	100.66	22.36	43.66	39.46	74.33	31.78	26.25	95.89	91.01	41.4	18.0	71.0	89.05	91.02	51.87	17.03	25.63	94.11	35.17	
67.98	103.45	42.19	5.39	80.5	71.61	84.86	96.77	105.38	91.39	20.59	48.75	35.36	36.22	29.07	0.0	45.61	76.22	19.65	66.73	47.8	36.06	64.03	55.32	37.34	82.71	65.86	51.61	42.2	66.48	81.79	58.31	91.66	61.07	92.1	98.47	30.41	47.41	34.93	96.18	54.08	24.74	12.04	32.56	69.12	13.0	93.05	38.29	79.31	79.88	51.61	66.27	48.66	27.29	78.39	85.09	52.04	27.8	7.0	69.03	65.3	93.09	44.6	9.85	86.31	19.0	77.9	72.47	79.31	53.85	95.26	50.7	95.6	77.2	76.84	83.53	38.01	66.24	23.85	52.48	61.03	41.63	86.01	24.7	97.08	50.12	75.13	49.98	85.33	100.9	38.9	98.67	122.67	40.16	78.55	68.26	82.42	68.88	75.17	36.67	49.77	85.96	26.91	100.45	49.52	81.3	51.66	68.26	85.09	51.62	66.84	74.73	6.32	54.33	46.69	82.22	91.26	98.98	56.0	22.2	94.11	99.01	97.45	95.0	34.13	39.0	65.07	22.09	49.04	95.59	72.99	79.4	80.01	84.53	49.93	44.1	74.17	31.58	67.45	64.01	39.96	82.29	79.16	49.66	6.71	9.22	67.68	77.9	94.34	42.3	49.68	25.0	50.16	44.6	57.22	62.17	95.19	4.0	66.0	76.84	89.47	83.19	82.28	44.15	60.8	92.46	37.85	67.94	68.15	75.18	80.6	73.38	13.0	41.18	13.0	20.22	91.27	79.61	75.0	97.08	46.69	43.97	13.42	89.55	56.3	99.81	31.89	61.01	37.0	89.38	96.52	86.83	12.04	38.95	21.4	83.2	9.22	5.1	79.71	71.31	12.53	19.42	92.65	86.61	72.12	45.0	20.62	13.93	81.3	54.57	
45.31	78.01	16.12	46.53	36.12	70.03	55.44	63.78	92.66	62.48	26.08	33.0	11.4	17.89	26.93	45.61	0.0	46.4	57.98	70.86	65.76	34.93	88.84	48.04	62.63	37.11	61.0	55.79	38.33	29.73	46.23	14.14	52.33	22.67	77.16	93.77	64.54	10.2	10.77	70.21	18.03	20.88	51.0	22.36	71.45	39.0	51.24	45.19	39.82	61.1	42.05	86.76	5.66	18.79	51.31	41.77	78.82	28.79	52.39	93.15	62.03	76.32	27.07	40.11	49.09	27.73	55.46	50.16	51.87	66.48	54.42	64.08	89.11	31.62	75.0	83.0	67.27	71.02	44.55	39.01	34.01	56.82	57.8	32.28	64.44	36.0	79.63	64.88	40.11	68.68	7.0	65.3	104.24	58.83	50.22	70.46	79.1	47.17	31.78	20.62	31.06	87.02	38.42	86.03	49.03	106.07	50.8	50.0	61.77	39.0	64.03	29.27	42.43	11.66	45.12	91.78	71.11	65.95	16.97	53.26	80.01	85.38	89.63	76.06	18.03	28.16	22.85	54.04	63.98	80.65	36.88	90.47	90.03	58.52	39.05	36.67	30.81	65.95	36.62	87.32	34.48	56.6	35.69	33.02	41.44	53.49	34.83	65.51	71.69	7.28	51.42	24.19	73.78	43.42	79.26	17.0	72.2	44.72	25.06	46.23	64.35	87.37	93.39	2.24	61.52	75.39	21.19	62.03	77.13	78.41	35.23	27.86	45.79	53.67	49.0	25.63	50.7	83.38	43.28	87.32	47.54	62.27	55.46	90.0	32.28	92.57	42.72	84.72	13.89	74.0	92.54	88.02	45.0	32.57	42.45	48.27	42.49	45.54	85.84	85.07	55.04	26.25	47.07	68.15	84.2	39.81	25.0	49.01	81.01	9.06	
12.08	31.62	36.62	79.85	34.93	44.6	9.22	20.62	51.01	16.28	64.35	28.28	47.63	41.68	70.84	76.22	46.4	0.0	77.23	51.09	62.63	42.3	83.65	31.95	68.07	46.69	36.88	45.31	38.0	18.03	11.31	50.33	23.6	24.6	36.12	58.24	77.16	55.76	50.33	23.85	28.43	57.14	74.15	67.18	49.52	76.54	30.41	47.17	19.31	20.88	30.41	77.7	40.8	53.54	6.0	31.78	78.77	72.35	82.86	86.09	39.05	34.0	31.62	76.03	16.4	58.6	13.6	12.04	6.08	57.7	29.21	57.38	52.89	47.04	47.2	53.85	74.15	51.86	59.21	27.07	15.23	56.52	11.4	74.81	20.88	28.02	56.64	59.24	41.76	24.7	50.93	22.56	58.87	60.42	4.12	48.84	48.37	13.04	30.15	40.25	26.68	58.31	52.47	44.01	39.56	96.83	39.22	17.8	17.12	28.07	40.36	41.01	76.56	35.85	38.64	70.18	27.17	22.8	29.68	69.07	39.12	44.01	52.17	32.25	43.91	37.36	28.86	70.06	58.87	39.01	13.0	70.72	69.35	12.65	30.07	35.01	30.07	78.23	9.9	81.01	38.21	11.18	30.81	27.29	75.64	80.05	11.66	30.41	26.25	42.43	42.06	65.6	72.45	39.32	74.25	38.6	26.57	77.62	25.71	1.41	18.38	61.61	72.92	45.45	43.27	33.0	38.91	36.07	59.67	54.56	41.59	47.04	68.25	53.15	85.43	59.06	26.17	58.41	4.0	48.66	41.0	61.4	79.08	59.94	19.92	55.11	51.01	79.61	43.01	33.24	57.87	59.17	81.84	38.47	59.54	10.82	68.41	78.92	62.48	69.66	79.25	60.42	50.33	26.08	67.36	36.06	60.03	85.87	52.7	42.49	
66.91	100.24	49.34	24.19	89.49	61.07	84.85	97.62	96.61	90.61	37.01	49.04	46.65	43.66	47.51	19.65	57.98	77.23	0.0	54.45	32.45	35.01	45.1	49.98	20.59	93.94	57.45	41.88	39.46	71.85	85.02	71.85	96.33	67.91	85.09	86.98	11.0	62.37	47.43	93.68	61.13	38.29	8.06	50.22	57.28	32.57	99.3	31.62	84.85	75.61	48.27	48.27	59.48	39.41	77.93	92.89	33.14	46.53	19.1	50.09	56.3	86.77	47.17	29.41	90.09	30.61	75.43	70.61	78.92	39.82	100.72	36.88	84.96	89.01	65.86	71.45	19.42	53.76	18.03	50.64	63.0	29.07	85.33	43.86	97.74	49.25	61.85	35.61	95.27	101.12	52.2	99.61	115.43	26.17	78.64	56.59	71.51	67.27	83.52	42.72	51.0	73.11	25.02	92.65	42.54	62.03	44.28	65.25	82.28	49.65	57.43	85.49	25.96	64.08	41.11	66.65	86.54	99.72	63.89	8.54	86.61	90.97	87.21	89.47	42.15	41.19	73.38	7.62	34.83	88.32	77.32	63.51	64.41	82.98	47.68	42.3	82.57	12.04	70.01	45.4	39.05	80.81	87.36	50.04	26.25	12.04	71.11	71.12	90.48	52.77	41.59	42.2	32.28	39.56	39.29	72.92	91.42	23.54	73.5	78.16	87.09	69.4	66.21	56.08	50.8	86.31	43.42	59.68	53.82	62.37	91.0	85.48	12.21	30.23	31.0	33.3	96.75	66.22	77.03	87.62	39.92	29.21	7.07	76.69	58.0	89.2	26.48	42.43	46.1	82.76	84.86	73.88	31.26	39.0	18.11	86.0	16.28	24.33	65.46	55.04	8.06	33.24	103.47	81.54	56.36	41.77	34.66	32.0	69.31	66.24	
39.6	57.43	54.74	72.07	81.84	9.0	53.34	65.31	43.86	55.54	69.63	38.6	63.03	54.08	81.22	66.73	70.86	51.09	54.45	0.0	23.32	38.12	35.51	23.77	35.0	91.92	14.21	16.28	33.02	59.91	62.37	82.71	74.65	61.72	36.12	32.53	47.2	80.5	66.01	53.6	58.87	64.63	57.2	80.5	3.16	75.39	81.39	30.08	68.68	35.47	29.41	28.16	67.68	62.29	47.43	80.92	35.51	81.58	70.46	36.69	12.04	39.01	43.93	73.01	67.48	59.67	40.31	39.2	48.26	15.26	80.28	17.8	30.81	89.89	12.08	17.03	39.45	1.0	42.94	33.24	46.32	25.61	51.88	81.49	64.88	35.74	9.06	19.42	89.05	66.48	70.11	67.12	63.91	28.28	49.41	3.0	17.49	38.21	75.72	51.09	41.11	19.24	42.06	41.48	22.02	46.14	20.1	33.3	44.01	32.89	10.82	84.12	71.11	67.36	26.02	21.19	42.43	66.71	62.39	46.86	36.5	39.56	33.29	43.01	55.01	43.1	68.88	47.51	20.0	38.47	60.31	20.59	19.7	47.85	32.28	34.23	75.17	47.43	51.22	32.56	37.01	46.53	78.01	38.9	70.68	64.2	54.2	25.71	47.68	63.64	20.02	74.15	30.08	28.0	28.02	75.39	48.66	70.24	66.73	52.5	48.7	17.26	23.26	68.73	9.49	39.0	50.16	15.26	8.6	8.54	87.13	88.14	53.85	25.55	79.65	62.37	77.23	13.34	53.76	34.44	24.02	25.61	60.31	22.83	43.83	35.0	36.06	32.14	58.14	35.0	30.41	20.12	77.82	39.01	45.62	61.85	57.71	71.59	15.03	18.6	61.07	63.56	98.23	37.66	16.28	31.14	64.33	80.53	14.87	73.76	
50.6	77.16	51.04	53.16	86.68	31.38	67.68	80.6	67.08	71.7	56.22	39.82	55.54	47.89	68.26	47.8	65.76	62.63	32.45	23.32	0.0	31.06	23.43	30.68	12.04	94.75	31.14	17.46	29.7	65.22	73.01	79.4	85.49	64.44	57.97	55.44	24.08	73.93	57.94	72.01	59.41	53.15	36.77	68.88	26.42	58.55	90.82	20.81	76.66	53.01	33.12	21.19	64.35	51.92	60.88	87.66	16.16	68.12	50.16	27.46	29.27	60.42	42.45	55.73	78.39	46.39	55.58	52.39	61.85	8.06	90.8	6.08	54.08	91.35	35.36	39.82	16.12	22.47	26.0	37.22	52.48	8.94	67.08	67.0	80.41	38.01	29.7	4.12	93.61	82.87	62.77	82.57	86.93	8.0	62.36	25.94	40.82	50.0	80.28	45.28	42.64	41.01	28.86	64.26	23.26	40.31	23.41	46.1	61.13	36.36	29.61	86.28	53.15	66.22	25.24	34.54	62.29	82.38	62.97	26.0	58.82	62.39	56.6	63.95	47.85	38.6	71.45	26.4	4.0	60.73	68.1	31.62	32.31	63.64	34.67	32.56	79.51	24.21	59.06	21.63	32.65	61.81	83.41	40.61	52.95	43.38	61.4	45.4	67.12	58.67	20.62	61.4	9.85	25.61	13.6	75.29	68.12	51.66	70.18	63.91	66.12	37.01	34.48	63.53	23.19	60.21	44.94	33.24	21.4	30.48	90.55	88.73	34.93	12.21	60.73	49.5	87.21	33.97	64.08	57.71	22.47	4.0	38.95	44.55	48.26	58.25	23.41	19.21	51.88	56.29	53.26	41.73	59.67	34.21	29.0	73.16	39.62	52.89	33.02	23.54	39.82	50.36	102.73	57.22	24.35	29.83	51.48	61.68	37.8	71.28	
32.57	67.54	20.0	40.61	57.8	39.85	50.22	62.8	70.6	56.32	32.31	14.04	25.5	17.09	43.42	36.06	34.93	42.3	35.01	38.12	31.06	0.0	54.41	20.0	30.23	64.66	32.2	22.0	6.4	37.95	50.09	48.37	61.66	35.36	56.59	66.31	36.4	43.68	28.28	60.42	29.41	26.68	32.02	42.43	39.46	40.61	65.25	10.3	50.7	43.83	15.62	51.88	33.29	24.19	43.42	60.01	45.25	43.97	42.06	58.52	32.31	57.31	13.0	38.95	55.23	22.83	42.05	36.77	44.38	31.62	66.29	29.15	62.61	60.83	45.22	52.89	35.85	38.05	17.0	16.55	28.02	22.2	50.96	44.38	62.97	14.56	47.17	29.97	64.35	66.49	32.76	64.78	87.0	24.76	43.93	38.47	50.33	33.24	51.48	14.32	16.03	56.29	10.2	65.19	16.49	71.34	18.68	32.25	49.19	15.65	34.18	56.08	38.21	35.38	12.65	58.14	55.22	64.94	32.8	27.07	58.8	63.89	64.01	59.03	17.46	7.81	41.88	28.07	29.07	60.14	42.76	56.44	56.22	49.04	13.89	8.06	50.61	37.64	35.06	52.7	4.12	46.82	55.01	15.03	37.48	38.28	36.35	42.52	58.31	27.73	18.11	36.4	39.7	10.44	44.65	44.55	59.17	38.42	41.18	43.19	53.71	55.33	59.41	32.7	29.61	56.64	13.89	34.0	43.19	46.39	60.8	58.0	26.25	18.87	47.42	25.08	62.37	51.35	42.01	62.97	14.14	27.8	36.88	59.67	23.02	66.65	9.85	50.22	21.19	53.74	64.62	57.27	44.55	4.12	17.26	51.01	27.29	39.82	53.04	50.45	37.11	26.4	73.24	50.61	49.82	9.22	26.93	48.1	50.7	40.22	
71.59	92.91	74.4	69.0	109.79	44.41	87.46	99.96	75.95	90.44	76.66	62.97	78.29	71.02	88.53	64.03	88.84	83.65	45.1	35.51	23.43	54.41	0.0	52.15	27.89	118.11	48.38	38.83	53.08	88.09	94.51	102.63	107.04	87.69	71.06	60.44	34.13	96.6	80.5	89.05	82.81	74.67	52.01	89.84	38.33	76.32	112.9	44.2	99.05	70.6	55.61	8.25	87.66	73.93	81.02	110.42	12.0	88.07	64.2	5.0	46.17	74.17	65.86	73.25	99.85	67.36	74.67	72.5	81.94	26.08	112.51	27.02	61.19	114.77	46.01	46.53	26.02	34.53	46.49	59.82	75.0	32.2	86.38	86.31	99.62	60.96	36.12	25.5	116.78	101.53	85.42	101.84	96.34	30.02	82.76	38.47	50.09	70.66	103.39	68.51	65.8	45.35	50.99	75.17	45.61	17.72	45.22	66.21	79.12	59.03	45.61	109.66	70.11	89.64	48.17	31.3	77.93	101.51	86.37	42.3	71.0	73.17	64.13	78.31	70.83	62.01	94.75	42.19	26.17	73.0	90.44	27.73	29.55	82.54	57.49	55.87	102.65	33.24	81.27	3.0	56.08	80.99	106.4	63.7	70.18	57.14	83.82	61.19	83.19	81.84	42.8	82.01	15.23	48.8	9.9	98.72	84.17	68.03	93.38	85.0	83.93	39.56	29.15	86.61	40.85	74.24	68.24	50.0	28.02	38.05	113.85	112.16	52.47	35.61	76.06	70.52	109.08	38.64	85.59	66.61	45.34	26.63	52.15	48.08	71.06	64.76	46.14	4.24	74.95	70.26	58.24	45.61	76.01	57.63	49.34	94.41	57.56	69.01	35.17	20.62	53.15	71.17	125.94	73.16	23.54	53.04	72.42	77.06	45.28	94.63	
19.92	50.29	32.0	60.14	58.9	22.0	37.34	50.36	50.61	42.0	51.88	15.13	41.59	32.56	62.39	55.32	48.04	31.95	49.98	23.77	30.68	20.0	52.15	0.0	37.01	68.51	13.15	13.42	13.6	36.88	42.49	59.23	55.01	38.08	36.8	47.13	47.38	58.0	44.72	43.93	35.11	45.69	49.24	60.73	23.77	60.61	60.75	18.38	47.01	25.63	6.0	46.86	44.41	42.72	30.41	58.73	46.82	63.16	60.8	55.0	14.0	37.8	21.0	58.9	47.85	42.72	26.08	22.09	31.4	26.08	60.42	25.5	43.08	66.24	27.07	35.06	43.05	24.17	33.12	9.49	23.35	25.08	37.05	63.95	50.25	12.17	32.02	27.31	66.07	53.04	48.26	52.35	67.36	29.07	31.78	22.8	31.58	19.42	52.63	29.61	17.46	39.0	28.43	45.28	8.0	66.53	7.28	16.0	32.56	9.22	16.0	60.54	58.0	43.68	8.94	44.94	36.67	52.24	38.63	41.44	38.9	43.93	44.28	39.96	33.96	21.84	45.28	42.38	26.93	40.31	38.42	44.28	43.46	34.01	9.0	13.0	52.01	48.26	29.21	49.65	17.0	32.0	55.23	15.3	57.31	56.08	31.89	22.63	40.5	41.0	10.2	55.54	40.5	10.82	42.54	51.62	41.44	58.0	43.27	33.24	37.48	39.46	47.01	46.01	14.32	37.2	28.44	14.56	31.38	30.59	63.82	64.4	44.1	22.0	67.18	44.78	56.94	35.51	33.54	43.05	10.2	29.61	53.67	42.05	20.25	47.01	24.19	48.02	36.35	34.06	45.61	40.0	64.44	18.79	34.67	42.54	46.23	59.41	38.33	40.8	54.12	46.14	75.29	31.76	39.12	10.82	46.53	67.9	33.02	50.22	
56.44	86.15	49.58	42.58	87.98	42.54	74.24	87.28	78.39	79.01	48.76	42.15	51.61	45.28	60.64	37.34	62.63	68.07	20.59	35.0	12.04	30.23	27.89	37.01	0.0	94.81	40.8	25.5	31.38	67.54	77.62	76.69	89.84	65.51	68.35	67.36	12.21	69.64	53.54	80.4	59.64	47.01	25.71	61.98	38.01	49.0	94.34	21.54	79.85	61.52	37.66	29.02	62.24	46.53	67.27	89.89	16.55	60.21	38.9	32.76	39.22	70.52	43.05	46.01	82.97	39.56	63.01	59.08	68.26	19.85	94.87	17.2	65.8	90.79	46.87	51.74	6.08	34.21	18.79	41.23	55.97	12.04	74.06	58.55	87.21	41.11	41.73	15.62	94.58	90.05	58.52	89.27	97.94	8.06	68.47	37.44	52.43	56.22	81.63	43.14	44.78	53.04	24.21	75.15	29.02	45.61	30.02	53.01	69.18	40.26	39.92	86.21	43.1	65.19	29.43	46.07	71.59	89.2	63.01	15.13	69.46	73.35	68.24	73.76	44.69	38.01	72.11	15.3	15.0	71.31	71.51	42.95	43.83	71.0	38.33	34.54	80.78	12.53	62.94	27.29	33.12	69.01	85.09	43.08	43.05	31.95	64.85	55.08	76.12	55.97	27.02	54.12	13.04	28.86	20.0	74.41	77.1	41.3	71.34	69.23	74.17	49.04	45.69	60.44	33.24	70.21	43.19	43.01	33.42	42.45	91.02	87.78	25.0	15.03	50.01	42.72	91.08	46.01	68.88	69.12	27.17	9.43	27.31	56.59	51.26	70.0	20.62	24.33	48.92	66.41	65.19	53.76	49.37	34.13	21.54	78.1	30.02	42.43	45.0	34.54	28.23	43.32	103.47	66.49	35.78	32.57	44.6	50.99	49.68	69.31	
54.42	72.69	45.49	83.55	12.0	87.66	52.01	52.39	97.25	57.14	62.97	55.32	47.76	50.61	61.01	82.71	37.11	46.69	93.94	91.92	94.75	64.66	118.11	68.51	94.81	0.0	78.71	80.43	65.05	32.2	38.0	26.02	33.84	30.61	82.73	104.79	99.13	38.01	47.8	66.19	35.38	57.97	87.46	56.01	91.3	75.54	27.29	74.33	28.02	67.47	63.6	114.21	34.54	55.66	52.61	17.72	109.79	63.01	89.5	121.75	80.53	80.4	52.35	76.94	36.35	64.51	60.21	57.28	52.47	92.96	31.76	91.35	99.46	6.08	91.39	98.79	100.21	92.44	78.55	59.41	45.65	86.31	55.01	67.0	53.37	57.63	99.3	92.7	7.21	57.01	43.93	52.89	101.83	89.27	50.49	90.43	93.64	56.3	16.76	52.15	52.5	103.25	71.56	90.27	73.25	134.06	74.2	61.1	63.29	60.0	82.3	8.6	79.43	30.02	70.18	112.77	73.17	53.85	31.89	88.19	85.71	90.45	98.84	78.1	51.88	56.85	23.43	89.07	91.97	85.48	33.96	112.51	111.51	58.14	61.22	62.24	17.09	100.5	41.79	116.04	62.29	57.31	16.03	54.67	78.45	90.44	38.63	76.24	71.0	41.23	76.06	60.3	104.0	69.35	108.21	21.02	71.01	81.79	25.24	45.54	63.01	105.6	115.1	38.6	82.68	79.4	51.87	78.72	99.86	97.49	5.1	10.05	81.94	82.76	85.48	62.64	30.08	101.98	42.76	95.35	73.0	91.97	92.11	105.34	48.26	101.79	74.2	113.86	47.85	79.91	104.29	104.18	81.5	60.96	77.03	40.01	79.12	82.57	105.55	109.29	91.76	63.32	10.05	72.69	107.62	65.12	62.1	85.38	97.31	28.16	
25.5	46.04	45.04	70.94	68.26	9.22	39.36	51.62	39.62	42.06	64.47	28.0	54.74	45.71	75.27	65.86	61.0	36.88	57.45	14.21	31.14	32.2	48.38	13.15	40.8	78.71	0.0	15.65	26.0	46.53	48.17	71.7	60.44	49.04	27.73	34.18	52.55	71.03	57.87	41.19	47.07	58.52	58.26	73.76	12.81	72.4	67.21	27.59	54.67	22.36	19.1	41.63	57.14	55.66	33.29	67.01	46.1	75.96	70.72	50.16	2.24	29.73	34.06	70.46	53.26	55.01	26.4	25.0	34.13	24.02	66.07	25.08	30.41	77.08	14.0	22.0	46.32	15.0	42.45	22.02	33.11	29.15	38.08	76.56	51.26	25.0	20.59	27.07	75.47	53.16	61.4	53.49	57.98	32.89	35.23	12.04	18.44	24.04	62.27	42.76	30.07	26.08	39.2	35.23	16.4	60.21	14.21	19.1	30.81	22.0	3.61	71.18	69.2	55.9	19.72	34.13	31.14	53.14	50.45	49.09	29.15	33.6	31.91	32.98	47.07	34.93	56.08	49.93	27.17	30.89	46.4	34.21	33.02	34.18	22.09	25.96	61.77	53.14	37.44	45.54	29.73	32.7	64.35	28.02	68.6	65.3	40.5	14.32	36.01	54.04	16.28	68.35	40.01	21.95	39.81	63.32	37.01	68.88	53.71	38.29	35.69	27.2	36.62	59.01	8.0	29.41	41.59	2.24	22.8	18.79	73.82	75.61	53.76	27.29	78.24	57.27	63.03	23.41	39.6	31.24	19.21	31.78	62.2	29.0	31.32	34.48	33.97	44.64	49.5	25.63	32.57	27.07	75.8	31.62	44.55	47.63	56.64	70.29	26.83	32.8	62.8	58.6	84.6	26.08	30.48	23.41	59.09	79.03	20.02	62.65	
33.24	60.67	39.85	56.86	71.42	20.0	50.22	63.15	54.82	54.33	53.37	25.24	47.27	38.47	64.94	51.61	55.79	45.31	41.88	16.28	17.46	22.0	38.83	13.42	25.5	80.43	15.65	0.0	17.46	49.52	55.9	68.35	68.43	49.82	43.38	46.87	37.0	65.12	50.16	55.08	45.79	48.37	43.14	64.28	18.03	59.51	74.09	13.93	60.22	36.12	16.97	33.94	53.14	46.1	43.42	71.7	33.53	65.31	55.97	41.87	14.42	45.31	29.55	57.25	61.27	43.42	38.21	34.93	44.38	12.81	73.82	12.08	44.05	77.67	25.24	32.2	31.26	16.12	27.8	21.21	36.24	13.6	49.65	65.25	62.97	22.8	25.32	13.93	78.52	65.49	54.45	65.12	73.57	17.46	44.92	17.09	30.81	32.57	65.07	35.51	28.02	35.11	26.0	50.77	7.21	53.76	6.4	28.64	44.0	20.52	15.62	72.2	55.57	53.67	10.77	36.22	46.1	64.94	49.4	33.6	44.78	49.09	46.01	48.38	39.2	27.66	57.01	34.41	13.6	46.53	51.61	34.71	34.37	46.27	19.21	19.31	64.38	37.64	42.44	36.4	21.38	44.41	67.9	25.81	55.07	50.21	45.0	29.73	50.64	48.51	4.47	57.87	27.2	12.37	29.15	62.27	51.62	54.92	55.32	46.62	49.0	33.54	37.66	53.6	9.22	44.94	34.71	17.89	21.38	24.74	75.93	75.47	39.05	11.66	64.35	46.1	70.33	29.61	46.96	46.01	8.25	17.0	46.86	38.63	32.53	48.27	20.12	34.67	42.58	41.23	44.94	36.06	62.27	23.35	30.23	55.95	42.44	56.3	31.06	29.55	47.51	47.3	87.73	41.0	28.46	16.16	48.05	65.19	29.97	59.62	
27.46	61.74	22.47	46.86	57.2	33.96	45.4	58.22	64.2	51.2	38.48	10.77	30.02	21.1	49.34	42.2	38.33	38.0	39.46	33.02	29.7	6.4	53.08	13.6	31.38	65.05	26.0	17.46	0.0	36.24	46.69	51.08	58.69	34.83	50.21	60.17	39.32	47.68	33.0	54.78	29.73	32.57	37.34	48.05	34.06	47.01	62.97	9.85	48.47	37.74	9.43	49.65	35.85	29.83	38.47	58.67	45.0	49.98	48.02	56.85	26.25	50.99	12.81	45.34	51.97	29.15	36.4	31.32	39.46	28.65	63.6	26.63	56.36	61.72	39.29	47.07	37.34	33.06	21.59	11.18	24.74	21.4	45.89	50.57	58.31	10.05	42.0	27.8	64.03	61.66	37.12	60.21	80.66	24.7	39.2	33.06	44.27	27.89	50.8	18.11	13.42	50.64	15.65	58.8	11.0	69.4	13.04	26.4	43.46	10.2	28.16	56.59	44.55	36.89	7.0	53.6	49.09	60.3	33.3	31.14	52.4	57.49	57.71	52.8	22.0	10.2	41.77	32.14	27.02	53.76	40.16	52.17	51.79	43.68	8.25	3.16	50.0	40.45	31.78	51.09	4.0	41.48	54.08	11.7	43.84	43.86	33.53	36.12	52.35	31.05	13.15	42.38	39.05	5.1	43.19	45.8	53.24	44.69	40.61	39.01	48.1	50.04	55.11	36.14	24.08	50.33	17.26	27.73	38.83	41.05	60.88	59.2	31.78	17.8	53.76	31.3	59.77	46.04	38.21	56.6	9.22	27.02	42.06	53.94	19.92	60.37	13.04	48.84	25.18	47.38	58.52	51.62	50.93	6.0	22.47	47.38	33.29	46.1	48.04	46.82	42.38	32.65	73.11	44.41	45.88	2.83	33.11	54.45	44.91	42.49	
22.56	49.24	24.33	69.23	22.02	55.46	26.42	34.06	68.36	33.29	51.26	25.55	33.62	30.27	55.76	66.48	29.73	18.03	71.85	59.91	65.22	37.95	88.09	36.88	67.54	32.2	46.53	49.52	36.24	0.0	16.64	32.31	25.18	7.07	53.08	73.68	74.33	38.42	35.78	41.59	13.0	44.27	67.12	51.61	59.17	64.2	27.46	46.07	13.04	37.0	32.56	83.45	24.08	40.8	23.77	22.47	80.99	57.45	73.44	91.35	48.37	51.35	25.0	64.29	20.25	47.68	30.07	26.08	24.04	62.29	29.02	61.07	68.47	31.05	59.24	66.73	73.41	60.46	54.34	28.32	13.6	57.45	29.07	60.42	34.71	27.2	67.12	62.63	29.21	38.95	35.23	35.61	76.9	60.9	22.14	58.31	61.68	24.52	15.81	30.02	22.83	71.17	47.07	61.4	42.52	103.24	43.14	29.12	34.93	29.07	50.12	25.0	65.51	18.44	40.0	80.62	44.91	36.24	12.81	64.54	56.08	61.2	68.18	50.01	32.39	30.81	11.05	65.51	62.01	56.22	7.21	80.45	79.4	30.68	30.61	33.12	15.26	75.58	10.05	85.8	34.54	29.12	18.38	24.7	64.54	72.01	7.0	44.72	44.27	27.29	45.34	51.43	74.89	39.66	78.24	20.62	44.6	67.08	8.0	17.46	36.4	73.41	83.01	29.21	50.8	50.36	29.0	46.52	68.01	65.3	27.29	30.27	61.13	53.85	73.76	47.3	25.02	69.78	14.32	65.03	42.8	62.97	72.11	73.38	17.03	71.18	47.76	83.87	30.08	50.04	72.99	72.11	69.92	33.84	53.76	18.6	60.01	68.25	73.36	77.62	72.06	48.51	38.42	43.19	75.8	35.51	47.8	74.04	65.19	24.7	
23.02	35.44	40.16	84.9	26.0	55.9	14.04	17.69	59.41	19.42	67.62	36.22	50.09	45.88	72.4	81.79	46.23	11.31	85.02	62.37	73.01	50.09	94.51	42.49	77.62	38.0	48.17	55.9	46.69	16.64	0.0	46.87	12.53	23.6	45.35	68.35	85.99	54.45	52.35	28.44	29.53	60.54	81.15	68.24	60.83	80.41	19.1	56.29	10.05	31.3	40.16	88.75	40.61	57.01	16.12	21.59	89.16	74.09	88.65	97.1	50.33	42.76	38.05	80.32	5.39	63.32	24.19	23.35	15.65	68.48	18.03	67.98	62.97	39.46	58.41	64.9	83.68	63.13	67.07	36.4	22.09	66.41	17.03	77.03	18.44	36.67	67.94	69.78	32.25	22.67	51.87	19.1	64.33	70.21	13.89	60.14	59.36	24.21	22.56	45.12	34.06	69.34	60.01	52.47	49.77	108.0	49.66	29.07	25.71	37.36	51.66	33.73	81.32	34.71	48.38	81.47	35.36	19.8	29.41	77.16	48.27	52.77	61.98	40.2	48.08	44.05	25.0	78.16	69.35	47.85	9.43	82.04	80.66	20.4	39.29	43.57	22.8	87.13	15.03	91.92	46.17	19.92	22.02	35.23	80.36	86.58	14.14	41.34	33.0	43.91	52.39	68.0	82.86	48.76	85.0	34.67	33.02	82.71	22.02	9.9	25.02	72.8	84.22	45.8	54.41	41.77	43.93	47.38	70.94	65.86	33.02	40.26	75.17	62.94	89.81	63.25	14.87	69.66	8.94	58.24	50.92	71.51	86.15	70.83	27.07	64.85	59.41	90.43	46.24	42.72	68.15	70.18	86.03	46.04	67.0	2.24	74.67	83.93	73.76	80.92	86.21	64.51	40.26	35.44	78.64	45.12	63.91	90.14	63.82	40.36	
52.47	81.39	28.64	58.52	29.07	80.89	58.6	64.4	99.82	65.3	37.95	44.15	25.5	31.62	35.0	58.31	14.14	50.33	71.85	82.71	79.4	48.37	102.63	59.23	76.69	26.02	71.7	68.35	51.08	32.31	46.87	0.0	49.58	25.96	84.34	103.02	78.64	12.0	24.41	73.82	25.0	34.0	64.66	30.0	82.98	50.01	46.32	58.67	38.29	68.07	53.37	100.24	15.23	32.45	55.97	35.85	92.8	37.0	64.85	106.85	72.99	82.98	38.9	51.66	48.27	41.34	61.61	56.89	56.3	79.62	50.22	77.37	98.08	20.0	85.59	93.54	81.39	82.97	58.69	49.82	41.19	70.49	61.33	41.01	65.22	47.07	91.22	78.29	30.81	69.4	19.72	65.6	109.2	72.67	54.42	82.0	89.2	54.45	27.02	34.13	41.77	97.74	52.5	92.96	61.35	119.71	62.94	58.14	67.05	50.01	74.97	19.92	54.41	16.0	57.58	103.85	76.92	66.4	22.09	67.36	87.3	92.57	98.25	82.01	32.02	41.15	21.95	68.12	77.41	87.66	38.47	102.79	102.2	62.97	50.45	49.04	26.25	80.06	41.48	101.02	47.42	61.35	30.23	43.93	53.45	66.64	38.9	74.11	76.55	20.81	63.91	34.71	87.66	56.08	92.96	12.21	76.9	56.92	25.06	49.77	68.71	98.66	105.65	16.28	73.25	82.0	34.48	72.44	89.49	89.82	25.71	16.0	59.64	67.23	59.84	38.95	47.01	94.73	46.62	95.52	60.17	76.01	68.96	100.5	41.01	101.24	56.61	98.48	27.8	81.22	102.0	98.73	55.9	45.62	56.59	49.09	56.08	57.57	97.51	97.86	68.48	39.36	36.0	74.73	96.8	52.2	38.01	59.68	91.66	9.06	
