250
0.0	49.73	40.01	97.62	23.85	45.01	73.35	39.85	73.06	62.39	82.57	77.39	45.19	66.94	61.85	74.97	42.44	35.36	43.19	29.43	24.6	29.07	64.01	74.43	48.66	68.26	48.51	15.65	114.59	127.77	130.0	137.2	22.36	118.0	62.01	99.18	69.87	58.41	77.49	113.21	109.04	98.29	119.44	41.79	91.09	74.33	67.12	112.04	74.33	107.35	100.17	62.37	19.65	113.16	84.12	49.74	124.81	67.62	88.87	80.02	94.85	30.41	83.22	48.51	98.13	25.08	108.45	18.0	81.49	65.15	77.41	93.23	86.53	53.91	52.8	65.38	113.0	54.41	43.42	93.34	49.25	65.01	121.66	39.56	108.71	77.16	96.6	42.38	56.89	55.66	134.53	69.66	34.01	47.01	67.08	77.94	63.29	58.0	5.1	10.3	78.11	59.55	115.43	56.46	61.4	109.04	104.39	132.61	43.46	114.0	77.47	74.55	85.21	94.87	62.97	48.76	71.69	68.62	125.3	108.07	66.1	22.8	20.1	54.71	89.4	100.7	104.65	61.52	16.12	51.61	107.35	74.06	62.65	62.17	68.18	67.07	15.62	34.71	37.7	8.06	31.91	77.49	106.32	39.2	79.4	38.83	60.88	106.89	112.87	7.07	36.4	56.75	55.17	112.09	12.65	59.68	121.08	20.25	91.18	105.31	65.92	78.0	85.71	82.38	31.83	25.96	43.01	43.17	54.12	54.2	55.71	55.9	108.67	74.97	96.15	91.92	26.68	102.47	48.83	59.41	28.18	69.0	116.3	37.54	31.83	1.0	63.32	78.75	46.32	8.06	105.91	132.0	70.72	23.32	117.78	23.41	71.59	89.94	55.76	70.04	52.61	121.67	55.01	61.72	87.37	72.06	101.59	80.45	92.36	126.25	114.77	39.0	39.56	15.26	61.1	87.09	111.83	61.35	20.25	77.37	13.0	111.62	87.66	18.6	51.61	80.06	18.97	84.0	20.02	114.76	13.45	86.4	12.21	51.01	107.87	90.08	105.26	6.08	49.48	46.1	15.26	26.93	26.68	105.11	119.89	104.36	102.36	114.27	70.77	101.12	
49.73	0.0	14.42	72.0	35.69	12.37	24.02	26.93	26.93	51.48	70.23	29.73	9.22	61.06	22.2	39.46	53.67	71.51	10.3	45.88	59.68	26.68	20.0	26.48	21.0	46.57	25.02	41.01	74.71	80.92	83.1	92.76	50.33	80.21	25.02	51.48	31.89	49.04	27.86	67.18	63.06	60.17	71.02	9.22	46.24	26.68	48.7	65.97	43.91	65.3	54.49	59.41	53.34	64.9	37.48	38.33	81.06	29.43	47.85	83.6	59.2	27.2	57.08	49.52	53.14	68.26	62.97	32.7	31.78	56.44	56.09	62.01	42.44	48.51	9.0	66.22	69.03	50.45	51.48	55.97	18.03	20.81	78.6	26.0	66.57	83.1	49.04	8.06	57.38	50.61	89.1	41.19	55.61	19.42	44.64	52.24	73.59	27.66	54.82	39.81	46.04	33.24	70.94	9.85	63.13	59.54	60.17	86.37	8.94	74.09	71.12	72.4	37.66	60.11	30.07	1.0	50.45	19.24	77.8	62.36	30.23	32.2	59.91	30.27	59.21	72.25	56.61	30.27	40.01	34.13	58.14	48.37	49.19	60.0	69.81	74.28	36.12	42.19	40.5	41.98	36.62	44.41	69.03	19.24	31.4	23.26	56.61	65.86	64.01	42.72	43.91	7.07	26.25	73.82	39.81	44.1	72.01	37.22	59.03	58.73	78.64	61.68	44.1	75.58	26.57	42.72	44.82	6.71	28.28	20.62	8.06	29.73	59.3	70.83	48.41	54.71	29.07	55.32	33.6	12.53	37.0	73.76	68.6	42.94	44.41	48.76	14.87	39.85	48.92	41.76	65.0	87.97	46.87	37.54	68.96	26.48	35.61	55.32	43.01	32.65	21.38	73.25	13.89	27.02	43.01	26.0	67.9	37.59	64.07	84.05	65.76	59.08	44.65	40.82	51.11	69.86	62.17	53.0	39.2	30.41	36.88	62.65	38.21	37.05	43.42	41.76	35.51	38.28	30.46	65.12	43.91	56.14	61.35	14.32	58.42	59.41	66.61	50.7	25.0	60.75	35.36	29.73	66.61	55.9	73.59	68.68	64.2	71.59	39.0	62.77	
40.01	14.42	0.0	84.38	33.02	5.0	34.54	13.15	33.06	59.48	79.62	43.86	18.03	68.35	35.74	52.89	39.4	57.63	4.24	44.82	55.15	25.46	24.0	34.71	12.04	57.14	14.76	35.47	89.07	94.85	97.0	107.06	36.62	80.96	38.08	59.21	31.38	37.48	40.5	81.34	69.12	74.32	84.4	14.04	51.24	34.53	58.55	72.11	39.7	68.41	68.77	65.8	48.47	78.41	51.74	26.17	95.43	43.01	62.18	89.47	73.05	26.91	69.18	53.85	58.31	55.46	77.23	22.02	43.38	64.2	67.07	59.03	56.86	36.01	22.47	72.01	83.41	56.36	37.34	70.01	10.82	25.0	93.01	12.17	80.99	88.32	62.97	13.0	62.65	56.86	103.28	53.15	41.23	28.16	36.89	64.07	77.2	39.05	45.04	31.26	42.8	44.01	85.28	24.19	68.48	69.92	64.78	100.42	16.0	75.96	79.06	79.31	45.28	58.83	42.43	13.89	61.13	32.65	91.55	68.18	28.18	19.31	46.96	21.63	72.18	85.16	70.29	42.19	34.54	42.2	67.91	60.03	57.72	66.21	75.59	78.77	29.41	27.78	42.8	33.14	22.2	41.62	69.32	5.1	39.62	9.22	63.16	68.31	73.16	33.0	45.34	19.85	37.0	74.73	28.44	33.84	84.91	33.12	56.4	72.84	81.84	71.7	46.57	83.82	27.02	40.8	48.26	9.22	20.0	32.14	22.47	40.05	69.38	78.19	62.29	68.71	15.65	69.31	40.8	19.92	36.12	78.89	82.33	28.64	30.0	39.01	29.07	53.85	52.7	32.0	67.36	102.3	58.01	23.85	82.1	19.31	34.0	68.96	31.78	31.78	15.0	86.61	15.0	39.62	57.43	32.06	66.29	51.97	76.79	98.47	78.77	44.65	47.01	28.46	58.82	80.4	73.05	60.41	25.94	44.69	28.28	75.72	48.7	32.2	31.06	55.71	23.09	44.01	20.0	75.89	31.62	69.05	50.64	11.18	68.68	56.08	67.62	39.62	15.26	62.24	27.89	16.12	53.34	68.8	87.68	68.1	64.88	75.19	51.62	76.97	
97.62	72.0	84.38	0.0	73.82	84.05	74.95	97.51	85.73	36.8	24.74	56.46	66.37	37.74	50.09	33.54	122.38	131.18	81.15	70.6	86.31	70.94	85.51	81.27	93.0	29.55	97.01	81.99	35.51	65.15	66.76	62.07	111.66	135.59	47.01	94.03	98.27	121.02	67.23	54.12	107.07	27.2	68.96	70.58	98.84	82.22	30.53	108.81	112.18	117.34	48.92	42.44	84.65	64.9	51.97	110.11	51.79	43.29	35.81	50.25	21.93	69.08	15.3	52.35	102.96	122.59	50.25	90.14	72.01	36.24	20.25	126.83	44.1	120.2	63.0	45.62	46.62	45.97	120.84	26.17	90.01	85.7	47.85	96.52	39.4	53.6	55.9	71.45	47.8	44.55	63.64	31.26	120.88	57.07	115.62	20.62	58.31	45.4	101.02	89.0	113.03	41.0	49.4	63.13	47.51	87.05	109.42	65.51	68.47	127.63	34.21	40.52	87.24	122.43	42.05	72.01	25.94	65.25	66.85	107.34	98.48	94.64	116.3	102.08	13.93	6.0	60.31	42.19	81.49	46.62	89.38	24.74	35.61	43.27	46.24	54.08	83.19	110.22	60.46	90.79	104.14	111.09	127.05	89.45	83.01	93.54	42.01	119.47	95.59	93.47	62.8	71.34	47.68	129.71	96.01	116.04	74.95	77.41	123.66	53.6	62.3	22.2	102.88	33.24	67.78	72.67	56.22	75.24	100.08	52.24	65.12	45.12	88.53	37.64	56.64	26.25	93.62	55.32	49.24	78.77	69.46	50.6	63.13	111.8	111.09	97.13	62.97	36.06	54.49	93.04	119.0	57.22	27.51	100.96	71.02	81.27	102.39	21.63	115.0	99.25	93.09	70.24	84.29	45.01	44.65	85.44	129.81	42.95	8.54	48.09	71.03	125.42	59.82	99.37	38.21	16.49	85.56	38.9	100.88	54.23	87.73	69.2	77.9	79.18	115.16	34.18	95.82	92.31	88.54	87.73	101.39	16.49	108.76	86.05	87.11	125.0	123.44	102.42	97.0	64.2	84.58	94.59	123.44	68.62	58.31	128.55	122.16	120.95	33.0	27.78	
23.85	35.69	33.02	73.82	0.0	37.22	59.3	40.61	62.36	39.29	60.02	58.46	28.02	45.1	40.85	52.01	56.09	57.87	34.0	12.04	24.08	9.06	54.42	62.17	44.82	44.42	46.69	8.49	91.55	106.93	109.17	115.12	40.11	113.65	40.25	87.13	64.01	65.0	61.07	92.14	98.72	75.17	99.93	26.48	81.61	62.37	43.38	101.64	72.62	100.09	79.2	41.0	18.03	93.61	64.2	54.08	102.63	45.65	66.57	61.85	71.42	9.06	59.36	27.02	88.6	48.76	87.21	20.62	66.0	42.58	53.67	92.01	65.31	61.72	35.06	45.4	91.07	32.14	55.79	70.18	43.83	55.36	99.3	39.82	86.27	59.77	76.84	27.66	36.12	33.24	112.87	46.01	51.01	25.63	68.62	54.08	47.01	35.23	27.66	15.52	75.8	36.07	93.65	39.05	41.44	94.01	95.51	111.36	27.17	108.26	56.04	54.15	73.35	91.81	40.22	34.71	47.89	52.04	104.92	97.98	61.06	27.51	42.72	53.76	65.6	76.85	85.07	38.6	7.81	27.8	93.05	50.22	39.22	41.01	48.66	49.65	10.05	44.92	15.03	17.09	39.56	74.63	102.08	35.38	67.08	37.54	39.05	100.32	99.18	19.92	15.3	42.43	32.45	107.35	24.02	63.6	102.36	3.61	89.4	84.69	51.0	54.71	78.39	61.03	10.2	7.81	21.0	30.68	52.4	32.7	39.0	32.65	94.01	54.01	76.54	68.77	29.07	82.28	25.0	47.8	5.0	50.7	96.21	47.43	43.93	23.32	46.1	56.3	25.08	19.65	99.4	109.84	46.87	32.76	98.76	15.0	66.89	66.47	60.46	64.5	48.01	102.14	46.1	39.45	66.21	61.4	99.3	59.03	68.51	103.6	96.05	56.04	18.11	28.0	38.08	63.89	96.13	38.64	31.26	57.97	15.03	92.89	73.06	5.39	57.8	57.43	26.48	73.76	20.25	99.13	29.15	62.63	35.47	43.42	93.0	89.02	100.18	28.64	47.42	30.53	12.0	29.97	49.77	86.88	98.84	101.02	97.53	106.63	47.42	77.99	
45.01	12.37	5.0	84.05	37.22	0.0	29.97	14.76	28.07	61.1	80.78	40.61	18.44	70.26	34.53	51.79	41.68	61.61	3.61	48.83	59.81	29.21	19.0	29.83	9.49	57.71	13.15	40.16	86.76	91.22	93.35	103.86	40.82	76.48	37.22	54.23	26.83	37.01	36.4	77.99	64.12	72.45	80.43	15.23	46.27	29.61	59.44	67.12	36.07	63.6	65.6	68.0	53.14	74.52	48.6	26.08	92.42	41.77	60.01	91.92	71.57	30.48	69.0	56.61	53.34	60.01	74.03	27.02	38.95	65.92	67.48	55.23	54.2	36.22	21.21	74.43	80.45	58.67	39.36	68.31	7.21	20.0	90.14	13.89	78.39	90.97	59.41	13.93	65.19	59.06	99.9	53.01	44.55	29.12	34.44	64.03	80.28	39.12	50.04	36.22	38.95	44.41	82.2	22.14	71.02	65.15	59.84	96.9	16.76	71.31	80.78	81.39	40.31	54.64	42.01	12.17	61.66	29.0	87.78	63.2	23.85	24.04	51.48	19.31	71.45	84.48	66.53	42.01	39.22	43.66	63.06	60.07	59.14	68.48	78.03	81.61	34.21	30.61	46.01	38.12	25.46	37.64	64.88	7.81	34.71	11.4	65.3	63.57	68.25	38.0	48.8	16.4	37.34	70.21	33.38	32.56	80.71	37.58	52.5	69.43	85.04	72.57	41.76	85.44	30.41	44.94	51.22	9.49	17.46	32.06	20.25	40.61	64.56	80.11	58.69	67.05	20.25	65.8	42.54	15.23	40.0	81.54	78.57	31.06	33.24	44.01	26.08	52.2	55.61	37.0	62.63	99.2	58.31	28.18	78.01	24.04	29.68	67.68	31.06	27.29	11.4	82.62	10.0	39.05	54.71	27.07	62.2	49.66	76.24	95.72	74.63	47.63	50.25	33.24	60.54	81.05	68.35	62.24	30.46	41.62	33.24	71.61	44.01	36.77	31.14	54.12	27.89	39.01	25.0	71.17	36.4	68.36	55.58	6.32	63.89	52.35	63.07	44.55	13.34	65.8	32.76	20.62	57.71	64.64	84.22	63.81	60.37	70.34	51.09	75.03	
73.35	24.02	34.54	74.95	59.3	29.97	0.0	42.8	11.05	65.86	80.8	19.1	31.4	75.74	29.7	42.05	68.59	91.27	30.68	68.66	83.38	50.25	15.26	6.32	32.56	56.85	36.07	65.0	65.92	63.6	65.6	77.9	70.71	63.13	33.24	28.16	25.18	56.36	9.22	51.88	40.72	55.04	51.62	33.02	26.17	7.28	60.21	43.46	39.05	46.01	41.11	75.43	77.16	46.1	26.08	48.6	67.62	33.84	42.11	99.16	56.57	50.49	62.17	68.48	32.2	89.96	48.85	55.79	9.22	70.77	64.35	51.92	34.0	57.98	25.3	82.62	56.3	67.68	65.8	52.35	29.83	14.76	66.13	42.2	56.29	99.49	33.11	32.0	74.89	67.42	73.25	48.83	73.41	38.08	45.61	58.67	92.11	39.7	78.45	63.64	39.05	45.28	57.38	21.54	80.21	35.69	39.41	69.63	32.14	55.87	84.22	87.0	15.26	47.54	38.95	25.02	60.0	10.63	59.67	40.25	26.93	53.85	81.44	36.89	61.03	73.25	38.83	40.31	64.0	50.48	34.13	55.76	62.97	76.22	86.05	91.84	60.13	59.03	61.68	65.76	54.64	37.05	53.25	37.59	9.22	40.5	72.62	47.38	40.0	66.29	65.46	17.0	40.0	56.85	62.64	49.66	51.22	61.07	48.76	43.38	97.42	71.61	28.18	87.97	49.65	65.92	64.88	30.27	35.23	34.67	20.88	43.42	35.36	84.85	32.2	51.48	50.16	39.36	51.11	14.76	60.02	90.6	50.61	58.8	62.2	72.37	15.81	38.9	68.43	65.31	46.69	73.79	55.8	58.14	48.84	50.36	29.07	54.34	50.61	26.17	29.73	53.74	21.4	36.07	34.01	11.0	55.04	32.56	66.41	72.11	45.34	75.82	65.55	62.97	65.95	78.03	38.6	68.12	60.42	21.21	60.67	42.45	14.32	61.01	53.25	40.8	57.58	18.44	53.6	41.48	66.13	58.52	84.65	25.81	34.53	50.22	50.0	73.76	35.38	81.54	59.3	50.57	87.66	35.38	57.45	54.2	48.26	51.4	44.94	57.0	
39.85	26.93	13.15	97.51	40.61	14.76	42.8	0.0	38.08	71.59	92.07	55.22	31.14	80.08	48.76	65.97	26.93	48.76	16.76	52.63	59.64	34.89	29.07	41.18	10.77	70.03	9.0	40.46	101.52	105.42	107.52	118.41	29.12	78.16	51.2	63.6	31.02	25.3	50.21	92.46	71.57	87.09	94.18	27.02	53.6	40.71	71.25	74.55	34.54	68.18	80.21	77.16	53.01	88.41	63.25	13.93	107.07	56.04	74.73	100.32	86.02	36.67	82.3	64.47	60.41	49.24	88.6	23.32	52.01	76.16	80.01	53.67	68.96	23.19	35.44	83.01	95.13	67.68	24.6	82.87	13.04	29.97	104.85	1.0	93.15	98.84	73.76	26.08	73.54	68.31	114.34	66.27	30.61	41.01	28.43	77.16	86.95	52.15	44.38	33.62	38.28	57.01	96.83	36.77	79.31	76.49	66.07	111.2	29.07	74.33	90.96	90.76	50.33	55.03	55.58	26.57	74.03	43.42	101.82	70.46	27.0	17.09	40.79	14.87	85.33	98.31	80.62	55.33	39.7	54.59	73.93	73.11	70.04	77.49	86.54	89.01	34.06	16.28	52.77	34.89	12.08	37.64	66.48	8.06	45.62	4.0	74.63	67.48	78.43	33.62	54.71	31.06	50.04	72.28	27.2	23.02	94.02	39.62	51.48	83.87	91.27	84.38	47.01	95.8	37.16	48.27	58.6	22.36	14.32	45.28	34.93	53.0	75.64	89.84	73.0	81.6	13.42	80.16	52.95	28.32	44.65	89.47	92.63	16.4	19.42	38.9	40.82	66.73	63.07	32.7	66.48	113.81	71.01	18.0	91.55	25.61	32.14	82.01	20.12	31.0	14.56	96.33	21.4	52.77	69.46	37.16	61.85	64.4	89.94	110.45	88.09	33.24	56.82	25.32	70.83	93.19	80.06	72.28	21.02	56.3	31.06	85.15	56.08	38.18	18.44	68.62	20.88	47.54	22.2	82.73	28.16	82.2	48.26	17.03	75.15	50.54	65.51	37.48	10.0	71.03	32.02	13.0	46.17	78.1	98.6	64.51	62.59	75.17	64.78	89.69	
73.06	26.93	33.06	85.73	62.36	28.07	11.05	38.08	0.0	74.33	90.43	30.15	35.78	84.22	38.83	52.55	62.01	86.76	30.02	72.8	86.12	53.45	9.22	5.1	27.31	66.29	30.02	66.91	76.66	72.2	74.09	87.24	67.07	54.49	42.44	26.17	14.56	47.43	20.02	61.47	36.5	66.07	59.41	36.06	19.31	4.12	69.4	39.46	28.16	38.59	51.42	83.45	79.62	54.38	37.01	41.04	77.49	43.83	53.15	107.49	67.6	54.08	72.62	75.21	26.25	86.98	58.82	55.08	18.03	79.31	74.3	41.11	45.01	49.68	31.4	90.55	66.48	75.17	59.03	63.39	25.3	8.25	76.24	37.7	66.91	107.52	43.01	34.79	82.33	75.07	82.3	58.67	68.1	44.41	35.47	68.88	99.2	48.27	78.1	64.03	28.02	54.04	67.36	28.32	87.86	38.47	33.24	78.39	35.85	47.8	93.24	95.59	12.37	37.12	48.26	27.86	69.64	20.62	67.96	35.69	17.0	51.79	78.45	29.0	71.84	84.17	47.85	49.41	65.92	58.05	35.85	65.76	71.59	84.17	94.07	99.36	61.4	53.71	67.12	66.01	50.16	26.02	43.93	34.71	7.81	36.69	80.62	39.41	40.52	66.03	70.66	21.1	48.1	48.1	61.4	40.5	58.05	63.56	37.95	53.14	104.4	81.3	18.44	97.2	53.49	69.57	71.02	31.78	27.66	42.43	27.02	51.66	37.58	93.61	42.06	62.51	47.85	49.04	58.26	14.56	63.91	98.41	59.17	53.0	57.25	72.06	24.41	49.73	74.89	65.03	38.6	83.38	65.51	55.08	56.22	51.24	18.25	65.31	42.01	15.52	23.71	61.4	18.11	45.22	45.0	1.0	44.78	43.57	77.2	82.28	52.63	69.89	71.2	61.0	74.28	88.12	42.19	76.38	57.72	32.25	61.03	50.0	19.1	63.15	45.28	51.66	55.73	11.4	53.04	44.78	64.13	69.26	83.6	22.36	37.12	39.29	41.01	72.56	29.15	87.32	60.21	48.05	84.15	43.01	66.64	44.41	38.95	44.72	55.01	68.01	
62.39	51.48	59.48	36.8	39.29	61.1	65.86	71.59	74.33	0.0	21.02	53.24	42.95	9.9	36.24	31.58	93.01	97.12	57.58	34.13	49.52	39.01	70.21	71.42	70.58	13.0	74.0	46.82	63.57	87.28	89.36	90.25	79.08	128.7	32.8	92.09	82.93	96.77	61.85	73.03	105.44	48.27	85.29	45.88	92.02	72.12	9.06	107.9	95.38	111.87	62.2	10.44	48.01	79.51	54.08	85.38	78.1	34.0	46.04	33.3	42.72	37.01	25.06	15.56	97.95	87.46	68.01	58.22	67.68	5.0	17.2	113.16	50.01	94.73	43.83	17.46	68.59	9.22	92.09	43.74	68.15	70.8	74.22	70.61	61.98	33.84	64.54	47.17	13.15	7.81	89.82	21.38	89.45	32.2	95.46	21.19	29.43	26.17	65.31	54.82	97.42	20.62	71.57	46.23	16.28	91.79	105.12	89.94	44.38	121.66	19.7	21.26	80.92	110.6	27.46	51.0	13.6	55.32	87.02	105.21	81.63	64.01	81.91	80.41	33.11	41.11	72.01	25.81	46.49	17.46	92.57	19.24	3.16	11.4	20.59	27.51	49.24	81.06	24.7	56.32	75.11	95.72	118.26	64.03	75.07	67.68	8.06	113.17	99.28	59.2	26.42	54.41	26.25	122.35	62.97	93.3	89.81	42.72	110.11	68.18	34.71	15.65	92.76	24.35	36.0	36.67	19.72	51.62	78.55	32.02	47.8	22.67	92.61	19.42	64.76	42.58	64.07	67.6	18.68	62.43	34.48	25.5	80.1	83.15	81.01	62.03	50.21	37.66	17.69	58.94	112.45	84.9	16.03	70.06	85.71	50.01	86.82	38.08	91.21	83.76	72.09	87.21	65.37	30.0	50.99	73.66	118.41	44.64	33.84	76.84	84.17	94.34	23.32	66.75	1.41	24.7	92.11	3.0	69.26	51.43	54.13	81.39	75.17	44.64	90.03	37.34	64.2	84.17	57.08	94.92	68.25	31.02	72.9	65.31	91.29	110.68	115.31	67.68	74.33	28.64	50.99	65.07	88.87	77.62	79.16	118.56	113.28	117.15	25.71	50.7	
82.57	70.23	79.62	24.74	60.02	80.78	80.8	92.07	90.43	21.02	0.0	65.05	62.36	16.12	51.62	40.36	114.0	117.63	77.37	53.49	66.89	60.03	87.66	86.84	90.25	24.19	93.86	67.19	59.0	87.13	88.96	86.05	99.98	143.84	48.02	104.66	100.62	117.09	75.07	74.46	118.11	47.07	88.54	65.73	106.67	87.66	21.54	120.28	113.72	126.25	66.31	21.1	66.64	83.57	63.41	105.72	75.06	47.01	50.54	26.02	41.0	58.03	22.85	34.18	111.95	107.52	69.92	79.23	80.66	17.46	17.03	130.65	57.14	115.26	61.85	22.02	68.07	28.16	113.04	43.97	87.64	88.12	71.06	91.08	60.83	29.07	71.2	66.94	26.93	26.93	87.05	32.02	110.45	51.66	114.79	23.6	34.0	42.95	85.09	75.5	115.39	37.16	71.02	63.51	24.76	101.26	118.93	88.36	64.03	136.36	9.49	15.81	95.13	127.42	42.19	69.89	20.81	70.21	88.07	118.09	99.81	85.02	102.36	100.0	29.83	30.59	77.39	41.18	66.94	37.48	102.8	25.46	22.09	21.63	21.95	29.55	70.04	102.02	45.12	76.9	96.05	113.6	134.03	84.34	89.81	88.12	21.93	127.91	109.4	79.83	46.17	72.01	44.01	137.61	83.86	113.27	93.98	63.35	127.53	71.87	37.7	9.22	108.72	9.22	57.01	56.61	39.56	71.31	98.08	49.77	65.31	40.5	102.42	13.0	71.69	43.32	85.02	72.5	39.2	80.06	55.11	26.0	82.86	104.08	102.02	82.28	66.04	45.61	36.4	79.62	127.28	81.01	25.0	91.09	89.89	71.03	104.65	37.95	111.4	101.52	91.39	90.14	83.93	45.28	57.98	89.89	135.15	53.41	27.07	72.06	89.16	115.35	43.01	87.69	22.09	8.25	100.7	21.38	90.27	62.94	74.97	86.82	87.68	65.31	110.48	44.41	85.21	99.2	78.1	103.25	89.11	29.73	92.48	84.43	101.02	128.36	130.8	88.06	94.11	42.64	71.85	86.02	109.2	84.6	79.62	134.79	129.03	130.91	36.12	48.66	
77.39	29.73	43.86	56.46	58.46	40.61	19.1	55.22	30.15	53.24	65.05	0.0	32.2	62.77	19.1	24.84	82.1	101.24	39.62	65.12	81.74	50.0	32.56	25.32	46.53	42.2	50.54	65.8	47.8	51.22	53.41	63.25	80.06	79.61	21.59	39.62	44.01	73.05	10.77	37.48	53.08	36.0	42.05	35.85	42.54	26.31	46.04	55.32	58.0	61.61	25.0	63.51	76.3	35.78	8.06	63.98	51.87	19.24	23.02	85.98	37.48	49.48	44.65	59.67	47.2	97.65	33.42	61.59	15.81	57.8	48.1	70.83	15.13	73.93	24.6	70.66	39.96	57.25	79.61	33.24	43.42	32.39	49.74	54.41	38.63	86.95	19.42	35.51	64.26	56.65	59.41	33.42	85.04	33.24	63.79	41.87	81.71	28.86	82.35	67.12	58.14	33.24	41.62	21.1	68.94	38.9	54.04	56.64	34.0	71.85	69.81	73.5	30.89	66.1	26.0	30.48	44.69	12.08	48.26	53.04	45.28	61.85	89.4	53.14	42.54	54.41	27.29	27.86	64.85	41.0	39.4	39.6	50.12	64.4	73.82	80.53	62.39	71.22	56.04	69.35	65.95	56.14	70.66	48.27	26.57	52.01	60.84	63.51	46.1	70.66	60.03	24.21	30.41	73.57	68.8	66.76	43.97	61.13	67.68	29.0	87.09	55.87	46.49	73.0	48.27	63.51	57.56	36.24	51.26	27.0	22.2	32.98	39.56	71.03	18.87	32.39	58.8	25.61	42.58	28.23	57.56	78.71	39.12	71.61	73.76	76.49	14.87	20.59	60.21	69.77	62.97	58.6	40.46	67.27	40.5	54.12	48.0	35.44	67.07	45.01	44.78	44.28	35.34	24.04	15.3	30.07	73.39	13.6	47.93	55.47	37.64	88.24	59.21	70.21	53.67	61.22	39.81	55.9	68.88	2.24	64.4	34.48	22.63	61.68	68.94	22.36	65.0	35.85	59.36	42.76	73.24	40.25	89.44	38.95	38.28	69.23	67.12	79.26	50.09	74.15	62.24	59.46	96.21	28.44	43.86	72.09	65.74	65.95	29.07	38.05	
45.19	9.22	18.03	66.37	28.02	18.44	31.4	31.14	35.78	42.95	62.36	32.2	0.0	52.35	18.87	35.47	56.61	70.94	15.13	37.36	52.09	19.0	29.21	34.79	27.89	39.32	31.58	34.37	73.24	82.93	85.15	93.43	49.82	89.4	20.62	59.44	41.04	55.23	33.24	68.6	71.47	57.8	74.25	4.47	55.04	35.11	41.0	74.33	52.7	74.3	55.61	50.48	46.0	67.98	39.12	44.05	81.32	25.94	46.4	74.63	55.95	19.1	51.16	40.31	61.85	66.07	64.03	29.83	38.01	47.85	49.16	71.06	42.45	54.0	7.62	57.2	69.31	41.4	54.82	53.24	25.3	30.0	78.52	30.15	65.95	74.03	51.48	5.1	48.27	41.62	90.27	35.13	56.82	10.77	52.55	46.04	64.38	21.02	50.16	34.93	55.0	26.08	71.51	11.4	54.04	66.03	68.94	88.01	2.24	83.22	62.65	63.63	45.88	69.3	24.52	8.49	43.29	24.19	80.26	70.84	39.2	31.4	58.05	37.64	54.34	67.27	59.48	24.19	33.38	25.5	65.03	42.01	40.85	51.04	60.8	65.12	30.36	44.6	31.38	37.16	38.63	53.41	78.24	23.09	39.56	27.17	47.71	74.95	71.18	38.47	34.89	14.87	19.03	83.01	37.01	50.99	75.96	30.07	68.12	60.46	69.43	54.13	53.25	67.23	18.25	34.53	35.61	9.06	35.74	14.14	11.05	22.2	66.0	62.18	51.0	51.88	29.15	57.45	24.7	21.63	28.64	64.66	71.2	45.88	46.1	44.28	18.44	37.22	39.7	37.59	74.09	88.41	40.05	37.44	72.62	21.95	44.69	51.62	49.37	41.77	29.15	76.49	22.8	21.84	43.19	34.89	77.08	36.8	58.86	83.63	69.64	60.84	35.51	38.9	42.49	62.65	68.26	44.29	38.42	32.25	32.2	66.48	45.04	30.27	49.01	38.95	33.97	47.01	27.66	71.25	41.77	51.2	57.25	22.36	65.01	68.41	75.8	47.17	31.78	51.62	30.08	30.02	65.07	60.08	75.21	77.9	73.41	80.5	33.73	60.54	
66.94	61.06	68.35	37.74	45.1	70.26	75.74	80.08	84.22	9.9	16.12	62.77	52.35	0.0	46.1	40.16	100.32	102.18	66.71	37.64	50.77	46.39	80.0	81.32	79.71	21.19	83.01	51.79	68.45	94.0	96.01	95.52	85.21	138.6	42.64	101.83	92.66	105.36	71.61	80.16	115.21	54.15	93.06	55.04	101.91	82.02	17.09	117.64	104.96	121.75	70.04	5.0	50.57	87.48	63.16	93.96	83.73	43.57	53.76	23.43	48.26	44.41	29.43	18.44	107.81	91.76	75.24	65.03	77.42	5.0	21.21	122.89	58.52	103.08	53.6	9.0	75.03	13.0	99.61	50.01	77.39	80.6	79.76	79.12	68.12	24.19	73.08	56.36	10.82	12.04	95.63	30.08	96.02	41.68	104.69	27.0	22.09	36.07	69.26	60.41	107.07	30.48	78.03	56.08	9.85	101.08	114.98	96.19	53.67	131.55	11.05	11.4	90.79	120.42	37.2	60.54	20.22	65.19	94.13	115.0	91.27	71.25	86.88	89.55	37.66	42.94	80.28	35.61	51.62	26.93	102.0	26.31	12.81	5.66	11.4	19.1	55.15	88.57	30.07	61.66	82.73	105.39	128.14	72.73	84.96	76.24	6.08	123.07	108.71	64.63	30.59	64.2	36.12	132.25	69.12	102.18	97.86	48.26	119.85	75.95	27.0	15.65	102.65	16.03	43.57	41.0	24.19	60.84	87.73	41.87	57.63	32.56	101.97	9.85	73.38	49.0	71.7	75.71	27.73	72.2	40.11	16.49	87.69	90.8	88.2	66.71	60.11	46.17	20.62	64.5	122.35	90.26	23.77	77.1	93.74	57.31	96.52	44.05	99.93	93.48	81.39	94.89	74.95	39.82	59.48	83.55	128.23	53.49	37.0	81.79	92.42	101.0	27.46	73.06	10.0	22.63	101.24	8.06	76.01	60.9	60.13	89.74	84.88	50.25	98.49	45.61	71.03	94.07	64.12	104.0	74.24	36.22	76.55	74.71	100.62	120.37	125.21	72.57	83.38	26.87	57.08	72.69	93.62	86.33	86.02	128.43	123.17	127.02	34.54	56.32	
61.85	22.2	35.74	50.09	40.85	34.53	29.7	48.76	38.83	36.24	51.62	19.1	18.87	46.1	0.0	17.26	75.03	89.64	32.02	46.39	63.35	33.12	36.4	35.47	43.1	27.46	47.17	48.75	54.41	66.19	68.43	75.43	68.6	92.76	3.61	56.08	49.4	71.18	25.94	51.48	69.34	38.95	59.2	23.32	55.87	36.24	30.61	71.87	62.94	75.69	38.47	46.04	58.24	52.89	23.54	60.53	63.13	7.28	27.66	69.53	37.34	32.2	35.51	40.8	61.72	84.17	46.65	48.1	31.76	41.11	35.85	79.16	24.7	70.71	13.34	53.25	51.22	38.91	73.05	34.44	40.05	36.77	60.14	47.8	47.38	70.0	36.14	23.71	46.07	38.47	72.67	20.25	75.66	15.23	65.62	31.05	63.51	10.3	66.57	51.61	64.26	15.62	53.6	13.04	51.11	57.72	68.88	70.83	21.1	85.56	54.56	57.31	44.69	75.8	9.43	22.36	30.89	19.1	64.08	69.07	49.04	50.22	76.38	52.01	37.05	50.09	44.38	10.63	47.85	22.14	57.87	27.51	33.3	46.87	56.61	62.77	46.32	63.16	37.0	53.82	57.27	62.39	82.62	40.8	38.9	44.92	43.27	77.08	64.51	55.61	41.0	21.38	11.4	86.45	55.15	66.0	61.98	43.86	76.03	43.86	68.88	42.54	57.2	58.41	30.87	45.12	38.47	26.57	50.01	8.25	15.03	14.32	58.24	55.15	35.9	33.11	48.02	41.44	23.54	29.12	39.29	61.29	55.36	64.26	64.85	61.03	14.42	18.36	41.23	54.82	76.38	70.29	26.83	56.3	58.25	39.62	53.49	33.24	65.12	50.33	43.01	61.4	34.23	6.4	25.55	38.28	83.53	18.6	42.0	65.07	55.73	79.61	40.11	57.38	36.4	49.77	58.86	38.6	57.2	18.0	49.2	52.61	39.36	44.72	65.62	20.12	52.63	48.1	46.01	61.81	60.14	34.01	74.06	36.0	57.01	76.97	79.51	64.66	47.1	55.11	46.62	48.88	83.49	47.1	58.18	83.23	77.62	80.92	17.26	41.68	
74.97	39.46	52.89	33.54	52.01	51.79	42.05	65.97	52.55	31.58	40.36	24.84	35.47	40.16	17.26	0.0	92.03	105.12	49.24	54.13	71.59	45.97	51.97	48.33	60.3	18.97	64.38	60.44	39.62	57.49	59.67	63.53	84.38	104.29	14.87	64.35	64.76	88.36	35.23	42.76	77.78	23.35	54.01	39.92	67.12	49.24	23.09	79.93	78.64	86.4	31.02	41.98	67.6	48.09	23.32	77.78	51.0	10.05	15.52	62.61	20.59	44.55	20.12	42.3	72.01	98.6	37.66	63.25	40.61	35.44	23.35	93.64	18.44	87.97	30.59	48.76	39.92	38.0	90.14	18.44	57.22	52.17	47.51	65.0	34.48	64.08	32.98	40.5	44.18	37.01	61.85	10.2	92.14	28.6	82.22	17.03	61.0	16.97	79.31	65.07	79.56	16.55	42.72	30.07	47.85	61.4	78.87	61.03	37.7	96.61	45.79	50.09	55.47	89.55	12.04	39.62	20.59	31.95	56.57	77.79	64.94	66.24	91.21	69.03	20.02	33.0	40.45	13.45	59.67	26.0	62.68	15.0	28.44	42.95	51.55	58.94	59.4	80.06	43.46	67.18	74.09	77.62	95.02	57.97	50.61	62.1	39.62	88.23	69.34	69.35	47.17	38.01	19.8	98.18	70.0	83.05	58.31	55.44	90.48	37.01	66.29	31.24	70.21	48.6	43.14	54.2	42.45	43.68	67.03	21.95	32.06	19.42	62.43	47.41	33.24	17.03	64.4	36.12	28.64	45.28	49.09	56.61	49.04	81.27	81.54	74.25	29.43	6.08	43.57	68.68	87.66	58.18	16.55	72.47	54.23	54.41	68.88	16.16	82.3	65.73	60.03	56.0	51.01	13.89	19.42	52.2	97.08	13.42	25.18	51.61	52.61	96.25	45.22	72.67	32.39	36.4	61.27	34.53	73.06	22.67	63.03	49.82	47.42	56.73	82.87	6.08	68.26	60.03	61.29	63.98	75.21	17.12	87.05	53.08	61.06	91.71	91.59	78.57	64.28	57.31	60.14	65.31	98.41	46.17	49.24	96.18	90.05	90.79	6.0	26.17	
42.44	53.67	39.4	122.38	56.09	41.68	68.59	26.93	62.01	93.01	114.0	82.1	56.61	100.32	75.03	92.03	0.0	29.0	43.38	66.76	66.89	54.04	53.81	65.95	36.12	93.77	32.53	51.87	128.36	131.89	133.96	145.21	20.52	89.01	77.16	85.48	51.0	22.02	76.58	119.2	90.82	113.72	120.22	52.2	73.82	65.3	94.34	93.64	47.07	83.95	107.07	96.63	61.29	114.63	90.14	21.47	133.96	82.28	101.52	117.9	112.36	56.04	107.08	82.87	79.85	36.06	115.43	35.51	77.78	97.08	103.82	62.01	95.88	17.0	61.85	101.43	122.04	87.37	3.16	109.38	39.05	54.56	131.76	27.78	120.07	115.69	100.42	51.55	92.07	88.28	141.03	91.22	10.77	65.31	36.35	101.79	102.49	77.13	44.69	42.72	50.99	81.39	123.71	63.51	97.49	100.12	84.12	137.77	54.41	87.46	111.36	110.03	73.5	66.19	81.04	53.23	97.74	70.21	128.14	89.54	47.01	29.07	30.02	33.29	110.86	123.69	107.06	80.52	51.55	77.23	97.1	97.67	92.02	96.75	104.74	105.51	46.57	12.17	70.71	42.54	18.25	51.42	78.16	34.44	69.81	30.41	94.43	82.38	100.72	39.81	71.39	57.98	74.73	84.15	33.24	27.29	119.6	53.6	61.03	110.6	105.95	107.17	65.55	116.35	57.01	62.36	76.79	48.47	34.41	70.6	61.72	77.28	99.02	109.66	99.64	108.08	29.07	106.83	75.11	54.67	61.0	106.73	119.0	10.77	12.17	41.88	67.74	93.23	81.05	39.4	81.39	140.66	95.19	23.35	117.39	43.05	50.16	108.17	23.54	50.54	38.9	122.33	47.51	78.45	96.38	61.22	71.01	91.24	115.21	137.38	113.86	9.06	74.15	29.15	92.02	116.28	104.04	93.09	25.0	83.22	41.76	111.02	80.92	51.66	18.68	95.08	29.61	69.46	36.22	106.51	29.53	107.7	44.05	43.42	98.74	59.0	78.52	37.01	33.24	85.38	44.38	28.07	31.32	103.95	125.25	75.03	75.54	90.8	90.25	116.36	
35.36	71.51	57.63	131.18	57.87	61.61	91.27	48.76	86.76	97.12	117.63	101.24	70.94	102.18	89.64	105.12	29.0	0.0	61.85	64.78	57.31	60.37	77.83	89.94	59.48	101.64	56.86	50.45	144.01	152.4	154.56	164.05	21.21	118.0	90.8	111.79	77.79	51.01	98.01	138.66	118.41	128.22	142.0	66.6	100.88	89.47	101.02	121.3	75.66	112.45	125.87	97.67	54.0	136.03	108.93	49.03	152.11	96.4	117.29	115.04	125.64	62.17	116.3	83.74	107.28	13.0	134.36	41.88	100.4	100.17	111.23	91.01	113.22	46.0	77.83	100.72	140.07	89.5	32.02	123.46	61.77	78.71	149.4	49.24	136.88	112.0	120.51	66.53	92.23	90.71	160.55	101.6	19.42	76.55	65.19	110.92	98.01	88.51	34.0	42.38	79.63	91.3	142.14	80.61	96.75	125.22	112.06	157.88	68.77	116.35	112.79	109.9	98.9	95.13	93.19	70.77	105.31	90.27	149.16	117.18	73.68	39.62	15.3	59.77	121.71	133.72	127.91	92.11	50.7	84.58	122.58	106.89	97.08	97.49	103.48	102.02	48.1	33.24	72.53	40.8	36.72	79.91	107.12	53.82	94.37	50.77	96.1	111.02	126.85	37.95	71.59	77.47	85.76	113.11	35.36	56.14	142.3	54.41	90.02	130.23	100.18	112.58	93.15	117.71	63.51	61.19	78.1	65.07	60.41	83.23	79.21	87.32	124.34	110.32	119.85	122.07	42.45	126.81	81.94	76.55	62.64	104.12	139.95	34.48	29.55	35.51	86.37	107.8	81.58	38.28	110.03	159.14	103.79	33.97	139.62	50.77	77.62	120.95	52.24	77.49	63.07	144.2	69.97	91.26	113.9	85.87	100.0	107.71	125.22	154.56	136.24	20.02	74.73	32.45	95.88	121.76	128.83	96.3	32.56	101.86	43.46	133.22	104.81	52.5	47.27	109.4	37.01	95.63	43.83	131.49	30.02	118.6	28.44	65.51	123.88	88.0	107.38	29.61	57.78	81.02	46.62	41.77	9.06	126.25	145.1	104.02	104.39	119.36	101.87	131.02	
43.19	10.3	4.24	81.15	34.0	3.61	30.68	16.76	30.02	57.58	77.37	39.62	15.13	66.71	32.02	49.24	43.38	61.85	0.0	45.49	56.92	25.81	21.21	31.26	13.0	54.45	16.49	37.36	85.0	90.61	92.76	102.83	40.8	79.65	34.53	56.04	30.02	40.11	36.36	77.1	66.37	70.38	80.21	11.7	48.66	31.14	56.09	69.35	39.62	66.41	64.54	64.41	50.29	74.2	47.51	29.0	91.21	39.29	58.14	88.32	69.26	27.02	66.03	53.01	55.73	59.48	73.0	25.32	39.4	62.39	64.28	58.73	52.7	39.05	18.68	70.83	79.2	55.07	41.23	66.13	10.82	22.2	88.81	15.81	76.85	87.37	58.73	10.44	61.59	55.47	99.04	50.01	45.45	25.71	38.01	61.0	76.69	36.01	48.26	34.01	42.45	41.19	81.06	20.12	67.42	66.22	62.37	96.18	13.34	74.32	77.25	77.82	42.05	58.01	39.12	9.85	58.42	28.43	87.32	65.49	27.2	23.26	51.0	22.85	68.73	81.74	66.07	39.01	36.4	40.16	64.33	57.01	55.66	64.88	74.43	78.01	31.58	31.91	42.45	36.0	26.4	41.11	68.1	8.94	36.22	13.0	61.72	66.48	69.72	36.12	45.28	15.62	34.13	73.36	32.02	35.9	80.78	34.54	55.97	68.59	81.47	69.23	44.6	81.93	26.91	41.68	47.63	6.08	21.02	29.0	18.36	37.34	65.73	76.56	58.05	64.85	19.72	65.07	39.0	16.28	36.62	77.94	78.1	32.65	34.21	42.19	24.84	49.98	52.01	35.13	65.55	98.08	55.15	28.02	77.94	21.38	33.02	65.25	34.23	30.53	15.0	82.42	12.37	36.22	53.25	29.02	65.6	47.89	73.44	94.3	74.63	48.83	46.69	32.31	57.01	77.78	69.26	58.69	30.02	40.46	31.02	71.56	44.92	33.84	34.01	51.87	26.93	41.19	23.19	72.12	35.47	65.62	54.13	9.43	65.0	55.87	66.19	43.17	16.76	62.29	30.27	20.25	57.45	64.66	83.44	67.12	63.53	73.08	48.26	73.01	
29.43	45.88	44.82	70.6	12.04	48.83	68.66	52.63	72.8	34.13	53.49	65.12	37.36	37.64	46.39	54.13	66.76	64.78	45.49	0.0	17.46	19.72	65.31	72.12	56.73	42.45	58.69	15.13	92.65	111.0	113.22	117.62	49.25	125.03	44.91	96.77	75.47	76.85	69.26	96.14	108.81	76.32	105.32	36.77	92.11	72.42	40.36	111.68	84.5	110.98	83.52	32.98	14.14	99.04	69.87	66.03	105.1	49.73	69.46	51.48	71.85	18.79	57.28	19.31	99.02	54.12	91.08	31.78	74.55	36.25	50.45	103.86	69.64	73.43	43.57	36.06	94.02	25.5	66.73	71.34	55.61	66.21	101.53	51.86	88.55	49.03	82.38	38.08	27.46	26.83	115.95	46.32	60.67	32.0	80.66	52.35	35.74	38.6	31.62	24.33	87.62	37.58	96.77	47.52	32.06	102.31	106.04	114.95	37.0	119.42	48.05	45.18	83.24	103.47	43.32	44.94	45.28	60.41	109.48	108.16	72.67	38.91	49.5	65.76	64.44	74.41	90.61	41.44	15.3	28.18	101.71	48.92	35.0	32.76	39.0	38.83	20.25	56.08	10.82	25.08	50.99	86.4	113.53	47.38	76.92	49.58	31.62	111.36	108.05	28.07	7.81	52.2	36.14	118.7	33.73	75.6	108.34	13.42	101.21	89.29	39.4	49.74	89.44	52.95	19.31	4.47	14.42	41.59	64.38	38.21	47.85	35.11	102.49	45.54	82.2	69.97	40.82	87.32	25.5	58.31	8.94	40.31	101.14	58.69	54.71	29.27	54.33	59.24	17.09	28.16	110.46	112.25	45.34	43.66	104.56	27.02	78.49	66.85	72.42	76.01	59.82	107.49	57.31	43.42	70.6	71.87	111.02	63.32	66.48	105.31	102.11	65.76	10.82	37.85	32.76	58.59	104.08	32.65	41.76	64.28	25.0	98.99	81.88	15.23	69.64	60.01	37.34	84.15	31.76	107.07	38.33	61.72	39.0	54.92	101.4	100.9	111.51	35.23	59.41	18.79	22.47	41.68	56.09	93.43	102.79	112.61	108.91	117.39	48.76	79.08	
24.6	59.68	55.15	86.31	24.08	59.81	83.38	59.64	86.12	49.52	66.89	81.74	52.09	50.77	63.35	71.59	66.89	57.31	56.92	17.46	0.0	33.14	77.88	86.15	66.19	59.2	67.23	19.7	109.93	128.41	130.63	135.06	46.96	136.06	62.1	111.16	86.54	81.32	85.01	113.55	122.58	93.65	122.48	50.49	105.26	86.31	56.73	125.51	93.65	123.33	100.88	45.79	6.71	116.18	86.88	71.59	122.54	67.05	86.93	58.69	89.04	33.02	73.76	33.97	112.29	45.01	108.5	36.4	90.02	50.61	66.48	113.02	86.98	77.16	59.0	46.62	111.49	40.36	67.68	88.68	65.8	78.85	118.96	59.08	105.99	55.33	99.46	51.62	39.96	41.77	133.42	63.63	58.6	48.51	88.01	69.03	41.3	55.97	23.77	26.25	97.13	55.04	114.24	63.0	42.95	118.0	119.1	132.4	51.24	131.1	59.93	55.71	97.32	113.6	60.75	58.69	61.72	76.0	126.83	121.81	83.26	43.28	42.95	74.09	81.22	90.52	107.71	58.87	20.62	45.62	117.11	65.8	50.93	45.28	48.7	45.71	25.94	58.26	28.18	25.46	54.45	96.18	124.39	56.36	91.08	57.45	45.22	123.37	123.26	27.66	24.7	66.48	53.45	129.87	34.71	81.57	125.32	22.56	110.64	106.61	43.0	64.66	101.51	64.47	34.0	18.25	30.61	54.34	73.06	55.11	63.03	52.55	118.04	56.86	99.25	87.32	46.4	104.55	42.95	71.59	24.19	48.27	118.41	61.07	55.8	25.06	70.01	76.69	31.83	28.32	122.43	129.69	62.2	46.01	121.6	35.85	89.05	84.06	77.9	86.93	69.78	124.66	69.26	60.73	87.93	85.15	120.83	80.65	82.88	122.67	119.05	63.56	27.2	38.42	48.1	73.01	120.04	47.51	43.28	81.05	28.6	115.92	97.13	23.09	74.25	77.47	40.31	97.51	37.44	123.04	37.44	78.6	29.02	66.13	117.02	109.93	122.77	30.46	68.1	25.3	27.78	47.01	48.26	110.17	120.21	122.98	120.02	129.99	66.19	96.38	
29.07	26.68	25.46	70.94	9.06	29.21	50.25	34.89	53.45	39.01	60.03	50.0	19.0	46.39	33.12	45.97	54.04	60.37	25.81	19.72	33.14	0.0	45.69	53.15	37.48	41.44	39.82	15.81	85.56	99.3	101.53	108.23	40.8	105.31	33.02	78.09	55.76	60.01	52.15	84.6	89.74	69.31	91.76	17.46	72.73	53.37	41.23	92.65	65.12	91.39	71.59	42.95	27.0	85.44	56.08	48.75	95.8	38.6	59.82	65.55	66.07	2.0	55.95	29.73	79.7	52.8	79.76	19.42	57.01	43.05	51.24	84.39	57.8	57.25	26.17	48.38	84.05	33.54	53.24	64.38	36.12	46.62	92.62	34.0	79.65	63.98	68.71	18.68	38.9	34.37	105.69	41.34	50.64	18.03	62.01	50.57	52.15	29.0	33.6	19.1	68.12	31.06	86.53	30.15	44.6	85.02	86.65	103.94	18.11	99.73	57.43	56.52	64.33	83.82	33.94	25.71	45.22	43.1	97.08	89.02	53.01	25.0	45.79	46.86	61.4	73.35	76.9	32.56	14.87	24.35	84.02	46.52	38.21	43.17	51.87	54.12	13.45	42.19	17.89	21.21	36.35	66.84	93.81	28.6	58.05	31.38	40.61	91.71	90.14	23.43	20.0	33.38	26.17	98.98	25.08	57.8	93.96	11.18	81.69	76.92	56.61	53.6	69.78	62.39	3.16	16.16	23.77	21.93	45.34	25.24	30.02	27.2	85.0	55.9	68.35	62.97	25.32	74.32	21.84	38.9	10.82	54.63	88.24	44.41	42.0	28.32	37.22	49.68	28.23	22.8	90.8	103.0	43.46	31.06	90.44	11.0	58.82	61.22	55.01	56.3	40.36	93.98	37.59	32.65	58.67	52.5	91.4	51.62	64.85	97.19	87.64	55.44	21.95	28.46	38.0	62.8	87.21	39.05	30.41	49.65	17.2	84.48	64.03	11.7	52.92	50.99	25.32	64.85	18.11	90.2	30.46	58.31	41.23	35.23	84.01	81.47	91.79	32.65	40.46	36.8	14.21	26.31	53.0	78.34	91.3	92.91	89.19	97.86	42.01	72.14	
64.01	20.0	24.0	85.51	54.42	19.0	15.26	29.07	9.22	70.21	87.66	32.56	29.21	80.0	36.4	51.97	53.81	77.83	21.21	65.31	77.88	45.69	0.0	12.21	18.36	63.51	21.4	58.46	80.28	78.82	80.8	93.15	57.94	60.22	39.92	35.36	13.0	41.15	24.17	67.12	45.18	68.26	66.6	28.65	27.46	11.66	66.24	48.17	26.68	45.69	56.08	78.75	71.31	61.22	40.26	33.42	82.76	42.45	55.23	102.94	69.0	46.52	71.57	69.43	34.53	77.79	63.98	46.01	24.21	75.21	72.24	43.05	47.68	42.72	26.4	85.7	71.31	70.04	50.93	65.03	16.16	1.0	81.15	28.64	70.88	102.65	48.3	27.29	77.08	70.09	88.51	56.65	59.36	38.9	31.26	67.36	93.51	44.78	69.03	55.15	27.86	50.61	72.5	24.19	82.76	47.42	41.23	84.88	28.84	54.2	89.59	91.4	21.59	40.46	45.69	20.81	67.12	21.02	74.81	44.28	13.04	42.58	69.26	21.63	71.85	84.59	54.08	46.52	57.49	53.26	44.94	63.91	67.68	79.4	89.27	94.05	52.77	44.94	60.46	57.08	41.15	26.0	49.04	25.5	16.55	27.51	75.93	46.07	49.73	57.0	63.81	15.81	44.1	53.82	52.24	34.54	65.8	55.36	39.96	58.59	98.6	78.72	24.19	93.81	46.07	61.85	64.82	23.77	20.0	38.28	22.47	47.71	46.62	89.63	47.41	64.01	38.64	54.59	53.08	7.81	56.36	93.38	65.8	44.41	48.37	63.01	22.56	50.16	68.88	56.0	45.18	89.01	63.16	45.88	63.66	42.58	17.09	66.12	35.36	13.93	15.0	68.68	9.0	42.54	47.85	8.25	48.27	45.04	77.1	87.09	60.11	61.4	64.64	51.79	70.0	86.16	51.0	72.01	48.51	34.37	52.15	57.31	27.2	54.82	38.01	52.15	46.53	20.02	44.0	53.67	54.92	69.05	74.43	13.15	46.1	40.71	46.62	63.39	20.62	80.71	51.48	38.83	75.03	50.25	72.72	48.8	44.2	52.2	53.45	70.46	
74.43	26.48	34.71	81.27	62.17	29.83	6.32	41.18	5.1	71.42	86.84	25.32	34.79	81.32	35.47	48.33	65.95	89.94	31.26	72.12	86.15	53.15	12.21	0.0	30.53	62.8	33.6	67.27	71.57	67.42	69.34	82.29	69.86	57.31	39.05	25.08	19.65	52.15	15.0	56.46	36.69	61.13	54.82	35.69	20.81	1.0	66.07	39.56	33.24	40.61	46.32	80.81	79.76	49.65	32.0	45.28	72.45	39.96	48.26	104.69	62.8	53.6	68.45	73.25	27.29	89.54	53.76	56.57	13.0	76.37	70.49	45.61	40.05	54.2	29.53	87.97	61.4	72.8	63.03	58.55	28.18	11.4	71.17	40.71	61.81	104.89	37.95	34.53	80.0	72.62	77.41	54.92	71.56	42.54	40.5	64.88	97.08	45.25	79.51	65.07	33.0	50.93	62.3	26.08	85.43	35.47	34.48	73.57	35.17	50.25	90.03	92.63	11.18	41.23	44.82	27.46	66.03	16.64	63.25	36.06	21.93	53.85	80.99	33.3	67.36	79.56	42.94	46.1	66.27	55.61	33.24	61.91	68.59	81.57	91.44	97.01	62.03	57.14	65.8	67.12	53.24	31.0	47.2	37.0	5.0	39.4	77.99	41.77	38.47	67.36	69.46	19.92	45.34	50.99	63.15	45.28	53.74	63.64	42.45	48.1	102.34	77.67	21.95	93.86	52.89	69.12	69.35	32.06	31.83	39.82	25.06	48.84	34.79	90.55	37.0	57.71	50.0	44.01	56.04	15.03	63.32	95.9	54.38	56.61	60.54	73.44	21.21	45.22	73.06	66.37	41.04	78.39	61.85	57.58	51.74	52.0	23.35	60.64	46.62	20.62	27.2	56.85	20.25	41.87	40.01	5.39	48.75	38.83	72.73	77.2	48.17	73.6	69.78	63.06	71.45	84.22	38.91	73.59	60.08	27.46	62.07	45.45	15.0	63.39	49.68	47.13	57.72	12.81	54.45	41.63	66.22	64.85	85.33	24.7	34.18	43.93	44.05	74.33	32.8	85.87	61.0	50.29	86.93	38.42	61.72	48.02	42.2	46.32	51.11	63.03	
48.66	21.0	12.04	93.0	44.82	9.49	32.56	10.77	27.31	70.58	90.25	46.53	27.89	79.71	43.1	60.3	36.12	59.48	13.0	56.73	66.19	37.48	18.36	30.53	0.0	67.08	4.12	46.53	93.78	95.78	97.84	109.29	39.85	70.01	46.01	52.89	21.21	28.07	40.46	83.23	61.2	80.08	84.15	24.7	43.19	30.02	68.88	64.2	27.8	58.69	71.34	77.37	59.48	78.52	54.59	17.72	98.27	50.25	67.36	101.21	79.62	38.95	78.06	65.73	50.09	59.91	79.61	31.05	41.77	75.39	76.79	47.2	60.93	27.89	30.0	83.73	86.45	68.0	33.42	76.16	3.16	19.24	96.25	10.44	85.0	100.17	64.4	23.41	74.43	68.43	105.0	62.13	41.05	38.6	25.06	73.17	89.2	48.37	53.46	41.11	31.06	53.76	87.98	30.27	80.26	65.74	56.01	101.67	26.25	65.52	90.25	90.8	39.56	47.41	51.04	21.02	71.02	34.48	92.02	60.13	17.46	26.08	51.42	9.85	80.16	93.19	70.94	51.16	45.65	53.14	63.16	69.26	68.62	77.83	87.32	90.7	40.25	26.63	54.82	42.72	22.85	30.02	58.31	9.85	34.89	10.0	74.69	58.25	67.68	41.98	57.38	23.09	46.69	63.91	36.22	23.19	83.74	44.65	44.65	74.63	93.86	82.0	37.12	94.92	39.05	52.63	60.22	18.97	8.06	41.3	28.28	50.01	64.88	89.55	63.6	74.95	22.09	70.8	52.0	18.6	48.1	90.74	82.88	26.25	30.02	47.68	32.89	60.21	64.64	41.0	57.27	104.85	67.6	28.28	81.39	30.53	23.09	75.95	22.02	21.38	4.0	86.28	11.4	48.01	61.33	26.4	54.71	56.92	85.05	102.0	77.9	43.28	59.03	35.0	70.01	90.43	69.35	71.69	31.14	47.85	38.28	75.01	45.49	43.57	22.8	62.17	30.07	36.88	29.41	72.01	38.01	77.1	58.01	7.62	64.4	44.2	56.92	47.04	4.0	74.28	38.48	22.02	56.92	67.94	89.2	56.8	54.08	65.62	60.0	82.57	
68.26	46.57	57.14	29.55	44.42	57.71	56.85	70.03	66.29	13.0	24.19	42.2	39.32	21.19	27.46	18.97	93.77	101.64	54.45	42.45	59.2	41.44	63.51	62.8	67.08	0.0	70.86	52.7	51.48	74.33	76.42	77.79	82.22	119.97	23.85	81.69	76.49	94.53	51.66	60.03	95.13	35.74	72.34	43.1	82.88	63.6	4.12	97.45	89.69	102.59	49.25	23.19	56.59	66.61	42.05	83.29	65.52	23.35	33.06	43.91	30.46	39.56	15.0	26.4	88.39	93.15	55.01	60.73	57.38	16.49	10.05	106.47	37.36	93.13	37.95	29.83	55.73	20.88	92.44	31.05	64.33	63.95	61.68	69.03	49.24	45.19	51.92	44.18	26.08	19.65	77.13	8.94	91.68	29.02	91.21	9.9	42.3	18.97	71.85	59.48	91.29	13.34	58.69	39.4	29.15	80.06	95.46	77.1	41.19	112.61	27.66	31.38	71.45	103.25	18.03	46.32	4.0	46.23	74.03	95.02	75.77	65.51	86.76	76.69	22.02	32.45	59.23	17.0	52.15	17.09	81.12	6.71	10.05	24.19	32.57	40.02	53.67	81.61	31.83	61.29	75.54	89.47	110.0	62.07	65.95	66.03	21.02	104.14	87.82	63.95	34.71	47.93	20.4	113.7	66.48	90.26	76.94	48.02	103.35	55.23	47.52	15.23	84.63	31.14	38.28	43.93	28.6	48.37	74.73	25.96	41.23	17.12	81.01	28.84	52.2	29.83	64.78	54.74	19.7	55.95	40.22	37.64	67.12	83.38	82.2	67.74	41.88	25.0	28.18	63.51	103.48	72.42	3.16	71.81	72.84	51.92	80.53	25.63	88.68	77.39	67.91	74.24	60.08	21.1	38.33	65.73	110.98	32.31	24.21	64.62	71.39	96.32	32.02	69.89	14.04	23.35	80.11	16.0	71.57	40.22	58.18	68.66	64.66	49.74	88.2	24.52	66.48	75.29	59.2	82.86	71.87	19.42	79.63	60.88	79.65	104.2	106.83	72.95	71.02	40.8	55.04	65.76	93.91	65.15	66.19	110.68	105.0	107.49	13.42	38.28	
48.51	25.02	14.76	97.01	46.69	13.15	36.07	9.0	30.02	74.0	93.86	50.54	31.58	83.01	47.17	64.38	32.53	56.86	16.49	58.69	67.23	39.82	21.4	33.6	4.12	70.86	0.0	47.71	97.86	99.49	101.53	113.16	37.85	69.57	50.04	55.03	22.02	24.02	44.2	87.09	62.65	84.2	87.69	28.16	44.72	33.02	72.57	65.62	26.42	59.21	75.29	80.53	60.54	82.13	58.59	13.6	102.22	54.33	71.47	104.24	83.74	41.4	82.02	68.6	51.48	58.05	83.53	31.38	45.25	78.77	80.62	45.79	65.0	23.77	34.01	86.77	90.43	71.11	29.73	80.28	7.28	22.2	100.24	9.06	89.05	103.08	68.24	26.93	77.41	71.59	108.81	66.07	38.08	42.2	22.2	77.1	91.84	52.24	53.15	41.63	29.97	57.56	91.92	34.37	83.24	68.48	57.08	105.42	29.83	65.51	93.64	94.02	42.05	46.62	55.01	25.0	74.81	38.47	95.67	61.52	18.0	25.71	49.65	7.07	84.21	97.25	74.65	55.08	46.87	56.61	65.74	73.17	72.12	80.96	90.35	93.49	41.34	23.71	57.43	43.08	20.62	29.15	57.87	11.31	37.74	9.85	77.88	58.55	70.01	42.06	59.82	27.2	50.49	63.6	35.9	19.42	87.11	46.23	43.42	78.49	96.4	85.7	38.01	98.35	41.62	54.49	62.97	22.56	5.83	45.18	32.39	53.76	67.54	92.85	67.42	79.08	21.84	74.63	55.36	22.47	50.25	93.65	86.56	23.02	27.31	47.54	37.0	64.33	67.42	41.11	57.56	108.76	71.45	27.0	84.86	32.02	23.19	80.06	18.0	22.0	6.4	89.81	15.26	52.0	65.39	29.15	53.67	61.03	89.09	106.0	81.34	40.0	61.61	34.23	73.39	94.2	72.2	75.03	30.02	51.89	38.91	78.49	48.6	45.0	18.68	66.29	29.61	38.9	29.97	74.79	37.12	81.15	57.22	11.7	67.12	42.72	56.75	46.39	1.0	76.58	39.45	21.59	54.82	71.42	93.01	56.08	53.85	66.19	64.01	86.68	
