210
0.0	49.2	56.89	70.72	45.01	21.4	25.08	57.01	32.65	38.28	57.22	54.2	62.94	72.01	48.01	38.63	12.08	46.53	48.84	42.38	49.04	59.91	44.38	11.18	68.6	58.83	40.79	44.69	31.14	24.08	21.02	60.88	15.81	60.8	48.08	54.67	45.04	51.48	65.86	36.67	20.02	35.23	4.0	43.91	35.51	20.62	34.89	50.01	52.17	60.46	43.42	48.75	15.81	47.04	63.6	52.15	36.25	42.11	47.01	46.32	38.83	26.02	56.73	28.23	33.96	40.5	51.86	44.78	19.72	27.02	54.04	23.6	61.29	33.62	49.82	40.36	46.04	43.42	69.34	40.31	67.12	72.14	36.25	15.65	45.65	62.68	7.07	42.01	51.04	49.48	25.55	56.6	46.1	62.17	33.38	19.21	32.28	44.92	43.93	30.08	14.76	42.95	41.87	34.01	20.25	31.91	37.34	32.98	7.07	33.73	64.26	12.65	39.2	21.84	35.01	13.0	12.04	11.4	53.81	34.01	45.45	60.73	65.95	27.07	45.19	50.45	46.14	27.89	68.51	41.44	23.54	49.04	49.03	55.32	3.61	35.06	13.6	60.61	7.21	24.7	39.81	68.6	75.0	21.95	51.09	38.08	73.6	48.01	25.0	31.06	64.41	43.38	20.62	51.48	39.12	42.01	49.24	50.96	70.04	13.15	50.54	62.43	13.04	55.15	71.42	40.16	39.85	51.04	22.14	31.78	61.52	12.0	26.93	34.06	45.0	79.51	6.71	35.74	45.88	59.54	62.29	46.04	18.38	12.21	30.02	43.93	57.8	47.17	20.62	68.77	39.05	57.63	44.6	54.59	54.08	51.24	57.69	41.23	22.09	62.82	26.08	32.2	37.22	42.38	51.79	48.51	19.42	53.91	52.2	49.77	
49.2	0.0	26.25	71.84	40.85	27.8	72.18	65.28	52.89	70.94	39.36	57.56	15.23	22.8	43.86	84.65	37.54	24.04	66.27	90.43	68.47	20.88	13.15	60.22	19.42	11.05	22.02	73.01	33.96	53.23	63.6	75.03	64.44	66.75	73.11	103.86	85.48	38.28	74.67	83.63	41.23	78.43	52.43	52.01	58.0	69.43	46.69	44.72	85.7	11.7	41.11	95.27	56.08	40.72	69.05	17.8	82.98	87.46	53.04	52.2	52.47	67.68	105.89	75.07	38.47	89.63	100.42	92.1	59.46	22.2	81.1	25.61	109.04	26.02	23.26	9.49	40.31	87.66	20.62	86.41	62.03	23.85	45.4	33.97	52.01	66.29	53.04	81.41	89.05	32.45	58.14	78.52	49.09	59.48	25.71	56.92	30.02	83.74	78.92	64.4	53.6	39.12	71.06	75.47	58.52	79.91	34.71	23.09	46.14	75.58	57.01	46.62	81.3	30.0	76.32	44.2	43.86	50.45	102.94	53.01	94.07	51.62	73.82	70.21	22.83	94.03	95.13	73.25	19.7	24.08	29.68	87.24	34.13	103.97	49.58	76.85	38.91	11.4	49.24	62.36	22.0	72.78	77.88	56.44	35.11	49.37	24.41	69.87	54.92	32.98	62.64	71.84	62.03	12.04	77.83	82.37	60.88	45.12	81.5	61.06	21.93	67.08	52.01	30.53	23.32	17.03	28.16	69.05	46.87	32.02	43.91	42.95	26.42	41.19	94.2	83.93	43.27	81.22	90.44	106.53	82.57	15.26	31.06	37.01	71.02	92.7	11.05	77.2	64.08	82.22	61.61	106.07	55.32	22.2	60.3	87.85	105.48	24.35	63.82	50.09	63.06	17.03	75.59	74.33	52.39	53.76	32.8	102.55	3.16	13.04	
56.89	26.25	0.0	49.09	65.19	39.12	73.79	46.32	43.84	62.97	15.03	38.08	35.74	34.01	68.51	83.76	45.28	10.44	51.43	98.95	54.12	46.14	16.55	67.68	31.02	21.84	16.12	91.98	28.18	48.83	63.13	57.01	68.95	46.53	93.15	107.84	79.93	63.89	54.45	93.56	57.87	91.2	60.83	36.72	77.62	73.74	36.07	69.63	75.8	24.74	25.24	94.05	69.01	65.46	48.26	44.05	83.01	98.86	36.25	75.59	40.0	65.73	109.59	76.06	29.21	95.52	102.08	92.11	73.0	35.69	100.9	37.22	108.72	47.85	7.07	31.06	64.9	84.81	28.07	97.16	38.33	40.2	33.97	42.11	35.78	45.18	57.57	75.69	81.47	58.14	53.6	63.56	32.2	37.0	23.54	71.03	51.48	99.05	70.84	58.9	54.13	23.6	89.63	72.01	56.94	81.84	57.71	24.08	57.08	89.05	33.24	60.03	77.47	35.23	72.62	46.49	57.04	52.55	106.45	73.08	96.18	28.07	53.34	68.8	48.27	90.03	101.51	73.06	28.02	15.52	33.38	79.98	59.67	105.68	55.54	73.41	52.09	28.16	60.13	77.06	17.12	51.01	55.15	53.54	13.93	37.01	34.13	56.44	71.7	27.73	40.01	61.4	75.03	14.21	72.18	77.16	83.67	25.0	61.52	70.04	48.1	46.27	53.31	6.08	40.31	18.25	52.15	90.82	63.95	53.31	18.68	56.04	30.15	62.77	99.16	61.2	53.15	80.16	87.62	105.21	104.4	41.04	43.1	46.1	68.01	95.26	19.92	66.61	76.16	62.97	50.61	107.19	77.88	48.41	41.48	79.51	105.39	48.83	62.77	25.5	78.1	31.32	70.09	65.3	76.85	77.41	37.48	104.32	25.24	13.45	
70.72	71.84	49.09	0.0	102.08	66.84	70.83	14.56	38.47	46.1	34.06	16.97	84.17	83.02	105.68	73.06	65.12	47.8	26.17	102.11	28.02	92.72	58.82	76.92	80.1	70.58	50.7	115.21	45.61	47.85	60.73	18.97	72.8	10.44	118.23	101.08	61.29	103.94	11.18	100.24	84.15	103.37	74.09	27.02	104.14	75.58	36.24	107.34	49.48	73.55	32.76	80.16	86.53	103.17	8.06	88.6	74.24	107.22	24.08	109.34	31.91	59.44	102.02	71.2	40.46	94.54	92.01	81.0	90.43	67.68	124.62	66.4	93.77	83.76	49.03	72.09	102.34	70.06	77.01	104.68	11.18	89.27	35.38	64.35	25.5	8.06	66.24	58.08	58.25	98.88	49.04	30.36	26.25	12.37	51.11	89.87	86.02	114.49	50.16	49.24	58.14	34.48	112.41	60.21	55.71	76.94	93.23	54.2	75.6	102.86	16.03	81.06	63.0	58.9	60.13	58.01	78.75	60.03	99.05	101.14	88.09	21.02	9.85	62.17	89.44	71.7	100.28	67.08	77.03	48.47	56.85	57.87	99.85	95.05	67.42	61.13	75.69	76.79	77.42	95.41	51.08	4.47	6.08	52.0	36.88	32.8	83.0	31.0	94.64	46.4	9.22	40.0	91.07	61.19	56.0	60.07	115.31	26.93	16.28	80.95	91.39	8.54	59.06	43.19	89.36	56.08	90.21	119.6	89.2	87.2	31.06	77.99	56.61	95.13	95.75	12.17	71.84	70.18	72.17	88.96	132.01	83.77	69.43	67.21	58.69	88.2	68.59	42.3	90.43	19.1	35.17	95.19	109.71	93.05	16.64	55.32	91.44	88.19	59.48	24.08	96.8	66.73	55.04	45.01	112.8	111.52	58.73	94.02	72.03	59.44	
45.01	40.85	65.19	102.08	0.0	35.78	68.88	91.3	70.23	81.88	75.07	85.44	44.01	56.01	3.61	82.38	41.23	58.9	87.09	71.85	88.26	32.39	48.83	51.2	54.15	50.96	53.76	38.48	56.6	64.76	66.0	98.49	58.86	94.15	36.69	90.82	90.05	8.49	101.12	63.82	25.08	54.56	45.28	76.54	25.0	62.59	67.98	5.39	96.52	50.22	69.4	91.68	38.63	2.24	96.9	27.02	79.62	64.44	78.89	12.0	73.82	71.0	93.06	72.01	61.91	75.59	91.55	87.09	39.36	34.41	44.38	35.85	102.18	18.44	60.0	34.13	1.41	87.82	57.43	64.66	94.49	51.24	68.0	40.16	77.52	94.87	52.0	87.0	96.01	11.4	68.07	97.42	76.01	90.6	51.22	36.67	16.12	54.41	88.36	73.68	58.31	67.8	37.59	79.03	64.28	74.22	8.94	48.27	38.05	50.99	90.03	33.38	84.15	43.83	80.02	51.2	33.06	54.33	90.79	20.52	85.44	84.96	100.72	72.06	18.44	94.89	79.4	72.44	56.44	55.87	45.65	94.01	9.49	94.54	48.01	80.06	32.14	47.68	39.32	38.83	53.04	101.55	107.62	64.78	69.31	71.55	58.01	88.23	29.68	55.76	93.6	85.91	42.06	51.88	84.02	87.02	21.0	76.06	106.89	49.04	22.0	95.19	56.32	67.8	50.25	48.92	13.04	30.15	25.3	15.23	80.06	33.02	45.49	11.4	80.95	113.21	39.05	79.91	90.09	101.53	43.01	25.96	34.18	39.05	75.0	83.57	51.55	90.43	45.18	106.51	78.75	97.31	16.28	25.18	86.95	96.08	98.68	16.55	67.01	84.85	38.6	36.07	82.05	85.99	11.66	13.15	44.78	93.23	43.32	51.97	
21.4	27.8	39.12	66.84	35.78	0.0	45.0	55.57	34.93	49.16	43.86	50.0	41.77	50.61	39.36	57.98	10.0	29.61	51.55	63.07	52.89	40.31	24.33	32.45	47.2	37.59	23.54	53.45	21.26	31.02	37.58	62.77	36.77	58.52	55.15	76.06	61.03	39.29	65.37	56.65	19.31	52.77	24.7	40.82	39.81	41.73	32.2	41.15	64.28	39.12	34.66	68.51	30.27	37.16	61.29	32.89	56.04	61.13	43.27	42.52	38.08	42.15	78.1	48.01	26.4	61.85	72.86	65.0	34.13	5.66	62.63	2.24	81.84	18.44	32.25	19.1	36.25	61.72	48.02	59.77	60.14	50.93	32.25	6.71	41.88	59.41	25.61	57.28	65.73	35.36	35.23	62.37	40.61	55.87	17.89	32.02	19.7	60.0	56.57	41.44	27.86	33.3	50.96	50.33	33.53	52.5	26.83	15.81	18.97	50.36	56.08	21.02	56.08	8.06	51.26	18.68	18.03	24.17	75.17	35.85	66.48	51.4	65.0	44.28	28.07	68.45	67.42	46.65	47.17	25.0	10.0	63.79	35.69	76.38	21.93	51.62	13.0	39.2	22.14	38.0	22.56	66.03	72.2	32.56	37.58	35.78	52.2	53.15	32.76	20.52	58.73	52.04	36.35	31.05	53.85	57.87	48.92	41.87	71.11	33.54	32.56	59.64	26.0	39.05	50.25	21.0	25.5	54.38	25.3	20.59	48.75	17.03	10.82	28.32	66.4	77.67	15.65	54.71	64.41	79.63	67.6	26.57	4.0	9.22	45.88	65.05	36.67	57.0	37.85	70.77	43.74	78.57	43.19	36.14	51.31	65.12	78.24	25.02	38.08	52.15	39.01	10.82	51.66	53.08	46.04	44.69	9.22	74.97	30.81	29.61	
25.08	72.18	73.79	70.83	68.88	45.0	0.0	56.29	35.06	26.42	69.38	57.14	86.68	94.75	71.57	13.6	35.0	63.53	44.92	31.32	43.66	84.72	64.82	18.0	91.22	80.72	58.83	57.27	45.62	26.48	11.18	55.54	10.05	60.42	61.85	34.18	23.41	75.93	62.63	30.53	43.93	36.8	23.77	48.01	53.76	7.62	41.59	73.55	35.0	82.76	53.37	23.71	32.14	71.02	62.82	77.03	11.18	37.74	51.0	68.01	42.01	11.4	35.85	3.16	45.54	24.02	28.6	20.0	33.73	50.61	65.37	47.01	36.88	58.69	67.12	64.03	70.04	19.03	91.35	34.99	71.18	95.78	43.74	38.42	50.01	63.15	19.42	21.95	30.46	74.33	23.02	47.17	52.15	66.12	51.31	35.36	57.25	48.84	27.59	21.59	19.72	53.85	54.63	14.21	17.46	8.06	61.85	52.2	31.32	37.8	70.0	35.51	17.09	42.45	15.0	28.43	36.14	22.02	32.7	54.15	22.47	68.18	63.25	8.94	70.26	26.08	30.0	5.0	90.61	58.67	43.28	28.64	73.76	32.2	23.32	14.42	38.63	83.45	29.61	37.64	57.98	67.45	73.38	21.38	64.2	43.19	96.18	41.23	43.29	46.07	67.36	33.12	32.28	72.01	20.62	21.02	68.73	59.68	64.4	21.21	75.58	62.37	20.81	70.38	95.13	60.0	64.85	67.72	44.1	56.61	72.57	36.4	46.86	57.56	26.31	76.32	31.78	11.05	21.21	34.67	76.06	70.83	42.72	36.06	13.04	21.47	79.4	34.21	29.73	62.18	35.69	34.06	65.19	79.61	55.44	31.76	33.3	66.31	12.04	71.45	38.9	55.32	19.8	29.41	74.01	70.03	39.62	30.81	74.97	70.0	
57.01	65.28	46.32	14.56	91.3	55.57	56.29	0.0	24.41	32.02	32.31	8.25	79.0	79.91	94.89	59.01	52.5	42.01	12.04	87.56	14.32	85.84	52.15	62.65	76.66	66.19	43.29	101.67	34.93	33.62	46.17	10.77	58.31	4.12	104.89	87.0	48.05	94.02	9.85	85.7	71.7	89.0	60.22	14.76	91.22	61.03	23.6	96.65	37.58	69.18	24.19	66.61	72.8	92.59	6.71	80.81	60.03	92.7	12.65	97.65	18.38	44.91	88.02	56.72	29.55	80.06	78.16	67.12	76.61	57.27	111.04	55.47	80.6	73.35	44.18	63.79	91.71	56.44	74.15	90.14	17.46	85.29	23.32	52.2	13.93	7.0	52.15	44.55	45.88	89.32	34.54	19.85	16.28	13.6	41.76	76.22	75.18	100.24	36.88	34.71	43.91	26.17	98.86	46.01	41.23	62.51	82.37	44.92	62.29	88.59	19.21	67.9	49.16	47.51	46.0	44.6	65.76	46.04	85.01	88.53	74.0	21.4	9.43	47.68	80.32	58.69	85.84	52.61	73.98	41.19	45.65	45.22	90.08	81.3	53.6	47.0	63.13	72.06	63.89	81.61	43.42	11.66	18.03	37.58	32.56	20.0	80.23	17.46	81.39	35.85	13.0	26.31	77.1	56.04	42.19	46.53	103.08	21.38	16.28	66.73	82.97	6.08	44.94	40.26	85.21	48.51	80.11	106.79	76.42	76.16	31.38	65.07	46.1	83.49	81.39	22.63	58.69	56.01	58.69	75.93	118.87	75.43	57.69	54.67	44.28	74.03	64.2	29.41	76.32	17.0	20.62	81.61	97.62	85.15	5.0	43.08	78.09	78.55	44.92	25.61	83.01	57.25	41.05	31.4	101.55	99.86	46.87	80.22	66.07	54.01	
32.65	52.89	43.84	38.47	70.23	34.93	35.06	24.41	0.0	19.21	35.78	22.8	68.01	72.45	73.74	41.79	29.53	35.0	17.0	65.38	18.03	71.45	41.23	38.48	68.88	57.7	32.65	77.34	18.97	9.49	24.0	28.84	34.93	28.3	80.66	68.45	36.12	74.22	33.24	62.59	48.55	65.0	35.81	13.04	67.36	38.33	7.81	75.61	33.11	60.42	19.72	51.43	48.41	71.78	31.06	65.07	41.76	69.38	16.12	75.18	7.07	24.52	69.86	36.35	15.26	59.01	61.03	50.33	52.2	38.21	86.68	35.51	66.19	53.37	38.42	48.26	70.84	41.68	67.6	66.94	36.67	75.96	10.0	30.08	15.03	30.41	27.78	31.89	37.8	70.21	12.04	27.46	17.12	31.58	27.2	51.86	54.41	76.03	27.2	15.65	19.7	20.81	74.52	29.07	18.11	42.43	61.35	29.83	38.21	64.4	35.06	43.93	34.13	27.29	29.53	20.62	42.01	21.63	66.71	65.0	55.79	33.14	33.3	27.66	62.29	46.4	65.03	32.56	67.12	31.38	26.08	36.24	70.61	64.51	29.21	30.41	39.96	62.39	39.62	57.2	32.2	36.06	42.44	14.14	31.62	8.25	73.36	18.25	57.28	19.92	33.24	18.97	52.7	47.41	28.43	33.42	79.88	25.0	37.8	42.49	66.03	30.02	20.59	39.05	75.61	36.4	60.42	82.98	52.8	55.03	38.28	41.4	28.02	61.27	61.29	46.86	34.83	38.28	44.42	62.27	94.75	59.01	36.06	31.76	25.63	55.32	55.9	24.35	51.97	36.89	9.0	65.55	74.63	69.01	21.93	36.06	63.07	59.68	23.02	36.5	58.6	40.01	26.4	21.95	79.62	77.41	25.71	63.25	54.71	45.18	
38.28	70.94	62.97	46.1	81.88	49.16	26.42	32.02	19.21	0.0	53.82	35.17	86.16	91.3	85.16	27.0	41.05	54.2	20.0	57.38	18.11	88.29	59.94	38.6	87.71	76.54	51.62	80.21	37.59	18.25	19.21	29.41	31.83	36.0	84.31	55.01	17.49	87.21	36.88	56.94	57.72	62.48	39.81	28.65	73.35	32.8	26.91	87.13	15.13	79.18	38.29	34.93	51.97	83.73	38.05	81.39	28.16	64.14	30.87	84.48	23.6	15.62	56.01	26.0	34.41	49.04	46.17	35.13	54.92	53.6	89.02	50.36	49.34	67.0	57.63	65.25	82.73	24.74	86.61	61.4	48.66	94.43	29.0	43.01	30.41	39.01	31.38	13.42	18.6	84.01	14.0	20.81	33.62	43.93	45.62	55.57	67.12	74.41	8.06	8.25	23.77	39.62	77.42	14.14	18.03	31.32	73.44	47.93	45.22	62.97	48.76	50.92	17.26	42.76	14.04	31.02	50.0	27.66	53.0	72.24	42.01	48.47	37.66	17.49	77.23	28.18	54.57	21.93	86.09	50.48	42.2	17.03	84.05	49.37	34.79	15.03	49.82	80.96	45.31	59.64	51.11	42.3	47.85	17.12	50.33	26.25	92.28	15.3	62.61	38.47	44.41	6.71	54.41	66.37	10.44	15.23	87.46	42.19	38.08	42.8	81.61	38.0	25.71	58.0	94.02	55.01	74.01	88.59	60.41	67.27	55.57	49.73	44.92	71.59	49.82	50.29	43.17	24.08	27.2	44.94	98.74	75.13	49.0	43.1	13.42	42.11	74.79	8.94	52.63	35.78	13.42	49.82	82.87	85.0	32.56	17.0	46.57	74.06	17.8	52.39	61.03	56.52	9.06	4.12	89.74	86.68	40.45	48.26	73.01	64.14	
57.22	39.36	15.03	34.06	75.07	43.86	69.38	32.31	35.78	53.82	0.0	24.17	50.45	49.0	78.57	77.47	47.07	16.28	39.2	97.42	42.01	60.01	27.2	67.0	46.04	36.67	21.4	97.14	26.08	43.01	58.24	43.08	66.48	32.02	99.01	103.45	71.28	75.07	39.81	93.02	63.16	92.44	61.2	25.5	83.67	70.86	28.23	79.93	65.05	39.62	16.16	87.21	71.39	75.69	33.54	56.94	77.25	99.02	24.08	84.4	30.23	59.81	105.0	71.17	24.19	92.57	96.57	86.01	75.5	42.19	106.4	42.49	101.97	56.85	16.12	41.87	75.01	77.41	43.01	97.0	23.35	55.23	26.0	44.64	24.04	30.41	56.04	67.12	71.7	69.53	47.17	50.77	20.52	22.02	26.0	73.98	60.0	101.61	61.22	51.43	50.64	15.52	94.58	64.85	51.92	77.2	66.84	28.18	59.23	90.8	18.25	63.32	69.84	37.64	65.3	45.0	60.44	50.16	101.83	79.61	91.08	13.04	38.64	62.97	59.67	81.84	98.66	67.68	43.0	19.42	35.44	70.43	70.84	100.09	55.04	66.19	55.97	42.95	61.98	80.05	22.2	36.06	40.11	48.08	6.32	27.78	49.04	44.69	76.22	26.17	25.0	50.99	77.1	27.86	63.81	68.8	91.81	12.04	46.87	70.06	60.46	31.58	50.36	9.22	55.33	26.17	62.24	98.01	69.08	61.61	5.0	59.48	33.24	70.72	95.57	46.17	55.11	73.93	80.13	98.01	111.36	53.01	47.54	48.51	61.33	90.44	34.71	55.87	77.65	48.51	40.61	101.24	85.98	61.4	27.73	69.43	98.84	59.41	57.57	10.77	81.25	39.2	61.91	55.44	86.56	86.4	39.05	98.79	39.0	26.4	
54.2	57.56	38.08	16.97	85.44	50.0	57.14	8.25	22.8	35.17	24.17	0.0	71.03	71.7	89.04	61.66	48.17	34.01	16.64	87.97	19.42	78.26	44.41	61.1	68.47	58.08	35.69	98.47	28.84	32.28	46.39	18.97	57.72	9.22	101.4	89.36	52.2	87.66	17.12	85.38	67.18	87.66	57.71	10.3	87.21	61.0	19.42	90.74	43.27	61.07	16.76	70.09	69.97	86.61	11.7	73.5	62.29	92.18	7.21	92.46	15.81	46.01	90.55	58.01	23.6	81.15	81.05	70.04	73.93	51.11	107.9	49.65	84.48	67.23	36.06	56.61	85.76	59.91	65.92	89.74	14.04	77.16	18.44	47.38	8.6	9.43	50.16	48.38	51.0	82.76	34.37	27.02	9.43	9.0	34.93	73.25	69.34	98.49	41.23	36.01	42.38	18.68	95.69	48.51	40.79	64.0	76.55	38.08	58.82	86.93	13.6	64.2	52.39	42.01	48.66	41.34	61.85	43.86	87.46	84.17	76.42	14.21	16.28	49.0	73.54	62.97	87.09	54.0	65.76	33.54	40.0	50.09	83.63	84.34	51.0	49.65	58.73	64.01	60.75	78.89	35.9	16.12	22.2	36.88	24.33	16.12	72.01	22.47	77.8	29.68	10.44	30.46	74.71	48.0	45.61	50.29	98.35	13.15	24.02	65.0	75.89	9.85	43.08	32.02	77.1	41.0	73.82	102.65	72.25	70.46	23.6	61.07	39.96	78.24	83.0	27.78	55.0	58.42	62.36	80.01	115.11	68.31	52.5	50.25	46.1	76.24	56.08	34.48	74.25	25.08	22.2	84.93	92.76	77.88	3.61	48.37	81.74	72.01	45.28	18.44	80.26	50.57	44.15	35.47	96.02	94.64	41.77	83.19	58.22	46.01	
62.94	15.23	35.74	84.17	44.01	41.77	86.68	79.0	68.01	86.16	50.45	71.03	0.0	12.0	46.17	99.4	51.74	37.01	80.89	102.9	83.19	13.42	27.29	73.66	10.44	13.93	36.35	80.41	49.04	68.45	78.49	89.09	78.52	80.1	79.63	117.52	100.65	38.64	88.09	95.72	51.88	89.44	65.86	66.37	65.51	83.45	61.61	46.39	100.9	11.18	55.08	110.0	67.74	43.1	82.22	17.0	97.62	98.88	67.12	56.01	67.27	82.68	119.6	89.64	53.37	102.94	114.63	106.67	70.71	36.12	87.57	39.7	123.56	34.54	35.23	22.67	43.05	102.63	14.32	98.11	73.76	9.22	60.21	48.27	66.19	79.31	67.36	96.6	104.28	33.24	73.35	93.21	63.07	71.85	40.8	68.0	38.28	93.3	94.15	79.62	68.51	53.08	78.85	90.55	73.57	94.26	40.61	38.28	59.03	86.33	68.66	58.52	96.38	44.94	91.42	59.08	56.04	65.22	116.73	60.42	108.25	63.35	87.14	85.15	26.17	109.08	108.23	88.01	13.42	38.21	44.78	102.46	35.23	118.14	63.7	91.92	51.4	7.62	62.01	72.92	36.5	85.59	90.26	71.59	47.38	64.13	14.0	84.72	64.62	48.08	74.97	86.98	73.43	23.09	93.02	97.53	65.01	58.14	95.05	74.03	22.02	80.22	66.85	41.23	8.49	31.78	33.54	74.03	56.86	40.16	54.41	55.22	41.59	48.05	107.71	96.34	56.64	96.02	105.39	121.21	87.02	19.92	44.55	50.93	86.09	106.79	15.81	92.35	75.8	96.0	76.66	120.34	60.03	19.42	74.0	103.08	119.97	29.61	78.77	61.13	73.41	31.4	90.79	89.54	54.45	57.08	47.71	116.73	13.34	25.02	
72.01	22.8	34.01	83.02	56.01	50.61	94.75	79.91	72.45	91.3	49.0	71.7	12.0	0.0	58.14	106.96	60.31	38.6	83.52	113.02	86.02	24.74	31.38	83.01	3.61	14.76	39.81	92.23	53.71	74.33	85.8	90.43	87.21	80.4	91.55	126.66	106.78	50.49	88.36	106.07	62.77	100.32	75.21	68.68	77.28	92.2	65.39	58.31	105.55	12.21	57.01	117.59	78.26	55.08	82.22	29.0	105.42	109.59	68.88	68.01	70.58	89.64	128.69	97.59	57.27	112.41	123.11	114.59	81.44	45.0	99.5	48.41	131.55	45.88	35.9	31.91	55.04	109.64	6.08	108.67	72.11	7.81	63.69	56.73	68.15	79.16	75.74	102.63	109.77	45.18	79.32	95.88	64.76	71.01	45.79	78.79	49.73	104.69	99.36	85.44	75.82	55.08	90.61	97.2	80.43	102.55	52.47	43.83	68.8	97.31	67.07	68.88	103.0	52.35	98.01	66.53	66.24	72.86	125.73	72.18	116.78	62.01	87.28	92.31	38.12	115.8	117.89	95.59	6.0	41.23	51.74	108.05	47.17	126.67	72.35	98.6	61.4	11.4	71.87	83.93	40.25	85.02	89.05	78.01	47.38	67.42	2.0	87.92	75.89	52.84	74.0	91.29	84.1	25.08	99.02	103.73	77.01	58.55	95.43	83.76	34.01	80.22	74.33	40.05	8.49	36.36	45.4	86.02	68.01	51.66	52.15	65.37	48.27	59.84	117.0	95.08	66.03	103.48	112.45	128.89	99.02	31.58	53.82	59.82	92.8	115.43	16.55	96.66	86.31	96.75	80.62	128.72	72.03	31.26	74.97	108.3	128.0	41.44	85.91	59.14	84.5	39.82	96.8	94.37	66.37	69.07	55.17	125.26	19.85	27.31	
48.01	43.86	68.51	105.68	3.61	39.36	71.57	94.89	73.74	85.16	78.57	89.04	46.17	58.14	0.0	85.0	44.64	62.37	90.62	73.25	91.76	34.06	52.2	53.76	56.44	53.76	57.28	38.08	60.21	68.15	69.03	102.04	61.52	97.75	35.85	92.57	93.01	8.54	104.71	65.19	28.0	55.61	48.09	80.13	25.46	65.12	71.55	2.0	99.72	52.89	73.01	94.15	40.8	3.16	100.5	29.27	82.2	65.44	82.49	10.44	77.39	74.03	94.81	74.67	65.51	77.39	93.64	89.5	41.23	38.01	43.32	39.45	104.36	22.02	63.41	37.44	3.61	90.55	59.84	65.8	98.08	53.04	71.59	43.66	81.12	98.48	55.04	90.02	99.05	13.0	71.39	100.88	79.61	94.2	54.82	38.63	19.72	54.67	91.55	76.94	61.52	71.4	37.44	82.0	67.48	76.69	12.53	51.86	41.0	52.01	93.61	36.12	87.05	47.41	83.0	54.57	36.0	57.56	92.61	21.4	87.6	88.53	104.32	75.01	21.19	97.62	81.01	75.24	58.86	59.4	49.24	97.05	11.0	96.57	51.09	83.01	35.36	50.22	42.11	40.31	56.57	105.15	111.22	68.07	72.84	75.13	60.13	91.71	31.3	59.36	97.2	89.27	43.86	55.07	87.09	90.0	19.24	79.65	110.46	51.42	24.19	98.79	59.54	71.22	52.04	52.4	16.4	28.64	27.66	18.79	83.55	36.01	49.09	14.04	82.76	116.81	42.19	82.61	92.78	103.85	41.05	28.79	37.7	42.45	78.03	85.7	54.42	93.74	47.01	110.07	82.22	99.37	15.23	27.0	90.55	99.18	100.88	19.72	70.06	88.39	39.96	39.62	85.15	89.27	8.54	11.05	48.33	95.27	46.24	55.23	
38.63	84.65	83.76	73.06	82.38	57.98	13.6	59.01	41.79	27.0	77.47	61.66	99.4	106.96	85.0	0.0	48.02	73.82	47.0	34.06	45.04	98.01	76.38	31.26	103.39	92.66	69.66	68.01	55.8	34.99	21.21	55.73	23.54	63.0	72.8	28.02	15.0	89.5	63.51	36.4	57.49	45.18	37.36	53.85	66.19	20.02	49.24	86.98	29.15	94.85	61.33	10.63	45.01	84.53	65.03	90.35	3.16	43.28	56.52	81.06	48.08	18.03	29.02	10.44	54.71	24.41	19.42	8.54	46.1	63.51	75.39	59.91	25.0	72.24	77.42	76.84	83.55	6.71	103.25	40.46	75.43	108.41	51.48	51.31	55.79	66.01	32.65	16.16	21.93	87.93	30.41	45.61	58.52	70.58	62.37	48.01	70.84	56.94	24.04	26.25	31.14	62.17	65.52	13.15	27.02	9.49	75.43	63.66	44.92	47.01	75.13	49.03	10.44	54.67	13.04	40.46	49.73	34.21	26.0	67.0	15.03	74.22	64.38	15.0	83.77	13.15	29.07	11.4	102.55	69.2	55.23	20.62	87.36	22.8	36.67	12.04	52.2	95.78	43.17	49.5	68.88	69.18	74.55	30.23	72.9	49.98	108.3	42.11	56.01	56.4	71.25	33.14	44.28	83.49	17.26	14.32	81.22	66.73	63.79	34.01	89.05	65.0	32.65	79.76	107.8	71.45	78.43	79.43	57.43	70.21	80.06	50.0	58.73	71.02	23.77	76.49	45.31	3.61	8.06	21.93	86.65	84.12	55.95	49.24	16.16	15.3	91.22	32.02	41.44	61.13	39.46	23.77	78.01	93.04	59.3	24.21	21.63	79.85	21.26	77.88	50.64	68.01	18.03	28.28	87.14	83.02	51.86	21.59	87.32	81.39	
12.08	37.54	45.28	65.12	41.23	10.0	35.0	52.5	29.53	41.05	47.07	48.17	51.74	60.31	44.64	48.02	0.0	35.06	46.53	54.42	47.42	50.09	32.31	23.26	56.85	46.87	29.15	51.0	21.54	23.54	27.86	58.31	26.91	55.9	53.54	66.4	51.66	46.17	62.01	48.51	19.21	46.01	15.81	38.18	39.05	31.89	29.0	46.57	56.0	48.6	34.89	58.52	24.33	42.95	58.73	42.54	46.04	53.6	41.04	45.65	34.21	32.57	68.41	38.01	25.55	52.48	62.94	55.0	28.44	15.62	60.42	12.04	71.84	26.08	38.21	29.07	41.98	51.89	57.43	51.97	59.91	60.88	29.73	3.61	39.62	57.28	15.62	48.05	56.72	43.01	27.07	56.3	39.2	55.22	22.0	26.93	26.08	54.59	48.04	33.0	18.44	34.01	48.3	40.8	24.33	42.52	32.56	21.21	12.17	44.05	56.44	16.55	46.49	10.05	41.76	10.05	13.89	14.56	65.44	36.07	56.57	52.33	61.85	34.54	36.88	58.69	58.18	36.72	56.61	30.02	12.0	54.74	43.01	66.47	12.04	42.06	10.63	48.92	15.03	32.98	28.16	63.66	70.01	24.0	40.79	32.56	61.85	47.17	30.02	21.19	57.8	44.72	30.15	39.4	44.72	48.51	50.61	42.49	67.12	25.0	41.76	57.28	16.49	44.01	60.21	28.16	33.02	54.49	24.08	26.31	51.66	13.04	15.13	31.78	56.86	75.07	8.06	44.78	54.56	69.63	67.01	36.25	8.25	2.24	36.4	55.17	45.79	49.37	31.0	66.37	37.7	68.62	45.22	45.54	48.8	56.32	68.25	33.38	28.46	53.85	34.21	20.52	42.58	45.1	50.16	47.89	8.06	65.05	40.46	37.7	
46.53	24.04	10.44	47.8	58.9	29.61	63.53	42.01	35.0	54.2	16.28	34.01	37.01	38.6	62.37	73.82	35.06	0.0	44.92	88.53	47.43	44.92	11.18	57.27	35.17	24.33	6.08	82.97	18.03	39.05	53.0	52.24	58.52	43.1	84.43	97.51	70.77	58.8	51.09	83.19	48.76	81.06	50.49	30.08	68.95	63.32	27.46	63.7	67.74	27.29	18.44	84.2	59.03	59.46	45.28	41.15	72.95	88.57	30.41	68.51	32.2	55.8	99.28	65.86	19.85	85.09	91.92	82.1	63.07	26.93	92.05	27.89	98.81	40.8	3.61	25.61	58.8	75.17	33.24	86.83	38.08	43.42	25.55	32.0	29.61	42.43	47.13	66.53	72.8	53.26	43.93	57.28	26.31	35.44	13.15	61.2	44.1	89.2	62.2	49.5	43.83	16.49	80.52	62.37	46.87	71.59	50.8	14.04	47.0	79.0	33.11	50.25	67.94	25.02	63.03	36.06	47.27	42.15	96.15	64.62	85.96	27.73	50.16	58.82	43.42	80.62	91.08	62.97	32.89	5.1	23.09	71.22	54.56	95.52	45.12	63.78	42.43	30.07	50.01	67.27	7.07	48.84	53.85	43.6	11.18	29.07	39.22	49.4	62.37	17.49	38.6	53.34	65.01	14.04	62.97	67.9	76.16	21.21	58.03	59.68	44.42	43.29	42.95	9.49	43.29	10.0	46.01	82.76	54.82	45.79	21.21	46.27	20.0	55.07	88.77	59.91	43.01	70.21	77.99	95.43	96.25	36.89	33.54	36.0	58.26	85.0	22.36	58.67	66.03	59.01	42.54	97.1	70.33	45.62	37.01	71.03	95.44	43.14	52.7	26.63	68.36	23.32	60.83	56.86	70.43	70.46	27.17	94.15	24.33	12.0	
48.84	66.27	51.43	26.17	87.09	51.55	44.92	12.04	17.0	20.0	39.2	16.64	80.89	83.52	90.62	47.0	46.53	44.92	0.0	76.24	2.83	86.0	53.6	53.01	80.08	69.12	44.55	93.35	33.06	24.76	35.34	12.04	47.89	16.0	96.9	75.01	36.14	90.8	17.89	74.85	65.51	78.89	51.62	14.87	84.02	50.16	20.1	92.48	26.63	72.03	26.57	54.59	64.35	88.6	18.11	80.16	48.09	81.94	15.26	92.18	14.04	33.53	76.01	45.12	28.0	68.45	66.12	55.08	67.94	54.34	102.59	51.92	68.66	69.92	47.76	63.07	87.66	44.41	78.11	79.31	29.12	88.07	21.0	47.01	15.65	19.03	43.19	32.56	34.44	86.59	24.41	12.37	19.24	24.7	41.0	67.88	71.17	90.43	25.0	23.41	34.71	28.46	90.52	34.06	31.06	50.8	78.19	44.01	54.82	78.77	29.97	60.61	37.12	43.68	34.01	37.44	58.82	37.48	73.0	81.84	62.01	30.81	18.38	36.14	78.26	46.84	74.15	41.0	77.79	42.76	42.2	33.62	87.09	69.26	45.28	35.01	56.94	74.53	55.97	72.92	44.41	22.56	28.46	27.8	37.59	17.0	84.12	5.83	73.76	34.06	24.74	14.32	68.12	58.69	30.15	34.53	96.8	27.2	21.21	57.2	81.61	18.0	36.07	45.65	87.86	49.25	76.92	99.64	69.63	71.87	39.6	58.25	43.57	78.26	69.58	31.76	51.61	44.05	46.69	64.03	111.13	74.33	52.92	48.76	32.56	62.07	67.19	17.89	67.01	20.0	10.0	69.58	91.59	84.29	13.42	31.76	66.1	75.93	34.01	35.0	74.33	55.44	29.02	19.42	96.61	94.41	42.38	68.18	67.6	56.52	
42.38	90.43	98.95	102.11	71.85	63.07	31.32	87.56	65.38	57.38	97.42	87.97	102.9	113.02	73.25	34.06	54.42	88.53	76.24	0.0	74.95	97.08	86.73	31.32	109.77	100.62	82.97	43.42	71.85	56.14	41.59	86.73	31.02	91.68	48.37	21.1	49.04	80.21	93.92	8.06	51.74	18.68	38.63	78.41	48.75	27.07	71.03	74.95	63.01	102.0	82.05	35.51	35.47	74.06	94.11	89.38	31.4	11.18	81.5	65.74	72.44	42.72	23.19	31.38	73.25	10.0	26.93	30.81	33.24	68.43	48.04	65.31	37.48	69.53	91.92	81.12	73.24	40.31	110.94	9.0	101.97	112.07	73.01	57.94	80.4	94.37	41.59	49.65	55.97	80.92	53.6	77.82	82.15	96.88	75.43	36.07	66.53	27.17	56.94	52.89	47.01	82.15	41.77	43.83	47.27	26.42	68.01	75.29	44.29	22.14	100.4	44.41	43.83	64.2	44.29	52.77	46.87	47.27	22.0	51.97	23.71	98.08	94.56	40.16	80.66	44.82	9.0	35.47	110.06	83.43	65.8	54.67	79.65	28.28	43.42	43.42	51.62	101.71	41.18	33.02	82.01	98.76	104.69	51.24	91.66	73.17	114.74	72.45	42.2	72.01	98.31	64.08	30.41	93.78	49.74	48.01	62.3	89.0	95.46	29.55	86.31	93.62	47.1	96.69	111.25	82.54	73.54	57.07	48.1	65.07	101.18	47.71	69.26	61.22	13.6	107.56	47.42	35.23	40.36	39.56	60.03	84.02	59.48	54.23	44.01	21.95	99.74	64.41	27.59	93.11	66.94	31.26	61.33	90.55	86.49	58.26	34.93	76.42	42.76	101.0	33.29	73.79	49.65	59.93	72.01	67.12	61.68	27.46	93.54	92.11	
49.04	68.47	54.12	28.02	88.26	52.89	43.66	14.32	18.03	18.11	42.01	19.42	83.19	86.02	91.76	45.04	47.42	47.43	2.83	74.95	0.0	88.02	55.9	52.63	82.57	71.57	46.87	93.35	35.0	25.0	34.48	12.21	47.17	18.11	97.0	73.06	33.73	92.18	18.97	73.82	66.24	78.23	51.66	17.46	84.4	49.19	22.0	93.64	23.85	74.46	29.15	52.35	64.38	89.81	20.0	82.05	46.27	80.96	18.03	93.02	16.03	32.31	74.01	43.68	30.07	66.94	64.03	53.01	67.88	55.9	102.53	53.37	66.29	71.31	50.33	65.01	88.87	42.19	80.65	78.29	31.62	90.47	23.09	48.1	18.36	21.21	43.14	30.27	31.78	88.07	24.08	10.05	21.95	27.31	43.05	67.94	72.42	89.87	22.56	22.36	34.66	31.02	90.52	32.25	30.61	49.24	79.38	46.01	55.22	78.24	32.65	61.03	35.01	45.12	32.14	38.08	59.36	37.64	71.03	82.38	60.07	33.6	19.65	34.79	79.91	44.38	72.57	39.56	80.32	45.12	43.74	31.02	88.53	67.12	45.45	33.14	57.71	76.9	56.22	72.84	46.69	24.19	29.83	27.59	40.31	19.1	86.65	3.16	74.03	36.0	27.2	12.04	67.94	61.13	28.02	32.25	97.42	30.0	21.4	56.85	83.38	20.1	36.12	48.37	90.24	51.48	78.34	100.0	70.18	73.05	42.43	58.83	45.28	79.2	67.9	32.7	52.15	42.19	44.41	61.61	111.29	76.16	54.08	49.66	31.05	60.21	69.64	15.23	66.71	19.8	10.0	67.36	92.28	86.15	16.12	29.07	63.79	77.47	33.12	37.8	74.25	57.22	27.02	17.12	97.58	95.26	43.68	66.07	69.87	58.94	
59.91	20.88	46.14	92.72	32.39	40.31	84.72	85.84	71.45	88.29	60.01	78.26	13.42	24.74	34.06	98.01	50.09	44.92	86.0	97.08	88.02	0.0	33.96	69.81	23.77	25.5	42.58	70.21	53.04	70.09	77.88	95.34	75.72	87.48	68.88	113.36	101.24	26.02	95.35	89.5	45.34	82.1	62.2	72.17	55.71	80.45	66.03	34.0	103.37	23.35	61.66	108.41	61.62	31.14	89.82	7.81	95.88	91.84	73.44	44.28	72.01	82.46	115.52	87.82	58.0	98.35	111.61	104.62	64.03	35.11	76.69	38.63	121.2	27.59	44.01	23.19	31.26	101.98	27.73	91.4	82.87	19.0	65.0	47.01	72.34	87.1	65.37	97.41	105.65	21.1	74.73	98.05	69.58	80.36	45.0	61.22	30.61	84.53	96.05	81.04	68.15	59.68	68.95	90.62	73.74	91.81	30.87	42.01	54.82	78.77	77.83	53.04	96.38	45.61	91.55	58.87	50.99	64.47	112.81	50.7	105.21	72.45	94.54	84.58	16.64	108.75	103.24	86.77	26.83	44.72	46.1	103.74	23.09	115.0	61.4	91.92	47.01	19.85	57.49	65.46	42.43	93.62	98.76	72.42	55.97	69.0	26.68	89.14	56.6	52.04	83.52	90.09	66.84	32.2	93.92	98.08	53.24	65.97	102.11	69.43	11.18	87.86	66.31	50.99	18.0	37.34	24.19	62.51	49.41	32.2	64.4	50.33	43.57	38.48	103.39	104.81	53.25	94.83	104.65	119.36	75.11	13.89	42.06	48.76	86.16	103.6	27.02	95.35	69.53	102.7	80.4	117.41	48.66	7.28	80.89	104.81	117.6	20.81	78.39	70.77	65.73	31.78	91.71	91.98	42.01	45.1	48.08	113.6	21.02	33.62	
44.38	13.15	16.55	58.82	48.83	24.33	64.82	52.15	41.23	59.94	27.2	44.41	27.29	31.38	52.2	76.38	32.31	11.18	53.6	86.73	55.9	33.96	0.0	55.54	27.78	16.64	9.06	75.95	22.36	43.01	55.17	62.0	58.31	53.6	76.9	97.94	75.45	48.08	61.52	80.65	42.11	77.1	48.1	39.12	61.39	63.29	34.48	53.41	74.32	19.24	28.02	86.98	54.59	49.2	55.9	29.97	75.07	85.38	40.0	59.06	40.02	58.73	99.86	67.48	26.25	84.53	93.41	84.29	58.42	20.0	84.72	22.2	101.24	31.3	11.31	14.87	48.6	78.64	27.02	83.93	49.24	34.79	32.98	28.79	39.01	53.15	46.65	71.28	78.39	42.45	48.01	65.92	36.01	46.49	14.42	56.22	34.93	84.1	68.0	54.08	45.34	26.02	73.68	66.07	49.52	72.8	41.18	12.73	43.17	74.67	44.28	45.28	71.84	22.83	66.84	36.4	42.3	42.8	96.8	56.75	87.2	38.91	60.67	61.52	32.56	84.65	90.34	65.12	26.4	11.0	21.63	76.66	43.84	97.01	43.83	67.48	37.22	21.19	46.32	62.13	9.22	59.67	64.85	46.86	22.36	36.88	32.45	57.49	56.08	21.47	49.65	60.17	60.67	7.21	67.68	72.42	67.12	32.02	68.36	57.25	33.29	53.94	44.05	19.1	34.48	5.0	35.81	74.33	48.17	36.77	32.02	41.3	18.03	46.24	88.68	70.88	39.56	72.84	81.47	98.29	87.92	25.81	28.28	32.57	61.72	86.02	15.0	65.55	62.17	69.12	49.65	98.86	61.33	34.44	47.17	76.94	97.74	32.65	55.15	37.74	63.07	15.13	65.46	63.07	60.46	60.9	25.55	95.6	14.04	5.39	
11.18	60.22	67.68	76.92	51.2	32.45	18.0	62.65	38.48	38.6	67.0	61.1	73.66	83.01	53.76	31.26	23.26	57.27	53.01	31.32	52.63	69.81	55.54	0.0	79.63	69.97	51.66	41.62	41.05	29.07	19.42	64.82	8.06	66.65	45.79	43.86	40.79	58.52	70.72	26.08	26.57	26.57	7.81	50.92	36.14	11.4	42.45	55.73	50.57	71.56	52.35	40.52	14.32	53.37	69.35	62.01	28.44	32.06	54.08	50.01	45.31	23.71	45.97	21.02	43.1	29.41	41.88	36.06	16.55	38.01	50.45	34.67	51.88	42.72	60.64	51.22	52.39	37.01	80.45	30.0	74.63	82.88	44.15	26.83	52.81	68.88	11.18	38.6	47.54	57.38	28.6	58.73	53.85	69.57	44.15	17.72	40.71	37.59	42.49	31.14	18.79	52.15	38.83	30.36	22.02	23.09	44.6	43.97	15.0	25.94	72.28	18.03	34.53	32.89	31.32	22.0	19.24	17.46	43.14	36.22	35.51	69.23	71.02	23.41	54.38	44.05	34.99	22.2	79.61	52.17	34.48	45.61	56.65	45.22	12.17	31.05	22.8	71.61	12.53	21.1	50.7	74.3	80.62	25.24	61.03	45.22	84.63	50.99	25.5	41.11	71.51	44.69	15.81	62.65	36.4	38.08	50.99	59.68	74.03	4.24	59.91	68.43	18.03	65.62	82.13	51.26	48.3	50.7	26.17	39.81	71.06	19.72	37.95	39.81	34.06	84.6	17.03	29.02	39.12	50.7	60.21	56.08	29.21	23.32	27.31	33.84	68.96	47.43	14.14	72.35	43.01	47.71	47.27	64.07	60.42	48.38	48.3	50.25	20.81	71.7	22.47	43.27	34.93	42.44	56.01	52.04	30.36	43.83	63.25	60.93	
68.6	19.42	31.02	80.1	54.15	47.2	91.22	76.66	68.88	87.71	46.04	68.47	10.44	3.61	56.44	103.39	56.85	35.17	80.08	109.77	82.57	23.77	27.78	79.63	0.0	11.18	36.25	89.81	50.12	70.72	82.22	87.13	83.74	77.23	89.27	123.23	103.17	49.03	85.21	102.88	59.81	97.31	71.85	65.25	74.81	88.73	61.85	56.72	101.98	8.6	53.6	114.02	75.15	53.34	79.1	27.17	101.86	106.51	65.51	66.12	67.07	86.05	125.25	94.05	53.71	109.04	119.6	111.04	78.39	41.62	97.25	45.0	128.0	43.17	32.56	28.65	53.24	106.04	4.24	105.55	69.26	9.49	60.17	53.26	64.76	76.06	72.25	99.02	106.17	43.57	75.72	92.44	61.39	68.01	42.19	75.77	47.07	101.92	95.77	81.84	72.25	51.66	88.12	93.6	76.84	99.04	50.16	40.22	65.51	94.34	64.2	65.74	99.4	48.8	94.4	62.97	63.06	69.31	122.29	69.72	113.28	59.08	84.15	88.73	36.0	112.2	114.55	92.02	3.61	37.7	48.17	104.45	45.54	123.17	68.88	95.0	58.18	8.06	68.6	80.99	36.67	82.0	86.15	74.4	44.18	63.91	5.0	84.43	73.08	49.24	71.03	87.73	81.02	21.54	95.41	100.12	75.11	55.33	92.27	80.45	32.25	77.1	70.77	37.0	9.85	32.76	43.1	84.01	65.15	49.03	49.37	62.18	44.69	57.43	113.6	92.2	62.68	99.9	108.85	125.32	97.13	29.15	50.48	56.4	89.2	111.95	13.0	93.11	83.19	93.54	77.08	125.21	70.01	29.83	71.7	104.71	124.46	39.12	82.33	56.32	81.6	36.4	93.19	90.79	64.78	67.27	51.62	121.75	16.4	23.77	
58.83	11.05	21.84	70.58	50.96	37.59	80.72	66.19	57.7	76.54	36.67	58.08	13.93	14.76	53.76	92.66	46.87	24.33	69.12	100.62	71.57	25.5	16.64	69.97	11.18	0.0	25.08	84.02	38.95	59.64	71.45	76.53	73.6	67.01	84.05	113.23	92.09	47.42	75.01	94.02	52.17	89.19	62.27	54.34	69.01	78.6	50.7	54.42	90.8	3.0	42.76	103.28	66.73	50.6	69.01	25.55	91.22	98.08	54.74	62.59	55.97	75.17	115.21	83.49	42.54	99.32	109.22	100.42	70.21	32.2	92.05	35.36	117.39	37.0	22.02	20.4	50.29	95.13	10.63	96.93	60.02	19.1	49.04	43.27	53.94	66.03	62.01	87.92	95.02	41.63	64.64	81.49	50.64	58.31	31.06	67.72	41.0	94.73	84.6	70.72	61.52	40.79	82.1	82.62	65.95	88.62	45.4	29.21	56.36	86.4	54.92	57.25	88.41	38.29	83.41	52.35	54.42	58.73	112.2	64.0	102.94	49.65	74.0	77.9	32.57	101.21	104.96	81.32	9.9	26.57	37.48	93.3	43.46	112.81	58.82	84.02	49.4	6.32	59.51	73.25	25.5	72.17	76.66	63.41	34.01	52.81	15.81	73.38	65.92	38.08	61.4	76.56	72.73	10.44	84.31	89.05	71.39	45.01	82.02	71.12	30.41	67.01	60.11	27.46	19.03	21.63	38.64	79.76	57.87	43.0	40.52	53.49	33.94	52.09	103.73	82.73	53.24	89.14	97.95	114.59	93.21	25.0	41.15	46.65	78.24	101.67	2.0	81.94	74.67	83.15	65.92	114.77	65.92	29.41	61.2	93.54	113.86	34.71	71.51	47.3	73.98	26.83	82.1	79.61	62.3	64.03	41.11	111.4	8.0	12.65	
40.79	22.02	16.12	50.7	53.76	23.54	58.83	43.29	32.65	51.62	21.4	35.69	36.35	39.81	57.28	69.66	29.15	6.08	44.55	82.97	46.87	42.58	9.06	51.66	36.25	25.08	0.0	76.92	14.21	35.38	48.6	53.01	53.31	44.91	78.43	92.59	67.62	54.2	52.77	77.47	42.72	75.11	44.72	30.07	62.97	58.18	25.63	58.69	65.74	27.86	19.1	80.16	53.01	54.45	47.3	37.95	68.6	82.73	31.02	63.01	31.05	51.74	94.41	61.29	17.46	79.85	87.37	77.8	57.04	21.02	86.02	21.84	94.64	35.47	9.06	21.47	53.74	71.42	34.99	81.05	41.68	43.68	24.04	26.02	30.0	44.64	41.79	63.41	70.18	48.83	40.36	56.89	27.07	38.48	7.62	55.15	38.6	83.15	59.68	46.23	39.12	17.12	74.46	58.69	42.64	66.89	45.45	8.0	41.01	73.01	36.89	44.18	64.38	19.1	59.41	30.87	41.19	37.12	91.3	58.69	81.3	31.62	51.97	54.67	39.12	77.16	85.8	58.6	34.48	2.24	17.26	68.51	50.0	90.97	39.56	60.11	36.35	30.08	44.05	61.2	1.0	51.24	56.65	39.62	15.56	27.89	40.71	48.51	56.29	13.45	41.63	51.48	59.0	14.76	59.82	64.66	70.49	23.77	59.54	53.94	40.72	45.35	38.08	15.52	43.42	5.39	41.04	76.92	48.76	40.22	26.4	40.2	14.04	49.4	83.67	62.63	37.05	66.07	74.25	91.44	90.38	33.11	27.46	30.02	54.45	80.26	23.26	56.86	60.07	60.21	40.85	92.66	64.66	42.38	38.33	68.6	91.21	38.42	48.41	31.14	62.29	17.8	57.63	54.59	65.19	65.0	21.38	89.59	23.09	12.53	
44.69	73.01	91.98	115.21	38.48	53.45	57.27	101.67	77.34	80.21	97.14	98.47	80.41	92.23	38.08	68.01	51.0	82.97	93.35	43.42	93.35	70.21	75.95	41.62	89.81	84.02	76.92	0.0	72.45	68.62	61.03	105.36	48.88	105.42	5.0	64.5	80.62	46.53	110.54	36.06	34.21	25.02	41.73	88.23	15.03	49.66	79.06	39.12	91.79	84.15	85.88	74.15	29.0	40.25	108.23	63.79	64.85	32.98	91.26	28.02	83.41	65.19	66.61	59.62	76.54	51.0	69.01	69.05	25.5	56.29	9.43	55.08	80.0	47.04	85.38	64.03	39.81	74.63	92.44	34.53	110.79	88.53	80.16	52.8	89.87	107.2	50.21	79.16	87.73	49.77	69.35	100.12	89.89	106.0	71.17	25.5	43.05	18.36	83.86	72.62	58.69	84.97	2.83	71.12	63.13	58.52	39.81	69.26	39.66	22.02	107.42	34.48	74.32	59.62	72.01	57.2	37.12	55.9	65.28	20.1	64.2	103.31	110.63	64.5	54.34	81.04	52.35	62.17	91.44	78.45	61.85	85.91	47.93	71.03	48.17	71.55	41.23	82.39	37.8	20.62	75.96	113.23	119.63	65.8	90.82	82.42	94.2	92.02	21.02	72.01	108.45	86.21	25.81	81.39	77.41	78.29	21.26	93.48	114.56	37.44	59.2	107.0	57.28	92.44	87.56	73.76	46.87	13.93	28.16	41.05	101.95	38.01	63.91	32.39	56.04	124.2	43.57	67.07	75.96	81.15	18.79	60.67	49.65	49.19	68.6	62.2	84.0	89.05	27.78	113.15	83.44	74.03	23.02	62.94	98.6	89.0	77.03	50.8	62.43	104.69	19.21	60.83	76.16	84.05	33.3	28.43	58.6	70.01	76.03	80.62	
31.14	33.96	28.18	45.61	56.6	21.26	45.62	34.93	18.97	37.59	26.08	28.84	49.04	53.71	60.21	55.8	21.54	18.03	33.06	71.85	35.0	53.04	22.36	41.05	50.12	38.95	14.21	72.45	0.0	21.21	34.99	43.17	41.23	37.59	74.79	79.71	53.41	59.09	44.78	67.12	39.41	66.37	35.13	20.25	59.91	45.88	13.0	61.91	52.0	41.59	13.6	66.22	45.61	57.8	40.31	47.1	54.92	73.0	22.36	63.78	19.03	37.8	81.44	47.89	5.39	67.72	73.93	64.07	49.73	22.36	81.84	20.81	80.8	38.47	21.63	30.02	56.94	57.31	49.09	71.03	39.05	57.01	12.17	19.72	21.02	38.28	30.27	49.2	56.08	54.42	26.17	45.01	19.42	34.66	8.25	48.38	40.5	75.71	45.65	32.02	26.0	12.53	69.78	44.55	28.84	53.67	47.71	11.05	33.53	64.78	35.23	38.08	50.21	13.45	45.25	19.1	35.34	24.74	78.29	56.4	68.0	30.89	44.28	40.8	45.61	62.97	73.76	44.94	48.55	13.45	11.31	54.38	55.15	77.52	29.0	45.97	31.38	43.46	36.14	54.41	13.6	44.94	51.04	25.61	20.0	16.12	54.71	36.12	51.43	1.0	37.48	37.95	51.2	28.84	45.61	50.45	70.04	21.1	50.92	44.01	48.66	38.59	25.3	25.0	56.65	17.46	45.19	75.0	44.94	41.62	30.41	34.44	11.18	49.58	71.17	56.6	29.41	52.2	60.14	77.47	87.92	41.3	24.08	23.26	40.36	67.08	37.22	43.32	51.62	50.96	27.66	79.08	64.35	51.24	30.41	54.59	77.42	43.66	34.67	32.31	55.66	22.56	43.42	40.72	67.2	65.95	13.89	76.16	35.74	26.63	
24.08	53.23	48.83	47.85	64.76	31.02	26.48	33.62	9.49	18.25	43.01	32.28	68.45	74.33	68.15	34.99	23.54	39.05	24.76	56.14	25.0	70.09	43.01	29.07	70.72	59.64	35.38	68.62	21.21	0.0	15.3	36.8	25.5	37.59	72.14	60.44	32.45	69.58	42.01	53.15	41.63	55.54	26.91	22.36	59.41	29.07	15.13	70.09	33.38	62.13	26.93	45.22	39.62	66.49	40.31	63.15	34.44	59.91	25.5	68.54	16.49	17.0	61.98	28.16	19.72	50.16	53.71	43.42	43.28	35.36	77.9	32.14	59.91	49.09	42.64	47.13	65.51	36.12	70.0	57.49	46.1	76.94	17.26	25.08	24.33	39.81	18.6	28.3	35.85	66.12	5.0	33.11	26.02	41.0	28.6	43.14	49.5	66.65	25.96	11.18	10.3	27.51	65.8	23.35	9.06	34.21	56.09	30.53	30.23	55.01	44.28	36.06	29.0	24.52	24.04	13.6	34.48	12.73	58.82	57.45	48.1	42.0	42.2	20.12	59.08	41.77	56.22	24.7	69.4	34.66	24.04	34.01	66.27	57.27	20.52	24.76	33.24	63.63	31.24	48.27	34.71	45.28	51.62	5.1	38.08	17.03	75.45	24.19	49.04	21.93	42.72	21.21	43.6	49.82	24.7	29.41	72.56	33.24	45.97	33.12	63.39	39.36	11.4	44.78	76.48	38.01	56.14	75.0	45.28	49.82	46.1	34.0	26.93	55.03	52.77	55.8	27.29	31.38	38.95	56.4	86.37	56.89	31.14	25.71	19.21	47.43	58.01	26.02	42.72	44.69	15.0	58.59	67.54	66.75	31.38	34.79	56.6	56.0	14.56	45.1	49.68	38.33	22.47	22.09	73.39	70.77	22.2	55.95	55.47	47.63	
21.02	63.6	63.13	60.73	66.0	37.58	11.18	46.17	24.0	19.21	58.24	46.39	78.49	85.8	69.03	21.21	27.86	53.0	35.34	41.59	34.48	77.88	55.17	19.42	82.22	71.45	48.6	61.03	34.99	15.3	0.0	46.65	12.81	50.29	65.19	45.22	24.19	72.25	53.23	39.56	41.05	43.83	21.59	37.01	54.78	14.87	30.41	71.03	31.62	73.66	42.2	31.83	33.11	68.01	52.81	70.38	20.0	46.62	40.05	67.08	31.02	5.0	46.82	13.0	34.54	35.01	38.95	29.21	35.85	42.94	69.81	39.36	46.1	53.37	56.6	56.08	67.01	24.19	82.04	44.01	60.41	87.42	32.56	30.87	39.01	52.89	14.0	21.0	30.02	69.87	12.04	39.62	41.05	55.33	41.23	36.67	52.61	55.61	23.41	12.21	10.0	42.72	58.25	13.15	6.32	18.97	58.14	42.45	28.07	44.05	59.03	33.38	18.68	33.6	14.14	19.42	33.06	13.42	43.66	54.12	33.11	57.08	53.71	6.71	64.56	30.87	41.05	10.0	81.34	48.26	34.06	28.02	69.58	42.54	18.03	14.32	34.13	74.65	27.46	40.5	47.8	57.58	63.69	10.2	53.14	32.06	87.11	32.45	44.01	35.51	56.72	25.46	35.23	62.29	18.11	21.1	69.26	48.51	55.76	23.6	69.57	52.2	11.66	59.51	86.84	50.25	60.02	69.78	42.76	52.35	61.39	33.02	37.54	55.08	37.48	67.08	27.07	17.69	26.93	43.14	79.61	64.08	36.06	29.41	9.0	32.31	70.01	28.02	33.42	53.82	25.63	44.1	65.0	73.39	44.91	30.27	42.64	60.88	1.41	60.3	41.88	47.17	16.28	23.02	72.69	69.23	30.81	41.18	66.22	60.21	
60.88	75.03	57.01	18.97	98.49	62.77	55.54	10.77	28.84	29.41	43.08	18.97	89.09	90.43	102.04	55.73	58.31	52.24	12.04	86.73	12.21	95.34	62.0	64.82	87.13	76.53	53.01	105.36	43.17	36.8	46.65	0.0	59.36	12.04	108.93	83.6	43.0	101.84	8.06	85.87	77.39	90.43	63.64	23.19	96.05	61.29	30.68	103.87	30.59	79.51	34.01	62.01	76.37	99.92	12.21	89.94	57.27	93.02	22.0	103.94	24.7	44.28	84.38	55.36	37.85	78.45	74.17	63.29	79.93	65.15	114.59	62.97	75.24	80.99	54.59	72.84	99.01	52.09	84.72	90.34	26.25	95.63	31.05	58.59	23.02	14.87	55.17	40.11	39.46	97.42	36.24	11.4	26.02	23.43	50.64	79.91	82.46	102.08	32.06	34.48	46.69	36.01	102.53	43.42	42.8	60.73	89.55	53.76	66.84	90.44	29.07	72.62	45.4	54.78	43.17	49.41	70.8	49.52	81.5	93.81	70.71	31.91	9.22	46.62	88.77	53.15	83.93	51.26	84.53	51.0	53.14	39.2	98.03	77.06	57.31	44.15	68.8	82.3	68.01	84.9	53.04	14.56	19.0	39.7	43.17	27.2	90.8	14.32	85.8	44.15	21.93	22.8	80.06	66.27	38.47	42.11	108.72	32.02	9.22	69.03	91.78	13.45	48.08	50.96	95.52	58.08	87.92	111.66	81.61	83.26	42.06	70.21	54.12	89.94	79.08	20.88	63.6	53.15	54.01	70.35	123.17	84.34	64.4	60.54	42.72	71.02	74.55	24.02	78.87	8.06	21.93	77.0	103.46	94.2	15.52	36.5	73.06	86.68	45.28	36.06	86.31	65.73	37.85	27.46	108.24	106.17	53.71	76.11	76.01	64.2	
