200
0.0	30.48	22.2	91.24	32.28	35.01	76.16	67.9	43.42	73.0	35.74	68.01	56.52	56.08	102.86	72.18	63.01	64.26	26.48	38.01	34.44	70.61	36.88	87.05	4.12	87.13	30.36	91.3	97.31	87.57	12.0	68.03	83.24	75.69	76.22	65.05	97.62	56.22	54.41	67.19	19.24	39.56	47.85	38.0	94.07	32.2	72.37	106.79	81.34	66.73	88.07	52.09	86.47	87.73	93.94	46.07	27.17	46.49	107.34	30.41	71.06	29.21	70.84	95.21	79.85	115.42	4.24	95.9	62.24	24.52	42.44	74.33	88.75	109.29	51.66	76.92	64.28	37.05	103.95	74.97	57.98	80.41	89.81	84.15	99.02	68.31	22.47	21.02	60.53	14.04	82.13	57.43	86.7	77.9	69.58	61.07	89.27	56.32	60.54	25.3	76.84	66.03	51.62	87.3	37.22	63.63	90.55	47.07	23.35	35.85	23.85	39.85	82.73	39.81	59.14	34.0	42.94	103.46	63.06	89.04	63.25	49.24	92.65	47.17	106.02	55.95	73.82	51.55	49.04	45.89	89.45	98.41	81.86	75.72	73.88	76.79	76.42	68.07	103.39	62.01	13.6	85.38	85.98	55.97	17.03	67.48	59.03	91.42	77.78	117.59	14.42	52.01	95.75	74.95	102.3	75.8	69.35	25.32	46.1	89.82	76.92	79.03	48.01	94.81	72.01	57.01	76.4	73.44	100.26	57.01	80.21	74.95	87.42	86.31	60.21	37.66	57.04	86.68	83.45	9.06	64.66	88.12	74.43	61.59	92.91	64.63	31.89	83.2	51.26	93.15	47.93	26.25	55.66	24.19	98.41	40.22	41.68	48.6	47.8	100.57	
30.48	0.0	39.29	75.59	17.8	26.63	58.82	48.51	14.56	43.01	18.44	44.0	36.4	41.18	73.74	42.01	34.01	37.12	18.97	15.23	13.6	49.65	8.06	66.22	32.56	63.29	16.64	61.85	66.84	64.78	39.41	54.12	53.85	45.45	46.65	34.71	67.96	40.25	29.27	55.97	12.53	17.49	37.64	25.0	63.78	7.21	58.82	76.49	56.32	39.29	74.09	41.23	63.95	59.2	79.26	21.1	17.46	25.3	77.18	34.23	50.92	38.0	40.36	68.47	54.45	85.0	26.25	65.44	37.05	18.44	15.03	50.36	59.93	79.08	31.62	51.01	47.17	26.08	73.59	55.11	28.23	55.33	59.41	53.76	68.96	42.01	28.07	22.02	46.4	24.74	51.66	36.4	63.64	47.42	50.96	48.55	59.2	39.81	36.0	15.52	47.85	37.16	24.33	72.07	27.78	36.14	60.84	25.08	24.0	12.08	10.0	35.34	52.35	17.09	36.22	8.06	42.72	73.43	38.21	59.06	33.12	45.65	62.65	24.74	75.72	31.0	44.6	26.31	18.6	24.6	72.09	69.08	53.16	47.01	43.42	57.27	57.97	44.72	72.92	47.41	26.0	72.11	55.95	33.38	19.92	52.15	36.14	63.95	54.74	87.11	16.28	34.67	67.05	51.01	72.42	56.29	42.2	24.08	43.38	75.29	50.22	64.08	35.61	64.4	52.55	43.05	64.2	51.42	70.46	38.95	49.93	46.82	57.14	55.87	32.28	19.1	40.5	56.86	53.04	26.4	34.93	64.28	58.18	33.53	62.77	46.17	1.41	69.89	45.49	63.56	44.29	40.45	47.63	8.25	68.8	10.44	16.12	18.36	27.86	70.09	
22.2	39.29	0.0	77.06	49.16	54.34	94.34	85.02	53.85	80.96	52.04	82.61	73.0	74.67	101.67	79.61	73.05	62.37	44.72	52.15	49.04	87.02	47.3	76.92	18.44	79.71	47.17	91.29	101.21	79.12	14.32	87.3	83.45	82.76	85.09	72.01	105.99	74.43	51.74	52.01	27.29	38.29	35.17	30.81	100.5	44.41	58.14	112.9	95.35	78.59	73.01	71.81	77.83	86.05	79.01	59.54	25.24	62.03	108.9	14.56	61.68	10.0	76.32	90.55	93.56	118.34	23.26	99.81	75.95	42.76	54.13	68.0	98.79	111.04	68.0	72.4	82.3	28.84	109.84	92.01	60.8	94.37	93.24	90.21	100.42	65.0	12.81	40.8	48.05	34.93	87.37	50.61	78.55	83.22	87.09	80.6	96.65	74.33	74.67	42.3	86.73	76.22	63.56	73.06	27.78	75.43	91.22	43.28	17.2	49.25	38.0	25.71	88.84	54.15	74.24	38.01	25.08	104.65	58.82	90.55	66.61	32.06	94.07	62.13	108.3	69.72	74.25	49.52	55.01	41.87	76.53	97.84	80.81	86.03	78.49	94.02	94.13	61.77	108.0	80.89	14.0	70.03	87.78	71.18	19.42	54.92	53.54	87.92	70.26	121.82	26.02	43.38	94.02	89.68	110.06	93.02	81.49	18.44	29.02	75.0	89.5	98.15	67.08	98.08	61.98	75.95	61.01	65.39	108.24	47.93	83.24	86.02	90.14	91.81	71.57	34.66	46.82	94.81	89.36	30.41	66.84	80.62	61.81	72.8	94.85	82.1	40.52	68.01	35.0	93.38	31.02	4.47	40.01	31.05	106.89	45.62	54.59	53.71	64.0	105.21	
91.24	75.59	77.06	0.0	93.15	102.08	124.52	113.86	79.81	81.63	92.96	103.59	104.06	112.29	61.03	79.4	84.65	48.41	94.37	87.92	87.98	112.61	78.77	18.25	89.68	29.27	92.18	59.84	78.45	25.18	90.05	123.91	57.57	79.65	86.45	75.21	96.77	110.75	49.04	25.08	76.84	58.14	43.42	54.12	86.68	81.99	19.03	93.38	109.55	92.62	5.66	114.62	24.33	51.97	4.47	88.87	65.52	95.43	75.01	63.01	26.17	67.07	72.2	43.01	107.34	86.01	88.84	77.67	97.0	93.52	82.8	33.62	97.99	77.0	100.77	39.4	115.31	54.57	90.61	118.34	61.62	108.72	72.53	79.85	69.35	43.83	69.35	96.01	30.81	95.51	75.77	39.66	26.31	74.25	116.69	120.1	87.66	109.99	97.62	90.8	90.55	86.4	86.31	4.0	54.13	90.91	62.17	50.61	67.9	85.44	84.58	52.09	79.31	89.05	100.41	67.54	52.24	71.06	42.45	64.76	63.6	45.28	66.1	93.86	77.1	94.05	55.9	51.4	69.43	51.0	6.08	61.07	52.5	91.59	70.24	120.51	122.49	35.47	85.0	117.69	77.78	8.6	64.56	99.04	74.73	24.04	41.23	46.17	29.07	93.02	81.32	41.23	55.08	108.41	97.27	119.75	95.0	65.92	48.17	3.61	100.96	131.53	109.04	74.53	24.08	114.48	16.49	28.6	96.84	36.67	66.85	94.03	68.68	78.77	87.86	57.38	35.47	89.16	78.92	94.11	60.22	29.15	17.46	87.97	68.25	113.15	75.18	9.85	42.11	61.66	46.17	73.17	37.05	74.09	97.72	68.51	85.8	67.36	98.23	83.36	
32.28	17.8	49.16	93.15	0.0	8.94	45.18	36.06	18.25	45.79	3.61	35.85	24.33	25.71	84.34	45.65	34.41	51.62	6.4	8.54	6.0	38.47	15.3	82.87	35.9	78.85	2.0	72.18	72.92	80.78	43.93	38.6	64.63	49.24	47.8	39.92	68.68	25.32	45.54	73.76	23.41	35.23	55.17	42.45	67.12	11.18	76.61	79.63	49.24	36.12	91.81	24.19	80.08	71.18	96.9	15.62	33.29	14.32	85.09	48.47	68.03	50.96	46.82	82.05	47.85	91.24	28.64	71.59	30.53	8.06	15.52	66.22	58.73	86.73	19.42	65.76	33.14	43.28	77.1	43.1	40.0	48.33	66.48	58.18	77.49	56.89	40.8	12.81	64.2	19.72	57.27	53.67	79.56	53.31	38.0	32.31	61.61	25.18	28.65	7.07	47.42	37.01	22.2	89.69	44.82	33.24	70.61	42.54	37.7	9.0	11.7	51.87	56.82	9.43	26.93	25.81	58.67	81.91	54.12	68.15	43.29	62.43	71.57	15.26	83.01	24.41	56.14	42.72	29.0	42.19	89.44	79.43	65.12	45.97	50.6	45.04	45.01	61.03	77.9	32.02	35.23	89.87	65.0	23.77	31.05	69.89	52.92	77.0	70.88	91.92	23.19	52.43	78.52	42.72	73.76	44.05	38.42	38.48	59.91	92.96	45.49	49.24	18.79	71.31	69.78	27.2	82.01	68.01	71.59	56.6	58.24	44.6	65.15	60.83	30.48	36.88	58.25	58.41	57.71	24.17	46.1	79.83	75.8	31.89	71.17	33.0	18.03	87.66	62.63	73.55	61.03	51.62	65.12	22.47	69.35	25.3	13.0	30.07	15.52	75.18	
35.01	26.63	54.34	102.08	8.94	0.0	41.19	33.53	26.02	51.08	10.05	36.4	23.32	21.1	91.66	51.26	39.4	60.21	9.85	16.03	14.56	36.77	24.04	91.76	39.0	87.56	10.0	79.51	78.77	89.56	47.01	33.14	72.17	54.78	52.35	46.32	72.42	21.38	54.42	82.46	30.53	44.1	63.66	50.93	72.01	20.12	85.45	84.22	49.65	39.41	100.7	17.46	88.89	79.01	105.82	20.88	41.23	16.64	91.48	55.47	76.97	57.38	53.37	90.27	48.6	96.93	32.06	77.49	32.56	11.7	23.0	75.0	61.85	93.01	19.21	74.33	29.43	51.62	81.88	40.52	48.17	48.83	72.8	63.69	84.17	65.51	47.42	14.0	73.01	21.1	63.25	62.61	88.32	59.48	34.93	26.31	66.24	21.59	30.41	13.04	51.31	41.59	27.51	98.62	53.08	36.89	77.78	51.48	44.78	17.46	19.21	59.82	62.39	16.03	27.66	34.67	66.29	88.53	62.94	75.13	51.01	70.43	78.45	18.36	89.19	27.2	64.0	51.62	37.22	51.11	98.39	86.7	73.0	49.65	57.27	42.2	41.59	69.89	83.26	27.0	40.8	98.74	72.01	24.76	37.58	78.77	61.85	85.09	79.7	97.05	29.15	61.29	86.15	42.72	77.67	41.23	41.23	45.79	67.8	101.87	47.38	44.1	13.0	77.49	78.72	22.0	90.8	76.9	75.45	65.51	65.12	47.8	71.81	66.48	34.89	45.61	67.12	62.77	63.32	26.08	54.01	88.53	84.72	36.24	77.88	30.08	26.93	96.52	70.84	80.75	69.03	57.28	73.54	30.48	73.01	34.18	20.02	38.47	16.28	80.62	
76.16	58.82	94.34	124.52	45.18	41.19	0.0	10.82	47.41	47.85	42.43	21.63	22.47	20.1	92.03	49.65	40.61	76.38	50.0	43.68	46.1	12.21	51.62	109.79	80.1	102.0	47.17	81.54	71.39	105.26	88.14	10.63	76.94	51.48	44.94	50.8	55.01	20.0	76.22	110.68	68.07	72.9	94.81	82.86	60.53	51.92	111.61	69.01	24.0	33.29	124.84	25.3	105.12	85.0	128.82	38.48	76.24	33.53	85.51	92.65	98.41	95.71	56.08	98.49	25.08	86.15	73.03	70.61	27.59	52.0	45.19	92.02	44.05	86.15	27.2	88.24	12.04	84.31	68.03	7.28	62.94	24.02	69.26	57.57	81.04	81.39	85.51	55.15	100.4	62.29	59.81	86.4	103.86	58.18	8.06	17.0	54.74	20.02	26.91	52.09	41.11	39.66	38.83	121.83	86.16	34.21	78.92	77.7	82.0	46.84	56.57	93.98	56.92	41.76	24.41	65.0	101.51	84.4	82.07	75.39	61.72	104.0	77.49	34.18	82.2	30.81	72.67	74.4	55.8	78.03	119.5	87.32	80.26	39.22	59.54	6.0	3.0	89.11	72.34	14.56	80.4	123.69	73.01	26.42	75.95	104.4	83.87	92.66	97.0	83.02	68.36	88.51	89.55	19.65	60.07	6.08	31.76	82.46	101.95	125.4	29.83	7.62	28.28	72.28	100.57	19.42	117.41	96.17	58.03	91.26	66.64	36.06	70.58	60.44	36.8	76.06	93.74	50.8	57.87	67.27	65.3	102.8	108.71	36.88	75.89	12.65	58.19	121.66	103.37	81.71	102.69	96.75	104.66	65.97	55.04	59.94	43.08	58.01	31.05	70.58	
67.9	48.51	85.02	113.86	36.06	33.53	10.82	0.0	36.67	38.9	33.0	12.37	12.17	13.6	83.68	40.5	30.53	65.86	41.44	33.54	36.22	4.47	41.11	99.36	71.7	91.84	38.05	72.73	64.2	95.0	79.76	13.04	67.62	42.72	36.67	40.82	50.01	12.53	65.44	99.86	58.31	62.17	84.1	72.24	54.01	41.77	100.8	63.79	20.12	23.77	114.11	20.52	94.81	75.64	118.14	27.86	65.97	23.35	78.31	82.57	87.73	85.84	46.52	89.0	20.25	80.1	64.5	63.29	17.2	43.42	34.54	81.57	38.64	79.16	17.12	78.01	5.83	73.74	62.39	7.07	52.35	19.7	61.19	49.65	73.16	70.94	75.66	47.07	89.59	54.34	51.42	75.6	93.6	49.34	2.83	15.23	48.0	12.08	16.28	43.1	33.24	29.97	28.02	111.13	75.61	24.19	70.21	66.89	72.01	36.67	47.04	83.49	48.84	31.58	13.6	54.42	91.09	76.79	71.42	66.76	51.4	93.41	69.12	23.77	75.17	20.0	62.77	63.6	45.0	67.23	108.9	78.85	70.66	31.26	50.16	9.0	9.49	78.49	66.03	11.18	71.03	112.93	64.2	15.65	66.27	93.6	73.11	83.19	86.56	77.78	59.01	77.7	80.65	13.6	55.32	8.0	22.8	72.37	91.42	114.69	23.09	17.69	21.47	64.63	89.87	14.14	106.61	85.59	53.15	80.45	57.58	28.16	62.1	52.61	26.4	65.39	82.93	44.0	49.82	59.23	55.0	92.66	97.95	26.63	67.68	3.61	47.8	110.89	92.7	73.08	92.11	87.21	93.91	55.9	50.22	49.19	32.57	47.2	21.1	64.0	
43.42	14.56	53.85	79.81	18.25	26.02	47.41	36.67	0.0	29.7	16.0	30.27	25.24	32.56	66.1	29.07	19.72	34.79	23.41	10.0	12.37	37.0	6.71	67.54	46.04	62.3	18.68	53.94	55.57	64.62	53.34	44.69	46.39	32.65	32.8	22.47	54.2	31.11	30.81	63.6	26.93	25.5	47.42	35.74	50.99	11.31	65.12	63.7	42.05	24.74	79.31	34.99	64.08	53.04	83.87	9.22	31.0	15.62	67.23	48.0	53.82	52.15	29.07	64.28	40.11	73.93	39.2	54.2	23.09	24.17	3.16	50.16	45.65	68.94	21.26	48.76	36.62	37.36	60.96	42.72	22.2	41.05	48.75	41.4	59.46	40.16	42.43	29.07	53.41	34.41	39.96	40.36	63.32	35.85	39.36	40.36	45.97	30.41	22.36	21.47	33.62	22.83	10.0	76.69	39.29	21.59	52.39	30.61	38.21	9.49	19.8	47.3	40.0	10.2	23.41	18.25	55.11	63.91	38.47	50.0	25.08	56.92	53.45	14.14	65.31	17.46	38.01	28.43	11.4	30.81	75.45	61.19	47.01	32.65	32.7	44.94	46.1	45.65	61.03	38.21	40.5	77.79	46.84	21.02	34.48	58.0	38.6	59.08	55.04	75.21	30.02	41.4	60.3	37.12	58.9	44.01	27.66	38.05	55.08	80.16	35.69	53.54	29.53	53.67	55.8	34.71	70.84	52.84	56.85	44.6	40.16	32.31	47.17	43.83	17.72	28.79	46.86	43.28	40.8	37.54	28.0	63.25	63.03	18.97	53.14	34.99	13.34	75.66	56.08	55.32	55.66	54.92	57.25	22.8	55.0	12.53	6.32	13.0	18.44	58.25	
73.0	43.01	80.96	81.63	45.79	51.08	47.85	38.9	29.7	0.0	42.54	26.57	35.0	45.01	44.91	2.24	11.7	34.18	51.87	37.44	40.8	35.85	36.12	65.0	75.43	55.9	46.87	33.84	27.89	59.55	82.42	51.66	29.15	4.0	5.1	9.22	25.06	43.01	39.2	73.98	55.47	45.12	64.01	55.9	21.4	41.01	72.73	34.06	28.32	15.3	83.19	51.09	59.67	37.22	86.09	30.41	56.08	34.79	41.3	72.12	56.86	77.16	9.43	50.77	26.17	45.88	68.77	26.68	23.09	53.01	31.24	48.02	19.03	42.58	35.36	42.8	42.95	58.05	31.4	40.71	24.02	27.59	23.0	12.65	35.01	38.01	68.54	58.01	64.13	63.89	13.0	48.84	58.14	10.44	41.44	51.35	16.28	42.01	25.02	50.61	8.94	10.05	23.71	79.65	60.02	16.0	31.32	45.04	64.08	38.42	49.5	67.74	11.4	36.36	29.02	42.95	75.66	39.01	41.11	27.89	19.42	75.06	30.41	32.89	38.64	25.32	26.25	39.01	26.0	46.1	76.01	40.02	32.8	10.0	12.04	42.54	45.18	47.01	32.2	47.52	68.6	82.76	25.3	30.07	62.27	65.8	45.12	44.94	52.7	46.14	59.2	54.15	41.79	28.84	29.41	42.06	16.16	63.32	74.24	83.24	19.8	55.46	47.52	27.17	59.09	47.04	78.43	53.24	27.46	54.74	18.79	12.73	23.35	15.52	16.49	49.24	57.71	13.89	12.37	67.21	22.14	56.59	68.15	15.3	29.15	40.02	41.62	81.02	73.0	34.21	74.11	81.15	72.17	50.77	25.94	35.34	33.02	27.51	36.14	29.55	
35.74	18.44	52.04	92.96	3.61	10.05	42.43	33.0	16.0	42.54	0.0	32.31	21.1	23.41	81.88	42.49	31.06	50.22	10.0	6.0	5.0	35.23	14.32	82.08	39.29	77.62	5.39	69.72	69.86	79.7	47.3	36.4	62.29	46.07	44.41	37.0	65.19	22.8	44.78	74.28	25.71	35.47	56.08	43.42	63.81	11.31	76.84	76.28	45.69	32.56	91.84	22.8	79.06	69.03	96.8	12.21	34.89	10.77	82.22	50.6	67.54	53.37	43.97	80.22	44.28	88.14	32.02	68.54	26.93	11.66	13.04	65.15	55.17	83.82	16.12	64.33	30.41	44.41	73.78	40.01	38.12	44.78	63.57	55.01	74.73	55.54	43.17	16.4	64.54	23.32	54.23	53.34	78.45	50.33	35.06	30.41	58.25	22.56	25.06	10.44	43.93	33.6	18.87	89.59	46.04	29.7	68.07	42.44	39.85	7.62	14.14	53.34	53.67	6.32	23.41	26.17	60.37	79.12	53.14	65.51	41.05	63.81	68.88	11.66	80.06	20.81	54.01	42.05	27.17	42.2	89.07	76.94	63.01	42.45	47.8	42.0	42.11	60.17	74.71	29.73	38.05	90.0	62.37	20.25	33.54	70.0	52.33	75.06	69.89	88.68	26.02	52.63	76.24	39.22	70.29	41.0	34.83	40.5	61.4	92.91	41.88	46.84	17.2	68.35	69.35	25.08	82.33	67.23	68.12	56.61	55.54	41.04	62.36	57.7	27.02	37.48	58.41	55.0	54.56	27.73	44.0	78.59	75.72	28.43	68.41	30.07	18.38	87.8	63.82	71.02	62.43	54.33	66.07	24.17	65.86	24.6	10.2	28.44	12.17	72.01	
68.01	44.0	82.61	103.59	35.85	36.4	21.63	12.37	30.27	26.57	32.31	0.0	13.45	21.54	71.31	28.23	19.1	55.23	42.05	30.59	33.96	9.43	36.01	88.41	71.47	80.43	37.7	60.41	52.04	83.74	79.4	25.32	55.46	30.36	24.33	29.21	39.22	19.7	56.08	91.24	55.33	55.08	76.84	65.73	42.19	38.21	91.59	52.63	13.42	11.66	104.2	28.64	83.63	63.51	107.94	23.09	61.13	21.54	66.12	78.1	77.62	82.0	34.48	76.94	12.21	68.36	64.2	51.09	7.28	43.86	29.02	70.71	27.86	67.03	17.2	66.71	17.0	67.47	50.99	14.87	42.01	12.53	48.84	37.34	60.83	60.11	72.03	48.3	80.95	55.46	39.05	66.37	82.33	37.0	14.87	26.17	36.12	18.79	8.0	42.72	21.02	18.03	20.4	101.04	69.43	12.73	57.87	58.69	68.0	33.38	45.12	77.47	36.5	28.64	8.94	48.51	85.33	64.5	61.22	54.41	40.31	86.83	56.75	20.88	63.03	13.0	51.04	54.59	36.25	59.24	98.41	66.48	58.67	19.03	38.01	16.97	19.21	68.12	54.23	22.09	68.73	103.23	51.87	12.08	63.29	84.38	63.51	71.12	75.66	66.49	57.07	69.35	68.35	7.07	44.6	16.28	10.44	68.03	85.15	104.64	12.08	29.15	27.2	52.35	79.81	23.09	97.42	75.07	42.38	71.59	45.31	16.0	49.73	40.31	15.81	58.69	74.24	32.14	37.48	60.01	43.86	81.22	88.23	15.62	55.32	14.0	43.01	101.26	85.73	60.73	85.62	84.21	86.38	52.04	39.56	42.2	28.07	38.48	20.59	52.09	
56.52	36.4	73.0	104.06	24.33	23.32	22.47	12.17	25.24	35.0	21.1	13.45	0.0	10.05	79.51	36.06	24.33	56.86	30.08	21.38	24.08	14.14	29.15	90.44	60.21	83.73	26.31	67.9	62.39	86.61	68.25	19.85	61.85	39.0	34.37	34.21	51.89	8.06	55.15	88.81	46.17	50.61	72.47	60.42	53.6	29.61	90.14	64.85	26.4	20.22	103.95	16.28	86.28	69.64	108.25	16.12	53.85	11.18	76.16	70.41	77.9	73.68	40.79	82.54	25.5	79.62	52.95	61.29	12.17	32.02	22.83	72.67	40.71	77.32	5.0	69.84	11.4	61.85	62.94	19.03	43.27	25.61	58.0	47.17	70.01	62.13	63.51	36.06	78.6	43.32	48.0	65.12	85.23	45.1	14.56	17.09	47.54	7.07	10.05	31.4	32.02	25.02	17.8	101.14	63.69	19.0	65.62	55.8	59.84	24.52	35.0	71.51	46.1	19.42	6.08	42.54	79.06	74.01	61.85	62.39	43.38	81.54	65.19	11.7	73.33	10.77	55.71	53.08	34.66	56.04	99.36	74.55	64.2	30.08	44.72	21.1	21.59	69.03	65.51	13.89	59.0	102.59	59.54	5.39	54.15	82.98	62.94	76.84	77.67	78.45	47.01	66.61	75.5	19.42	57.27	20.1	20.88	60.21	79.48	104.66	25.24	28.3	13.89	62.07	79.98	12.17	95.9	76.22	55.04	69.66	52.61	27.51	58.14	50.16	19.42	53.67	72.01	43.68	47.1	48.08	46.96	84.6	87.69	20.22	64.07	9.85	35.74	100.5	80.96	68.59	80.23	75.11	82.37	43.74	52.33	37.74	20.62	36.77	9.0	63.15	
56.08	41.18	74.67	112.29	25.71	21.1	20.1	13.6	32.56	45.01	23.41	21.54	10.05	0.0	89.56	46.1	34.37	65.86	30.07	26.08	27.73	17.69	35.0	99.32	60.03	93.02	27.66	77.93	72.25	95.77	68.07	13.0	71.81	49.01	44.18	44.15	60.75	2.0	63.25	95.78	49.04	57.01	78.49	66.04	63.15	34.0	97.59	74.04	32.8	30.07	111.87	7.21	95.38	79.56	116.39	23.43	58.18	16.97	86.09	74.0	86.21	76.66	50.8	92.35	32.45	89.27	53.0	71.18	22.02	32.06	29.7	81.63	49.4	87.21	11.66	79.16	8.54	67.23	72.28	20.12	52.35	32.2	68.01	57.08	80.02	71.2	66.48	35.06	85.7	42.19	58.01	72.92	94.41	55.15	14.32	7.81	57.07	3.0	20.0	32.39	41.59	35.06	26.83	109.22	68.96	29.02	75.66	62.97	63.25	29.15	37.36	76.48	56.04	24.41	16.0	48.26	83.67	84.0	70.46	72.44	52.92	86.83	75.24	18.44	83.22	20.62	65.46	60.96	43.01	63.03	107.8	84.59	74.04	39.62	54.74	21.54	20.62	77.67	75.13	6.32	60.83	110.34	69.58	15.3	56.75	90.51	71.06	86.68	86.61	87.8	48.84	73.66	85.51	25.81	66.13	20.62	30.41	63.91	84.53	112.7	33.62	23.54	8.25	72.03	88.24	2.24	103.28	84.88	63.91	77.08	62.65	36.88	68.18	60.07	29.43	59.64	79.25	53.15	57.04	47.17	56.46	93.91	95.59	30.27	74.11	10.0	40.82	108.21	86.61	78.64	85.48	77.28	88.48	47.54	61.1	44.6	26.91	45.0	14.14	72.84	
102.86	73.74	101.67	61.03	84.34	91.66	92.03	83.68	66.1	44.91	81.88	71.31	79.51	89.56	0.0	43.57	55.23	39.41	89.27	75.95	78.45	80.36	70.34	43.29	103.83	32.56	84.72	12.17	23.35	36.35	108.76	96.54	19.92	41.0	47.13	46.0	44.55	87.57	50.0	68.54	83.63	64.35	71.06	70.94	34.83	75.69	63.57	35.85	69.78	60.21	65.28	95.19	37.48	15.62	65.0	71.18	77.94	77.03	14.32	88.46	47.85	94.11	39.01	18.03	68.03	25.02	98.84	23.43	67.9	89.74	68.88	37.22	51.31	16.12	79.1	30.81	87.86	73.0	33.84	84.76	45.54	69.35	22.85	34.54	12.04	36.8	89.2	94.37	62.77	98.35	32.28	52.4	35.51	34.53	86.13	96.18	39.12	86.58	69.72	86.83	50.92	54.59	65.03	61.29	74.33	60.67	14.0	58.41	85.21	75.5	83.17	79.25	35.11	75.66	73.68	68.88	85.28	11.18	43.14	17.12	41.23	81.02	14.56	75.03	17.09	69.18	29.15	52.43	56.04	59.82	55.08	5.0	21.1	52.81	35.01	86.38	89.2	42.2	27.46	92.4	93.49	66.61	20.02	74.33	87.46	59.51	48.8	16.16	38.08	32.25	88.57	60.21	7.81	72.45	42.64	86.03	60.88	83.6	82.01	64.12	62.39	99.62	91.02	20.81	49.24	91.66	67.45	42.49	43.19	57.01	27.02	55.97	21.59	31.78	60.21	67.42	59.41	42.54	34.18	100.09	38.9	32.39	56.92	59.3	16.16	84.93	72.45	65.92	77.67	11.0	80.8	99.9	74.09	78.72	45.25	63.32	71.7	55.66	79.0	27.02	
72.18	42.01	79.61	79.4	45.65	51.26	49.65	40.5	29.07	2.24	42.49	28.23	36.06	46.1	43.57	0.0	12.17	31.95	51.62	37.22	40.5	37.58	35.36	62.8	74.52	53.76	46.65	32.28	27.51	57.38	81.4	53.16	27.29	3.61	7.28	7.62	26.4	44.1	37.12	71.81	54.41	43.42	62.03	54.13	21.93	40.36	70.52	34.66	30.48	16.76	80.95	52.01	57.49	35.36	83.86	30.46	54.63	35.17	40.61	70.52	54.63	75.61	7.21	48.88	28.32	45.69	67.94	26.25	24.33	52.7	30.81	45.79	21.0	41.98	36.12	40.61	44.38	56.29	31.89	42.54	22.0	29.73	22.09	12.53	34.01	35.78	67.12	57.69	61.98	63.41	12.17	46.69	55.97	9.06	43.08	52.61	17.2	43.1	26.17	50.22	11.18	11.05	23.77	77.41	58.25	17.12	29.83	43.1	62.65	38.01	48.84	65.92	11.18	36.24	30.15	41.59	73.82	38.12	38.9	26.48	17.26	73.11	29.15	33.24	38.08	26.08	24.08	37.0	24.6	44.18	73.78	38.64	30.81	12.21	10.0	44.42	47.01	44.78	32.25	48.84	67.42	80.53	23.77	31.0	61.06	63.6	42.95	43.05	50.48	46.32	58.26	52.09	40.16	30.81	30.53	43.91	17.89	61.85	72.34	81.01	21.93	57.25	48.26	26.48	56.86	48.17	76.22	51.0	28.65	52.61	17.09	14.87	22.09	15.23	17.12	47.54	55.58	15.23	12.08	66.6	19.92	54.45	65.92	16.03	28.02	41.48	40.61	78.79	71.01	32.76	72.17	79.71	70.11	49.65	27.31	34.0	32.76	26.0	36.67	29.53	
63.01	34.01	73.05	84.65	34.41	39.4	40.61	30.53	19.72	11.7	31.06	19.1	24.33	34.37	55.23	12.17	0.0	36.24	40.61	26.25	29.73	28.43	26.42	69.31	65.73	61.4	35.61	43.57	39.56	64.66	73.06	42.54	37.64	15.52	13.45	10.3	34.71	32.39	38.08	73.54	46.52	40.01	60.83	51.01	32.76	30.81	73.36	45.22	26.25	8.06	85.45	40.01	64.54	45.54	89.02	18.87	49.03	23.09	52.77	65.76	58.82	70.41	16.49	58.69	24.04	57.58	58.82	38.33	13.42	41.87	20.62	51.62	25.94	54.13	24.02	47.63	33.62	53.0	42.72	33.97	23.32	25.3	34.23	24.35	46.1	41.04	61.13	46.86	63.32	53.04	24.33	48.33	63.25	21.02	33.29	41.23	27.2	31.4	14.87	39.62	13.89	3.16	12.21	82.2	55.0	6.4	41.3	41.98	56.75	27.59	39.2	63.01	23.09	25.0	18.68	35.69	71.01	50.25	42.44	38.12	21.21	71.45	41.01	21.19	50.22	14.0	32.25	37.0	20.02	42.76	79.4	50.25	40.31	13.0	20.4	36.07	38.29	49.2	43.86	37.64	60.01	84.6	35.23	19.1	53.85	66.19	45.18	52.92	56.57	57.71	49.74	52.2	51.2	23.85	39.6	35.38	10.77	56.29	70.18	85.8	18.25	48.01	36.12	38.64	61.03	36.5	79.18	56.08	37.48	53.85	28.28	13.15	34.0	27.2	5.0	44.0	56.65	24.08	24.04	56.64	24.76	62.2	69.64	4.12	40.01	30.87	32.7	82.68	69.87	44.28	70.35	73.76	69.86	42.15	35.47	28.28	21.93	22.09	24.52	41.23	
64.26	37.12	62.37	48.41	51.62	60.21	76.38	65.86	34.79	34.18	50.22	55.23	56.86	65.86	39.41	31.95	36.24	0.0	55.08	44.38	45.71	64.35	36.35	33.6	64.88	27.51	51.35	29.0	41.79	29.97	69.46	76.61	21.4	32.98	39.22	26.93	54.0	64.14	10.63	40.31	45.22	25.06	34.54	31.83	45.28	41.11	38.6	55.79	61.4	44.2	49.4	69.35	29.53	23.85	52.8	42.95	38.59	49.66	47.01	49.58	22.83	55.23	25.0	31.4	59.17	57.14	60.41	40.5	48.8	55.01	37.95	15.81	52.17	49.2	54.2	14.14	67.8	33.97	52.63	70.04	13.6	60.54	33.84	36.0	38.6	5.39	49.82	59.03	31.0	61.66	32.02	16.28	28.64	29.07	68.68	73.57	44.01	63.29	49.58	52.01	43.08	38.01	39.12	46.04	35.47	42.52	29.21	19.1	45.8	42.76	47.1	41.34	35.01	44.92	52.63	30.81	48.3	42.64	7.07	29.15	15.26	45.54	32.45	47.85	46.87	46.4	13.0	13.04	23.41	20.52	43.19	35.47	18.44	43.86	24.19	72.18	74.25	13.04	49.04	70.72	54.2	48.76	26.83	51.61	48.3	31.78	12.17	27.2	20.81	61.72	50.29	23.41	31.91	60.0	56.22	71.45	46.62	44.2	45.69	49.65	52.84	83.55	64.08	38.08	25.06	68.1	44.27	19.85	55.08	22.2	24.52	46.07	30.08	36.12	39.6	28.02	25.18	44.28	35.0	62.59	12.08	28.46	34.01	39.62	33.62	65.44	36.06	46.96	42.72	31.14	44.94	60.81	40.61	40.52	55.0	27.0	41.11	21.84	52.33	46.49	
26.48	18.97	44.72	94.37	6.4	9.85	50.0	41.44	23.41	51.87	10.0	42.05	30.08	30.07	89.27	51.62	40.61	55.08	0.0	14.42	11.18	44.15	19.1	85.16	30.27	81.88	5.0	77.13	78.71	83.55	38.33	42.58	69.43	55.23	54.04	45.62	75.01	30.0	48.05	73.82	20.81	36.25	54.67	42.01	73.24	14.0	77.18	85.8	55.46	42.52	92.66	27.2	82.76	75.66	97.95	21.93	31.83	20.59	90.62	45.65	69.89	47.54	52.39	86.02	54.12	97.06	23.09	77.37	36.89	2.0	21.02	69.05	65.12	92.31	25.3	69.18	38.01	42.52	83.23	48.51	44.28	54.56	72.09	64.14	82.87	60.21	37.58	6.4	64.66	13.42	63.06	55.36	82.38	59.03	43.19	35.9	67.8	30.02	34.99	3.61	53.76	43.28	28.43	90.79	43.86	39.62	75.69	44.01	34.99	13.93	10.0	50.33	62.77	15.62	33.11	26.93	56.61	87.32	56.89	73.38	48.05	60.96	76.84	21.63	88.64	30.81	60.67	45.12	33.38	43.46	91.0	84.4	69.58	52.33	56.08	50.36	50.09	63.56	83.86	36.22	31.05	90.55	70.21	29.97	27.73	70.71	55.08	81.15	73.55	97.94	19.31	53.24	83.19	48.85	80.06	49.37	44.82	36.06	58.26	93.94	51.87	53.46	22.36	76.97	71.51	31.26	82.38	70.34	77.9	57.7	63.57	50.99	70.58	66.73	36.8	37.22	59.06	64.66	63.63	18.03	50.64	82.87	76.92	38.21	76.55	38.21	19.65	88.32	61.52	78.59	59.55	47.54	64.44	21.26	75.69	28.16	18.87	34.13	21.54	81.12	
38.01	15.23	52.15	87.92	8.54	16.03	43.68	33.54	10.0	37.44	6.0	30.59	21.38	26.08	75.95	37.22	26.25	44.38	14.42	0.0	3.61	35.06	9.22	76.56	41.23	71.84	9.43	63.79	64.4	74.0	49.04	38.95	56.32	40.82	39.7	31.38	60.81	25.06	39.36	70.04	25.0	31.14	52.43	39.96	58.82	8.25	72.25	71.4	43.68	28.84	87.01	26.91	73.39	63.03	91.84	8.06	32.57	10.2	76.55	49.03	62.27	52.35	38.28	74.24	42.06	82.73	34.01	63.07	24.35	15.62	7.07	59.46	51.22	78.19	16.49	58.46	31.95	41.18	68.82	40.31	32.14	42.72	57.94	49.74	68.96	49.73	42.19	20.62	60.11	26.91	48.75	48.26	72.73	44.78	35.9	33.6	53.41	24.6	22.8	13.45	39.62	29.0	14.14	84.63	42.94	25.81	62.17	37.64	38.47	3.16	14.56	50.57	48.37	2.0	22.09	22.2	57.94	73.38	47.54	59.67	35.06	60.83	63.06	10.0	74.46	18.03	48.01	36.72	21.21	37.54	83.86	71.02	57.01	38.29	42.06	42.43	42.95	54.63	69.46	32.25	38.21	85.28	56.52	19.03	33.0	65.3	47.01	69.07	64.26	83.53	26.48	48.1	70.26	37.66	65.8	41.44	31.38	38.83	58.6	88.01	38.91	48.85	21.26	62.77	64.14	28.02	77.83	61.74	63.66	51.86	49.73	37.2	56.61	52.35	22.67	33.6	53.81	50.33	49.24	30.81	38.0	72.8	70.8	24.08	62.64	31.05	14.76	83.1	60.54	65.12	59.48	54.0	62.43	22.36	61.52	19.42	4.47	22.56	12.65	66.73	
34.44	13.6	49.04	87.98	6.0	14.56	46.1	36.22	12.37	40.8	5.0	33.96	24.08	27.73	78.45	40.5	29.73	45.71	11.18	3.61	0.0	38.0	9.49	77.25	37.7	73.01	6.32	66.29	67.54	75.0	45.54	40.72	58.69	44.1	43.19	34.44	64.35	26.93	39.92	69.31	22.09	30.48	51.22	38.6	62.2	6.4	71.84	74.81	47.13	32.45	86.84	27.66	74.33	65.19	91.81	11.66	30.46	13.0	79.48	46.57	62.61	49.65	41.23	76.06	45.54	85.88	30.46	66.19	27.86	12.21	9.85	60.44	54.82	81.15	19.1	59.84	34.21	39.66	72.2	43.1	34.0	46.17	60.93	53.0	71.78	50.99	39.46	17.2	59.55	23.35	51.88	48.37	73.76	47.85	38.47	34.99	56.85	26.57	26.25	9.9	43.19	32.53	17.69	84.6	41.34	29.41	64.76	37.44	35.9	3.0	11.18	48.76	51.62	5.39	25.32	21.21	55.95	76.22	48.38	62.36	37.34	59.17	65.8	13.15	77.47	21.54	50.16	37.16	23.0	37.2	84.12	73.55	59.14	41.87	44.94	45.18	45.54	55.36	72.72	34.01	35.06	85.0	59.2	22.2	30.07	65.0	47.42	71.0	65.15	86.82	23.19	47.63	72.56	41.0	69.31	44.18	34.99	36.4	56.82	87.92	42.49	50.92	22.02	65.8	64.41	29.53	77.34	62.39	67.18	51.61	52.5	40.8	59.46	55.57	26.25	32.56	53.41	53.81	52.48	27.2	40.11	73.98	70.72	27.66	65.46	33.54	13.45	82.8	59.08	67.68	57.8	51.04	61.22	19.92	65.07	19.7	7.81	24.08	15.13	69.97	
70.61	49.65	87.02	112.61	38.47	36.77	12.21	4.47	37.0	35.85	35.23	9.43	14.14	17.69	80.36	37.58	28.43	64.35	44.15	35.06	38.0	0.0	41.98	97.67	74.33	89.81	40.45	69.64	60.41	93.09	82.38	17.03	64.85	39.56	33.24	38.6	45.71	16.4	64.64	99.48	60.03	62.39	84.31	72.73	50.01	43.19	100.12	59.54	15.65	21.1	113.07	24.76	92.96	72.9	116.93	28.64	67.08	25.0	74.55	83.86	86.56	87.37	43.91	86.35	15.81	76.03	67.08	59.54	15.62	46.1	35.17	79.93	34.37	75.33	19.1	76.06	10.3	74.33	58.22	5.83	50.99	15.23	57.72	46.1	69.63	69.31	77.23	50.0	89.19	57.28	48.08	74.89	91.68	46.24	6.0	19.7	44.05	15.81	15.26	45.54	29.61	27.46	27.73	109.99	76.24	22.02	67.07	66.65	73.44	38.12	49.04	84.2	45.35	33.06	13.6	55.08	91.92	73.16	70.18	63.57	49.58	93.92	65.8	25.08	71.34	19.7	60.46	62.97	44.42	67.08	107.52	75.58	68.1	27.66	47.41	8.06	9.9	77.16	62.0	15.65	73.03	112.0	61.1	16.28	68.03	92.91	72.2	80.53	84.9	73.55	61.07	77.41	77.62	9.22	50.99	7.21	19.7	73.68	92.05	113.57	19.0	19.72	25.24	61.0	88.73	18.44	105.95	84.17	48.84	79.92	54.63	24.52	58.82	49.03	24.76	65.79	82.49	40.05	46.32	62.1	53.15	90.6	97.01	24.76	64.29	7.81	48.84	110.0	93.05	69.89	92.66	89.02	94.02	57.31	45.89	49.4	33.54	46.65	23.09	60.03	
36.88	8.06	47.3	78.77	15.3	24.04	51.62	41.11	6.71	36.12	14.32	36.01	29.15	35.0	70.34	35.36	26.42	36.35	19.1	9.22	9.49	41.98	0.0	67.78	39.41	63.56	15.03	58.24	61.29	65.52	46.65	47.71	50.45	38.9	39.41	28.43	60.8	33.84	30.46	60.88	20.25	22.02	43.57	31.3	57.28	5.39	63.03	70.01	48.26	31.32	77.8	36.12	64.85	56.57	82.66	13.34	25.18	18.36	72.45	42.11	53.24	46.01	34.67	67.0	46.39	79.61	32.65	59.91	29.02	19.42	7.0	50.96	52.35	74.24	24.6	50.49	40.25	32.7	67.21	47.54	25.18	47.27	54.2	47.51	64.47	41.59	36.12	24.04	50.91	28.65	45.8	39.12	64.29	41.62	43.66	42.64	52.4	33.29	28.02	16.49	40.31	29.53	16.28	75.45	34.54	28.16	56.92	28.43	32.02	6.71	13.6	42.38	46.1	10.63	28.44	13.42	50.0	68.94	38.9	54.78	29.12	52.39	58.31	17.46	70.71	23.02	41.59	27.73	14.32	28.32	74.79	65.52	50.49	39.36	38.08	49.73	50.6	45.88	67.01	41.05	33.84	76.06	51.62	25.71	27.89	56.08	38.01	62.07	55.66	81.22	23.32	38.9	64.13	43.0	65.44	48.76	34.21	32.02	50.33	78.82	42.2	57.25	30.48	59.17	55.07	37.01	68.62	52.92	63.41	42.64	45.19	39.0	52.33	49.82	24.35	24.7	44.6	49.82	46.86	31.4	31.58	64.54	61.61	25.63	58.18	39.0	7.0	73.88	51.88	59.77	51.08	48.51	53.54	16.28	61.61	10.3	8.54	15.03	21.1	64.2	
87.05	66.22	76.92	18.25	82.87	91.76	109.79	99.36	67.54	65.0	82.08	88.41	90.44	99.32	43.29	62.8	69.31	33.6	85.16	76.56	77.25	97.67	67.78	0.0	86.28	11.05	82.22	41.59	60.21	7.0	88.28	110.21	39.56	62.68	69.63	59.41	78.77	97.64	37.34	29.73	70.26	49.65	41.76	49.09	68.62	71.78	23.35	75.13	93.24	77.08	22.02	102.47	6.08	33.73	22.56	76.16	60.0	82.86	57.04	62.36	16.0	67.36	55.61	25.32	91.05	68.12	84.0	59.44	82.22	84.65	70.66	17.8	80.53	59.08	87.66	22.2	101.4	50.25	72.37	103.28	47.2	92.46	54.41	62.17	51.16	28.43	66.91	87.86	29.15	88.68	58.14	30.27	8.06	56.94	102.18	107.07	69.86	96.8	83.1	81.74	73.82	70.72	72.67	18.03	50.49	75.69	43.93	41.59	64.38	74.46	75.93	51.24	61.72	77.39	86.21	58.46	54.13	53.0	29.07	46.57	48.1	47.89	47.85	81.12	59.01	80.0	38.83	40.16	56.44	42.43	12.17	43.0	34.54	75.0	53.25	105.38	107.56	21.93	66.75	104.29	74.33	23.35	46.49	85.21	70.03	22.83	30.08	28.02	12.81	75.01	75.17	35.06	37.0	92.7	79.12	104.69	79.25	62.39	50.09	21.02	84.65	117.03	97.06	56.29	15.13	101.55	25.55	14.87	78.75	30.07	49.19	77.62	50.6	60.93	73.0	50.16	30.41	71.55	61.27	88.2	44.55	11.0	17.03	72.92	50.01	99.02	65.52	22.8	44.29	43.42	48.3	73.68	39.45	66.61	79.71	57.58	73.79	54.59	85.59	65.12	
4.12	32.56	18.44	89.68	35.9	39.0	80.1	71.7	46.04	75.43	39.29	71.47	60.21	60.03	103.83	74.52	65.73	64.88	30.27	41.23	37.7	74.33	39.41	86.28	0.0	86.88	33.96	92.44	99.16	87.13	8.06	72.06	84.38	77.99	78.82	67.27	100.21	60.13	54.78	65.31	20.62	39.92	46.27	37.22	96.33	34.99	70.71	109.04	84.76	69.77	86.31	56.14	85.99	88.55	92.23	49.24	26.93	50.0	108.81	27.86	70.35	26.08	72.84	95.52	83.22	117.15	7.28	97.74	65.55	28.28	45.28	74.22	91.59	110.8	55.32	77.16	68.18	36.06	106.15	78.77	59.41	83.82	91.55	86.31	100.44	68.71	20.4	25.0	59.14	18.11	84.15	57.07	86.31	79.91	73.44	65.12	91.68	60.21	63.91	28.86	79.61	68.8	54.59	85.71	36.0	66.65	91.81	47.13	22.0	38.91	26.83	37.85	84.9	43.08	62.64	35.23	40.31	104.86	63.25	90.44	64.82	46.82	94.05	50.6	107.62	59.24	74.95	52.0	50.93	45.88	88.14	99.48	82.76	78.55	75.74	80.62	80.31	67.91	105.38	66.0	12.0	83.55	87.42	59.48	16.76	66.12	58.94	91.92	77.47	119.55	16.28	51.24	96.6	78.45	104.81	79.63	72.45	24.0	43.66	88.12	80.11	83.05	52.0	96.54	71.18	61.0	74.53	72.99	102.8	56.22	81.84	77.9	89.02	88.39	63.13	37.64	56.04	89.2	85.59	13.15	66.03	87.86	73.11	64.5	94.4	68.47	33.97	81.39	49.04	94.34	45.54	22.63	53.6	25.61	101.02	41.87	44.72	50.33	51.42	102.55	
87.13	63.29	79.71	29.27	78.85	87.56	102.0	91.84	62.3	55.9	77.62	80.43	83.73	93.02	32.56	53.76	61.4	27.51	81.88	71.84	73.01	89.81	63.56	11.05	86.88	0.0	78.45	30.59	49.24	4.12	89.84	103.25	29.07	53.26	60.31	51.22	68.15	91.24	34.06	37.44	69.18	48.09	45.28	50.0	57.94	68.07	31.76	64.13	84.22	68.88	33.0	96.77	5.0	22.8	33.54	70.38	60.02	77.08	46.1	65.31	18.6	70.66	46.67	14.87	82.07	57.22	83.73	48.51	74.63	81.61	65.46	13.0	70.49	48.17	81.39	13.89	94.34	51.55	61.39	95.27	40.72	83.49	43.66	51.97	40.11	22.14	68.62	85.29	34.06	87.0	48.02	29.83	3.0	47.2	94.63	100.65	59.48	90.35	75.72	78.64	64.54	62.48	66.19	29.0	52.2	67.8	32.98	40.2	65.52	70.09	73.25	54.59	51.62	72.42	79.08	56.04	58.82	42.01	25.08	35.74	40.5	53.26	36.88	75.24	48.0	73.06	29.7	37.05	50.92	41.3	23.19	32.02	24.19	65.86	43.93	97.31	99.64	19.1	55.73	97.62	75.19	34.13	35.85	78.39	70.21	29.07	28.16	17.0	9.49	64.03	74.24	36.4	26.02	84.22	68.31	96.67	70.84	63.6	55.0	32.06	75.69	109.4	91.55	45.35	19.1	95.26	35.11	14.32	68.01	31.78	39.12	68.62	39.92	50.54	65.46	49.5	33.12	61.4	51.11	87.14	36.89	1.0	25.06	65.22	39.05	91.81	62.39	33.38	49.68	32.39	53.41	76.92	45.28	65.03	69.08	53.76	68.62	49.34	79.71	54.13	
30.36	16.64	47.17	92.18	2.0	10.0	47.17	38.05	18.68	46.87	5.39	37.7	26.31	27.66	84.72	46.65	35.61	51.35	5.0	9.43	6.32	40.45	15.03	82.22	33.96	78.45	0.0	72.57	73.79	80.28	41.98	40.52	64.94	50.25	49.04	40.72	70.04	27.29	44.92	72.47	21.54	34.13	53.74	41.01	68.24	10.44	75.45	80.8	51.08	37.64	90.74	25.94	79.56	71.34	95.88	16.97	31.62	16.16	85.8	46.62	67.23	49.04	47.54	82.01	49.66	92.13	26.68	72.45	32.25	6.4	16.16	65.73	60.21	87.46	21.38	65.49	35.13	41.77	78.24	45.1	40.05	50.16	67.23	59.17	78.11	56.57	38.9	11.31	63.01	18.03	58.14	52.8	79.08	54.13	40.0	34.18	62.8	27.17	30.41	5.1	48.8	38.29	23.43	88.68	43.28	34.71	71.06	41.59	35.85	9.22	9.85	50.22	57.8	10.63	28.79	24.7	56.94	82.54	53.6	68.68	43.57	60.8	72.12	17.0	83.77	26.08	56.32	42.06	29.07	41.18	88.57	79.83	65.28	47.38	51.26	47.04	47.01	60.44	78.89	33.96	33.24	88.75	65.52	25.63	29.12	68.8	52.2	77.03	70.34	92.96	21.21	51.31	78.77	44.6	75.07	46.04	40.0	36.67	58.25	91.92	47.17	51.2	20.62	72.09	68.94	29.12	80.8	67.36	72.92	55.57	58.82	46.1	65.79	61.77	31.83	35.61	57.14	59.67	58.67	22.36	46.27	79.43	74.79	33.24	71.78	35.0	17.0	86.53	61.07	73.98	59.41	49.65	63.66	20.81	70.72	24.74	13.89	30.0	17.46	76.16	
91.3	61.85	91.29	59.84	72.18	79.51	81.54	72.73	53.94	33.84	69.72	60.41	67.9	77.93	12.17	32.28	43.57	29.0	77.13	63.79	66.29	69.64	58.24	41.59	92.44	30.59	72.57	0.0	18.68	34.71	97.65	85.44	8.06	30.08	36.67	34.06	38.59	75.95	39.6	62.82	72.07	53.41	62.43	60.83	28.3	63.6	58.69	33.54	60.21	49.04	63.29	83.38	35.51	8.0	64.13	59.08	67.01	65.0	18.36	78.57	41.98	84.22	27.17	19.42	58.31	29.15	87.24	18.03	56.52	77.62	56.72	30.81	43.14	20.59	67.27	23.77	76.66	62.97	30.81	74.32	33.62	59.68	14.21	25.0	10.44	27.46	78.64	82.28	55.71	86.38	21.95	43.57	33.54	23.41	75.27	84.72	31.14	74.97	58.25	74.73	40.71	43.17	53.0	59.3	64.44	49.24	2.83	48.08	74.52	63.35	71.17	70.0	25.24	63.51	62.17	57.31	76.55	13.89	33.84	6.4	29.12	72.95	6.32	63.0	18.97	57.43	17.49	41.77	43.97	49.5	53.76	7.28	10.82	42.49	23.19	76.06	78.79	34.54	25.18	81.02	82.42	64.07	8.54	62.65	76.28	53.6	39.66	14.32	33.14	34.93	76.94	51.31	8.06	62.17	38.08	75.64	49.98	73.0	73.57	62.51	52.35	89.16	79.1	14.87	43.74	80.06	63.29	36.67	38.01	48.76	15.3	45.62	11.4	22.67	48.51	56.73	51.43	33.97	24.41	88.24	26.93	30.81	52.35	47.68	8.54	73.76	60.54	63.01	69.77	2.24	72.56	89.81	66.71	67.12	39.45	51.48	59.54	43.66	67.03	23.54	
97.31	66.84	101.21	78.45	72.92	78.77	71.39	64.2	55.57	27.89	69.86	52.04	62.39	72.25	23.35	27.51	39.56	41.79	78.71	64.4	67.54	60.41	61.29	60.21	99.16	49.24	73.79	18.68	0.0	53.37	105.36	77.23	22.09	24.04	28.07	33.12	21.21	70.26	51.43	79.63	78.57	63.01	76.32	72.2	11.66	66.57	76.11	15.03	48.08	42.19	81.74	78.64	54.13	26.48	82.76	57.94	76.06	62.64	14.14	89.89	59.14	95.41	26.63	37.58	46.57	18.36	93.09	1.41	50.25	79.65	57.71	48.04	28.64	15.0	63.15	41.01	69.03	74.43	12.17	64.13	40.46	47.8	8.06	15.3	11.31	42.2	88.41	84.6	71.59	89.89	15.65	57.87	52.17	19.72	66.37	78.01	16.76	69.26	52.35	77.03	31.02	37.85	51.26	77.78	76.16	43.57	16.28	59.54	84.02	64.88	74.89	82.73	16.49	63.56	56.32	64.35	89.96	13.42	48.08	14.0	34.71	87.32	12.37	60.73	11.0	53.15	28.79	52.84	48.27	60.9	72.37	20.0	27.02	33.02	23.43	65.51	68.45	50.64	7.28	74.0	90.55	82.39	15.3	57.71	84.17	70.46	53.76	32.89	51.04	20.62	82.98	65.19	25.06	51.79	19.72	65.31	42.01	82.8	87.46	81.05	41.59	78.85	75.31	4.0	61.07	74.17	81.01	54.04	20.0	63.6	18.03	36.06	11.7	12.37	44.38	66.85	66.48	20.62	15.52	92.66	34.41	49.48	70.01	43.17	10.2	66.03	65.44	81.22	84.43	17.09	86.73	100.44	82.01	73.59	21.93	57.31	59.93	48.84	64.03	5.0	
87.57	64.78	79.12	25.18	80.78	89.56	105.26	95.0	64.62	59.55	79.7	83.74	86.61	95.77	36.35	57.38	64.66	29.97	83.55	74.0	75.0	93.09	65.52	7.0	87.13	4.12	80.28	34.71	53.37	0.0	89.74	106.23	33.11	57.01	64.03	54.56	72.24	94.02	35.51	34.83	70.01	49.01	44.28	50.01	62.03	69.86	28.84	68.25	87.86	72.25	29.02	99.32	1.41	26.93	29.43	72.92	60.41	79.62	50.04	64.62	17.46	69.86	50.25	18.44	85.7	61.13	84.29	52.63	77.8	83.19	67.78	14.56	74.43	52.09	84.12	17.03	97.35	51.42	65.51	98.6	43.42	87.11	47.76	55.95	44.18	24.6	68.41	86.7	32.45	88.09	51.97	30.15	1.41	51.04	97.8	103.45	63.51	93.15	78.82	80.23	68.25	65.86	68.96	25.02	51.92	71.06	37.11	41.0	65.51	72.12	74.67	53.71	55.57	74.67	82.1	57.31	57.45	46.0	26.68	39.85	43.6	51.61	41.0	77.82	52.01	76.01	33.3	38.47	53.31	42.01	19.1	36.0	28.18	69.53	47.63	100.66	102.94	20.1	59.84	100.5	75.31	30.27	39.92	81.3	70.58	26.91	29.02	21.02	10.05	68.01	75.03	36.14	30.0	87.69	72.42	100.0	74.28	63.56	53.54	28.02	79.31	112.61	94.02	49.48	17.49	98.01	31.78	14.14	72.11	31.32	43.05	72.25	44.01	54.56	68.6	50.09	32.31	65.37	55.07	88.01	40.0	4.0	22.2	68.41	43.17	94.87	63.95	29.61	48.01	36.5	51.87	76.16	43.42	66.03	73.16	55.54	70.94	51.62	82.29	58.25	
12.0	39.41	14.32	90.05	43.93	47.01	88.14	79.76	53.34	82.42	47.3	79.4	68.25	68.07	108.76	81.4	73.06	69.46	38.33	49.04	45.54	82.38	46.65	88.28	8.06	89.84	41.98	97.65	105.36	89.74	0.0	80.02	89.63	84.81	85.98	74.03	107.34	68.18	59.06	65.19	27.02	44.42	47.1	39.85	103.08	42.49	71.03	115.75	92.66	77.39	86.28	64.07	88.53	93.3	92.27	57.01	30.89	57.97	114.48	27.07	72.57	23.77	79.31	99.4	91.08	123.17	15.3	103.95	73.39	36.35	52.77	77.49	98.98	116.52	63.35	81.02	76.24	38.33	112.81	86.83	65.19	91.71	97.62	92.96	106.04	72.9	21.38	33.02	60.13	26.02	90.61	60.08	89.02	86.37	81.5	73.06	98.6	68.26	71.78	36.88	86.95	76.16	62.17	86.05	37.85	74.25	97.2	50.99	24.35	46.62	34.54	38.0	91.55	50.92	70.6	41.04	38.83	110.42	67.12	96.05	70.77	45.71	99.64	58.52	113.45	67.07	80.21	56.44	57.38	49.66	89.05	104.56	87.66	85.96	82.04	88.68	88.36	71.17	111.76	74.01	15.26	83.38	93.09	67.45	21.4	67.12	62.39	96.15	80.36	125.87	23.32	53.6	101.36	86.4	111.83	87.69	80.11	26.25	42.58	88.2	87.85	91.02	60.01	102.59	73.16	69.01	74.33	75.69	109.86	58.46	87.78	85.42	94.92	94.92	70.66	41.59	57.87	96.26	92.2	21.02	71.7	90.8	74.11	72.01	100.12	76.53	40.8	81.3	48.37	99.62	44.55	18.79	53.24	31.89	108.17	48.1	52.39	56.59	59.44	108.93	
68.03	54.12	87.3	123.91	38.6	33.14	10.63	13.04	44.69	51.66	36.4	25.32	19.85	13.0	96.54	53.16	42.54	76.61	42.58	38.95	40.72	17.03	47.71	110.21	72.06	103.25	40.52	85.44	77.23	106.23	80.02	0.0	80.06	55.54	49.65	52.8	62.65	13.89	74.97	108.23	61.98	69.63	91.27	78.89	67.0	46.96	109.79	76.53	32.02	36.4	123.75	16.03	105.95	88.02	128.08	35.47	71.18	29.41	91.35	86.98	97.74	89.56	58.87	101.24	32.56	93.05	65.19	76.32	29.15	44.55	42.01	92.42	51.35	92.2	23.43	89.36	8.94	80.13	75.24	15.23	63.01	31.78	74.15	62.65	86.15	81.84	79.4	47.1	98.08	54.01	64.33	84.86	104.85	62.1	11.05	7.07	61.01	14.42	27.73	45.12	46.27	42.38	37.64	120.97	81.88	36.4	82.97	75.29	76.22	42.06	50.29	89.44	61.81	37.22	24.19	61.06	96.66	89.81	81.69	79.56	62.77	99.76	82.0	30.61	88.2	30.23	74.69	72.84	54.49	75.43	119.21	91.68	82.86	44.28	62.63	15.26	12.81	88.87	79.01	6.71	73.55	122.35	76.92	25.0	69.64	102.65	82.76	95.46	97.42	90.55	61.61	86.05	93.3	26.17	67.9	14.76	35.69	76.9	97.49	124.48	36.01	11.0	20.22	77.65	99.82	11.4	115.52	96.05	65.76	89.27	70.21	41.19	74.95	65.62	38.01	72.4	91.55	57.01	62.8	59.01	66.37	104.1	107.48	38.48	80.6	11.7	53.71	120.24	99.48	85.87	98.41	90.03	101.24	60.54	62.8	57.01	39.41	56.59	26.63	77.01	
83.24	53.85	83.45	57.57	64.63	72.17	76.94	67.62	46.39	29.15	62.29	55.46	61.85	71.81	19.92	27.29	37.64	21.4	69.43	56.32	58.69	64.85	50.45	39.56	84.38	29.07	64.94	8.06	22.09	33.11	89.63	80.06	0.0	25.81	32.8	27.66	39.22	69.86	31.89	57.56	64.01	45.45	55.47	53.15	29.12	55.79	54.04	37.01	56.85	43.86	60.42	76.94	33.62	8.06	61.98	52.01	59.03	58.14	25.61	70.94	37.05	76.58	21.19	21.63	54.82	35.85	79.18	21.02	50.92	69.86	49.25	26.0	41.62	27.8	60.83	19.03	71.17	55.32	34.0	69.84	25.63	56.22	15.13	23.02	17.2	20.62	70.77	74.46	49.73	78.43	19.21	36.67	31.78	19.21	70.26	78.85	30.41	68.88	52.5	66.94	37.01	37.7	46.17	56.52	56.85	43.66	7.81	40.36	66.6	55.73	63.25	62.68	22.8	56.14	56.32	49.24	69.46	21.26	26.83	8.25	21.38	66.21	11.18	56.14	25.55	51.2	9.43	33.94	36.14	41.77	51.55	15.23	5.1	38.6	17.46	71.69	74.3	28.64	29.27	75.29	74.4	60.83	7.07	56.52	68.24	48.37	32.65	15.81	29.27	40.85	68.88	44.29	14.0	57.98	39.81	71.2	45.18	65.12	66.65	59.91	48.6	84.53	72.44	18.11	39.01	73.98	59.01	32.0	39.29	42.15	10.63	41.62	11.18	21.47	42.45	48.84	44.94	32.45	22.2	80.23	18.97	29.53	48.01	41.76	12.65	68.35	52.55	59.54	63.16	10.0	65.74	82.07	60.41	59.06	40.16	43.46	52.15	35.74	60.3	27.07	
75.69	45.45	82.76	79.65	49.24	54.78	51.48	42.72	32.65	4.0	46.07	30.36	39.0	49.01	41.0	3.61	15.52	32.98	55.23	40.82	44.1	39.56	38.9	62.68	77.99	53.26	50.25	30.08	24.04	57.01	84.81	55.54	25.81	0.0	7.07	10.82	23.41	47.01	39.0	73.16	57.8	46.17	64.2	56.75	18.38	43.93	71.57	31.11	31.14	19.24	81.44	55.08	57.2	33.84	84.12	34.01	57.7	38.6	37.34	73.39	55.36	78.55	8.06	47.43	29.07	42.15	71.45	22.8	27.07	56.3	34.41	46.07	19.24	38.64	39.32	40.5	46.87	58.94	28.32	44.28	24.19	30.48	19.0	8.94	31.02	36.4	70.21	61.29	63.51	67.01	9.0	48.26	55.61	6.71	45.22	55.33	13.89	46.01	29.02	53.82	11.31	14.04	27.31	77.82	60.88	20.0	27.51	45.4	65.74	41.62	52.4	68.45	7.62	39.82	33.02	44.78	76.3	35.01	40.02	24.04	19.0	75.33	26.48	36.69	34.71	29.27	23.85	39.12	27.78	46.53	73.93	36.14	29.73	12.81	9.43	46.07	48.75	45.54	28.65	51.48	70.72	81.15	21.54	34.06	64.35	64.76	44.41	41.62	50.61	42.72	61.72	54.0	38.08	32.25	27.29	45.62	19.92	64.88	74.67	81.39	22.8	59.09	51.48	23.19	57.58	51.04	77.2	51.48	25.5	54.23	15.26	15.81	19.42	11.7	20.4	50.29	57.22	12.37	8.54	70.18	21.21	53.91	66.73	19.24	25.18	43.93	44.05	79.48	73.11	30.36	74.43	82.76	72.01	53.01	24.35	37.22	36.36	29.07	40.02	25.94	
