250
0.0	87.66	1.0	23.02	62.8	46.23	81.84	40.25	36.01	59.23	31.05	60.88	81.74	28.6	78.1	38.29	37.58	19.31	61.59	12.73	86.54	2.24	89.9	54.64	76.85	42.38	81.84	38.01	59.84	95.41	15.0	117.8	118.85	88.14	58.14	60.03	38.42	40.5	77.78	39.62	36.69	61.98	92.96	69.58	77.49	34.48	52.95	100.9	73.68	22.2	19.72	87.21	45.18	50.04	66.94	28.0	72.28	94.7	59.84	11.0	50.36	80.31	64.54	22.0	27.0	70.83	80.26	100.72	89.64	88.75	30.61	83.49	93.96	72.95	64.5	67.19	82.02	23.09	73.68	69.66	82.15	86.7	98.39	62.13	9.22	57.31	58.69	51.09	85.63	45.35	52.2	60.14	58.52	61.68	81.39	70.01	81.02	35.85	29.41	96.46	20.25	24.08	85.07	44.01	95.02	43.66	23.32	48.26	45.31	74.73	28.43	9.0	74.81	114.11	59.4	84.17	92.18	124.08	34.48	46.1	57.01	35.0	32.39	115.11	57.07	36.12	84.77	48.0	16.03	63.41	43.0	95.43	42.2	28.44	53.08	35.61	79.7	40.05	55.44	62.77	75.66	65.3	42.38	36.88	42.19	42.01	21.59	42.15	91.76	81.63	57.8	22.56	48.75	79.61	50.77	28.0	78.16	16.4	79.12	61.29	91.71	41.87	37.12	11.18	41.44	18.38	49.65	56.65	43.93	92.13	39.01	42.19	24.6	11.18	24.7	89.5	60.8	78.57	52.7	10.3	78.39	93.34	7.07	66.94	29.12	77.88	24.6	74.01	14.87	17.46	57.87	23.54	37.0	59.03	11.4	58.73	74.33	58.14	19.24	98.01	46.17	70.71	80.23	60.96	47.07	17.09	71.0	78.92	39.7	64.94	55.87	44.2	16.76	38.28	72.84	26.68	80.65	39.0	34.21	39.29	48.04	56.8	72.84	5.83	79.48	39.46	56.08	27.02	72.78	116.61	81.74	77.37	97.35	77.9	47.85	37.58	86.98	63.51	54.41	52.4	25.24	56.32	82.49	80.78	59.44	24.04	77.49	18.68	83.82	75.11	
87.66	0.0	88.55	68.6	34.0	43.42	44.69	60.13	57.31	34.41	86.58	65.8	29.15	96.51	36.0	123.98	62.29	91.68	111.65	84.63	117.99	89.89	123.98	47.27	13.04	66.03	9.85	72.01	90.03	12.17	95.44	50.04	53.15	95.88	41.18	49.48	54.92	118.88	96.38	126.25	116.66	70.21	9.06	91.71	109.11	121.74	39.7	70.43	18.79	87.11	104.85	1.0	82.15	80.62	97.27	64.03	58.55	64.44	70.6	97.58	53.85	93.94	120.34	80.05	102.83	56.72	9.06	129.87	37.2	9.85	79.98	13.04	71.42	43.42	34.93	58.46	86.83	65.0	63.51	24.33	35.23	100.18	58.82	39.4	90.43	117.02	71.31	117.21	23.43	44.69	47.04	119.07	46.87	62.94	32.14	57.7	116.09	114.0	78.52	118.97	103.47	64.62	111.79	79.1	93.81	63.01	64.4	83.38	95.02	70.24	80.62	79.76	29.27	46.1	120.02	21.38	5.0	54.08	53.23	44.15	31.4	119.87	64.35	56.52	55.54	53.45	110.86	78.41	96.83	40.26	53.15	88.24	88.01	115.16	117.07	79.65	16.12	56.64	40.22	56.92	94.7	28.07	64.0	55.32	56.14	104.24	103.0	119.44	114.54	8.25	32.39	84.93	69.84	52.2	75.59	113.3	18.25	71.59	111.32	73.05	116.87	47.8	113.36	79.08	64.01	102.34	70.58	59.44	69.07	55.32	56.59	82.02	90.8	76.48	63.13	73.88	114.35	30.81	107.07	82.38	10.82	87.8	81.99	57.49	86.83	55.47	108.47	39.2	85.0	93.41	62.39	71.06	116.42	90.8	77.47	38.12	91.55	104.69	83.68	18.03	48.17	74.32	9.85	32.0	43.86	104.65	83.93	28.0	104.48	32.2	39.0	131.37	104.22	65.12	29.55	69.43	65.46	69.2	87.97	126.32	76.42	70.38	29.61	88.24	11.7	125.72	107.3	103.59	98.98	54.74	19.03	116.66	47.51	31.62	57.08	94.19	114.95	113.75	63.15	39.32	78.52	60.93	96.61	46.23	67.45	94.92	64.66	69.46	65.03	81.86	
1.0	88.55	0.0	24.02	63.79	47.01	82.38	40.71	37.01	60.21	30.81	61.13	82.73	28.02	79.1	37.64	38.01	19.7	61.06	13.45	86.16	1.41	89.47	55.22	77.7	43.32	82.68	38.91	59.68	96.25	15.03	118.44	119.47	88.09	59.14	60.54	39.05	39.56	77.65	38.9	35.74	62.17	93.81	69.46	77.16	33.53	53.94	101.24	74.63	22.8	19.24	88.1	45.1	50.01	66.71	29.0	73.25	95.08	60.02	10.0	51.35	80.22	63.89	22.02	27.02	71.81	81.12	100.32	90.27	89.59	31.4	84.43	94.25	73.5	65.49	68.15	82.05	24.04	74.63	70.43	83.15	86.58	98.84	63.13	9.49	56.64	58.86	50.33	86.37	46.32	52.8	59.46	59.08	61.98	82.39	70.38	80.62	34.93	30.23	96.17	19.92	24.84	84.77	44.0	95.05	44.01	24.19	48.17	44.94	74.95	29.21	10.0	75.8	114.77	58.69	85.15	93.06	124.74	35.36	46.86	57.94	34.0	33.38	115.68	58.05	36.88	84.48	48.01	16.0	64.03	44.0	95.52	41.98	27.46	52.35	36.4	80.65	41.05	56.44	63.16	75.54	66.07	42.72	37.54	42.72	41.4	21.38	41.23	91.48	82.49	58.6	22.36	49.66	80.06	51.62	27.0	79.12	17.2	78.77	62.18	91.39	42.64	36.24	12.17	41.79	18.03	49.82	57.01	44.15	92.59	40.01	42.11	24.17	12.08	25.63	89.74	60.22	79.25	52.15	11.18	79.31	93.43	8.06	67.91	28.86	78.29	24.17	75.01	15.56	17.72	58.82	24.52	36.06	58.86	12.04	59.41	74.24	57.7	19.1	98.81	47.17	70.86	81.15	61.72	48.05	16.16	71.01	79.91	39.05	65.92	56.57	43.42	15.81	38.63	73.54	27.66	80.96	39.92	34.83	38.33	48.09	57.7	73.82	5.39	80.41	38.47	55.57	27.0	72.57	117.2	82.71	76.92	97.91	78.57	48.3	37.16	86.65	62.97	54.71	53.15	26.08	57.28	82.39	81.3	59.67	24.35	77.79	19.65	84.77	75.17	
23.02	68.6	24.02	0.0	40.52	32.7	73.08	37.34	13.15	37.34	43.84	60.53	59.23	46.65	55.23	55.57	35.69	23.35	77.1	16.12	98.47	25.0	102.8	46.69	59.4	21.4	64.35	19.42	68.48	77.83	26.93	105.31	106.94	93.3	35.36	53.46	31.02	62.82	85.09	58.14	59.23	63.15	75.07	76.97	88.75	56.72	31.02	96.63	52.77	19.72	36.67	68.01	53.34	56.8	76.66	5.1	49.98	89.81	61.39	34.01	27.46	86.38	82.01	32.53	34.71	48.38	62.29	112.89	78.29	71.42	18.03	62.61	91.09	64.29	41.98	44.94	85.62	8.06	51.89	54.64	59.3	93.41	91.44	39.32	22.47	75.45	60.64	70.71	71.28	24.19	43.74	78.24	50.8	60.21	58.69	66.07	93.6	57.97	16.03	106.55	34.99	17.72	95.52	51.0	98.27	42.76	13.34	56.44	58.73	74.33	17.03	14.04	52.39	101.36	77.94	62.3	73.41	111.31	19.31	33.24	37.2	58.01	9.85	104.79	34.48	25.32	95.02	54.13	28.3	53.45	20.02	97.02	53.41	51.16	72.2	21.59	58.6	17.03	32.98	59.01	82.86	50.77	41.98	29.02	37.01	59.64	34.41	64.29	101.6	63.7	42.72	36.24	29.0	73.16	32.8	51.01	56.86	14.87	90.7	41.77	102.22	29.41	58.82	12.04	41.0	34.0	52.2	54.08	46.17	85.15	16.0	50.77	41.05	14.32	10.0	88.02	77.34	66.19	68.77	14.56	58.52	95.19	16.0	44.6	42.45	72.56	39.96	51.04	16.4	24.84	36.24	4.0	59.44	68.1	18.87	47.17	80.78	72.18	32.8	81.34	23.54	72.18	60.21	47.01	25.5	39.32	75.58	56.52	57.98	42.72	44.01	63.56	39.2	38.33	59.94	5.83	78.01	19.1	26.08	61.66	53.31	36.88	50.45	26.68	59.17	62.2	71.45	35.38	81.88	105.55	60.17	90.91	87.66	65.74	44.05	52.4	97.94	79.25	53.46	39.4	13.15	34.44	88.96	72.53	59.84	27.2	75.0	7.81	61.85	78.34	
62.8	34.0	63.79	40.52	0.0	32.2	61.68	51.11	27.51	4.47	72.8	67.9	19.03	80.06	17.09	95.34	51.88	61.72	103.87	56.3	118.0	64.94	123.46	46.75	31.14	32.56	34.71	38.9	87.09	45.69	66.85	81.22	83.86	102.83	7.21	52.8	42.94	100.08	99.09	98.23	97.01	72.12	42.54	92.31	108.23	97.08	10.0	89.49	15.26	56.44	76.9	33.12	74.71	75.47	95.44	35.44	29.12	82.54	71.45	73.68	20.0	98.29	111.07	63.15	72.2	26.93	31.78	131.65	60.3	40.8	47.8	24.04	87.32	55.54	2.83	27.17	93.72	40.11	33.96	34.93	20.62	105.38	80.05	6.0	62.94	105.95	71.51	103.59	48.01	18.03	44.55	108.47	49.2	65.86	19.1	65.73	114.55	95.08	46.62	122.49	74.85	44.41	113.07	71.59	104.04	56.3	42.05	77.03	85.23	78.01	48.83	53.94	12.04	77.1	108.81	21.93	38.95	86.12	32.76	33.6	14.21	97.51	33.54	85.05	21.84	37.7	112.29	72.72	68.15	46.14	21.47	100.17	78.39	91.24	104.29	46.69	19.8	25.06	7.62	61.22	97.0	34.18	56.6	42.05	47.71	90.96	73.82	101.18	117.59	32.98	29.68	68.07	35.85	66.31	41.59	90.55	17.69	49.0	110.44	39.81	119.21	34.48	95.26	52.39	56.08	74.09	66.61	60.11	62.43	74.73	25.5	73.35	73.98	52.24	39.01	87.24	105.48	48.84	97.14	55.08	23.26	99.02	56.09	26.17	72.28	67.98	79.71	15.0	56.08	63.98	28.86	41.79	97.02	87.37	55.01	39.66	94.11	97.51	65.62	50.92	17.09	79.4	24.19	34.0	16.0	79.62	86.98	16.12	90.24	2.24	37.8	103.82	79.43	55.47	43.42	39.4	77.03	36.07	55.23	101.98	71.02	36.69	10.05	65.19	22.47	102.26	98.62	73.06	99.02	84.29	20.25	113.53	71.45	49.03	52.63	81.61	116.04	106.1	62.29	33.97	47.51	27.2	101.12	62.3	68.59	64.14	74.95	44.28	39.36	87.11	
46.23	43.42	47.01	32.7	32.2	0.0	40.79	19.31	28.0	27.8	44.01	36.62	48.47	53.34	48.88	84.17	20.62	55.23	72.73	46.62	85.8	48.41	91.26	16.76	31.38	43.19	36.25	46.04	54.92	49.65	56.85	72.95	74.43	71.85	33.3	23.77	12.04	75.5	67.18	85.8	73.25	40.61	47.42	60.21	76.03	79.26	24.84	66.03	34.53	52.33	65.05	43.17	43.08	43.42	63.25	30.08	58.01	59.01	39.7	55.23	37.7	66.71	80.52	36.67	66.57	55.8	35.11	99.49	45.62	42.94	49.48	43.05	61.66	32.25	35.0	54.38	62.97	26.08	62.13	23.43	51.88	73.88	59.54	36.07	50.99	76.12	39.62	75.11	39.62	19.7	13.93	78.45	20.4	34.99	49.66	37.36	82.38	70.61	47.54	90.52	64.44	22.2	80.92	39.92	74.24	24.19	23.35	45.19	54.57	48.33	49.04	39.62	42.05	69.07	79.08	47.07	47.43	79.06	13.42	1.41	18.79	76.69	34.23	72.09	44.72	10.3	80.16	40.71	58.26	21.21	29.83	71.31	47.54	72.47	75.33	51.62	40.31	31.26	29.07	31.38	65.05	19.1	24.6	12.04	15.65	62.13	64.66	76.12	85.59	36.4	11.66	41.59	50.64	42.0	56.44	70.26	39.62	29.83	78.24	60.73	87.11	4.47	70.04	39.82	24.17	62.97	34.41	28.84	30.41	53.34	30.15	42.06	47.52	35.38	23.85	59.91	74.73	33.62	66.71	43.42	36.06	69.86	41.73	53.54	44.01	42.19	69.35	47.2	47.71	56.04	50.7	36.4	73.01	55.23	35.23	14.56	62.24	66.13	40.26	51.87	26.93	48.55	38.05	14.87	21.47	62.68	55.32	45.31	62.01	33.29	11.4	90.43	62.13	24.04	27.46	36.4	49.48	44.0	57.97	83.65	38.95	56.04	40.25	45.79	38.0	82.76	67.72	67.12	66.84	72.9	43.74	81.49	55.03	33.12	20.52	52.24	83.87	74.95	30.48	6.71	45.54	48.47	69.53	40.45	37.01	59.54	46.84	30.0	69.66	56.04	
81.84	44.69	82.38	73.08	61.68	40.79	0.0	42.01	68.47	58.69	65.0	30.68	68.8	76.4	73.36	119.85	44.82	94.54	78.85	85.49	77.78	83.76	83.86	27.29	35.0	83.1	35.36	86.58	54.92	39.81	94.83	38.28	38.42	52.55	66.49	22.02	43.83	98.74	55.58	120.6	98.01	33.96	40.31	53.0	70.11	110.32	59.54	27.86	52.84	92.36	101.55	45.34	53.67	49.77	60.13	70.83	90.8	21.02	35.44	88.24	75.24	52.17	88.29	64.38	105.6	88.6	37.54	88.06	12.04	36.06	90.24	54.67	27.02	8.94	64.2	88.53	43.97	65.79	95.6	26.93	74.43	57.57	19.0	67.45	88.59	87.28	36.69	90.47	21.95	58.0	29.97	88.6	23.32	27.86	71.34	18.44	77.16	94.63	88.29	76.54	101.71	59.03	71.02	51.48	49.4	40.31	61.85	53.31	66.71	28.28	89.74	77.37	65.3	35.36	90.14	62.8	44.65	44.65	53.85	40.02	48.84	104.89	74.97	33.42	80.89	48.1	70.04	48.75	96.18	19.65	69.01	43.6	60.83	103.25	89.32	92.4	55.22	71.11	62.97	22.83	54.33	27.66	41.73	45.62	39.66	78.71	102.47	98.48	72.53	37.48	34.06	67.9	90.0	8.25	96.01	99.72	56.3	66.65	72.17	98.51	75.19	43.68	92.91	78.29	42.43	99.98	41.18	28.84	43.6	13.15	70.18	55.07	72.35	72.47	63.57	29.21	82.46	14.21	77.16	81.86	47.2	43.27	79.18	87.56	66.22	12.17	106.33	74.32	86.93	94.85	87.69	76.92	97.42	56.09	70.49	26.31	51.24	72.03	68.62	36.69	65.03	34.01	48.41	29.07	59.03	96.05	44.05	66.37	80.13	61.35	29.43	124.33	95.27	45.28	18.38	77.13	21.54	84.38	98.72	113.86	46.96	94.26	64.4	79.4	50.0	111.87	75.96	106.02	60.03	35.36	59.41	79.0	15.62	13.6	34.71	69.46	74.15	80.6	32.76	34.37	86.13	85.59	54.57	2.0	32.89	99.16	21.59	69.08	100.66	40.45	
40.25	60.13	40.71	37.34	51.11	19.31	42.01	0.0	39.36	46.65	26.68	23.19	67.78	37.34	68.0	77.94	2.83	55.11	53.45	45.89	67.36	42.06	72.62	15.81	47.27	54.63	51.62	55.36	36.24	64.03	54.08	79.25	79.91	56.86	51.22	20.0	8.49	60.17	50.22	78.6	58.6	25.96	62.37	42.64	57.49	68.68	42.8	61.13	53.6	54.23	59.94	60.07	23.77	24.41	44.69	37.36	74.97	54.71	24.35	46.23	52.8	50.61	61.39	22.8	65.52	72.84	51.24	81.34	50.99	57.49	55.33	61.66	54.74	33.3	53.85	70.84	48.7	29.27	78.64	36.88	71.11	57.8	58.14	54.41	47.76	57.31	23.77	57.08	50.09	36.07	14.32	59.54	19.1	23.0	68.94	30.08	63.6	55.54	53.34	73.11	60.42	20.0	62.94	20.62	61.13	5.83	24.08	25.94	35.51	37.05	54.15	37.11	61.33	75.82	60.3	66.22	63.51	85.63	22.47	18.03	38.08	64.07	43.32	75.43	60.44	15.0	62.24	21.63	55.36	25.24	43.83	59.68	28.44	61.62	57.0	58.86	59.23	43.91	47.01	22.8	48.01	32.56	5.66	10.0	4.0	44.1	61.47	60.41	68.12	52.35	28.02	26.93	62.65	39.36	67.78	58.41	58.69	26.48	59.67	74.3	69.35	16.64	54.42	38.64	5.0	58.6	16.4	17.12	11.4	51.88	42.54	22.8	32.2	32.02	27.46	51.09	55.54	41.34	47.68	41.98	54.23	57.87	38.6	70.09	27.2	37.7	64.85	66.04	47.68	54.82	65.46	41.3	58.18	36.4	29.15	23.09	45.49	46.82	27.02	64.85	42.52	34.93	56.22	28.28	38.21	54.04	39.36	64.62	44.41	52.35	21.38	82.33	53.26	5.0	36.67	42.76	41.44	54.08	63.07	72.47	20.0	69.35	59.51	37.44	56.44	70.8	48.51	65.8	48.8	77.23	62.82	62.43	57.63	40.5	7.62	34.06	65.76	55.66	16.12	21.02	50.09	63.25	53.34	40.8	22.56	60.02	38.33	31.0	86.98	41.44	
36.01	57.31	37.01	13.15	27.51	28.0	68.47	39.36	0.0	24.6	52.7	61.68	46.1	57.38	42.11	67.98	38.59	34.67	85.8	28.79	104.89	38.05	109.66	44.28	49.41	15.52	54.2	18.11	74.03	67.36	39.4	97.58	99.54	96.18	22.2	51.35	31.38	75.13	89.36	70.77	71.7	65.0	64.44	81.54	95.02	69.87	18.36	94.02	40.5	29.83	49.4	56.64	59.46	62.01	82.46	8.06	38.95	87.01	63.56	47.01	15.65	89.94	91.59	41.68	45.61	37.12	51.86	119.21	71.84	61.22	23.32	50.25	89.45	60.13	28.86	34.13	87.85	15.23	41.62	46.62	46.17	97.13	87.37	26.17	35.44	85.48	63.07	81.54	63.07	12.81	41.3	88.19	48.17	60.73	45.54	64.78	100.45	70.21	21.63	111.83	47.42	23.43	101.21	56.73	99.96	45.18	19.42	62.37	67.01	74.73	23.6	27.02	39.29	93.52	88.12	49.4	62.24	103.32	17.09	29.02	26.25	71.01	7.21	98.37	23.32	24.7	100.6	59.2	40.72	49.09	7.07	97.8	60.96	64.28	82.76	24.35	46.14	5.0	19.92	58.25	87.13	43.32	44.78	29.55	37.7	69.77	46.53	76.49	106.83	53.26	35.44	46.07	23.41	70.0	28.86	64.01	44.29	24.7	97.08	34.99	107.8	26.31	70.83	25.18	43.91	46.62	55.57	54.41	49.93	81.22	3.61	57.28	51.48	26.31	15.26	87.3	86.53	59.48	77.94	27.66	46.86	96.17	29.07	33.62	51.62	70.11	52.33	38.0	28.64	36.72	26.87	14.32	71.85	73.88	30.08	42.19	84.72	80.28	42.95	71.4	10.44	73.74	48.41	40.26	13.45	52.47	78.71	43.42	68.45	29.73	39.12	76.32	52.35	41.88	53.16	12.21	76.94	16.0	31.76	74.81	58.01	30.02	37.36	39.2	47.2	75.33	80.21	46.4	87.2	98.68	47.42	98.31	82.0	59.2	44.6	61.59	103.86	88.01	54.78	34.13	21.21	24.76	92.66	68.26	61.47	37.64	74.15	18.44	51.11	80.62	
59.23	34.41	60.21	37.34	4.47	27.8	58.69	46.65	24.6	0.0	68.41	63.7	23.02	75.8	21.54	92.57	47.41	59.17	99.4	53.31	113.6	61.39	119.04	42.64	29.83	31.62	33.84	37.64	82.66	45.65	63.98	80.05	82.57	98.72	8.0	48.83	38.47	96.02	94.79	95.34	93.01	67.9	42.54	87.97	103.81	93.62	6.32	86.4	16.28	54.08	73.93	33.6	70.24	71.02	91.02	32.31	32.31	79.4	67.18	70.04	19.7	94.07	106.63	58.86	69.89	30.08	31.02	127.28	58.03	40.31	46.01	25.81	83.93	52.2	7.21	29.83	89.64	36.35	37.0	32.25	25.0	101.18	77.28	8.94	59.81	101.53	67.21	99.25	46.27	14.04	40.36	104.04	45.22	61.72	23.35	61.91	110.11	91.02	44.69	118.19	72.01	40.2	108.71	67.12	100.12	51.87	38.0	72.56	80.78	74.06	46.86	50.45	16.03	75.93	104.4	25.0	39.41	85.16	28.44	29.21	10.3	93.77	31.06	83.29	23.09	33.24	107.94	68.26	65.31	42.49	19.21	96.38	73.93	87.66	99.92	45.34	21.63	22.8	5.83	57.2	92.7	31.05	52.15	37.58	43.27	86.59	71.12	97.08	113.28	32.31	25.94	63.79	35.85	62.97	41.79	86.83	19.72	45.04	106.02	41.19	114.87	30.02	91.14	49.04	51.62	71.18	62.2	55.9	57.98	71.81	23.02	68.88	69.72	48.51	35.13	83.63	101.02	46.27	92.7	51.87	23.6	95.19	52.63	28.86	67.91	64.47	76.92	19.42	53.23	61.29	30.15	38.91	93.0	82.93	51.09	35.85	89.83	93.04	61.4	50.57	14.42	75.29	24.84	30.46	12.17	76.16	82.73	20.0	85.91	6.08	33.84	100.85	75.93	51.0	40.61	36.72	73.36	34.83	53.76	98.49	66.57	37.66	14.04	61.4	23.35	98.66	94.15	70.72	94.64	82.73	22.85	109.08	69.12	46.39	48.27	77.2	111.66	101.64	58.0	29.83	45.22	28.28	96.9	59.2	64.35	61.85	71.2	40.61	43.05	82.98	
31.05	86.58	30.81	43.84	72.8	44.01	65.0	26.68	52.7	68.41	0.0	37.01	91.01	11.4	89.84	61.4	24.33	50.29	33.3	42.54	55.9	31.58	59.68	41.79	73.82	65.12	78.26	63.03	29.07	90.71	45.71	103.23	103.41	58.08	70.94	43.91	32.0	34.0	47.1	60.75	33.02	36.36	89.05	39.01	46.62	47.17	63.25	77.39	78.31	52.39	47.04	86.47	15.52	20.88	35.9	46.86	91.59	72.2	34.13	30.15	68.26	50.01	38.95	11.31	57.56	89.69	77.78	70.24	75.47	84.17	58.52	87.05	69.46	57.14	75.29	86.82	52.95	37.8	94.3	63.56	93.41	56.08	77.9	74.67	40.26	33.24	32.76	31.14	76.32	55.36	40.8	35.85	44.28	38.95	91.68	48.8	50.61	29.68	56.86	65.46	49.01	29.53	54.08	15.65	65.76	25.5	33.29	18.25	15.0	49.24	56.6	34.48	84.17	100.12	36.06	90.67	90.09	109.62	40.16	43.0	61.66	40.36	53.15	97.74	76.01	35.51	53.76	19.7	46.53	51.08	59.17	67.19	11.18	40.31	31.58	63.25	84.21	57.69	67.07	42.52	45.04	59.23	24.17	32.06	30.59	18.25	51.09	34.01	60.73	78.92	54.23	8.54	72.84	60.14	76.49	36.06	83.38	29.0	48.33	85.59	60.75	40.11	28.18	37.22	23.77	47.01	24.84	36.24	21.4	72.14	56.3	12.65	8.54	30.81	37.44	63.95	33.84	67.12	25.24	38.91	80.01	65.0	34.44	86.28	2.0	57.28	52.09	86.98	44.78	48.51	79.2	46.75	32.45	28.16	25.81	49.73	44.01	28.43	12.08	91.39	59.93	43.86	82.01	54.92	57.58	36.88	41.77	87.86	18.0	74.46	48.05	63.07	35.9	21.84	62.97	49.52	56.86	62.94	63.95	50.0	20.59	80.66	82.23	25.5	82.01	47.51	27.66	57.43	41.77	100.12	87.46	47.43	80.28	66.21	31.78	8.94	56.08	35.47	32.56	47.27	52.7	77.2	52.01	63.41	35.0	55.08	53.82	36.07	103.77	46.57	
60.88	65.8	61.13	60.53	67.9	36.62	30.68	23.19	61.68	63.7	37.01	0.0	81.61	48.17	83.63	96.66	25.02	77.41	48.51	68.26	52.39	62.36	58.31	21.26	53.14	77.16	56.04	78.34	25.0	65.38	75.5	68.43	68.1	35.23	69.81	16.55	30.36	69.53	31.62	96.6	69.31	4.47	64.78	26.0	43.32	84.05	61.4	40.71	65.73	77.03	80.01	66.1	23.6	19.24	31.58	60.42	94.63	35.23	5.0	64.47	73.82	30.41	57.87	39.92	87.3	92.42	56.92	65.0	42.45	59.84	78.52	71.55	33.24	25.08	70.72	90.97	26.42	52.47	98.74	41.79	86.05	37.48	41.01	72.35	69.23	56.61	6.08	59.93	48.01	56.08	23.35	57.97	19.72	3.0	83.41	12.53	50.29	65.8	76.53	55.0	81.04	43.1	46.53	21.93	38.28	18.0	47.27	22.83	36.24	14.04	77.32	59.3	76.06	65.8	59.48	78.03	67.68	74.71	44.6	35.23	53.74	77.34	66.22	61.61	81.12	37.0	45.65	18.6	76.69	25.63	65.31	36.5	30.81	77.1	58.69	82.04	70.33	65.92	65.6	9.06	29.68	38.91	19.03	32.28	24.04	48.55	82.46	69.03	50.22	57.57	39.2	42.06	85.09	24.19	90.44	73.01	70.49	49.04	45.54	96.25	52.15	36.24	63.78	61.13	20.02	79.12	12.21	7.81	17.09	35.47	64.62	25.5	45.22	54.23	50.64	28.64	51.97	38.01	46.49	64.28	63.51	34.71	60.53	90.14	38.6	20.81	85.07	82.73	70.18	76.79	86.77	64.5	68.62	26.02	50.64	29.68	26.63	41.59	43.86	64.01	63.13	12.08	65.31	36.36	57.98	72.01	19.21	78.6	50.22	68.59	30.61	99.48	71.11	23.09	36.67	65.92	20.12	76.92	86.21	87.01	17.03	91.39	74.52	56.92	66.19	84.5	45.35	87.48	33.24	64.35	74.43	50.99	44.78	37.01	17.09	39.82	49.65	50.36	7.07	33.94	73.25	84.53	33.24	28.79	2.24	82.39	17.0	54.08	106.21	19.42	
81.74	29.15	82.73	59.23	19.03	48.47	68.8	67.78	46.1	23.02	91.01	81.61	0.0	98.73	7.62	113.3	68.95	79.48	121.15	74.73	133.26	83.86	138.92	60.46	34.0	48.02	35.11	54.71	102.88	41.01	85.07	79.16	82.3	115.43	24.04	65.44	60.08	119.04	113.23	116.38	116.0	86.02	38.05	107.07	123.66	115.92	29.02	96.25	16.28	73.93	95.21	28.16	91.55	91.71	111.02	54.13	31.02	89.69	85.7	92.66	35.36	111.83	128.74	81.74	89.47	29.55	32.31	146.44	64.08	38.64	64.41	16.12	95.69	64.66	17.26	32.25	106.22	59.14	35.74	42.64	6.08	118.7	85.43	20.25	81.49	123.94	85.98	122.0	50.33	37.0	58.83	126.38	62.01	79.2	3.0	77.08	130.25	114.04	63.51	136.61	92.97	63.2	127.86	88.39	115.31	72.5	61.01	93.62	102.79	89.83	65.74	72.84	7.0	75.24	126.85	8.06	33.0	83.0	51.35	49.77	29.73	116.52	51.55	85.51	33.3	55.54	127.03	89.05	86.33	57.31	39.56	110.63	95.82	110.17	122.58	62.43	13.93	43.01	26.31	73.88	111.25	43.84	73.01	59.48	64.08	109.24	91.76	120.1	131.83	32.89	42.44	86.7	48.92	75.0	53.74	109.55	12.53	68.01	125.9	48.26	133.7	51.55	114.16	71.2	72.62	92.35	82.3	74.06	78.79	81.01	43.68	90.48	92.66	71.25	58.03	96.83	123.02	54.71	114.84	73.76	21.93	109.79	74.97	31.38	90.61	77.47	97.74	12.21	74.33	81.93	38.95	60.17	116.0	103.31	74.03	52.01	108.23	114.59	84.38	47.04	35.69	92.31	21.19	45.45	35.01	98.48	100.8	3.16	108.67	17.0	51.04	122.07	98.31	72.45	50.8	57.57	87.21	51.97	71.02	120.84	87.24	46.86	9.0	84.21	19.31	121.2	116.06	90.38	114.06	83.86	10.2	129.69	75.03	55.23	68.0	99.69	130.92	123.37	76.85	48.37	65.0	38.18	114.63	69.89	82.66	81.44	85.63	63.29	36.01	100.12	
28.6	96.51	28.02	46.65	80.06	53.34	76.4	37.34	57.38	75.8	11.4	48.17	98.73	0.0	96.88	52.61	34.79	47.51	33.12	41.23	59.2	28.3	62.03	52.8	83.95	67.96	88.53	64.82	36.67	101.24	41.63	114.62	114.81	66.1	77.37	55.23	41.59	22.85	54.33	51.42	21.63	47.2	99.46	46.69	50.8	36.67	70.21	88.23	87.0	50.8	40.61	96.34	25.55	30.89	42.01	50.54	96.18	83.24	45.0	23.77	73.01	57.87	36.07	17.03	52.81	94.43	87.86	73.05	86.82	94.64	58.69	96.08	80.16	68.51	82.38	91.24	61.98	42.15	98.41	74.04	100.62	63.29	89.14	81.25	37.22	29.07	43.6	24.17	87.32	62.17	51.62	31.89	55.47	50.21	99.14	60.11	53.45	18.36	57.28	70.04	43.17	35.69	58.69	26.4	74.46	36.72	38.6	27.73	19.0	59.91	56.59	34.71	91.79	111.5	31.4	99.08	100.22	121.02	47.38	52.47	70.03	29.21	56.44	109.12	80.53	44.01	58.55	30.23	42.15	62.17	64.26	76.55	19.31	30.08	25.55	63.64	93.01	62.24	73.76	53.91	52.47	69.64	35.36	41.3	41.11	13.45	45.61	23.09	65.62	89.05	64.13	12.04	75.21	71.51	78.1	25.5	92.01	32.7	52.17	88.01	65.12	49.16	17.09	37.54	34.89	41.23	36.07	47.63	32.8	83.44	60.93	23.02	6.08	32.45	42.38	74.43	32.2	78.26	24.19	38.21	89.36	74.33	33.94	90.8	10.3	68.59	45.4	93.62	43.42	45.18	82.86	48.83	21.1	35.51	27.78	60.41	51.97	30.36	14.56	102.18	65.8	54.2	91.35	65.25	64.33	29.02	50.92	95.63	11.4	81.88	58.52	53.14	28.02	32.7	73.93	51.87	67.8	65.22	62.8	39.12	31.4	83.23	89.81	22.8	91.2	36.4	27.73	52.5	48.01	111.52	96.02	49.4	91.68	77.37	42.94	11.05	60.21	34.99	43.93	57.27	53.04	81.01	59.54	74.81	46.1	51.88	64.82	39.36	108.23	56.08	
78.1	36.0	79.1	55.23	17.09	48.88	73.36	68.0	42.11	21.54	89.84	83.63	7.62	96.88	0.0	108.16	68.88	74.33	120.93	70.21	134.53	80.16	140.06	62.37	39.22	42.05	41.0	48.75	103.77	48.04	80.28	86.02	89.09	118.09	20.0	67.88	59.93	116.43	115.11	111.4	113.22	87.97	45.01	108.6	124.81	111.88	26.68	101.08	20.62	68.62	90.47	35.0	91.68	92.28	112.06	50.16	23.41	94.37	87.46	89.09	29.73	114.02	128.16	80.05	83.93	21.93	38.08	148.0	69.57	45.18	58.69	23.02	99.98	68.51	14.56	24.7	108.9	56.08	28.16	46.65	4.12	121.02	90.62	16.0	77.1	123.02	87.62	120.54	56.04	34.71	60.44	125.54	64.35	81.39	5.0	80.16	131.23	111.45	57.94	138.54	88.06	61.19	129.4	88.55	118.56	73.06	58.55	93.94	102.32	92.76	60.17	69.12	8.06	82.05	125.87	15.52	40.11	90.05	49.73	50.25	30.23	113.07	46.87	91.92	26.63	54.78	128.6	89.55	81.49	60.31	35.23	114.2	95.46	106.38	121.3	56.36	20.1	38.47	23.19	76.37	113.07	47.2	73.43	59.09	64.5	107.97	86.68	117.61	133.69	38.83	44.55	84.93	42.2	79.08	46.75	106.08	18.25	65.28	127.03	40.8	135.42	51.43	111.76	67.27	72.95	87.56	83.22	75.93	79.26	85.91	39.32	90.38	90.8	68.01	55.23	100.69	122.56	59.51	114.23	69.58	27.66	113.23	71.18	23.85	89.29	81.27	92.72	5.0	69.63	76.92	31.83	55.73	113.28	104.1	71.18	54.45	110.11	114.54	82.38	54.01	32.0	94.76	27.29	48.17	32.56	94.53	102.83	8.0	107.2	15.65	53.08	117.18	94.43	72.45	55.07	52.95	90.8	46.1	64.88	116.84	87.82	39.62	9.22	81.01	25.32	117.43	115.69	84.86	115.43	90.45	17.03	130.36	80.65	59.93	69.07	98.67	132.41	123.17	78.41	49.82	59.77	31.24	116.85	74.3	84.5	75.96	89.02	60.01	29.07	102.55	
38.29	123.98	37.64	55.57	95.34	84.17	119.85	77.94	67.98	92.57	61.4	96.66	113.3	52.61	108.16	0.0	75.17	33.84	81.39	39.45	109.29	36.24	110.89	92.8	114.02	66.71	119.02	60.21	89.27	132.61	28.65	156.08	157.11	118.7	89.32	97.91	76.69	44.92	106.92	4.47	41.23	96.93	130.0	99.3	102.0	20.62	86.31	137.32	108.3	39.56	19.21	123.42	76.92	82.28	94.43	60.42	95.63	131.49	94.7	32.2	78.45	110.48	79.83	56.8	25.08	94.89	117.2	122.05	127.91	126.04	50.01	118.12	129.87	111.02	96.38	90.8	114.24	59.2	95.19	107.56	112.27	115.85	135.83	93.05	33.6	72.37	93.41	63.56	123.75	79.76	90.43	74.73	96.61	97.94	112.27	106.94	103.31	43.74	50.45	121.07	20.59	62.24	110.0	76.84	126.91	80.62	60.88	79.56	71.45	109.93	48.27	44.69	106.78	152.4	73.01	117.27	128.71	162.37	71.7	84.15	92.65	30.68	61.85	153.22	82.98	74.25	110.0	80.96	27.29	101.67	73.93	128.58	71.59	24.19	66.49	53.46	114.06	70.38	87.73	99.85	105.08	103.28	79.26	75.17	80.21	62.01	21.54	47.13	117.0	118.6	95.59	54.78	69.46	117.14	68.03	29.15	112.25	54.45	103.04	79.0	116.07	79.91	46.69	45.0	78.39	21.63	84.69	93.54	79.62	129.65	69.86	74.04	52.89	48.8	61.22	124.79	78.77	116.85	73.11	41.62	114.06	126.38	42.52	90.93	59.48	115.1	15.65	103.45	39.36	31.38	80.75	53.67	42.2	88.12	49.68	97.0	104.56	81.01	52.8	135.59	78.29	105.0	115.76	99.01	81.01	24.7	103.08	110.86	59.01	97.58	94.11	10.2	25.63	75.29	111.07	55.95	116.78	62.59	46.04	23.02	81.6	76.11	104.92	40.5	114.74	26.93	77.1	24.08	100.4	154.81	115.39	98.51	135.43	116.18	85.44	63.64	111.07	82.61	90.79	90.51	48.38	80.06	112.15	118.71	94.94	32.56	113.64	54.82	105.08	107.97	
37.58	62.29	38.01	35.69	51.88	20.62	44.82	2.83	38.59	47.41	24.33	25.02	68.95	34.79	68.88	75.17	0.0	52.77	52.2	43.57	67.21	39.36	72.35	18.6	49.5	53.67	53.94	54.08	36.07	66.48	51.55	82.07	82.73	57.94	51.61	22.8	8.94	57.58	50.77	75.8	55.95	27.46	64.76	43.01	57.31	65.86	43.27	63.6	55.11	52.09	57.25	62.2	22.83	24.08	44.55	36.06	74.97	57.25	25.71	43.42	52.5	51.43	59.91	20.0	63.06	72.86	53.46	81.32	53.81	59.91	53.6	63.39	57.07	36.12	54.59	70.72	50.0	27.66	78.52	39.29	72.09	58.59	60.83	54.92	45.22	55.58	25.0	55.01	52.77	36.24	17.0	57.87	21.93	25.08	70.01	32.57	63.25	52.92	51.62	73.41	57.78	18.11	63.03	19.72	62.59	7.07	22.36	25.24	33.96	39.0	52.35	34.71	62.39	78.64	58.55	67.68	65.76	88.46	22.02	19.42	39.22	61.29	42.15	78.24	60.21	14.87	62.37	21.26	52.81	28.02	43.42	61.4	26.93	58.8	55.04	57.27	60.83	43.27	47.43	25.3	48.55	34.93	6.32	10.0	6.32	42.01	58.87	57.87	68.41	54.59	30.02	24.19	61.72	42.06	66.71	55.61	60.21	24.19	59.46	73.57	69.53	17.46	51.87	36.35	5.39	55.95	17.0	19.42	11.4	54.59	41.88	21.54	29.55	29.61	25.96	53.24	54.12	44.1	46.1	39.62	56.08	59.54	36.14	70.01	24.74	40.31	62.17	66.73	45.4	52.39	65.0	39.62	55.54	36.12	26.57	25.63	46.14	45.69	24.21	67.42	42.43	36.5	58.08	30.59	38.42	51.22	40.31	65.79	42.19	53.23	23.77	79.51	50.45	3.61	39.36	41.23	43.74	52.92	61.2	69.66	19.8	68.6	60.54	34.67	58.22	68.01	47.13	63.32	48.92	80.06	64.33	61.85	60.44	43.27	10.3	32.0	65.8	54.42	18.0	23.02	48.26	62.8	54.12	43.6	24.19	57.71	40.61	29.07	87.05	42.72	
19.31	91.68	19.7	23.35	61.72	55.23	94.54	55.11	34.67	59.17	50.29	77.41	79.48	47.51	74.33	33.84	52.77	0.0	80.62	9.22	105.85	19.24	109.17	67.42	82.73	33.24	87.68	27.02	78.85	101.14	7.62	128.16	129.65	106.68	55.54	73.68	50.92	55.22	96.69	37.11	51.04	79.1	98.35	88.46	96.8	40.79	53.0	116.18	75.17	6.0	17.03	91.05	63.95	68.59	86.13	27.66	63.0	109.64	77.06	25.46	44.64	98.99	83.01	40.61	11.4	62.03	85.59	120.02	100.72	94.75	17.03	84.91	109.84	85.62	62.65	58.01	100.12	29.15	63.2	77.8	78.45	105.55	112.27	59.24	10.3	75.6	76.03	68.68	94.4	47.01	64.62	78.41	71.51	77.78	78.43	85.15	100.32	51.22	17.03	115.74	14.04	35.74	104.36	62.51	113.11	59.54	32.7	67.08	64.62	91.44	15.0	18.11	73.01	124.26	77.47	83.63	96.54	134.24	41.88	55.57	60.31	45.69	28.18	127.02	49.5	46.52	104.04	66.37	8.25	75.15	40.25	113.02	61.4	37.34	70.94	21.38	80.78	36.67	54.12	77.88	94.54	73.82	58.42	49.04	56.04	60.75	12.37	57.2	111.02	87.0	65.8	41.76	37.12	93.61	37.11	39.36	78.89	28.64	98.43	48.27	111.0	51.48	53.15	16.49	57.43	14.04	67.01	72.18	61.03	105.95	36.24	61.0	43.86	23.19	31.38	105.93	79.61	88.84	71.69	13.15	81.4	111.0	17.0	58.03	48.38	92.44	18.44	69.64	7.62	3.16	48.0	20.62	51.61	78.1	27.0	69.35	93.06	77.39	38.33	104.69	44.78	88.05	83.01	69.89	48.01	25.94	89.27	77.08	58.25	63.95	66.24	42.95	26.42	54.33	82.68	22.47	96.51	29.15	16.64	45.71	66.19	44.55	71.18	25.08	81.84	47.54	75.18	12.04	91.92	128.02	81.88	96.61	109.59	88.32	62.59	56.86	106.28	82.49	70.58	61.91	14.56	47.04	101.27	93.78	76.24	5.0	93.38	25.5	73.33	93.05	
61.59	111.65	61.06	77.1	103.87	72.73	78.85	53.45	85.8	99.4	33.3	48.51	121.15	33.12	120.93	81.39	52.2	80.62	0.0	74.06	28.0	61.4	29.61	64.38	98.62	98.41	102.31	96.18	24.04	113.0	74.69	115.43	114.59	45.61	102.88	63.0	61.1	38.33	33.3	79.1	41.05	44.91	112.04	29.41	22.14	62.0	94.81	79.61	107.0	83.76	72.73	111.76	29.83	31.06	21.4	80.16	124.54	76.94	43.57	56.46	101.26	38.21	9.49	44.6	85.62	122.59	102.59	40.79	90.8	107.04	91.05	114.76	71.02	73.55	106.51	119.85	46.1	71.06	127.41	87.37	124.23	40.5	85.0	106.44	70.33	11.66	42.43	19.92	96.19	87.24	64.78	11.31	65.07	51.48	122.2	60.42	22.0	38.0	89.5	40.2	75.61	62.43	29.83	32.98	55.44	49.24	66.4	28.28	18.87	53.31	89.02	66.84	114.59	113.23	13.45	119.64	114.28	121.49	72.07	71.47	91.42	52.04	86.45	107.02	109.04	66.21	30.08	33.24	75.15	72.03	92.09	60.11	25.5	57.22	17.09	95.9	112.54	90.8	98.84	57.31	32.53	83.6	48.51	61.85	57.28	20.25	78.19	36.5	36.67	103.48	80.81	41.04	106.1	71.57	109.62	52.24	112.09	62.29	22.56	118.87	35.23	69.64	35.0	69.66	48.76	73.74	41.11	53.01	42.95	80.78	89.4	30.68	37.2	63.7	70.6	64.35	4.24	86.21	8.94	70.8	107.08	57.98	66.4	119.28	34.66	67.72	77.2	118.53	76.28	78.29	112.45	79.91	40.05	22.8	58.73	73.55	34.06	7.0	44.6	112.16	92.44	46.62	109.04	79.91	89.47	60.44	38.08	117.99	23.09	105.31	72.99	79.03	59.48	48.7	84.0	82.73	62.24	96.18	95.69	62.2	35.23	113.95	112.72	55.76	109.44	58.31	5.66	85.23	25.5	110.31	116.21	17.12	91.71	85.21	54.74	24.76	30.27	2.24	49.0	73.98	85.28	110.42	38.42	76.9	46.39	85.0	60.17	69.35	136.74	43.57	
12.73	84.63	13.45	16.12	56.3	46.62	85.49	45.89	28.79	53.31	42.54	68.26	74.73	41.23	70.21	39.45	43.57	9.22	74.06	0.0	98.41	13.6	102.0	58.31	75.07	31.4	80.06	26.25	70.6	93.61	10.82	119.54	120.95	98.01	50.7	64.51	41.79	52.33	88.29	42.05	48.33	70.03	90.91	80.05	89.16	42.01	47.01	106.96	68.88	9.85	20.62	84.05	55.54	60.02	78.11	21.02	61.66	100.42	68.01	21.93	41.11	90.43	77.23	32.28	20.12	60.41	78.1	112.7	91.92	87.11	18.03	78.71	100.62	76.56	57.57	56.57	91.27	20.62	62.59	69.53	74.33	97.08	103.12	54.57	7.0	70.04	67.0	63.78	86.05	40.31	55.54	72.86	62.39	68.59	73.98	75.93	93.02	47.89	17.0	107.91	18.87	26.57	96.57	53.94	104.24	50.36	23.71	58.69	57.25	82.3	15.81	9.0	68.01	115.68	72.12	78.19	89.4	125.67	33.42	46.87	53.25	44.91	23.35	118.12	47.04	37.59	96.21	57.71	12.21	66.19	35.17	104.0	53.49	37.22	65.8	23.02	74.69	31.78	48.7	68.66	86.12	65.44	49.25	39.92	46.84	54.67	18.44	54.12	103.12	79.51	57.49	34.01	37.0	84.43	38.47	38.08	72.92	19.42	90.87	49.24	103.25	42.72	49.4	7.28	48.26	17.89	58.01	62.97	52.0	96.8	31.05	52.63	36.89	14.04	22.8	96.75	73.41	80.16	65.22	4.0	74.63	102.0	8.25	56.44	40.72	83.24	23.85	65.76	2.24	9.43	46.87	14.56	48.75	69.92	18.11	60.54	84.53	70.33	30.46	96.9	39.22	79.01	76.32	61.4	41.59	25.18	80.5	72.12	52.4	58.52	57.45	47.54	25.32	45.18	74.06	17.26	87.3	27.66	21.63	47.01	57.43	44.94	66.1	18.44	75.29	48.09	68.51	20.59	83.82	119.2	76.16	89.55	100.62	79.61	53.37	49.74	98.62	76.03	61.4	53.25	13.0	45.54	92.76	84.69	67.12	14.14	84.17	16.64	72.78	84.15	
86.54	117.99	86.16	98.47	118.0	85.8	77.78	67.36	104.89	113.6	55.9	52.39	133.26	59.2	134.53	109.29	67.21	105.85	28.0	98.41	0.0	86.73	6.08	72.95	105.48	119.02	108.17	117.89	31.14	116.42	100.57	109.46	107.79	29.12	118.56	68.94	75.82	66.19	22.2	107.07	69.03	47.93	116.21	26.4	9.9	90.0	110.11	68.66	117.72	108.26	99.69	118.33	45.45	43.14	22.67	100.6	142.17	68.47	47.85	82.97	119.52	26.0	32.28	66.73	111.97	140.07	109.2	14.42	89.56	111.4	114.24	123.91	60.83	75.43	120.8	137.89	35.06	91.4	145.66	94.15	137.3	22.8	77.41	121.66	95.63	38.47	47.41	47.38	98.49	103.39	74.43	36.88	72.01	55.15	134.83	60.88	6.0	66.0	112.51	12.65	102.36	81.84	7.07	48.17	38.08	61.85	86.21	42.52	41.23	49.5	112.38	90.35	127.32	108.17	39.05	130.18	119.55	114.86	89.1	84.4	104.29	80.02	107.0	99.14	127.29	82.07	8.06	45.97	101.19	78.0	110.34	44.6	45.28	85.15	44.41	118.85	122.54	109.79	114.34	61.1	23.54	91.29	61.72	77.16	70.43	47.52	104.81	64.28	10.63	109.79	90.92	64.4	127.0	69.58	131.24	80.16	122.59	83.76	7.81	139.46	8.06	83.87	63.0	93.06	62.37	100.42	51.4	59.48	55.97	75.03	108.37	47.8	62.03	86.45	90.43	54.45	31.14	88.77	36.22	94.81	115.87	43.01	90.34	137.19	57.7	65.62	104.35	133.0	100.65	103.82	131.71	101.79	68.03	31.11	81.49	81.84	26.68	28.86	67.98	114.14	109.62	44.15	117.69	88.55	105.55	87.66	34.21	130.17	50.49	119.04	82.37	107.02	86.68	63.66	88.54	104.29	57.08	117.41	119.85	90.14	47.42	134.47	125.64	80.78	118.53	86.21	32.25	111.68	19.24	102.96	126.59	11.18	87.01	87.8	65.46	49.04	4.47	27.07	56.44	84.91	108.41	129.56	24.08	75.8	50.99	110.49	56.32	90.7	154.25	37.34	
2.24	89.89	1.41	25.0	64.94	48.41	83.76	42.06	38.05	61.39	31.58	62.36	83.86	28.3	80.16	36.24	39.36	19.24	61.4	13.6	86.73	0.0	89.96	56.61	79.08	43.97	84.06	39.4	60.53	97.64	14.14	119.85	120.88	89.05	60.21	61.91	40.46	39.0	78.52	37.48	35.11	63.35	95.19	70.35	77.79	32.28	55.11	102.53	75.89	22.67	17.89	89.44	46.04	51.0	67.47	30.02	73.98	96.38	61.19	9.06	52.24	81.15	64.03	23.09	26.08	72.57	82.49	100.85	91.68	90.97	31.62	85.7	95.51	74.89	66.61	68.88	83.1	25.3	75.29	71.84	84.21	87.46	100.18	64.2	8.94	56.73	60.02	50.25	87.78	47.54	54.2	59.55	60.46	63.25	83.49	71.69	81.15	34.44	30.53	96.84	18.68	26.25	85.44	45.01	96.08	45.31	25.55	49.09	45.54	76.16	29.41	11.05	76.94	116.18	58.73	86.35	94.41	126.15	36.72	48.27	59.24	33.02	34.23	117.07	58.86	38.29	85.16	49.04	15.03	65.44	45.01	96.63	42.76	26.31	52.33	36.62	81.91	42.01	57.56	64.47	76.42	67.48	44.01	38.95	44.1	41.62	20.22	40.72	92.18	83.86	60.0	23.19	50.16	81.41	51.97	26.02	80.36	18.6	79.38	62.61	92.05	44.05	35.85	13.04	43.08	16.76	50.99	58.31	45.35	93.94	41.0	43.05	24.7	13.42	26.93	90.96	60.46	80.66	52.48	11.7	80.62	94.53	9.0	68.66	29.61	79.62	22.85	76.03	15.62	17.09	59.48	25.32	35.47	59.68	13.45	60.83	75.17	58.18	20.02	100.21	48.26	72.01	82.46	63.13	49.24	14.87	72.03	81.05	39.2	67.08	57.98	42.01	14.56	39.92	74.95	28.44	82.22	40.5	34.71	37.11	49.16	58.18	74.97	6.08	81.71	37.34	55.95	26.02	73.35	118.6	83.93	77.39	99.3	79.98	49.65	37.7	87.28	63.29	55.97	54.56	26.42	57.97	83.29	82.68	60.88	23.77	79.06	20.88	85.44	76.24	
89.9	123.98	89.47	102.8	123.46	91.26	83.86	72.62	109.66	119.04	59.68	58.31	138.92	62.03	140.06	110.89	72.35	109.17	29.61	102.0	6.08	89.96	0.0	78.71	111.43	123.56	114.16	122.2	36.4	122.48	103.62	115.35	113.64	34.71	123.85	74.85	81.06	67.01	28.28	108.46	70.11	53.85	122.26	32.31	15.26	91.2	115.42	74.33	123.47	111.83	102.2	124.31	50.21	48.27	28.02	105.12	147.25	74.33	53.71	85.7	124.46	32.02	32.14	70.72	114.83	145.17	115.17	11.18	95.63	117.44	118.19	129.77	66.61	81.49	126.25	142.9	41.01	95.9	150.66	100.09	142.89	28.44	83.29	127.0	98.9	39.0	53.23	48.0	104.56	108.58	80.13	37.05	77.88	61.1	140.46	66.94	9.22	67.27	116.5	14.87	105.0	86.45	13.0	53.04	43.32	67.2	90.79	47.38	44.78	55.58	116.28	94.15	132.92	114.11	39.12	135.96	125.57	120.7	94.11	89.87	109.84	81.1	111.52	104.94	132.25	87.21	14.0	51.09	104.18	83.93	115.26	50.0	49.41	86.7	45.0	122.87	128.35	114.59	119.63	67.07	29.61	97.17	67.01	82.33	75.8	49.73	107.52	65.0	14.76	115.77	96.65	68.1	131.5	75.66	135.6	81.74	128.36	88.01	13.04	144.05	11.66	89.2	64.28	96.9	67.62	103.09	56.86	65.31	61.22	81.01	113.17	52.4	65.31	90.43	95.02	60.3	32.14	94.83	38.33	98.49	121.74	48.51	94.02	142.21	61.4	71.7	106.74	138.45	104.24	107.02	136.52	106.02	69.12	36.24	85.44	87.66	32.76	31.78	71.69	120.22	114.69	50.22	123.57	94.37	110.75	89.99	40.26	135.83	52.63	124.54	88.12	108.07	89.02	68.77	94.56	108.6	63.13	121.82	123.55	91.01	52.63	139.05	131.23	84.1	124.39	87.0	34.48	114.49	25.08	108.78	132.38	12.65	93.0	93.86	71.02	52.33	10.05	28.28	62.18	90.55	112.36	134.38	30.02	81.88	56.86	113.72	62.39	95.0	159.36	43.42	
54.64	47.27	55.22	46.69	46.75	16.76	27.29	15.81	44.28	42.64	41.79	21.26	60.46	52.8	62.37	92.8	18.6	67.42	64.38	58.31	72.95	56.61	78.71	0.0	34.23	59.68	38.01	62.07	43.32	49.5	67.54	63.64	64.44	56.08	49.09	7.07	16.55	75.64	52.8	93.72	74.24	25.61	48.17	46.65	63.51	84.39	40.82	50.09	44.78	65.52	74.33	47.38	35.0	33.38	51.08	45.1	74.09	43.19	25.24	61.55	54.42	51.66	73.11	38.6	78.39	71.87	38.21	85.98	35.36	43.19	64.38	51.26	45.18	18.36	49.58	70.71	47.01	39.05	78.39	23.02	64.82	58.69	44.92	51.4	61.29	70.06	25.55	71.02	34.54	36.4	3.0	72.01	4.12	19.1	62.2	20.62	70.26	71.11	62.39	76.22	74.43	31.78	67.42	32.02	57.8	16.49	34.79	36.12	48.09	31.76	63.64	50.09	54.82	60.14	73.06	57.25	50.01	70.01	28.02	15.52	32.56	79.88	50.01	60.46	61.33	21.38	66.57	31.14	68.88	9.43	46.57	54.63	41.19	77.34	70.58	67.07	49.66	47.85	44.94	14.76	50.8	19.24	17.72	18.38	12.73	58.25	75.18	75.77	71.4	39.12	18.03	42.72	67.27	26.48	72.99	74.2	49.65	39.36	65.74	77.49	73.24	18.03	69.86	51.08	18.03	72.72	23.35	13.6	22.09	38.6	46.69	35.13	47.89	45.18	36.88	43.17	67.12	25.55	60.01	54.63	43.32	53.23	51.88	69.84	42.54	26.02	79.08	61.52	59.81	67.62	67.42	50.64	73.79	43.97	43.27	9.22	47.8	57.43	42.8	49.73	43.66	32.65	45.22	15.81	38.08	69.35	40.46	57.43	58.94	47.38	9.43	97.67	68.62	20.12	21.19	51.24	32.76	60.21	72.69	88.24	29.15	72.8	53.26	52.5	45.88	86.61	60.07	78.79	53.71	62.01	53.67	70.23	42.72	24.7	10.2	48.27	70.49	66.48	16.55	12.81	59.84	65.19	54.49	26.4	22.2	72.11	30.08	42.06	85.45	40.36	
76.85	13.04	77.7	59.4	31.14	31.38	35.0	47.27	49.41	29.83	73.82	53.14	34.0	83.95	39.22	114.02	49.5	82.73	98.62	75.07	105.48	79.08	111.43	34.23	0.0	60.42	5.0	65.76	77.13	18.6	85.8	50.22	52.77	84.31	37.66	36.69	42.45	106.48	84.1	116.02	104.4	57.58	16.12	79.12	96.46	110.48	33.62	62.27	18.68	78.64	94.81	13.15	69.12	67.6	84.48	55.23	59.21	55.76	57.87	86.35	49.34	81.88	107.3	67.72	94.07	57.14	4.0	117.63	30.36	12.04	72.67	19.8	62.01	32.02	33.02	58.0	75.17	54.82	64.2	11.4	39.81	88.32	51.48	37.12	80.43	104.0	58.52	104.31	17.12	36.62	34.01	106.04	33.96	50.33	36.67	45.79	103.41	101.65	71.03	106.94	93.72	53.24	99.4	66.07	82.98	50.0	53.54	70.35	82.01	58.52	73.01	69.4	31.32	46.1	107.0	27.8	16.28	55.36	42.44	31.95	23.32	108.08	56.61	54.0	52.77	41.63	98.49	65.38	87.21	27.51	46.53	77.79	75.0	103.75	104.12	73.06	20.25	49.74	35.44	44.38	82.35	15.03	51.01	43.01	43.29	91.35	93.51	106.96	102.42	5.1	19.92	72.53	65.46	41.73	71.47	101.64	21.47	60.54	98.68	70.86	104.65	35.85	100.9	69.03	51.04	92.46	57.56	46.57	56.04	47.01	49.4	69.01	78.34	65.73	52.8	63.66	101.32	20.81	94.05	72.47	12.21	77.16	71.61	57.0	74.15	44.6	98.72	41.0	75.69	84.17	59.84	62.29	104.12	77.88	66.24	25.08	79.2	91.66	71.47	22.02	41.59	62.18	13.45	19.03	36.36	93.65	71.59	31.78	91.66	30.02	26.02	120.93	93.15	52.24	17.8	61.07	54.56	63.06	80.99	114.93	63.39	67.47	30.81	76.94	15.0	114.13	94.26	94.76	86.38	53.15	24.41	103.85	41.48	21.4	44.05	81.3	102.55	100.72	50.22	26.68	70.43	58.05	84.6	36.24	54.71	86.37	53.41	59.2	67.68	69.84	
42.38	66.03	43.32	21.4	32.56	43.19	83.1	54.63	15.52	31.62	65.12	77.16	48.02	67.96	42.05	66.71	53.67	33.24	98.41	31.4	119.02	43.97	123.56	59.68	60.42	0.0	64.85	6.71	88.48	77.18	40.01	110.05	112.27	111.49	25.46	66.75	46.82	82.87	104.32	70.21	79.06	80.41	74.09	96.38	109.2	73.11	26.83	109.17	47.63	27.29	50.09	65.22	73.6	76.55	96.83	18.44	30.27	102.12	78.92	52.89	12.81	105.1	103.41	53.81	42.06	29.07	62.18	133.41	85.51	71.59	16.76	56.59	104.81	75.0	32.56	25.18	103.25	27.66	31.32	59.67	46.1	112.25	102.08	28.43	38.33	96.83	78.39	91.92	75.58	25.32	56.72	99.62	63.51	76.24	46.53	80.23	114.34	78.19	16.28	126.48	47.27	37.2	115.68	71.03	115.43	60.42	32.8	76.61	79.91	90.25	18.44	34.01	42.2	105.95	99.3	53.41	71.03	115.52	32.57	44.28	37.34	76.3	12.04	111.83	16.28	40.16	115.11	73.78	41.05	64.01	14.32	113.32	74.33	68.59	93.49	14.42	52.35	12.0	25.81	73.76	102.08	56.89	59.93	44.94	53.14	81.02	45.54	84.5	121.49	63.53	49.37	57.63	8.06	85.09	13.34	69.43	50.21	36.12	111.21	20.52	122.32	41.77	79.31	31.38	59.03	47.1	70.66	69.92	64.88	96.02	13.04	71.22	62.43	35.51	28.6	102.77	98.72	73.16	90.14	32.28	55.22	111.68	35.47	25.08	63.78	85.38	51.62	37.16	30.15	36.12	15.52	19.24	79.38	88.23	40.22	57.0	99.76	93.34	54.2	81.88	18.97	89.2	56.4	54.33	24.74	56.57	93.94	46.04	79.32	34.66	54.01	76.12	56.72	56.82	66.91	16.12	92.4	4.12	23.02	78.1	72.72	15.56	40.61	47.01	54.82	79.4	92.76	43.01	101.79	111.83	52.4	111.87	96.03	72.99	60.08	73.76	118.22	100.57	70.23	49.01	19.0	14.14	107.78	83.02	76.9	34.21	89.63	29.07	41.48	96.01	
