240
0.0	62.13	104.04	41.11	98.41	85.63	109.9	40.31	39.01	103.32	102.49	72.11	49.16	72.86	103.31	49.77	13.89	46.4	39.82	53.08	10.77	72.4	29.55	41.63	57.01	87.28	82.15	46.86	85.44	10.0	51.31	75.69	75.8	30.59	117.05	56.57	117.34	58.14	71.57	9.85	56.3	104.28	50.25	14.76	59.14	71.34	78.23	54.74	77.08	79.4	75.82	39.85	49.2	31.78	69.34	38.6	54.92	45.88	114.59	95.52	103.04	27.89	103.08	57.25	42.3	97.42	108.34	5.66	51.92	102.96	9.0	76.22	20.62	119.08	60.81	96.02	42.43	83.38	32.31	81.91	39.62	59.08	59.64	62.65	87.32	94.64	113.16	112.95	26.42	88.23	44.69	52.95	9.43	81.5	98.23	69.46	89.94	62.63	40.02	51.43	88.26	93.34	102.12	105.48	72.03	19.24	62.64	68.25	12.81	45.28	43.74	63.78	37.2	14.0	77.2	42.05	91.61	42.54	60.44	102.12	41.05	41.34	20.25	27.73	45.04	100.12	31.14	38.21	87.66	61.72	82.98	63.25	43.28	81.74	65.8	42.3	80.06	45.49	13.93	95.52	38.83	27.17	50.25	103.59	36.06	60.81	106.23	65.22	100.65	35.44	67.48	73.16	32.2	77.94	14.0	21.47	74.09	86.03	83.6	34.21	60.46	111.23	76.03	102.96	46.0	7.28	94.3	50.33	58.46	55.17	55.9	91.07	71.51	110.22	102.2	19.8	62.51	89.0	56.73	52.01	77.13	90.44	77.9	45.69	96.57	93.47	51.09	34.93	66.03	108.78	63.06	100.72	68.07	8.94	48.8	23.41	98.48	109.12	54.01	120.74	65.76	33.3	65.22	21.47	90.8	103.75	49.5	110.02	107.52	59.81	102.04	41.05	94.81	42.2	23.02	83.63	67.42	104.69	109.17	35.17	71.61	51.66	3.16	29.43	39.12	104.45	18.44	104.12	61.22	97.8	2.24	77.67	93.26	107.91	25.96	60.41	21.02	38.08	90.67	28.16	
62.13	0.0	60.54	21.02	38.28	59.14	55.0	47.38	72.07	51.4	44.41	10.0	13.0	46.87	41.19	65.95	55.58	34.66	50.93	39.41	52.0	43.01	58.83	31.89	82.33	37.44	20.02	45.25	34.41	69.05	30.61	48.51	14.76	76.03	60.0	92.2	67.2	46.65	15.81	53.0	17.49	51.09	86.05	69.58	73.82	33.02	16.12	86.84	27.51	37.48	54.23	25.3	41.05	32.89	42.19	36.36	72.14	22.47	58.26	56.65	41.01	59.62	41.0	17.0	77.03	45.28	49.66	58.0	15.62	56.04	63.35	51.04	58.69	68.41	50.7	54.41	46.69	24.19	60.46	26.4	25.5	31.78	40.16	13.0	41.44	32.76	66.4	61.52	42.54	31.83	37.54	17.2	70.01	23.02	55.97	39.05	56.22	68.6	83.01	63.41	39.96	31.26	40.01	56.08	22.47	60.88	71.22	10.3	55.79	29.83	66.61	48.08	52.5	64.56	50.0	60.83	51.42	30.23	56.36	41.0	21.1	55.87	57.01	40.31	72.67	63.57	42.54	45.34	31.89	55.54	29.07	38.28	43.19	20.25	73.01	81.27	32.57	37.64	69.12	35.85	26.83	63.32	45.49	55.95	58.31	43.38	50.8	54.56	50.77	64.4	40.26	23.77	52.43	39.12	48.17	43.42	43.01	31.4	21.84	60.42	32.31	61.62	40.0	49.68	79.65	60.07	51.55	67.36	17.72	47.41	44.1	45.88	52.77	48.09	48.84	51.26	4.0	39.36	53.24	79.2	25.55	49.48	48.17	58.14	43.14	43.05	45.45	66.03	34.93	51.4	68.48	41.23	6.08	58.14	48.01	41.76	53.31	63.25	80.43	71.85	14.32	45.18	35.17	56.86	47.42	46.14	13.34	58.41	55.17	66.22	55.47	54.45	44.42	35.0	46.24	59.41	28.02	51.66	47.04	30.87	46.17	45.79	61.01	33.02	68.6	56.44	50.99	42.95	44.27	57.28	61.03	18.44	31.14	58.52	62.18	88.87	74.63	78.29	28.86	67.12	
104.04	60.54	0.0	72.01	70.21	27.17	91.44	105.69	88.53	17.0	32.7	57.49	66.57	33.53	55.03	124.87	91.59	57.69	109.0	51.88	93.6	101.87	113.57	90.21	86.05	87.02	55.08	60.01	84.05	113.6	52.8	31.05	50.01	127.99	32.02	148.68	17.12	49.65	70.41	94.4	52.01	19.72	142.13	103.31	133.46	33.24	54.45	94.19	33.11	25.5	113.51	67.18	101.07	86.05	101.65	65.46	75.24	60.83	29.07	109.04	59.77	84.69	58.82	51.4	91.78	89.36	80.08	98.47	57.8	102.4	109.48	109.88	110.32	19.1	111.23	8.06	105.48	68.03	115.88	35.69	81.27	45.0	100.66	72.73	19.24	49.82	110.32	101.2	95.78	33.02	59.68	77.39	108.05	69.12	5.83	98.23	18.0	64.01	136.52	122.8	90.02	52.61	57.57	99.85	78.45	91.68	67.0	50.33	104.06	59.03	78.85	108.5	109.86	112.7	108.47	118.71	12.53	61.85	116.87	67.19	72.8	113.99	88.12	93.72	84.34	116.02	73.25	103.17	77.01	116.08	78.1	41.18	102.22	49.16	66.07	136.03	28.18	97.13	115.88	70.71	82.66	88.39	105.55	8.06	77.49	45.31	87.86	47.52	13.6	120.25	37.12	37.12	108.41	26.25	92.96	82.8	101.41	31.26	50.04	80.65	43.6	103.58	28.02	20.12	135.87	98.48	9.9	126.25	78.19	107.84	50.7	14.76	112.64	58.6	89.94	102.55	56.86	21.59	113.64	86.37	78.64	13.6	28.16	69.38	86.37	19.03	56.08	121.51	38.01	30.81	128.81	73.55	59.48	96.25	107.82	92.7	7.28	108.78	86.21	18.25	72.8	72.07	38.83	108.93	99.05	80.81	64.07	16.4	95.52	64.12	102.31	112.61	18.0	61.85	98.41	30.15	86.83	92.23	59.09	85.8	105.51	105.99	101.51	78.49	84.65	8.6	86.28	67.72	104.75	7.07	102.08	44.91	53.6	11.4	115.36	92.0	122.79	96.77	49.25	120.28	
41.11	21.02	72.01	0.0	58.25	62.36	72.45	34.54	55.32	66.84	63.07	31.02	8.06	48.51	62.2	53.71	35.17	25.32	37.58	33.06	31.02	46.52	41.73	20.22	68.41	51.61	41.05	34.79	49.09	48.27	25.08	50.96	34.93	57.43	78.29	76.69	82.13	41.11	32.31	32.02	20.0	67.2	70.18	49.03	62.97	39.45	37.12	71.42	40.36	46.62	55.36	9.49	33.06	14.14	44.38	22.36	59.68	13.15	76.16	66.22	62.0	41.62	62.01	20.62	60.31	61.06	68.96	37.01	14.21	69.53	42.72	53.49	39.66	83.63	46.04	64.64	34.79	43.42	43.93	43.05	10.2	31.05	37.85	24.19	53.15	53.6	80.16	77.39	24.08	49.24	26.93	17.03	49.04	41.76	66.61	42.49	62.65	59.46	65.3	52.2	53.41	52.24	61.03	70.8	35.23	41.23	61.47	27.86	35.47	20.1	51.86	45.54	38.08	44.38	53.31	47.01	60.75	18.44	50.09	61.52	1.0	42.49	37.58	21.93	57.31	72.42	25.46	31.78	49.24	50.01	45.18	37.85	32.02	40.79	63.91	64.35	44.55	28.16	48.7	55.54	11.4	44.94	37.22	69.31	42.45	40.05	68.45	50.09	65.12	48.27	41.48	36.12	36.4	46.65	27.17	23.09	47.41	47.71	42.58	43.86	32.28	76.61	46.07	65.8	63.89	39.2	62.2	55.04	22.63	41.01	38.12	57.49	52.39	69.12	65.37	31.91	21.59	53.08	46.17	64.54	39.96	59.08	51.87	45.28	59.54	57.38	36.88	49.58	37.34	69.77	60.21	60.88	27.0	37.34	38.64	21.95	65.3	76.49	66.07	86.28	27.29	29.07	37.0	38.01	58.69	64.85	8.94	73.88	71.34	56.65	68.77	41.15	58.8	23.09	27.2	61.61	34.83	68.1	68.07	13.89	48.1	38.12	40.0	12.17	52.35	70.01	31.02	63.51	41.59	67.12	40.01	37.34	52.15	72.86	44.05	74.52	54.63	60.46	49.65	49.04	
98.41	38.28	70.21	58.25	0.0	82.37	21.54	72.8	110.02	54.23	39.0	29.07	50.7	74.2	17.72	87.24	93.39	71.34	76.24	74.2	88.96	47.63	87.86	60.53	118.98	23.43	21.26	81.54	21.93	104.0	66.29	74.63	30.48	106.1	50.45	115.95	67.12	80.06	27.0	89.94	53.0	52.09	110.86	107.28	91.92	59.03	25.0	124.17	47.43	58.31	57.98	63.57	62.63	67.03	49.41	74.25	108.23	60.42	50.8	43.08	13.0	97.86	13.93	52.15	114.93	20.62	12.04	94.89	53.23	33.24	98.0	53.74	90.55	67.27	64.66	68.01	71.17	15.03	88.53	39.45	59.03	64.54	55.01	36.0	56.46	20.4	40.2	31.05	75.11	38.63	74.43	46.01	106.92	17.0	68.41	46.04	75.64	102.73	111.13	83.63	25.81	17.72	14.56	30.0	29.12	99.04	105.65	38.01	90.01	67.12	103.94	59.91	78.85	98.13	51.62	85.09	67.42	67.98	71.02	5.66	58.05	80.32	95.21	73.06	110.15	49.34	80.78	72.03	14.42	69.34	19.24	69.3	67.72	26.25	106.89	108.16	51.11	62.1	103.08	3.16	60.01	101.59	65.92	62.65	96.15	75.69	17.72	86.28	56.72	91.48	69.43	46.86	80.81	61.59	84.48	81.25	46.1	41.63	24.21	98.41	64.44	33.38	64.07	51.16	104.75	97.32	65.15	88.57	41.19	64.85	78.1	59.46	59.55	20.0	20.0	84.15	39.81	51.26	69.84	116.28	24.7	65.55	72.95	94.87	17.72	51.92	80.8	93.41	64.38	44.28	83.49	3.61	32.31	95.52	69.08	76.01	63.79	39.0	117.35	72.17	33.02	83.26	65.07	88.57	34.0	10.77	51.55	59.0	25.32	100.77	33.38	79.06	52.63	72.47	79.1	83.86	38.08	22.09	18.6	64.0	51.86	65.39	97.74	70.41	106.44	62.51	89.02	7.21	57.8	70.88	97.62	33.3	16.76	62.13	92.4	125.64	107.47	116.47	21.54	96.88	
85.63	59.14	27.17	62.36	82.37	0.0	103.77	96.77	63.69	39.36	51.86	60.64	59.68	13.93	71.06	115.77	72.12	40.82	99.62	33.02	76.06	102.04	101.07	82.46	59.3	93.41	62.77	38.9	90.25	95.59	38.08	11.4	54.71	112.89	56.86	136.08	44.28	27.59	73.16	76.69	44.28	42.06	129.38	82.01	125.23	26.17	60.41	67.6	35.47	24.17	113.0	54.78	94.92	75.03	101.0	48.26	48.84	49.34	53.71	114.54	75.0	62.43	74.2	44.18	66.41	98.43	93.81	79.98	49.65	111.0	92.46	110.02	96.04	46.27	107.06	21.19	97.12	75.27	103.75	42.94	72.53	31.32	97.42	72.11	26.91	63.25	120.33	112.73	83.67	44.41	41.62	73.25	87.86	75.58	22.8	98.02	9.49	37.22	122.04	114.48	96.3	65.19	72.8	109.56	80.89	70.43	40.11	50.8	88.48	44.28	53.85	105.48	99.72	96.4	109.07	108.63	18.36	46.96	111.8	80.99	63.32	104.4	67.36	81.94	58.82	121.6	54.67	93.92	84.76	111.46	84.2	24.7	94.37	56.86	39.0	122.45	31.3	90.24	98.72	81.84	73.76	65.73	99.25	32.57	54.38	25.0	99.73	22.36	34.89	108.23	20.88	37.36	97.17	21.19	76.84	65.8	102.12	41.05	58.6	57.45	30.08	114.24	19.42	41.68	123.47	79.2	22.36	117.05	76.01	102.59	29.73	25.61	111.11	76.42	100.32	88.68	55.15	32.56	108.06	60.02	82.76	19.42	11.0	45.18	95.63	34.06	34.66	109.13	25.32	53.0	122.48	85.96	60.83	77.08	100.9	79.61	26.93	117.99	59.68	45.0	73.33	52.35	25.5	95.02	104.79	93.06	56.72	42.06	106.51	37.66	110.68	103.12	34.21	44.94	85.42	3.0	87.14	102.96	76.49	75.89	105.0	100.02	82.76	64.85	60.01	33.53	67.21	82.1	101.49	20.4	83.49	50.33	66.04	37.36	101.71	65.07	105.89	71.87	61.06	106.33	
109.9	55.0	91.44	72.45	21.54	103.77	0.0	78.0	126.78	75.13	59.54	47.38	65.86	95.13	37.12	88.65	107.15	89.5	81.02	93.35	101.51	46.1	94.02	69.05	137.28	23.09	41.62	100.0	24.52	113.95	84.96	95.72	50.61	112.0	69.12	117.15	87.09	99.76	40.31	102.46	71.51	72.84	112.97	120.55	91.09	79.88	44.82	141.82	68.6	79.65	53.31	79.4	67.01	78.16	48.84	91.26	126.91	77.42	70.01	31.24	32.14	113.74	33.14	70.77	131.76	13.0	12.04	107.21	70.6	17.69	107.87	49.4	98.51	87.02	64.54	89.49	76.01	31.14	94.01	60.83	70.52	84.22	57.22	48.33	78.0	41.76	20.4	10.0	84.53	60.17	92.46	57.25	118.96	32.02	89.84	46.39	97.17	122.35	115.43	84.72	23.02	39.22	34.23	12.81	37.95	113.64	125.16	57.31	99.82	84.81	121.61	59.44	84.01	107.06	47.17	88.46	88.96	85.21	70.34	24.33	72.01	84.21	110.02	82.76	127.64	35.47	96.9	78.06	23.32	68.41	27.31	89.5	73.01	47.17	126.62	111.76	72.47	68.12	112.15	21.95	71.17	117.24	69.18	83.74	113.16	95.67	4.24	106.53	77.88	96.13	90.0	67.68	87.05	82.86	96.46	95.34	44.15	63.16	45.28	115.12	84.29	13.34	85.23	72.01	107.35	110.05	86.65	89.82	51.55	66.61	97.59	80.99	56.3	36.22	8.0	93.21	57.49	72.8	70.41	134.2	32.89	87.09	94.15	113.07	13.34	73.38	99.76	98.13	84.81	64.07	81.6	18.03	49.68	108.5	72.25	86.59	85.16	20.62	135.42	92.05	45.19	99.86	85.43	96.52	26.0	10.77	67.42	79.4	6.4	120.21	18.38	83.15	74.04	90.0	88.46	105.19	43.29	6.32	35.13	74.73	49.73	68.26	109.77	84.17	123.42	83.55	103.37	24.08	58.69	92.35	109.48	54.08	38.28	82.87	99.08	143.84	115.43	132.59	43.08	103.0	
40.31	47.38	105.69	34.54	72.8	96.77	78.0	0.0	73.93	98.49	91.55	55.0	39.12	82.86	83.63	19.24	46.07	57.71	3.61	65.92	37.59	34.48	16.12	15.62	90.76	55.04	63.81	65.03	54.23	39.96	58.94	85.38	61.72	34.01	107.17	45.0	114.21	73.68	47.42	38.08	54.12	98.35	39.12	54.67	28.46	73.79	61.03	90.87	73.01	80.62	35.81	42.2	11.05	22.2	31.32	52.09	84.93	47.43	105.55	57.58	81.54	59.81	81.94	54.59	78.29	65.0	79.91	40.8	48.3	67.27	34.41	36.72	22.36	115.52	20.52	98.62	2.24	58.87	16.03	73.59	24.6	65.46	21.59	39.45	86.53	77.18	76.66	78.64	16.76	79.2	58.31	30.61	49.52	56.65	100.5	32.56	97.17	88.28	38.33	17.72	55.01	74.79	81.44	70.71	43.68	54.12	89.56	57.31	27.59	53.15	74.73	23.85	6.08	31.76	38.01	13.45	94.89	50.8	20.59	77.79	33.62	8.49	52.39	17.26	78.43	61.27	50.25	3.0	59.23	21.63	54.13	72.12	5.1	66.4	92.44	35.47	77.67	10.77	36.67	69.64	23.26	61.33	10.3	102.2	65.0	73.55	75.06	82.61	97.45	18.68	75.89	68.82	9.49	80.95	32.2	40.02	36.4	78.57	67.42	64.85	66.73	76.12	80.53	96.94	32.76	44.41	96.04	20.59	33.12	15.0	70.71	90.97	31.4	89.55	70.0	20.52	50.25	85.6	16.64	86.03	48.27	93.15	86.38	71.7	65.07	89.64	68.18	20.62	71.87	98.6	27.02	73.98	51.22	44.1	8.49	21.84	98.74	72.53	87.92	118.7	41.59	54.33	71.51	20.59	54.92	74.67	41.68	105.55	74.17	85.29	66.29	7.07	91.05	54.33	18.36	95.88	35.36	72.03	88.24	20.88	32.7	11.66	41.87	34.01	72.45	102.8	45.88	79.7	21.93	101.21	41.11	65.8	74.3	105.26	21.38	95.63	38.33	75.66	73.78	25.02	
39.01	72.07	88.53	55.32	110.02	63.69	126.78	73.93	0.0	94.19	99.41	80.96	61.03	55.11	108.52	87.32	28.16	39.56	74.67	40.11	36.69	99.64	67.27	68.24	18.0	106.83	89.69	31.14	104.2	47.27	45.35	57.49	80.99	69.18	111.0	95.26	104.74	39.32	86.53	36.4	57.58	96.08	89.09	26.68	97.08	62.03	85.62	17.0	72.56	69.03	106.23	47.43	79.76	56.04	97.01	35.78	18.6	49.65	108.02	120.97	110.05	14.42	109.73	58.52	5.0	116.02	121.66	35.36	56.8	124.84	48.01	105.44	58.69	106.71	93.06	80.81	75.64	96.25	70.21	80.23	60.96	50.36	88.48	79.2	77.1	99.04	135.47	132.41	57.27	85.84	36.4	72.18	34.71	95.02	82.98	95.9	71.17	29.73	78.41	88.32	108.71	98.98	108.47	126.04	90.43	20.4	28.32	72.8	49.82	43.08	9.85	94.67	72.73	53.01	105.8	79.31	76.49	42.05	94.43	112.0	55.97	77.49	21.54	57.25	6.71	126.81	30.0	71.18	103.46	95.27	99.86	50.01	75.13	86.65	31.24	81.1	73.11	74.95	52.15	107.78	61.07	12.65	82.3	91.08	13.93	44.18	122.64	41.44	90.35	73.82	53.15	70.04	68.01	66.12	41.79	35.23	100.9	82.61	88.87	11.66	51.24	131.82	63.2	95.05	85.01	32.14	80.23	88.07	77.9	87.24	39.05	79.4	102.4	115.52	120.1	55.08	70.21	81.0	90.38	13.0	95.0	76.12	60.42	19.24	114.28	85.02	34.0	73.55	55.01	104.08	99.62	113.15	77.83	31.4	81.86	52.33	85.16	131.8	15.0	106.73	82.2	26.93	54.01	59.03	113.9	118.21	59.36	99.61	126.25	27.8	124.08	76.84	86.05	37.7	55.71	60.93	89.81	122.89	114.84	59.41	100.21	83.65	36.06	45.34	4.0	92.07	28.18	113.85	91.27	81.49	37.05	80.36	99.3	96.03	64.5	21.84	58.55	8.25	95.21	67.12	
103.32	51.4	17.0	66.84	54.23	39.36	75.13	98.49	94.19	0.0	15.81	46.07	60.14	40.31	38.33	117.29	92.11	58.52	101.98	54.74	92.57	89.89	108.37	82.88	94.76	72.69	41.48	63.64	69.87	112.29	52.81	38.64	38.47	124.2	17.72	142.84	15.81	55.01	58.31	93.47	47.71	2.83	136.49	105.0	125.21	32.98	41.79	102.4	26.63	25.32	101.59	64.14	92.42	80.92	90.08	65.79	83.49	57.8	14.56	94.64	43.17	87.86	42.2	46.87	98.05	74.0	63.56	97.99	53.01	87.01	107.54	97.74	106.4	17.03	101.21	18.6	97.95	53.94	110.39	25.0	74.97	45.61	90.43	62.27	17.12	34.01	94.43	85.0	90.91	20.12	61.13	68.6	108.63	55.32	17.69	86.54	30.02	73.35	132.14	114.81	75.66	37.0	41.0	84.15	66.13	93.68	76.49	41.23	101.24	58.31	85.02	97.95	103.28	110.14	96.14	111.87	21.02	60.93	107.19	50.8	67.48	106.96	89.84	88.73	91.0	101.49	74.0	96.26	62.39	106.17	64.13	44.28	94.49	36.06	76.16	131.05	23.26	89.02	113.88	55.04	76.38	91.78	96.83	8.94	81.74	50.04	71.7	55.58	4.47	114.59	41.05	30.81	102.55	28.07	90.92	81.86	89.2	20.0	36.4	84.85	44.38	87.57	31.02	3.16	130.12	98.62	17.0	118.7	68.26	98.48	55.15	15.13	101.24	41.63	74.17	98.6	48.27	14.32	104.31	94.26	65.52	20.25	35.69	75.06	71.0	9.85	60.3	116.04	39.62	14.14	119.57	57.43	48.88	96.38	99.4	88.6	12.81	93.13	94.43	20.59	61.72	73.76	40.61	104.81	84.72	64.63	58.14	7.07	79.51	72.84	87.0	105.55	8.54	62.3	94.02	42.05	75.24	76.32	42.15	79.98	93.78	97.08	101.13	75.47	90.2	8.54	86.73	51.2	94.41	20.52	101.55	33.62	38.0	8.06	110.89	101.12	120.42	102.31	34.13	115.88	
102.49	44.41	32.7	63.07	39.0	51.86	59.54	91.55	99.41	15.81	0.0	36.77	55.47	49.24	22.56	109.62	92.76	61.03	95.13	59.3	91.76	78.29	103.17	76.22	102.62	58.94	29.68	68.26	56.32	110.72	55.04	48.3	29.83	120.07	15.62	136.5	28.28	61.61	47.43	92.72	46.32	13.34	130.42	106.37	116.78	37.66	31.24	109.66	27.0	31.95	89.89	62.64	84.15	76.54	78.89	67.36	91.21	56.75	14.21	80.6	27.46	91.05	26.48	45.35	103.7	59.21	47.85	97.53	50.6	72.11	105.48	85.87	102.47	28.64	91.4	32.8	90.69	40.85	104.86	20.62	69.64	49.09	80.6	53.08	25.55	19.42	79.1	69.46	86.45	14.32	64.01	60.96	108.91	42.54	32.45	75.29	43.14	82.28	127.32	106.78	61.85	22.56	25.32	69.0	54.71	95.63	85.44	35.36	98.49	59.41	90.93	87.66	96.83	107.42	84.1	105.0	33.94	61.66	97.62	35.23	63.51	100.0	91.66	84.22	97.16	87.3	75.54	89.64	48.51	96.4	50.92	50.01	87.11	25.5	85.62	125.67	26.48	81.39	111.62	40.11	71.02	95.05	88.41	24.7	86.09	56.52	56.22	64.26	19.24	108.81	47.8	30.15	96.83	35.47	89.2	81.49	77.37	17.03	25.0	89.05	48.17	72.17	38.63	12.65	124.02	98.72	30.48	111.04	59.41	89.38	61.0	26.25	90.05	25.94	59.0	94.83	42.19	20.12	95.13	101.41	53.23	32.56	45.65	80.89	56.22	17.8	65.62	110.44	44.72	7.07	110.26	42.05	40.36	96.54	91.22	84.97	27.46	78.0	101.87	33.38	51.86	76.16	45.71	100.72	70.83	49.16	54.13	20.0	64.12	81.27	72.17	98.6	17.69	64.2	89.94	54.2	64.35	61.03	26.4	74.95	82.37	88.46	100.69	73.39	95.43	24.35	87.48	35.51	84.4	35.23	100.96	26.08	23.54	23.35	106.33	109.2	117.69	107.23	20.62	111.31	
72.11	10.0	57.49	31.02	29.07	60.64	47.38	55.0	80.96	46.07	36.77	0.0	23.0	49.77	31.26	72.86	65.49	42.44	58.6	45.97	62.0	44.38	67.54	39.96	90.21	32.89	10.05	52.8	29.73	78.92	37.64	50.92	7.62	85.09	52.35	100.0	61.77	52.5	13.04	63.0	24.21	45.28	94.05	79.51	80.06	34.79	6.32	95.19	26.02	37.22	56.04	34.93	47.38	42.45	44.27	45.19	79.65	31.38	50.93	53.94	31.02	68.95	31.0	23.43	85.87	39.12	40.82	68.0	24.17	50.99	73.16	52.39	68.01	62.77	55.23	52.35	54.04	16.28	68.96	21.84	34.79	37.01	44.42	16.4	39.2	23.09	60.9	54.82	51.87	25.94	45.49	24.41	80.01	15.81	53.6	40.8	56.22	75.01	91.71	70.01	35.74	21.38	30.02	50.25	21.1	70.61	77.79	10.3	65.51	38.08	74.95	51.88	60.46	74.22	50.99	68.41	50.04	38.91	61.29	31.32	31.06	63.41	66.71	49.65	81.12	61.0	51.87	53.25	25.24	60.21	23.77	42.72	50.45	11.4	79.31	89.69	31.0	44.69	78.85	26.93	36.06	72.73	51.66	51.87	67.08	48.6	43.14	59.64	46.24	72.72	43.83	23.35	60.9	39.62	58.14	53.34	43.93	26.57	12.53	69.35	37.2	55.47	41.23	43.91	87.66	70.06	49.37	74.28	22.67	52.8	50.25	43.42	55.36	38.12	42.01	60.73	10.77	35.9	58.6	87.37	22.2	48.04	50.0	66.03	36.62	38.9	52.4	74.43	38.47	43.84	73.82	32.25	4.12	68.12	54.45	51.42	50.22	58.14	88.48	66.65	15.65	54.23	38.95	66.13	44.15	37.8	23.19	52.84	48.41	72.84	50.57	62.01	40.16	43.42	55.66	61.4	29.41	44.82	37.05	40.16	48.08	51.74	71.01	43.01	77.37	52.2	60.83	33.24	48.37	55.33	71.03	12.65	21.21	53.71	71.18	96.83	84.2	87.46	19.31	76.06	
49.16	13.0	66.57	8.06	50.7	59.68	65.86	39.12	61.03	60.14	55.47	23.0	0.0	46.17	54.15	58.31	42.76	26.83	42.44	33.53	39.0	44.64	48.27	23.71	72.86	46.01	33.02	37.22	43.28	56.29	24.74	48.37	26.93	64.66	70.83	82.76	75.66	41.48	25.55	40.0	15.52	60.31	76.37	56.72	67.08	35.11	29.07	76.58	34.06	41.59	54.59	13.6	35.44	21.1	42.95	26.17	63.41	13.42	68.8	62.43	54.01	47.89	54.0	15.81	66.03	55.0	61.68	45.0	10.05	64.35	50.7	52.17	47.01	77.08	47.38	59.54	38.95	36.06	50.25	35.81	14.87	29.0	38.0	18.38	47.43	45.54	74.95	71.4	31.06	41.88	29.15	14.32	57.01	34.54	61.4	40.52	58.82	61.72	72.2	56.36	48.08	44.18	53.01	65.19	29.7	48.38	64.01	20.12	43.32	21.47	56.59	46.01	43.42	52.2	51.66	52.2	55.9	20.81	52.17	53.76	8.25	47.43	44.6	28.84	62.37	68.96	31.06	36.62	42.54	51.79	38.83	36.0	35.78	32.76	66.19	70.94	38.6	31.02	56.61	48.08	16.28	51.43	39.85	63.25	47.63	39.46	61.77	50.22	58.73	54.45	39.12	29.83	42.43	42.15	35.23	30.59	45.22	40.61	34.53	49.41	30.02	70.94	42.06	58.9	70.01	47.1	56.94	59.68	18.79	42.95	38.6	51.87	52.15	61.07	59.08	39.36	13.6	46.75	48.51	69.31	34.06	54.12	48.84	49.04	53.25	50.93	38.48	55.9	34.37	62.27	63.25	53.45	19.03	45.18	41.79	29.55	59.64	71.45	70.71	79.98	21.26	34.21	34.23	45.28	54.2	57.78	3.0	67.21	65.22	59.06	63.66	46.04	52.35	25.81	34.48	59.3	31.3	61.85	60.03	19.85	46.87	40.52	48.01	20.02	57.8	63.89	38.33	55.73	42.01	62.18	48.04	29.55	44.1	66.53	51.04	79.2	62.39	66.73	41.59	56.04	
72.86	46.87	33.53	48.51	74.2	13.93	95.13	82.86	55.11	40.31	49.24	49.77	46.17	0.0	65.3	101.84	59.67	27.2	85.7	19.8	62.97	89.36	87.24	68.66	54.45	82.64	53.54	26.93	79.48	82.73	24.17	2.83	44.78	99.4	57.87	122.3	49.65	16.16	61.68	63.66	31.0	42.58	115.6	70.49	111.32	15.26	50.61	62.13	26.91	17.49	100.08	40.85	81.22	61.1	88.14	34.83	43.19	35.44	54.74	103.16	68.62	51.43	67.94	31.02	58.55	88.55	86.05	67.21	36.12	100.72	79.31	97.25	82.38	51.62	93.54	25.71	83.24	65.3	89.89	35.36	58.69	17.46	84.1	59.68	24.04	56.59	110.46	103.59	69.78	38.6	28.32	60.01	75.8	65.31	27.89	85.29	17.2	33.24	108.47	100.58	85.44	58.0	66.53	99.73	69.12	58.83	36.4	39.56	75.0	30.41	45.54	92.14	85.8	83.1	96.42	94.7	21.38	33.12	98.15	73.66	49.48	90.48	55.47	68.03	51.24	110.16	41.73	80.01	74.69	97.87	73.54	10.77	80.52	48.01	36.4	108.76	24.21	76.49	85.63	73.24	59.91	55.04	85.51	36.12	44.01	12.21	90.97	15.3	36.12	94.37	7.07	27.46	83.26	13.89	63.41	52.5	89.56	35.0	50.0	47.17	16.28	104.71	10.82	41.77	109.66	66.71	25.18	103.12	63.13	88.96	17.49	25.18	98.0	71.4	90.92	74.95	42.95	29.15	94.37	54.04	71.47	21.1	5.39	35.9	85.88	32.28	22.83	95.29	12.04	52.2	108.68	77.8	49.34	64.54	87.1	65.76	30.15	107.84	54.15	51.66	61.19	39.82	12.0	81.3	93.61	84.63	43.19	45.0	97.25	32.56	100.32	89.2	32.98	31.4	71.59	13.15	74.67	93.65	71.22	61.98	92.14	86.31	70.09	51.0	51.2	37.12	54.56	75.01	88.14	26.57	70.77	41.05	58.73	41.11	87.98	60.83	92.76	63.35	53.76	92.65	
103.31	41.19	55.03	62.2	17.72	71.06	37.12	83.63	108.52	38.33	22.56	31.26	54.15	65.3	0.0	99.86	96.08	68.96	87.21	69.86	93.09	63.03	97.5	69.64	114.97	40.31	21.21	78.19	38.28	110.17	63.25	65.12	28.16	115.43	32.76	128.13	50.01	74.3	36.24	94.09	51.2	35.9	122.59	110.11	105.6	51.04	25.08	121.08	38.83	48.1	74.03	65.12	74.43	73.55	64.35	73.55	103.75	60.53	33.24	60.75	5.0	97.86	4.0	50.22	113.23	38.33	25.32	99.08	53.34	50.8	104.39	69.81	98.76	50.01	78.75	54.12	82.3	25.61	98.62	30.23	65.73	59.51	68.41	44.38	44.2	9.49	57.01	47.1	82.71	26.87	72.12	54.08	111.04	27.8	54.13	60.81	63.25	96.57	121.46	96.52	42.94	10.0	3.16	47.27	41.4	100.6	99.64	36.35	96.69	65.73	101.24	74.33	89.47	105.32	67.8	96.65	54.38	67.27	85.15	13.04	62.29	91.71	96.63	80.52	107.56	67.05	81.05	82.35	30.23	83.63	34.06	62.77	78.71	22.2	100.4	119.01	41.11	72.9	110.02	19.7	66.94	101.79	78.23	47.13	94.64	69.46	34.0	79.06	41.44	102.04	61.85	39.82	90.62	51.66	89.36	84.02	61.72	30.41	20.1	97.27	59.03	50.0	54.56	35.17	116.3	101.0	51.48	101.24	50.57	78.01	72.9	46.32	75.07	7.07	37.34	91.68	41.0	38.6	83.41	112.92	38.21	52.7	62.94	91.55	35.44	38.08	76.56	103.87	57.45	27.0	97.84	20.22	35.36	99.0	81.3	82.57	49.24	56.22	113.72	55.0	42.05	82.76	58.31	96.84	51.48	27.02	54.01	42.3	42.01	95.02	50.99	90.35	38.47	71.06	86.59	73.0	51.22	39.12	6.32	71.06	67.27	77.94	102.12	74.06	104.69	46.84	91.2	13.04	71.7	56.8	102.18	28.16	10.05	45.89	101.51	121.67	115.21	115.69	13.34	106.28	
49.77	65.95	124.87	53.71	87.24	115.77	88.65	19.24	87.32	117.29	109.62	72.86	58.31	101.84	99.86	0.0	59.23	76.16	16.16	84.4	50.8	42.58	20.25	34.67	104.92	66.76	81.06	82.73	66.73	45.49	77.79	104.4	79.91	29.68	125.21	28.79	133.06	91.98	63.82	50.99	73.36	117.03	24.33	64.47	10.0	93.02	78.64	103.85	92.09	99.85	38.21	61.03	25.61	40.8	39.81	70.04	100.4	66.48	123.75	63.07	97.25	73.98	97.75	73.82	91.21	75.93	92.66	52.2	67.54	75.11	41.59	41.01	29.15	134.32	24.19	117.83	19.42	74.43	17.46	92.31	43.83	84.5	32.31	56.73	105.69	94.2	83.05	87.28	33.24	97.74	76.49	48.84	57.71	72.2	119.71	42.45	116.36	105.02	28.86	4.0	65.97	91.61	97.42	79.31	58.67	66.94	106.0	76.06	37.64	71.84	89.68	29.27	16.28	37.22	43.0	8.06	114.13	69.38	19.03	92.57	52.8	11.4	66.1	34.53	92.57	64.78	67.12	21.93	73.01	21.02	68.03	91.08	22.8	84.22	109.0	24.33	96.8	28.32	40.8	84.1	42.49	74.73	21.63	121.25	80.31	92.18	86.35	100.81	116.4	15.0	94.92	87.92	20.0	100.18	46.27	56.0	44.55	97.31	85.04	79.63	85.8	84.1	99.74	115.62	19.0	55.66	115.25	1.41	50.33	22.47	89.05	110.14	34.06	105.31	80.81	32.39	69.03	104.62	18.25	100.02	62.61	112.38	105.48	88.01	76.66	108.6	86.15	16.28	91.0	116.69	14.14	87.85	69.3	56.04	18.6	38.12	117.89	79.03	101.98	137.61	58.41	71.06	90.62	28.46	63.39	87.28	60.9	124.33	83.86	102.02	74.11	12.65	110.0	72.57	33.0	114.79	49.19	82.38	103.94	39.92	39.2	21.95	52.2	51.97	86.49	121.83	60.41	94.37	30.08	120.44	51.26	84.22	91.02	124.2	24.19	109.14	38.9	87.6	91.05	24.08	
13.89	55.58	91.59	35.17	93.39	72.12	107.15	46.07	28.16	92.11	92.76	65.49	42.76	59.67	96.08	59.23	0.0	34.0	46.62	40.0	8.54	74.28	39.32	42.45	45.71	85.42	75.33	33.24	83.19	23.85	39.4	62.48	68.01	43.97	106.74	69.63	105.55	44.55	67.36	8.25	46.53	93.3	63.15	14.04	69.05	59.51	71.25	44.94	66.48	67.54	79.65	31.0	52.8	30.61	71.42	26.4	42.11	36.22	104.12	96.67	96.42	15.0	96.33	47.52	32.31	95.27	104.12	8.54	43.05	102.4	22.14	79.31	31.02	107.35	65.73	83.53	47.89	78.59	42.3	72.18	37.22	46.96	62.29	58.87	75.64	87.01	112.9	111.36	29.68	78.45	31.91	50.09	16.55	76.92	85.76	70.84	76.84	49.04	53.45	60.17	86.83	86.09	95.26	104.32	69.35	8.06	49.24	60.01	22.02	33.84	31.02	67.8	44.6	26.93	79.93	51.2	79.08	31.32	66.65	96.51	35.44	49.34	7.0	30.0	33.38	101.98	18.36	43.42	84.15	67.6	79.85	50.48	47.71	74.01	52.39	55.32	68.95	48.27	27.73	90.71	36.89	15.52	54.92	91.68	22.56	47.51	103.25	51.4	89.16	46.1	54.64	62.82	39.85	65.76	13.89	12.17	75.74	75.93	76.03	21.1	48.3	110.15	63.63	92.03	58.42	7.07	81.99	60.02	55.9	59.91	42.45	79.16	75.6	103.12	99.81	26.93	55.15	77.83	62.65	40.79	74.32	78.03	64.82	31.95	94.02	82.28	37.48	46.01	53.71	98.72	71.47	96.05	61.66	5.0	54.2	25.0	86.35	109.0	42.76	108.71	62.03	19.85	52.84	31.14	90.7	99.93	42.3	98.62	105.55	46.17	101.55	48.7	83.57	29.97	27.73	70.04	66.57	102.46	102.18	34.21	74.28	56.3	10.82	23.09	27.29	92.57	5.39	98.48	64.66	85.15	11.66	69.12	86.15	96.18	37.0	50.0	34.89	29.68	83.01	40.2	
46.4	34.66	57.69	25.32	71.34	40.82	89.5	57.71	39.56	58.52	61.03	42.44	26.83	27.2	68.96	76.16	34.0	0.0	60.21	8.25	36.12	71.17	60.42	45.01	47.8	71.7	50.54	10.63	68.77	56.08	6.0	30.0	41.63	72.2	73.98	95.29	71.59	16.03	50.25	36.88	18.36	59.91	88.59	46.49	85.91	25.63	46.53	52.84	34.06	33.62	80.52	16.03	58.03	35.51	69.26	7.81	37.48	13.42	71.2	89.19	70.58	30.02	70.23	19.24	44.27	79.91	83.22	40.8	19.1	90.27	52.33	78.45	55.23	73.41	71.25	49.65	58.42	58.41	63.16	41.11	35.06	13.0	63.15	44.65	41.79	59.48	100.77	96.18	43.32	47.01	3.16	40.85	50.54	57.49	51.87	67.07	43.86	34.89	81.27	75.31	74.03	59.46	68.95	90.61	55.8	35.17	37.22	33.54	47.8	5.39	32.65	70.86	59.91	55.97	78.11	68.68	45.22	7.0	75.01	72.9	26.31	64.76	31.32	41.76	38.91	95.77	15.65	54.74	66.53	75.06	63.66	16.97	56.14	47.17	39.36	81.63	35.69	53.01	58.69	69.34	36.01	34.01	62.0	57.7	25.71	16.16	85.28	25.02	55.36	67.62	21.21	31.02	56.92	31.76	36.24	25.46	71.87	44.01	49.4	28.44	14.32	96.21	29.68	58.69	82.73	40.82	48.02	77.37	45.62	66.07	13.04	45.19	77.67	75.96	83.49	47.89	32.02	44.38	71.0	44.94	59.67	44.1	31.89	23.6	77.79	48.76	11.7	68.45	19.72	66.37	84.38	74.63	39.82	38.59	63.07	39.0	52.35	97.45	46.04	74.71	47.2	15.3	18.87	54.2	80.71	80.21	24.19	64.85	89.83	32.25	89.64	63.56	50.0	4.24	44.78	39.36	58.14	86.31	75.29	37.12	73.08	63.01	43.83	24.35	35.74	58.6	28.65	74.69	66.91	51.4	44.41	40.8	59.81	62.24	60.9	54.41	65.76	46.87	55.66	65.51	
39.82	50.93	109.0	37.58	76.24	99.62	81.02	3.61	74.67	101.98	95.13	58.6	42.44	85.7	87.21	16.16	46.62	60.21	0.0	68.45	38.08	36.88	13.6	19.1	91.76	58.14	67.42	67.19	57.43	38.6	61.68	88.26	65.3	31.02	110.75	41.4	117.69	76.12	50.99	38.48	57.31	101.86	35.51	54.41	25.71	76.94	64.64	91.55	76.4	83.86	37.22	44.92	14.04	24.74	33.73	54.33	86.31	50.33	109.12	59.77	85.09	60.73	85.49	57.8	78.92	68.03	83.19	40.82	51.48	69.87	33.3	38.48	20.81	119.0	21.63	101.87	5.1	62.39	13.04	77.1	27.78	68.35	24.19	43.05	89.87	80.78	79.08	81.39	18.11	82.73	60.67	34.21	48.84	60.17	103.77	35.23	100.22	90.09	34.93	15.13	58.01	78.39	85.0	73.44	47.13	54.63	91.27	60.83	27.02	55.79	75.93	25.5	3.16	30.23	39.92	9.9	98.11	53.37	20.62	81.27	36.67	5.0	53.14	19.0	79.4	63.16	52.04	5.83	62.59	21.93	57.49	74.95	8.54	70.0	94.19	31.95	81.02	14.32	34.99	73.08	26.42	62.03	12.37	105.6	66.29	76.16	78.16	85.0	100.9	15.3	78.77	72.2	7.81	84.12	32.89	41.44	38.83	82.07	71.03	65.97	69.64	78.77	83.63	100.45	29.15	44.42	99.32	17.46	36.72	16.55	73.16	94.3	32.76	93.11	73.03	20.25	53.76	89.02	16.97	86.98	51.66	96.38	89.32	73.33	68.18	93.09	70.46	17.26	74.85	102.18	25.32	77.37	54.82	44.29	9.85	23.19	102.08	74.95	88.89	122.15	45.18	56.08	74.46	19.21	57.56	77.93	44.94	109.04	77.06	87.09	68.88	3.61	94.49	56.72	18.97	98.67	38.64	75.0	91.79	23.77	34.79	13.6	41.62	36.22	73.38	106.21	46.84	83.17	24.04	104.45	40.8	69.35	77.9	108.71	18.97	96.46	36.06	76.03	77.39	22.2	
53.08	39.41	51.88	33.06	74.2	33.02	93.35	65.92	40.11	54.74	59.3	45.97	33.53	19.8	69.86	84.4	40.0	8.25	68.45	0.0	43.19	78.16	68.54	53.01	45.18	76.84	53.01	9.0	73.82	62.94	8.94	22.63	43.83	79.88	71.11	103.31	66.73	8.06	55.22	43.86	22.02	56.44	96.6	51.43	94.15	22.02	49.2	51.26	32.56	29.43	87.86	24.02	66.0	43.74	76.4	15.26	34.13	20.4	68.18	95.26	72.01	33.24	71.55	22.67	44.41	84.5	86.21	47.42	24.6	95.44	59.55	85.62	63.13	68.62	79.1	43.83	66.61	62.23	71.31	40.52	43.0	10.44	70.71	50.54	37.66	60.42	105.8	100.57	51.55	45.89	8.6	47.8	56.3	61.55	46.07	74.04	36.88	29.21	89.04	83.55	79.32	60.83	70.21	95.43	61.4	39.81	31.89	36.24	55.47	13.0	31.78	78.52	68.15	63.41	85.16	76.92	39.36	15.13	83.01	75.17	34.06	73.01	36.24	50.0	38.08	101.98	21.93	62.97	70.84	83.01	68.41	10.77	64.28	48.88	33.6	89.55	33.02	61.01	65.86	72.47	44.01	37.11	70.03	52.81	27.07	8.06	89.11	17.03	51.2	75.77	14.76	30.36	65.15	26.93	43.83	32.8	78.75	42.58	51.11	30.15	11.18	100.9	24.35	55.33	90.8	47.01	42.54	85.62	52.2	74.01	5.1	40.52	85.16	76.69	87.78	55.9	36.24	41.11	79.03	43.08	64.9	38.48	24.84	21.84	82.22	45.28	6.71	76.56	15.13	64.01	92.54	77.62	43.93	44.82	71.18	47.17	47.17	102.65	43.86	69.46	52.84	20.25	14.14	62.18	86.45	83.63	30.68	60.64	94.18	26.91	94.87	71.81	46.39	12.08	52.92	31.38	64.62	90.61	76.16	45.28	80.28	71.01	50.33	32.57	36.12	53.76	34.83	76.85	74.55	45.28	50.99	42.06	61.29	57.57	68.88	51.88	73.0	48.01	56.8	73.43	
10.77	52.0	93.6	31.02	88.96	76.06	101.51	37.59	36.69	92.57	91.76	62.0	39.0	62.97	93.09	50.8	8.54	36.12	38.08	43.19	0.0	66.71	31.06	35.0	54.13	79.31	72.01	37.74	77.25	20.0	40.8	65.8	65.38	37.58	106.28	62.64	106.68	48.83	62.37	1.0	45.54	93.52	56.04	19.24	60.67	60.75	68.03	53.49	66.31	68.8	71.59	29.12	44.69	23.71	63.78	28.32	50.0	35.11	103.82	89.4	93.01	23.19	93.0	46.49	40.85	89.32	99.25	6.0	41.23	95.77	16.4	71.42	23.09	108.41	57.43	85.6	39.45	73.98	34.06	71.17	31.02	48.6	54.45	53.6	76.66	84.29	106.17	105.19	21.4	77.49	34.66	44.27	18.03	72.18	87.8	63.41	79.91	56.09	47.01	51.66	80.53	83.1	92.01	97.94	63.57	16.55	56.57	57.71	14.14	34.67	39.05	59.67	36.06	20.59	72.14	42.76	81.22	31.91	58.18	92.44	31.06	40.8	15.3	21.93	41.77	94.49	21.4	34.99	78.85	59.17	74.33	53.08	39.41	71.34	59.68	48.38	69.32	40.31	22.67	86.15	30.46	24.04	46.62	92.96	30.07	51.09	97.72	56.44	89.94	38.0	57.31	62.39	31.32	67.42	5.66	10.82	68.25	75.27	73.25	29.02	50.0	103.75	65.6	92.2	50.99	8.54	83.82	51.62	49.98	51.61	46.4	80.45	67.48	100.04	93.98	18.44	52.15	78.26	54.2	49.24	68.62	80.0	67.88	38.83	88.26	82.73	41.88	38.05	55.61	98.03	62.94	91.41	58.01	7.21	45.79	16.97	87.92	102.22	51.2	110.14	56.75	24.19	54.82	23.0	83.86	94.83	39.12	99.3	99.54	53.15	94.89	40.16	84.08	31.89	19.24	74.2	59.94	96.57	99.02	27.29	66.48	48.01	9.06	19.03	35.69	93.81	10.2	94.43	56.64	87.46	9.22	67.08	83.05	97.25	29.15	58.52	29.83	38.08	80.31	32.76	
72.4	43.01	101.87	46.52	47.63	102.04	46.1	34.48	99.64	89.89	78.29	44.38	44.64	89.36	63.03	42.58	74.28	71.17	36.88	78.16	66.71	0.0	50.45	31.83	114.28	25.06	48.75	81.15	25.81	73.82	69.38	91.2	51.92	67.6	92.96	71.06	105.31	86.13	31.62	67.48	58.55	88.77	66.91	85.6	45.31	76.0	48.1	116.4	69.72	80.31	11.7	55.95	23.77	43.86	3.16	68.88	106.07	57.87	92.28	23.26	59.4	85.28	60.11	58.42	104.48	33.53	50.99	71.4	54.13	33.14	67.98	8.06	56.65	106.1	18.44	96.51	32.28	38.01	49.82	66.22	38.83	72.99	13.0	30.02	83.36	59.91	42.2	45.0	46.04	69.89	73.16	30.36	81.84	36.06	97.86	4.12	99.18	105.85	70.0	38.64	23.77	56.86	60.14	37.0	23.77	82.02	107.94	52.35	60.42	65.79	97.64	13.34	40.02	65.92	7.07	43.01	93.9	64.62	24.35	53.26	45.62	39.2	79.25	45.0	102.65	27.8	71.02	35.47	33.3	22.47	29.0	79.91	30.08	53.85	110.31	66.07	74.81	26.93	70.94	44.69	38.6	87.86	24.52	96.17	87.92	83.95	43.97	94.83	90.44	51.24	82.49	66.37	43.97	82.1	61.07	64.54	2.0	70.88	53.71	88.81	73.82	42.11	83.01	87.46	61.4	74.81	93.56	43.74	26.31	21.02	83.24	87.66	12.04	67.21	38.33	53.24	47.01	80.28	24.33	110.11	25.24	91.92	91.05	91.71	34.54	83.24	82.87	53.24	77.32	85.09	36.24	47.43	42.58	73.88	27.29	49.82	94.59	38.08	111.77	110.31	29.27	74.95	77.41	54.78	21.0	45.62	47.54	96.38	41.3	103.08	32.14	38.33	84.48	69.46	49.4	102.18	15.13	39.81	65.8	40.36	4.24	23.35	73.24	54.41	97.2	96.46	72.18	54.82	13.04	99.46	72.67	57.01	56.04	97.74	55.79	120.1	72.8	103.32	57.8	59.03	
29.55	58.83	113.57	41.73	87.86	101.07	94.02	16.12	67.27	108.37	103.17	67.54	48.27	87.24	97.5	20.25	39.32	60.42	13.6	68.54	31.06	50.45	0.0	27.86	85.0	71.0	76.97	65.52	70.06	26.17	63.13	89.94	73.57	18.25	118.71	35.23	123.79	75.61	61.68	31.14	61.62	108.58	28.6	44.28	29.83	80.6	73.79	83.68	82.04	88.09	50.54	46.87	27.17	27.59	47.3	53.49	81.02	53.01	116.83	73.38	95.82	54.23	96.14	62.29	71.06	81.02	95.52	32.02	55.9	83.36	21.63	52.0	8.94	125.26	34.89	106.04	18.25	73.5	3.0	84.02	33.6	70.49	37.66	53.14	94.85	90.38	92.65	94.76	17.8	90.0	60.17	43.46	37.74	71.31	108.07	48.66	102.93	86.47	24.19	21.95	71.06	88.24	95.52	86.83	58.86	46.87	87.21	68.01	17.46	56.82	70.11	39.0	10.44	17.69	53.49	12.53	102.0	54.12	32.8	92.65	41.01	12.81	46.27	19.85	72.69	76.69	49.24	16.03	74.67	34.41	69.58	76.54	21.02	78.77	90.27	22.67	86.28	26.08	22.02	84.72	32.2	54.74	25.96	111.04	61.0	76.56	91.01	84.12	106.79	7.28	80.62	77.79	7.07	87.8	27.07	37.66	52.39	88.87	80.06	60.07	71.87	92.23	86.84	107.17	22.47	35.44	103.71	20.88	47.13	30.08	72.8	99.16	46.07	103.73	86.02	13.15	61.03	94.76	29.68	80.06	63.64	100.42	91.42	69.26	81.01	99.04	69.26	8.06	77.39	110.11	33.62	89.27	63.53	35.9	23.41	21.47	106.96	88.53	82.04	127.99	55.66	52.95	76.85	8.25	71.02	90.35	50.25	115.43	90.27	83.49	82.38	13.04	100.45	56.46	15.65	99.74	51.09	88.09	102.46	28.43	48.38	27.2	31.95	36.24	66.61	111.73	41.0	94.59	37.64	108.41	31.02	77.1	87.85	114.56	5.39	89.05	22.47	67.36	86.76	9.06	
41.63	31.89	90.21	20.22	60.53	82.46	69.05	15.62	68.24	82.88	76.22	39.96	23.71	68.66	69.64	34.67	42.45	45.01	19.1	53.01	35.0	31.83	27.86	0.0	83.65	46.1	49.19	53.6	44.55	44.91	45.28	71.06	46.4	45.88	91.83	60.31	98.6	61.0	33.96	35.81	39.0	82.76	54.2	54.08	43.38	58.69	46.14	85.15	57.43	65.3	38.08	29.0	13.04	12.21	29.0	40.61	76.32	33.38	90.14	54.41	68.01	53.82	68.31	39.4	73.01	56.29	69.0	39.96	33.24	61.33	38.83	37.2	30.07	99.9	26.48	83.24	15.26	45.89	29.07	58.0	10.05	51.2	20.25	25.3	71.02	62.61	71.55	71.47	15.52	63.66	46.17	15.65	50.99	43.74	85.09	28.43	82.28	77.88	51.89	32.65	46.84	60.42	67.68	63.91	32.0	50.21	79.56	41.73	30.81	40.01	67.08	26.93	20.62	38.12	37.64	29.0	79.61	38.01	30.0	65.12	19.24	24.08	47.51	13.93	71.69	59.55	40.85	13.45	48.0	30.07	43.01	58.05	12.08	51.31	82.23	49.74	62.13	8.0	43.19	57.43	9.0	56.22	17.03	86.61	57.25	60.21	65.62	70.0	81.84	32.76	61.61	53.25	21.02	65.8	29.41	33.02	33.3	62.97	52.48	57.8	52.39	69.64	65.55	81.34	47.8	43.27	80.62	36.06	19.42	21.1	58.0	75.47	34.44	75.89	61.19	24.19	34.66	70.0	26.02	79.26	37.01	77.83	71.84	62.3	55.73	74.03	56.22	34.48	57.28	83.24	40.02	62.2	36.06	42.2	18.44	18.36	83.22	67.54	81.01	103.08	27.89	44.94	57.01	28.07	49.19	64.03	26.4	89.94	66.22	74.95	60.42	22.67	75.43	42.19	19.42	81.79	25.96	63.56	74.63	8.94	32.02	18.0	42.06	23.77	66.04	87.2	40.46	67.08	23.26	85.88	41.59	50.33	60.01	89.64	32.02	89.19	47.04	71.59	59.06	36.69	
57.01	82.33	86.05	68.41	118.98	59.3	137.28	90.76	18.0	94.76	102.62	90.21	72.86	54.45	114.97	104.92	45.71	47.8	91.76	45.18	54.13	114.28	85.0	83.65	0.0	118.79	97.94	37.44	115.97	65.19	52.7	56.22	88.84	87.14	112.29	113.22	103.0	41.11	97.67	53.94	66.03	97.02	107.07	44.41	114.76	65.15	94.03	8.54	76.9	70.83	121.71	59.55	95.75	71.55	111.83	46.69	11.4	60.14	109.18	134.63	117.18	31.05	116.73	66.85	15.52	127.4	130.92	53.24	66.71	137.21	66.01	120.57	76.53	105.0	109.25	79.01	92.36	106.21	87.97	85.23	75.47	55.46	103.83	91.24	78.26	105.55	147.8	143.75	74.0	90.14	44.82	85.43	52.47	105.26	81.0	110.39	68.07	22.09	96.33	105.76	120.93	106.0	115.38	137.9	102.55	38.21	19.24	80.99	67.6	52.5	16.64	110.46	89.99	71.01	120.74	96.88	75.06	52.35	111.07	120.22	69.2	94.83	38.83	73.74	12.37	140.8	43.27	87.92	114.21	111.79	111.13	52.81	91.55	94.02	20.88	99.08	76.24	90.8	70.11	117.07	75.8	30.27	98.62	90.09	26.42	46.17	133.06	39.2	90.55	91.66	54.82	75.24	85.38	67.47	58.94	51.08	115.38	86.65	96.25	26.0	55.95	143.59	64.33	96.18	103.0	50.09	79.1	105.72	90.91	103.47	42.15	79.63	118.07	121.74	131.14	72.57	79.81	82.98	106.98	5.0	106.78	75.17	59.21	24.21	125.4	86.49	38.47	91.44	58.19	106.3	116.91	122.32	87.62	49.25	98.43	68.95	84.1	144.31	3.0	104.17	94.05	39.41	57.25	76.79	126.91	128.0	70.71	99.25	137.44	22.02	136.52	94.11	87.3	47.42	72.8	56.32	103.23	133.96	121.25	74.71	115.25	99.92	54.04	60.03	18.44	91.09	44.92	121.94	106.89	79.03	55.04	87.24	106.47	95.08	82.39	6.71	76.42	21.54	101.97	85.09	
87.28	37.44	87.02	51.61	23.43	93.41	23.09	55.04	106.83	72.69	58.94	32.89	46.01	82.64	40.31	66.76	85.42	71.7	58.14	76.84	79.31	25.06	71.0	46.1	118.79	0.0	32.02	82.33	3.16	91.01	68.01	83.82	38.83	89.05	72.24	95.51	87.1	84.06	21.63	80.23	54.92	71.02	90.96	98.49	70.26	67.68	33.38	122.58	58.25	69.63	34.71	59.55	44.1	55.71	27.31	72.14	109.04	58.73	72.11	22.02	36.06	93.23	36.89	54.38	111.83	10.2	26.0	84.86	52.63	18.6	84.93	30.48	75.43	87.56	43.08	83.15	53.08	19.0	71.06	52.24	48.33	68.96	34.71	27.66	70.35	39.56	29.07	25.94	61.61	54.01	74.41	35.36	96.46	18.11	84.05	24.35	88.46	106.02	92.78	62.94	3.0	36.4	37.22	19.21	16.4	92.28	108.6	43.08	76.9	66.6	102.59	38.08	61.07	84.01	28.32	65.92	81.5	66.48	49.24	29.07	51.04	61.52	88.84	59.91	108.37	29.0	76.84	55.01	10.44	47.42	9.22	75.13	50.01	38.05	110.44	89.27	62.97	45.04	89.11	20.81	48.85	96.52	46.53	80.22	93.61	80.62	20.02	91.79	74.24	73.33	76.56	56.04	64.01	72.28	74.09	73.93	23.32	56.04	37.0	95.27	69.35	25.0	74.04	69.87	85.15	87.85	80.16	68.01	29.53	44.38	81.54	74.17	36.62	43.42	15.13	70.21	40.82	66.07	48.7	115.31	12.04	79.51	82.86	94.79	10.05	68.01	82.8	75.33	71.18	65.15	61.29	22.67	33.54	86.41	49.65	63.89	80.0	25.81	116.69	92.2	24.76	80.16	71.59	73.44	12.04	20.62	48.08	78.45	20.25	103.6	18.03	60.41	69.03	71.45	65.51	94.25	20.22	17.46	42.01	52.2	29.15	45.71	87.32	62.77	103.71	80.31	81.99	30.41	36.69	86.15	86.98	43.57	35.44	80.75	76.03	125.18	92.35	112.07	38.64	80.01	
82.15	20.02	55.08	41.05	21.26	62.77	41.62	63.81	89.69	41.48	29.68	10.05	33.02	53.54	21.21	81.06	75.33	50.54	67.42	53.01	72.01	48.75	76.97	49.19	97.94	32.02	0.0	60.54	29.0	88.96	45.28	54.2	9.22	94.7	44.82	108.72	56.65	58.8	17.8	73.01	32.2	40.16	102.93	89.36	87.69	38.28	4.12	103.35	27.31	38.63	60.42	44.55	55.44	52.39	49.24	54.08	87.09	40.52	43.83	54.0	21.1	78.16	21.02	31.3	94.54	35.74	33.3	78.01	33.24	48.51	83.19	56.46	77.79	57.38	61.85	51.16	62.68	13.04	78.26	20.4	44.64	43.28	51.09	24.41	38.47	13.42	57.58	50.12	61.68	22.09	53.67	33.54	90.0	14.04	52.04	45.65	57.01	81.47	101.08	77.99	35.01	11.4	20.0	46.82	25.06	80.23	84.39	17.0	75.5	46.62	83.19	58.01	69.46	84.17	54.78	77.1	49.65	47.76	68.12	22.36	41.11	72.11	76.3	59.48	89.44	61.01	61.13	62.27	22.36	66.84	23.02	48.1	59.08	6.08	85.63	98.88	31.62	53.25	88.84	19.85	45.88	82.01	59.55	48.51	75.77	54.45	37.44	65.12	42.58	81.88	48.41	26.08	70.21	41.63	68.18	63.2	47.93	24.02	5.1	78.19	43.19	51.48	43.83	38.9	96.57	80.02	48.17	82.46	30.81	60.11	56.85	42.19	60.42	28.07	37.58	70.6	20.22	34.06	65.8	95.38	24.04	47.68	52.77	73.93	32.89	36.06	59.64	83.65	43.28	36.62	80.81	24.76	14.14	78.06	62.48	61.39	48.01	55.36	96.38	61.68	22.67	63.25	43.93	75.89	44.0	31.24	33.06	47.76	43.83	79.51	48.27	70.72	37.12	52.0	65.52	63.98	34.67	40.25	27.02	50.0	52.77	59.46	81.02	53.0	86.01	48.66	70.58	24.17	54.82	54.15	81.06	12.53	11.18	49.48	80.78	104.62	94.11	96.46	10.0	85.62	
46.86	45.25	60.01	34.79	81.54	38.9	100.0	65.03	31.14	63.64	68.26	52.8	37.22	26.93	78.19	82.73	33.24	10.63	67.19	9.0	37.74	81.15	65.52	53.6	37.44	82.33	60.54	0.0	79.4	56.85	15.26	29.68	51.48	75.18	80.1	99.54	75.29	11.31	60.88	38.28	28.6	65.38	92.85	43.57	92.66	31.02	56.6	42.95	41.44	38.33	90.14	25.3	66.61	43.01	79.12	13.04	26.91	23.85	77.16	99.64	80.11	24.7	79.71	29.41	35.51	90.52	93.48	41.23	29.73	100.9	54.08	88.26	59.24	77.2	80.06	52.0	66.0	68.88	68.41	49.24	43.93	19.24	72.53	55.22	46.53	68.71	111.4	106.78	49.5	54.74	8.06	50.99	49.04	68.01	54.23	77.08	44.1	24.7	84.53	82.3	84.65	68.94	78.39	101.24	66.4	31.91	26.83	43.57	50.99	15.81	23.09	80.05	66.48	58.31	88.02	74.97	47.54	16.55	83.38	82.86	35.74	71.45	28.6	48.26	29.41	106.17	16.55	62.03	77.1	83.6	74.28	19.42	64.07	56.8	29.15	85.49	42.01	61.52	60.22	79.63	44.72	28.46	70.35	61.4	18.11	14.76	95.78	18.79	60.02	72.8	23.09	39.05	62.97	35.69	39.4	28.23	81.94	51.48	59.03	21.21	20.1	106.83	32.98	64.28	87.32	40.31	50.92	83.86	55.95	74.67	9.43	49.24	87.09	85.09	94.07	52.5	42.52	50.09	79.31	34.89	70.29	46.82	32.25	13.42	88.39	54.23	4.24	73.38	24.08	73.01	92.01	84.88	50.33	38.21	71.11	44.72	55.66	108.07	35.85	77.83	57.8	13.6	23.09	58.52	91.26	90.6	34.67	69.43	100.42	21.93	100.26	70.35	55.33	11.7	50.22	36.8	68.48	96.9	84.5	45.18	82.87	71.45	43.93	31.02	27.17	62.36	28.43	84.6	76.16	53.23	44.69	50.16	69.35	66.22	65.19	44.1	67.42	39.01	65.0	69.46	
