210
0.0	53.71	47.42	28.86	62.39	41.88	25.5	26.42	26.31	29.73	65.76	56.14	20.0	44.0	49.4	80.62	37.95	65.46	69.12	18.79	30.48	17.89	33.12	31.91	47.89	38.83	13.34	20.02	46.27	96.43	77.83	20.12	74.06	80.66	72.01	59.0	61.13	70.84	61.4	29.21	62.1	68.03	16.12	76.66	23.77	53.24	48.8	43.91	69.43	12.08	61.03	80.06	63.13	66.29	83.93	40.5	39.32	78.57	36.88	6.08	74.09	28.43	79.48	73.03	68.18	62.3	71.57	31.58	46.87	47.68	54.42	100.21	49.52	49.4	86.27	44.18	57.57	27.46	98.35	87.32	93.43	69.03	42.01	22.63	62.82	97.35	46.04	83.6	76.11	9.22	68.41	58.18	73.74	16.03	59.91	42.95	42.95	62.01	22.36	64.85	16.97	69.18	51.66	66.65	39.96	39.4	58.42	34.54	35.44	63.57	70.58	42.19	62.37	44.42	74.63	69.64	37.7	30.68	57.28	21.26	59.01	36.77	41.88	40.5	36.4	57.58	63.03	22.47	86.28	98.47	68.07	53.0	37.58	56.86	61.52	23.77	58.31	56.44	69.12	48.66	39.05	51.24	73.11	70.35	85.09	60.75	64.64	23.77	34.23	21.1	58.26	33.62	16.16	77.88	58.52	17.12	34.93	39.81	49.65	74.67	78.39	42.01	18.03	18.03	72.44	25.3	11.4	49.65	72.86	69.12	12.65	68.51	22.02	59.67	72.18	54.04	50.29	67.62	63.32	37.58	26.42	39.2	35.36	30.53	22.8	33.29	66.73	54.56	48.1	65.28	28.3	30.02	57.71	16.0	76.28	48.17	45.18	57.78	96.54	70.0	21.19	36.67	25.32	79.51	76.49	31.02	63.01	20.4	50.57	33.29	
53.71	0.0	7.21	38.08	24.21	95.52	78.77	45.79	51.0	82.93	12.08	31.32	65.76	50.33	44.01	65.46	36.4	13.04	34.79	69.81	83.76	57.31	20.59	85.59	28.84	20.12	45.88	48.37	21.02	49.65	93.48	58.14	35.36	33.96	66.48	57.43	71.12	47.51	25.08	65.07	46.01	15.13	63.6	55.07	71.06	1.0	81.5	9.85	24.19	61.68	85.44	80.06	9.43	71.56	88.24	13.6	53.6	29.15	84.93	50.16	20.62	65.12	51.26	65.07	29.7	47.54	58.9	41.3	24.7	44.29	70.58	56.29	16.4	5.0	45.04	54.08	43.74	26.4	50.16	50.16	45.88	62.24	25.5	52.2	47.42	55.44	24.02	41.11	71.42	51.22	17.46	75.96	47.85	62.29	69.77	17.72	41.23	30.89	72.42	50.0	51.66	67.48	13.34	84.69	27.2	93.02	51.22	80.06	88.64	42.8	58.14	95.88	21.84	9.49	51.0	77.7	82.87	40.25	42.76	74.06	58.25	81.88	25.63	15.0	89.9	38.9	28.84	76.16	47.01	55.73	53.91	77.37	32.02	25.81	18.44	38.21	74.46	78.45	66.71	59.24	46.84	11.18	69.35	59.46	56.92	40.46	12.53	31.24	32.7	72.8	21.47	60.21	69.77	90.92	12.73	45.89	82.98	44.38	37.44	60.61	90.55	48.7	59.41	39.62	71.7	55.04	50.33	72.28	24.74	47.42	46.1	32.28	73.39	21.93	75.0	20.62	65.79	17.09	45.22	81.61	27.29	71.18	84.65	46.96	63.13	29.07	50.6	11.66	9.22	56.59	62.03	32.0	78.11	68.15	37.22	18.03	30.07	49.37	50.29	18.36	33.02	44.27	51.01	65.22	45.22	46.27	60.61	34.83	32.8	47.93	
47.42	7.21	0.0	30.89	23.02	89.07	72.2	38.59	47.38	76.32	18.6	27.29	58.73	49.24	38.12	68.48	34.89	20.25	39.62	63.01	77.18	50.21	14.56	79.18	29.73	13.0	40.61	44.0	15.3	56.65	92.96	50.99	41.01	40.8	68.12	58.05	70.72	51.08	29.61	61.07	48.26	20.62	58.25	58.69	65.92	6.4	78.45	5.39	25.71	56.04	83.57	81.34	16.28	71.84	89.14	9.22	51.62	36.25	79.91	44.27	27.59	61.03	55.79	67.01	29.15	43.08	61.29	38.6	25.5	44.2	69.32	63.06	18.36	6.08	51.35	52.77	38.9	20.62	57.27	56.0	52.92	63.89	19.03	45.0	49.65	61.98	18.25	47.52	73.11	44.41	24.6	74.69	51.87	55.32	69.34	11.05	40.5	28.32	66.94	45.69	44.55	68.59	9.9	83.65	26.08	86.82	52.35	75.33	82.64	45.65	60.46	89.47	27.07	5.83	54.78	77.8	78.23	33.11	37.95	67.42	58.8	77.23	25.0	7.81	83.77	41.05	26.91	69.77	53.08	62.37	56.3	75.27	30.41	29.15	24.0	34.06	73.36	76.69	67.9	58.18	45.19	7.81	70.84	61.61	61.61	43.05	19.72	24.41	25.63	66.03	25.71	57.07	63.56	90.7	13.34	41.11	77.93	37.66	38.18	63.29	90.44	47.41	52.33	32.65	72.84	51.16	43.42	70.23	31.62	44.1	39.2	37.34	67.72	26.48	75.74	23.77	64.4	24.17	41.15	77.1	21.19	67.9	79.43	39.81	55.97	26.25	46.52	16.12	3.61	58.26	58.14	28.64	76.56	62.3	43.0	19.42	24.08	44.15	57.25	25.55	26.42	37.36	47.27	68.1	50.01	43.42	61.52	28.02	34.06	40.85	
28.86	38.08	30.89	0.0	36.77	65.0	48.05	7.81	45.97	51.66	48.41	28.16	30.87	58.18	21.1	88.84	45.88	51.11	66.48	37.36	52.63	21.93	23.02	55.9	49.25	18.03	32.02	39.62	21.63	87.32	99.36	21.95	69.43	71.31	84.15	71.69	79.32	74.17	56.72	54.92	68.07	48.8	44.6	81.39	52.5	37.22	74.89	30.68	45.18	40.8	84.96	95.27	46.62	82.86	101.21	29.61	56.61	67.08	65.73	29.97	57.8	54.38	81.01	84.12	41.76	33.62	80.28	43.91	46.04	57.58	74.65	93.3	43.42	35.85	80.78	60.21	28.79	22.56	88.1	84.34	83.67	80.32	16.12	15.0	69.23	91.76	20.12	77.2	88.96	21.02	55.47	79.4	76.03	28.46	77.94	21.26	52.55	34.53	51.2	36.25	16.76	82.86	29.73	88.53	41.59	64.63	68.31	63.25	62.07	67.36	79.31	65.73	55.54	31.62	78.16	87.66	66.41	3.16	28.46	42.95	72.09	65.46	42.3	23.26	62.29	61.52	36.14	47.27	82.0	92.35	75.71	76.42	42.72	54.15	53.16	34.67	78.87	79.2	82.46	65.73	52.84	30.41	86.16	79.81	87.01	64.38	50.61	13.93	6.71	40.52	52.77	55.9	43.01	98.41	36.88	35.38	63.79	12.81	55.32	82.98	98.6	55.95	24.17	11.66	86.82	47.51	19.0	72.12	62.24	40.26	16.28	64.78	50.64	53.94	88.12	49.37	69.81	55.01	34.48	66.13	20.62	64.4	64.13	9.22	26.63	36.4	38.08	44.92	29.41	75.29	53.01	35.47	79.93	44.55	71.59	43.19	17.26	29.68	87.85	56.44	16.12	10.3	45.25	88.07	76.16	46.62	75.77	13.6	53.46	11.0	
62.39	24.21	23.02	36.77	0.0	101.53	84.48	43.83	68.68	88.23	24.33	12.53	67.62	72.2	29.68	89.63	57.8	31.05	58.14	74.0	89.19	58.69	34.21	92.18	52.4	24.02	59.3	64.33	16.12	66.01	115.97	58.6	57.58	52.47	90.52	80.92	93.74	71.56	48.88	81.58	70.18	21.0	76.01	79.08	84.02	23.43	100.0	28.3	9.22	73.03	106.1	103.97	25.0	94.81	111.95	31.76	74.25	46.17	98.01	61.01	32.02	81.39	74.69	89.2	6.32	27.17	83.1	60.93	48.17	67.2	92.18	74.06	40.31	27.59	65.31	75.66	25.0	39.81	65.19	71.57	62.01	86.28	20.88	51.43	71.59	74.43	16.76	61.19	95.48	56.52	35.9	97.53	71.69	65.19	92.36	20.1	63.51	8.0	84.05	29.02	53.49	91.29	13.42	106.55	49.09	100.66	75.01	94.19	97.49	67.01	82.33	102.2	45.18	28.84	74.95	100.8	97.25	37.12	24.04	79.4	81.69	96.25	48.01	25.0	98.06	63.03	5.1	83.2	67.91	74.24	78.1	97.69	53.34	50.0	41.59	55.08	96.25	99.32	90.55	81.12	68.0	15.26	93.34	83.63	80.11	64.66	31.32	39.01	30.08	77.16	45.49	78.75	78.09	113.72	11.66	60.83	96.01	35.38	60.96	84.81	113.46	70.33	60.93	44.72	95.52	72.03	54.82	92.7	43.93	24.52	51.2	55.46	84.21	45.79	98.6	44.82	87.24	36.14	24.02	96.42	39.46	89.29	97.02	42.72	63.06	48.75	29.02	35.81	19.72	80.62	78.85	50.7	99.28	78.31	59.14	41.73	20.25	31.32	67.0	35.51	42.0	37.01	68.41	89.4	68.45	65.55	84.29	42.11	56.59	42.2	
41.88	95.52	89.07	65.0	101.53	0.0	17.09	58.86	57.98	13.34	107.54	92.96	35.13	75.59	81.15	112.4	75.43	107.34	108.47	27.66	12.37	43.57	74.95	10.0	87.11	79.31	52.35	54.82	85.7	137.19	92.01	44.28	113.95	121.75	100.9	89.16	84.17	107.07	101.82	49.04	97.42	109.59	37.44	111.51	34.54	95.02	58.01	85.76	109.44	36.88	73.0	104.35	104.96	90.71	104.81	82.38	68.88	120.1	31.02	46.23	115.97	48.1	116.21	102.88	106.74	94.05	103.79	67.8	86.98	82.15	75.71	140.19	90.79	91.27	126.06	73.82	90.2	69.34	139.39	126.04	134.42	99.16	80.65	51.48	97.75	136.88	84.77	123.79	103.74	45.31	110.21	76.79	110.39	36.67	83.43	83.38	78.49	99.46	29.97	96.01	48.27	96.77	92.31	82.1	79.91	7.07	91.24	36.12	13.04	100.12	102.88	1.41	103.32	86.28	110.45	91.41	37.0	65.31	90.27	22.14	88.77	37.01	82.02	81.84	10.05	94.63	101.14	19.42	125.61	138.19	101.53	68.36	76.49	96.9	102.83	62.94	78.09	72.34	97.08	75.96	72.2	92.2	100.88	102.04	121.26	97.65	106.51	64.85	71.57	24.52	99.04	58.31	26.25	94.05	99.4	54.49	31.02	71.25	86.61	106.93	95.08	74.3	41.44	57.38	98.76	54.2	46.82	68.07	114.34	102.18	50.7	108.3	27.29	100.45	96.54	94.79	73.76	109.4	96.19	39.01	68.26	55.11	28.0	61.4	41.01	73.55	98.01	96.21	89.44	97.08	51.08	70.01	74.43	29.83	116.1	89.27	82.23	88.0	137.18	111.83	62.65	68.36	57.14	111.09	114.4	64.9	92.48	61.27	88.87	63.2	
25.5	78.77	72.2	48.05	84.48	17.09	0.0	42.19	45.54	4.24	90.74	76.12	19.24	63.89	65.01	101.24	61.4	90.8	93.81	11.0	5.0	27.02	58.25	8.0	72.42	62.24	37.2	41.15	68.62	121.75	87.66	28.02	99.02	106.08	90.8	78.34	76.06	93.91	86.56	40.01	84.58	92.66	25.5	99.01	26.17	78.23	54.12	69.07	92.36	23.41	68.88	96.19	88.2	82.22	98.05	65.8	57.72	104.06	30.23	30.48	99.3	39.01	102.88	92.42	89.74	78.06	92.35	54.12	71.84	69.46	68.0	125.25	74.95	74.63	111.21	62.82	74.0	52.8	123.76	111.77	118.83	88.53	63.6	35.01	85.09	122.2	67.72	108.71	94.2	28.23	93.86	70.18	97.06	20.02	75.11	66.31	65.31	82.57	21.21	80.16	31.4	87.13	75.24	76.94	64.82	17.03	79.38	32.7	16.55	86.77	91.39	17.72	87.73	69.63	97.51	84.0	34.89	48.51	74.01	5.1	78.1	34.44	66.84	64.88	15.52	81.01	84.17	5.0	111.02	123.41	89.54	62.65	61.85	81.84	86.98	48.01	71.06	66.61	87.3	65.92	59.81	75.15	91.24	90.8	108.23	84.12	90.0	47.89	54.57	8.06	83.55	48.37	11.7	88.96	82.35	39.96	29.15	55.0	72.95	95.51	89.81	62.3	25.0	40.31	89.68	42.45	29.73	61.13	98.35	86.0	33.62	93.41	18.25	84.96	88.2	79.31	65.12	93.09	80.0	36.25	51.61	48.26	27.2	45.01	25.5	58.26	82.15	80.06	72.47	85.73	41.19	54.82	68.47	17.26	101.21	73.55	65.31	72.25	121.83	95.43	45.79	52.01	44.6	100.0	100.5	52.0	82.0	44.29	74.63	47.01	
26.42	45.79	38.59	7.81	43.83	58.86	42.19	0.0	47.43	45.54	56.22	34.21	24.04	61.47	23.54	93.9	50.22	58.83	73.16	31.26	46.53	15.3	29.61	50.16	55.0	25.81	32.8	40.8	29.21	94.85	101.02	14.87	76.4	78.79	88.32	75.58	81.88	80.0	63.56	54.56	73.33	56.59	42.54	87.05	50.09	44.94	74.52	38.08	52.48	38.47	85.63	98.79	54.41	85.91	104.22	36.69	59.06	74.71	62.63	29.07	65.6	53.91	87.21	88.53	48.47	36.67	85.16	47.17	52.09	61.85	76.55	100.66	50.22	43.38	87.93	63.07	32.25	28.0	95.71	91.22	91.24	84.65	23.6	7.62	74.43	98.98	27.46	84.43	93.01	17.46	63.13	81.02	82.05	22.2	80.53	29.07	56.75	40.8	48.1	39.05	11.05	86.65	37.48	90.0	47.04	59.08	72.78	60.84	57.08	73.03	84.17	59.68	62.64	39.0	84.0	90.35	63.98	6.71	32.14	37.12	75.89	63.07	48.0	30.89	57.0	67.07	42.72	42.01	89.02	99.62	80.75	77.23	47.52	60.67	60.41	37.7	80.71	80.28	86.33	68.43	56.08	38.21	90.14	84.53	93.19	70.03	58.31	19.0	14.21	34.37	59.67	56.85	38.64	100.4	44.6	36.62	60.75	13.6	60.41	87.97	100.7	59.24	17.46	13.0	90.48	48.27	15.23	73.25	69.78	44.18	14.21	71.59	47.13	60.88	91.39	56.09	71.87	62.65	38.21	63.95	26.0	64.38	60.73	4.24	19.24	41.3	41.0	52.2	37.2	79.83	53.04	39.81	81.22	41.11	78.59	49.82	23.77	31.62	95.34	64.14	20.22	10.44	46.62	93.06	82.61	49.19	79.7	17.26	59.03	7.07	
26.31	51.0	47.38	45.97	68.68	57.98	45.54	47.43	0.0	49.4	62.2	67.08	46.17	18.44	66.6	55.79	18.87	59.03	51.86	43.19	49.77	43.68	34.48	48.76	31.38	45.69	14.76	6.71	54.23	81.84	53.6	45.88	57.8	67.6	46.1	33.24	35.11	49.09	47.01	14.32	39.45	66.03	20.59	53.67	24.76	51.01	31.32	42.19	72.99	22.14	39.2	53.76	59.21	40.02	57.87	38.21	13.04	67.62	36.72	20.62	68.25	14.56	58.25	47.38	75.0	78.01	46.84	11.18	32.7	24.19	29.15	83.63	39.29	46.0	69.53	18.0	73.01	29.15	84.6	68.62	79.61	43.42	52.35	46.52	39.82	79.93	55.46	67.8	50.0	33.84	60.17	33.6	52.43	42.3	33.84	49.04	20.62	71.31	28.43	80.8	41.23	43.01	55.54	42.64	26.25	52.8	33.84	30.87	46.86	42.2	45.88	57.69	49.66	42.11	52.48	43.66	33.24	48.84	72.42	43.17	33.14	32.31	28.46	43.68	49.2	36.88	71.17	40.85	68.62	81.39	44.01	30.61	21.54	41.68	50.33	13.6	33.29	33.24	43.0	22.36	14.32	54.13	47.0	45.35	63.29	39.82	58.05	33.6	48.41	44.55	45.19	10.3	33.84	53.0	60.67	10.82	34.99	58.73	29.0	50.0	53.34	16.76	44.15	34.83	46.17	4.47	35.47	26.17	61.85	83.01	34.0	52.2	30.81	46.52	45.89	41.23	24.6	59.2	77.94	31.62	29.97	20.62	37.44	51.61	49.03	22.09	82.42	46.1	49.82	40.26	11.18	19.0	33.97	28.64	59.82	37.36	57.45	75.17	81.61	62.1	30.61	55.97	1.0	54.57	56.73	7.07	37.12	32.56	32.02	54.41	
29.73	82.93	76.32	51.66	88.23	13.34	4.24	45.54	49.4	0.0	94.87	79.62	22.0	67.68	68.03	105.0	65.51	95.0	98.01	14.32	1.0	30.27	62.43	5.83	76.61	66.21	41.4	45.18	72.45	125.99	90.09	31.06	103.23	110.32	94.37	82.01	79.23	97.95	90.79	43.19	88.57	96.75	29.12	102.96	29.0	82.38	56.29	73.24	96.21	27.31	71.2	99.41	92.36	85.48	101.0	70.0	61.4	108.3	31.3	34.71	103.47	42.19	106.94	96.05	93.41	81.0	96.14	58.18	76.06	73.41	71.06	129.47	79.2	78.82	115.42	66.48	77.06	57.01	128.0	115.94	123.07	92.18	67.36	38.21	89.05	126.4	71.47	112.93	97.67	32.2	98.08	73.03	101.12	23.35	78.31	70.26	69.32	86.12	24.0	83.02	34.93	90.61	79.2	79.51	69.03	14.56	83.22	34.48	15.62	90.82	95.19	14.14	91.97	73.82	101.52	87.05	36.4	51.97	77.1	8.94	81.74	36.06	71.06	68.96	13.89	85.09	87.8	8.54	115.21	127.61	93.41	65.28	66.03	86.05	91.22	52.2	74.0	69.26	90.8	69.43	63.69	79.16	94.73	94.56	112.25	88.19	94.2	51.97	58.24	11.18	87.78	51.79	15.65	91.55	86.33	44.1	30.46	58.08	77.03	99.3	92.44	66.13	28.16	44.28	93.06	46.17	33.62	64.01	102.59	89.05	37.58	97.62	21.0	89.2	91.44	83.55	68.36	97.31	83.05	37.95	55.8	51.04	28.18	48.17	28.07	62.48	85.02	84.29	76.54	89.49	44.55	59.03	71.18	20.88	105.42	77.79	68.88	75.06	126.06	99.64	49.93	55.15	48.47	103.74	104.62	55.95	85.62	48.37	78.77	50.04	
65.76	12.08	18.6	48.41	24.33	107.54	90.74	56.22	62.2	94.87	0.0	35.06	77.23	59.44	50.45	68.59	46.27	7.21	35.61	81.61	95.72	68.62	32.65	97.62	36.69	30.48	57.87	60.02	28.64	42.3	101.39	69.3	34.0	28.16	71.85	64.4	79.12	50.21	27.66	76.42	51.04	5.0	75.58	57.38	82.97	12.53	92.09	21.93	19.72	73.74	94.92	85.7	3.0	78.72	94.34	25.63	63.51	22.0	96.77	62.24	9.43	76.53	51.87	70.0	27.86	51.01	63.25	52.0	32.98	52.5	79.56	50.01	24.52	16.76	41.0	63.35	48.09	38.48	41.98	47.43	38.33	67.68	34.0	63.03	52.43	50.16	31.38	36.88	76.61	63.01	11.7	84.9	49.68	73.88	77.83	27.2	50.22	32.25	84.43	53.08	62.97	73.57	19.7	93.3	37.12	105.1	57.71	91.78	100.72	47.01	62.63	107.91	23.35	21.54	53.15	85.0	94.54	50.22	47.1	85.98	65.31	93.56	35.23	26.25	101.98	44.42	29.43	88.19	43.68	50.04	58.41	87.13	42.11	30.53	19.85	49.82	83.24	87.86	72.72	68.15	56.57	18.36	74.89	64.2	56.94	45.22	7.81	43.01	42.44	84.63	25.24	71.0	81.84	98.49	14.14	57.72	94.83	52.8	44.94	64.44	97.99	58.05	70.77	51.22	77.7	66.37	62.01	82.04	19.65	48.84	57.8	32.8	85.44	25.0	81.49	26.4	74.95	12.08	48.09	93.21	39.36	82.0	96.57	56.86	74.25	40.11	53.24	17.72	19.1	62.13	73.33	43.29	87.32	80.23	35.34	26.48	37.34	54.23	43.19	11.18	44.94	53.24	62.29	68.59	45.49	57.0	67.12	46.62	39.92	57.45	
56.14	31.32	27.29	28.16	12.53	92.96	76.12	34.21	67.08	79.62	35.06	0.0	58.24	73.76	17.2	95.77	59.46	41.05	66.1	65.31	80.6	49.48	33.6	84.01	56.61	21.63	55.66	61.85	13.45	77.32	117.44	49.04	66.49	63.01	95.0	84.29	95.67	78.29	56.3	78.77	75.47	32.56	71.02	85.91	79.08	30.36	98.09	31.62	21.63	67.6	105.82	107.94	35.01	97.58	115.36	34.06	74.63	57.04	92.78	55.9	43.57	78.43	82.54	94.05	15.0	16.28	88.51	61.03	52.43	70.04	93.01	85.05	45.65	33.11	75.33	76.84	13.04	38.08	76.79	81.05	73.33	90.8	14.87	41.76	76.85	85.02	11.66	71.25	100.0	49.04	46.04	98.23	78.92	56.29	94.26	19.1	65.76	6.71	78.41	18.68	44.72	95.13	18.03	107.42	51.66	92.78	79.03	89.63	90.2	72.95	87.66	93.74	53.16	32.45	81.94	103.28	92.76	27.66	12.04	71.02	84.96	91.78	51.09	25.46	90.45	68.26	9.22	75.43	77.65	85.0	83.53	97.25	55.17	56.36	49.73	53.71	97.2	99.32	94.49	82.46	69.03	20.25	97.62	88.75	88.23	70.33	41.11	34.48	22.0	68.45	52.55	77.37	71.03	115.62	21.0	57.94	90.8	23.85	64.82	90.55	115.52	71.7	51.66	38.12	99.36	69.86	47.1	92.44	54.08	17.03	44.0	63.6	78.16	53.14	101.91	50.99	88.01	46.1	13.93	92.2	37.12	87.32	91.44	32.31	53.14	49.68	19.31	42.72	23.71	85.21	76.32	50.8	99.57	72.11	68.25	46.65	11.0	19.24	78.23	46.0	37.64	25.94	66.64	95.38	76.54	65.19	87.97	36.88	61.03	31.3	
20.0	65.76	58.73	30.87	67.62	35.13	19.24	24.04	46.17	22.0	77.23	58.24	0.0	64.0	46.04	100.5	57.27	78.52	86.82	8.54	23.0	8.94	46.23	27.17	66.13	47.2	33.14	40.01	52.35	112.33	96.01	9.22	91.24	96.26	92.01	79.0	80.6	89.99	78.29	46.62	81.58	78.41	31.3	96.1	36.4	65.07	64.66	56.64	76.03	27.31	78.26	99.85	75.01	85.99	103.37	54.04	59.21	93.24	45.61	26.02	86.31	45.69	98.37	93.02	72.45	59.0	91.44	51.35	64.47	67.48	73.5	116.97	65.51	62.29	103.35	64.12	55.08	41.88	113.81	105.19	109.04	89.02	46.96	16.49	82.38	114.53	50.99	100.34	96.08	15.65	82.22	76.84	92.72	4.12	79.43	51.04	62.65	64.85	32.56	61.03	14.42	89.14	59.91	84.86	57.94	36.22	78.31	45.97	35.44	82.71	90.45	36.06	78.55	57.38	93.86	89.05	48.8	30.68	55.15	14.56	79.01	48.08	59.62	50.99	34.71	76.66	66.73	20.62	103.75	115.49	87.82	70.77	56.32	74.25	77.1	42.95	77.2	74.46	89.09	68.47	59.03	60.22	93.09	90.27	104.12	79.81	77.83	34.71	37.58	11.18	74.79	52.63	20.52	96.46	67.12	37.05	44.05	36.12	68.88	94.53	97.08	62.01	6.71	26.17	92.35	44.72	15.81	68.01	87.8	67.07	20.0	85.87	30.41	76.16	91.92	70.71	69.63	81.57	61.07	49.52	40.22	56.36	43.01	26.31	6.32	51.26	63.03	69.4	58.26	85.21	46.49	48.38	75.96	25.61	93.48	64.5	47.76	53.08	112.61	83.55	33.6	33.24	45.18	99.41	94.92	51.01	83.01	31.24	69.26	28.07	
44.0	50.33	49.24	58.18	72.2	75.59	63.89	61.47	18.44	67.68	59.44	73.76	64.0	0.0	77.2	37.36	14.42	54.45	39.0	61.52	68.01	60.53	40.31	66.71	23.09	52.35	31.14	24.02	60.31	69.35	43.83	62.65	45.31	57.01	28.02	15.0	21.93	32.53	37.34	27.66	22.63	64.03	38.63	36.06	41.34	50.7	35.17	43.91	74.32	40.52	35.51	37.34	56.52	24.7	43.05	40.5	7.07	58.69	50.91	38.01	63.2	28.43	41.73	29.07	78.39	87.05	28.46	14.32	26.48	8.54	20.25	69.64	34.93	45.69	55.95	4.0	82.13	37.01	72.62	53.6	67.78	25.08	60.11	62.1	22.67	65.46	62.29	55.04	32.25	50.49	54.04	25.63	36.07	60.01	20.52	54.67	9.22	76.61	45.65	89.87	57.27	25.5	58.83	34.44	23.26	69.97	15.65	44.55	63.81	26.4	27.51	75.18	41.11	43.42	35.47	29.83	46.1	61.29	81.39	61.61	15.03	45.34	24.7	48.41	66.37	22.36	75.72	59.14	54.38	67.12	25.94	28.02	18.87	32.14	43.0	23.77	24.17	28.44	25.32	8.94	5.39	56.94	29.27	26.93	46.23	24.7	53.46	44.42	58.82	62.97	37.01	18.38	52.2	41.87	62.17	27.07	49.52	70.83	16.28	31.62	41.77	2.24	61.29	48.47	29.12	21.54	51.79	23.0	53.34	90.61	49.48	40.16	48.3	38.05	29.97	34.06	15.52	53.04	86.27	44.05	38.6	27.29	52.4	65.39	66.27	24.08	91.24	41.77	52.48	21.84	25.0	23.43	27.89	46.82	47.01	32.98	65.8	85.43	68.88	56.04	42.06	68.48	19.42	36.14	41.4	13.04	19.03	44.72	21.1	68.03	
49.4	44.01	38.12	21.1	29.68	81.15	65.01	23.54	66.6	68.03	50.45	17.2	46.04	77.2	0.0	104.4	63.81	55.58	77.65	54.01	69.03	38.05	38.01	73.01	64.26	27.2	53.01	60.44	23.0	92.57	119.55	37.0	79.1	77.52	101.53	89.69	98.86	88.06	67.6	76.01	83.57	48.7	65.39	95.6	73.16	43.01	95.96	40.79	38.83	61.47	105.76	113.53	49.82	101.83	120.1	41.76	76.49	72.01	86.02	51.0	59.48	75.47	93.56	101.08	31.83	13.15	96.38	63.25	60.41	75.29	94.79	99.85	55.32	44.18	89.05	79.65	9.06	40.22	92.42	94.05	88.65	97.49	19.42	30.07	84.86	99.32	20.0	85.09	106.47	40.8	60.53	99.7	89.27	45.04	97.45	27.29	70.49	23.35	71.47	15.52	34.53	100.85	31.26	108.89	57.7	82.02	85.42	83.93	80.4	81.91	95.46	82.1	65.19	41.77	91.92	107.0	87.09	18.79	9.22	60.03	90.21	86.16	57.78	32.98	80.16	76.55	26.25	65.28	91.0	99.5	91.55	97.19	60.03	66.49	62.07	54.49	99.04	99.82	100.34	85.28	72.01	33.14	103.83	96.25	99.46	79.06	55.44	33.24	18.44	57.0	63.64	76.69	62.17	118.34	36.4	56.22	84.12	10.05	71.59	98.79	118.44	75.0	40.01	32.76	104.96	68.41	38.6	92.76	68.36	21.02	36.77	75.43	70.6	64.5	106.78	61.19	89.87	60.41	15.03	86.93	38.6	85.45	84.2	20.1	40.2	53.85	17.46	54.23	35.01	92.14	74.06	53.82	100.45	64.56	81.06	55.79	14.04	8.6	93.38	60.83	36.07	13.15	65.95	103.82	87.97	66.53	93.65	34.06	68.71	18.0	
80.62	65.46	68.48	88.84	89.63	112.4	101.24	93.9	55.79	105.0	68.59	95.77	100.5	37.36	104.4	0.0	44.05	61.52	33.42	98.66	105.3	96.02	66.76	103.82	40.16	77.25	67.36	61.0	83.19	53.46	47.3	98.01	37.22	49.66	13.6	23.26	33.42	18.38	41.11	63.51	20.88	73.54	75.89	11.66	77.88	66.29	62.94	64.4	87.86	77.88	54.08	23.02	66.53	27.46	32.02	62.77	43.66	55.07	85.44	74.55	67.01	64.4	19.92	10.63	94.81	111.36	9.06	49.16	44.01	33.06	41.01	49.01	50.12	62.77	40.02	38.63	106.93	66.29	57.56	33.24	54.13	13.6	85.23	96.19	19.65	44.01	85.91	42.06	14.56	86.05	58.14	43.42	19.42	96.42	33.3	77.88	38.01	96.25	82.46	114.04	92.02	18.6	78.03	46.07	47.3	106.45	22.2	79.08	100.18	22.83	10.05	111.89	45.28	63.51	15.81	31.78	79.88	91.98	106.02	98.95	23.71	79.32	46.84	71.69	102.88	27.86	94.3	96.46	36.67	46.01	13.15	51.66	46.39	39.66	48.84	58.01	41.23	49.04	17.8	36.72	41.77	75.8	15.65	10.44	19.0	25.5	60.81	75.13	87.36	100.22	44.2	54.13	89.56	42.95	78.01	63.51	84.38	100.42	33.54	6.0	41.77	39.05	97.08	81.39	19.7	58.82	87.01	48.84	52.43	112.51	84.02	36.24	85.23	44.05	24.7	44.94	40.61	57.38	109.59	77.67	68.25	59.64	87.46	97.32	102.08	52.61	114.95	53.82	72.07	15.52	61.33	54.23	47.01	84.12	37.12	49.19	91.0	111.62	52.35	59.67	73.68	98.72	56.75	1.41	25.5	49.82	20.25	76.66	35.74	99.64	
37.95	36.4	34.89	45.88	57.8	75.43	61.4	50.22	18.87	65.51	46.27	59.46	57.27	14.42	63.81	44.05	0.0	42.01	33.24	56.65	66.04	52.15	26.25	65.8	12.53	38.21	24.7	20.62	46.01	63.01	58.25	54.08	39.05	48.76	38.28	25.94	36.24	32.89	28.18	32.7	24.33	50.64	38.21	38.83	43.42	36.69	46.01	29.53	60.17	38.6	49.04	49.74	43.29	38.29	56.4	26.08	17.26	49.04	55.57	31.95	51.09	33.11	41.63	38.33	64.01	73.11	35.13	7.81	14.32	11.7	34.44	65.07	22.0	31.62	50.93	17.89	68.25	23.71	65.73	50.61	60.75	34.48	46.1	52.15	25.18	61.55	48.08	49.04	43.08	42.3	42.43	39.81	35.85	53.15	34.83	40.36	6.71	62.2	46.69	75.93	48.0	37.12	44.42	48.76	9.22	70.77	22.56	49.65	65.05	25.63	34.13	75.29	31.02	29.07	36.69	43.84	51.89	49.04	67.48	58.14	26.42	50.99	11.05	34.06	67.21	19.7	61.29	57.14	50.25	62.94	31.0	41.0	4.47	22.83	32.02	14.32	38.47	42.06	36.67	23.32	10.44	42.54	40.31	34.37	47.17	22.85	41.01	31.95	45.65	58.69	26.57	25.5	49.93	56.22	47.93	21.47	53.85	58.18	11.7	38.05	56.08	12.53	53.34	37.48	41.18	23.32	43.1	35.9	43.32	76.38	40.0	33.42	48.8	27.86	43.01	22.8	29.55	41.44	72.18	50.16	25.5	36.35	56.3	53.85	58.31	10.0	77.23	29.0	38.08	29.61	29.55	10.44	41.79	45.61	41.11	20.0	51.86	71.85	62.8	44.41	30.08	56.08	19.42	43.1	39.12	12.08	29.97	32.98	13.45	56.32	
65.46	13.04	20.25	51.11	31.05	107.34	90.8	58.83	59.03	95.0	7.21	41.05	78.52	54.45	55.58	61.52	42.01	0.0	28.43	82.22	95.8	70.18	32.65	97.35	31.4	33.12	56.36	57.57	32.98	37.11	95.52	71.06	26.83	22.02	65.19	58.31	73.38	43.14	20.81	73.35	44.42	12.04	73.93	50.25	80.99	13.89	88.02	21.93	26.93	72.45	89.94	79.08	6.08	72.62	87.82	25.0	59.03	16.49	94.56	61.4	9.22	73.55	44.65	63.25	34.93	57.22	56.4	48.37	28.07	47.07	74.33	44.28	20.02	16.28	34.37	58.42	54.01	38.01	37.34	40.52	33.24	61.06	37.95	65.22	45.79	44.0	35.9	30.27	69.89	63.7	5.0	79.62	42.52	74.95	72.12	30.46	45.28	38.83	82.86	59.41	64.54	67.12	24.33	87.8	33.14	104.45	51.48	89.29	99.76	40.22	55.8	107.62	16.4	21.26	46.01	78.92	91.92	53.24	53.01	86.21	59.24	90.96	31.06	28.02	101.21	38.01	36.14	87.92	36.88	44.05	51.61	82.39	38.12	24.17	13.04	47.43	77.88	82.87	66.24	62.97	52.04	22.56	68.26	57.43	49.74	38.59	1.0	43.84	45.62	85.15	18.79	67.27	81.3	92.48	20.1	55.71	92.66	56.92	39.29	57.49	91.92	53.24	72.25	52.35	71.2	63.35	62.94	77.32	13.04	55.54	58.69	25.61	84.1	18.36	75.13	20.62	69.87	5.1	54.45	90.47	39.2	78.23	94.58	59.94	76.06	37.11	59.68	13.04	21.93	55.57	70.21	40.52	82.2	79.18	28.23	22.02	41.98	60.01	37.85	5.39	45.34	57.01	59.23	61.55	38.28	53.34	60.84	47.38	34.21	60.84	
69.12	34.79	39.62	66.48	58.14	108.47	93.81	73.16	51.86	98.01	35.61	66.1	86.82	39.0	77.65	33.42	33.24	28.43	0.0	87.82	98.6	80.06	43.57	98.72	21.4	51.04	56.61	53.76	54.92	30.41	72.69	81.6	6.32	19.0	39.22	36.0	52.0	15.26	10.05	64.9	20.02	40.46	71.42	21.93	76.58	35.74	74.0	37.05	55.22	71.59	71.57	52.92	33.84	49.37	62.03	37.05	45.62	22.8	88.23	63.51	33.6	65.46	16.55	36.77	62.77	82.28	29.55	41.04	22.36	30.46	55.58	31.83	23.09	33.54	17.69	42.72	78.34	45.88	33.62	18.38	28.79	35.44	58.31	77.62	21.1	28.43	57.87	16.12	43.46	71.18	24.76	60.3	14.14	82.76	51.01	50.36	31.91	65.39	79.93	84.77	74.95	42.2	48.08	67.0	29.15	103.97	29.02	82.1	98.29	15.03	29.15	108.37	13.0	36.06	17.69	55.58	84.06	69.35	77.37	90.14	37.0	83.22	27.29	45.04	100.42	16.76	63.07	89.81	17.2	29.73	25.3	65.51	32.02	12.65	16.55	45.8	58.22	64.78	41.23	45.35	39.45	45.88	42.38	31.02	22.14	15.13	27.8	54.57	63.03	90.21	14.04	56.44	82.62	69.05	46.52	54.04	86.61	76.0	23.32	30.02	68.25	38.91	81.71	62.64	45.88	56.22	71.31	60.88	19.24	82.08	67.42	2.83	82.02	13.15	50.45	17.12	52.17	24.04	80.01	82.15	47.8	66.21	89.2	75.66	86.38	35.85	85.38	23.54	42.95	30.59	61.85	39.12	63.51	78.64	8.06	23.35	63.64	83.74	30.02	26.25	54.41	75.06	52.5	33.6	10.44	44.82	37.22	57.28	19.85	77.41	
18.79	69.81	63.01	37.36	74.0	27.66	11.0	31.26	43.19	14.32	81.61	65.31	8.54	61.52	54.01	98.66	56.65	82.22	87.82	0.0	15.3	16.03	49.58	19.0	66.65	52.35	31.95	37.66	58.31	114.63	90.44	17.03	92.65	98.72	89.27	76.42	76.42	89.54	79.88	41.23	80.65	83.22	25.71	95.21	29.53	69.2	58.14	60.31	82.08	22.2	72.24	96.13	79.2	82.15	98.99	57.31	56.08	96.21	37.54	24.7	90.43	40.26	98.23	90.55	79.12	67.07	89.63	50.0	65.51	65.97	68.88	118.71	67.62	65.95	104.85	61.13	63.0	44.55	116.39	106.07	111.52	86.58	53.14	24.02	81.32	115.97	57.25	102.08	93.09	18.6	85.59	71.81	92.48	9.06	75.33	56.36	61.4	71.81	25.24	69.18	20.62	86.05	65.3	79.4	58.67	28.02	76.49	38.42	26.93	82.28	88.65	28.44	80.6	60.96	93.3	84.72	41.11	37.66	63.01	6.08	76.32	40.46	60.54	55.47	26.31	76.32	73.5	12.08	104.96	117.05	86.35	65.15	56.36	75.47	79.51	42.54	72.37	68.96	86.09	65.0	56.89	65.37	90.09	88.28	103.82	79.48	81.47	38.6	43.97	3.16	76.61	48.26	13.04	91.21	72.47	35.44	36.07	44.0	68.35	92.76	91.92	59.68	14.0	30.53	89.0	41.0	19.72	62.82	90.61	75.0	23.85	87.13	22.8	78.01	88.14	72.42	65.38	84.86	69.0	42.01	43.14	50.6	34.83	34.01	14.87	51.97	71.18	72.18	62.97	83.19	41.59	48.76	70.6	18.79	94.87	66.4	54.57	61.29	114.81	87.05	36.88	41.01	42.19	97.49	95.27	48.84	80.31	35.0	69.35	36.01	
30.48	83.76	77.18	52.63	89.19	12.37	5.0	46.53	49.77	1.0	95.72	80.6	23.0	68.01	69.03	105.3	66.04	95.8	98.6	15.3	0.0	31.26	63.25	5.0	77.2	67.12	42.01	45.65	73.39	126.67	89.94	32.06	103.86	111.02	94.59	82.28	79.31	98.41	91.44	43.29	89.0	97.62	29.41	103.37	29.02	83.22	56.09	74.06	97.14	27.73	71.02	99.5	93.19	85.59	101.0	70.8	61.68	109.04	30.87	35.38	104.29	42.3	107.42	96.3	94.37	82.0	96.46	58.67	76.69	73.82	71.11	130.1	79.91	79.63	116.04	66.76	78.06	57.8	128.7	116.5	123.76	92.44	68.31	39.2	89.47	127.0	72.42	113.57	97.86	33.11	98.86	73.01	101.6	24.33	78.41	71.18	69.77	87.1	24.02	84.02	35.9	90.8	80.11	79.4	69.66	13.6	83.57	34.21	14.87	91.3	95.52	13.15	92.66	74.63	101.97	87.09	36.06	52.95	78.1	9.85	82.01	35.74	71.7	69.84	13.04	85.59	88.77	8.94	115.8	128.23	93.78	65.19	66.61	86.68	91.93	52.8	74.01	69.18	91.01	69.63	64.08	80.06	94.92	94.87	112.71	88.68	95.0	52.84	59.2	12.17	88.46	51.97	16.12	91.44	87.24	44.65	30.08	59.08	77.52	99.62	92.35	66.48	29.15	45.19	93.21	46.49	34.54	64.0	103.32	90.05	38.48	98.23	21.02	89.87	91.55	84.22	68.47	98.08	84.05	37.64	56.61	51.01	27.73	49.16	29.07	63.13	86.02	85.04	77.41	89.81	44.72	59.67	71.11	21.19	106.04	78.49	69.86	76.06	126.73	100.42	50.77	56.14	48.85	104.04	105.15	56.36	85.87	49.24	79.32	51.04	
17.89	57.31	50.21	21.93	58.69	43.57	27.02	15.3	43.68	30.27	68.62	49.48	8.94	60.53	38.05	96.02	52.15	70.18	80.06	16.03	31.26	0.0	38.28	35.01	59.91	38.42	29.43	37.11	43.42	104.62	95.71	2.24	84.17	88.51	88.46	75.43	78.75	84.34	71.18	46.87	76.42	69.66	32.56	90.8	39.05	56.59	66.07	48.41	67.08	28.32	78.77	97.29	66.47	83.68	101.53	46.04	56.52	85.21	50.12	23.09	77.78	46.04	92.42	89.2	63.57	51.16	87.01	47.04	57.87	63.0	72.24	109.59	58.14	54.04	96.18	61.19	47.01	34.44	105.95	98.43	101.24	85.21	38.01	8.0	77.32	107.35	42.05	93.02	92.78	10.05	74.03	76.06	86.88	7.0	77.49	42.2	58.01	56.04	36.06	53.34	5.66	85.99	51.04	84.53	51.66	44.0	74.01	49.41	42.43	77.1	86.01	44.41	71.12	49.2	88.28	87.28	52.43	21.84	47.0	22.0	75.54	51.61	53.16	42.43	42.11	71.02	57.87	27.29	96.77	108.23	83.1	70.83	50.64	67.42	69.46	38.01	76.16	74.3	85.84	65.97	55.33	51.4	89.81	86.01	98.27	74.15	69.53	26.63	28.64	19.1	67.54	51.48	25.08	95.75	58.25	33.54	48.37	28.02	63.51	90.02	96.25	58.42	2.24	18.03	89.44	43.08	9.06	67.54	79.88	59.01	12.65	78.92	34.48	68.88	89.5	63.56	68.01	73.41	53.01	52.8	32.65	56.86	47.85	18.0	6.32	45.12	55.33	61.59	49.58	81.02	46.14	42.58	75.59	28.84	86.41	57.27	38.9	45.54	104.96	75.29	25.94	25.0	42.72	95.01	88.6	47.52	79.51	23.32	63.35	20.1	
33.12	20.59	14.56	23.02	34.21	74.95	58.25	29.61	34.48	62.43	32.65	33.6	46.23	40.31	38.01	66.76	26.25	32.65	43.57	49.58	63.25	38.28	0.0	65.0	26.68	12.04	26.17	30.27	20.25	66.37	83.87	39.45	46.84	50.25	63.53	51.87	62.24	51.35	33.96	47.52	45.88	35.11	43.74	58.69	51.48	20.12	65.8	10.82	39.05	41.48	72.47	75.72	30.02	64.54	82.62	7.81	41.05	47.01	65.49	29.73	41.05	47.38	58.0	63.07	40.52	46.86	58.52	27.46	23.19	37.44	59.41	71.59	20.62	16.4	58.52	43.28	42.01	6.08	67.68	61.61	62.97	59.48	19.85	34.54	47.13	69.64	22.02	55.15	68.48	31.11	36.07	64.64	53.08	42.52	60.83	14.76	32.8	37.12	52.39	49.68	32.76	62.97	21.21	73.82	19.7	72.45	47.41	61.07	68.15	44.72	57.58	75.29	33.24	11.4	55.33	70.04	64.03	26.0	41.23	53.6	52.43	63.03	19.92	9.22	69.35	39.05	36.77	55.57	59.48	70.38	53.76	63.95	22.2	31.14	31.3	20.88	63.6	65.86	62.43	48.92	35.47	20.02	65.86	58.31	64.0	41.77	31.89	11.66	20.62	52.5	30.08	44.6	49.19	82.13	27.02	27.02	63.51	33.73	33.62	61.03	82.07	38.21	40.22	20.25	67.12	37.85	30.48	59.06	41.62	50.33	26.25	41.98	53.16	31.32	69.2	26.48	54.41	35.38	45.97	63.0	6.71	55.08	64.94	32.14	44.42	16.28	50.99	23.32	16.03	54.13	44.72	17.2	66.04	47.76	49.04	20.22	25.61	45.79	66.73	37.48	12.73	32.25	34.21	66.1	53.15	31.76	55.76	15.0	31.05	34.01	
31.91	85.59	79.18	55.9	92.18	10.0	8.0	50.16	48.76	5.83	97.62	84.01	27.17	66.71	73.01	103.82	65.8	97.35	98.72	19.0	5.0	35.01	65.0	0.0	77.34	69.64	42.43	45.22	76.24	127.28	86.47	36.01	104.14	111.8	92.72	80.65	76.79	97.75	91.93	41.0	88.19	99.73	28.18	102.42	26.48	85.09	52.47	75.8	99.93	27.2	67.48	97.02	95.02	83.19	98.13	72.4	60.17	110.11	26.57	36.24	106.0	40.02	106.85	94.56	97.51	86.05	95.08	58.25	77.1	72.95	68.47	130.38	80.81	81.3	116.28	65.19	82.0	59.36	129.45	116.4	124.48	90.76	71.31	43.01	88.59	127.14	75.43	113.95	95.8	35.74	100.21	70.06	101.02	28.02	75.95	73.74	69.12	90.43	21.59	88.14	39.32	88.77	82.64	76.11	70.04	9.06	82.35	30.41	9.9	90.74	94.15	10.3	93.38	76.32	101.21	84.38	32.02	56.44	82.01	13.04	80.32	31.78	72.14	72.01	8.06	85.15	91.98	9.43	115.88	128.43	92.61	62.01	66.71	87.05	92.85	53.08	71.18	66.01	89.02	67.72	63.06	82.46	92.89	93.41	112.0	88.2	96.52	55.04	62.37	16.03	89.11	50.0	16.28	88.14	89.69	44.69	25.96	63.0	77.1	98.23	89.09	65.31	33.0	47.76	91.01	45.19	37.36	61.13	104.35	94.0	41.11	98.49	18.68	90.52	89.11	84.86	66.1	99.4	88.0	33.73	58.31	48.09	23.41	53.01	33.38	63.64	90.14	86.21	79.62	88.39	42.72	60.11	68.0	20.25	106.3	79.31	73.16	80.22	127.29	101.83	52.77	60.01	47.89	102.53	104.86	55.57	84.12	51.48	79.2	55.01	
47.89	28.84	29.73	49.25	52.4	87.11	72.42	55.0	31.38	76.61	36.69	56.61	66.13	23.09	64.26	40.16	12.53	31.4	21.4	66.65	77.2	59.91	26.68	77.34	0.0	37.16	35.23	32.56	43.57	50.61	64.88	61.61	26.87	36.24	38.42	28.6	42.54	25.0	15.65	45.19	19.31	41.44	50.25	32.14	55.8	29.41	57.43	25.0	53.0	50.25	58.55	51.62	33.84	42.72	59.55	22.83	28.16	36.69	68.1	42.19	40.11	45.62	32.56	37.44	58.26	71.69	32.2	20.25	4.24	15.81	42.95	53.08	12.53	24.84	38.95	27.07	67.12	27.0	53.25	39.45	48.26	34.21	45.19	58.42	20.62	49.82	46.14	36.8	43.42	50.6	31.0	48.27	27.17	62.03	41.23	38.08	14.0	58.05	58.9	74.43	55.11	38.9	39.62	56.61	8.25	82.73	22.63	62.18	77.16	18.11	31.3	87.05	18.68	24.21	29.0	48.88	64.4	52.35	66.24	68.8	29.41	63.51	7.0	31.76	79.21	12.37	56.57	68.41	38.6	51.09	27.31	51.09	10.63	10.3	20.1	24.41	46.57	51.48	38.18	31.58	21.21	37.48	41.11	32.25	38.47	15.13	30.41	36.0	47.3	68.96	14.32	37.64	61.22	62.18	41.4	32.65	66.37	60.42	8.6	34.54	61.77	22.0	61.4	43.29	43.14	35.85	50.96	46.04	31.05	73.6	47.3	21.21	60.88	15.52	46.23	11.0	38.47	30.0	70.18	62.65	29.0	48.27	68.8	58.08	66.22	14.87	75.47	18.97	33.3	28.6	42.05	17.89	50.8	57.31	29.0	10.82	50.99	71.59	50.45	33.0	35.13	58.86	31.91	39.56	28.79	24.6	31.89	38.12	4.47	60.21	
38.83	20.12	13.0	18.03	24.02	79.31	62.24	25.81	45.69	66.21	30.48	21.63	47.2	52.35	27.2	77.25	38.21	33.12	51.04	52.35	67.12	38.42	12.04	69.64	37.16	0.0	35.36	40.8	8.54	69.64	95.9	38.95	53.15	53.76	74.95	63.6	74.28	60.88	41.01	57.97	56.46	31.24	52.0	68.41	60.01	19.24	76.9	14.0	30.59	49.09	84.22	87.42	28.6	76.49	94.49	14.56	53.01	49.24	74.0	37.05	39.82	57.72	66.61	74.3	30.15	35.0	69.35	39.41	33.24	49.2	71.4	75.96	28.28	18.44	63.95	55.32	30.23	16.55	70.26	68.18	65.92	70.83	8.06	32.56	57.78	74.73	10.0	60.21	79.92	34.01	37.58	76.61	62.17	44.1	72.86	4.12	44.69	25.63	60.13	37.8	32.8	74.63	13.0	85.8	31.06	77.79	58.83	70.18	74.22	54.71	68.45	79.85	39.12	15.0	64.76	82.04	73.25	20.12	29.41	57.27	64.2	72.25	30.89	6.0	75.0	49.4	25.71	60.41	65.49	75.19	64.47	75.66	34.06	39.46	36.35	32.2	75.6	77.7	74.06	60.96	47.51	13.04	77.39	69.32	72.56	51.87	32.65	15.13	12.65	55.47	37.01	55.95	54.82	94.18	20.12	37.11	72.0	25.08	44.78	71.69	94.11	50.25	40.61	21.93	78.82	48.7	32.65	70.83	44.6	38.29	28.64	49.0	60.41	38.0	81.06	34.23	66.4	37.16	33.97	72.44	15.81	66.13	73.06	26.83	43.86	28.28	39.05	28.16	11.4	65.37	55.36	29.21	77.94	54.59	55.23	28.64	13.89	34.44	70.23	38.47	18.03	24.52	45.31	76.69	61.2	43.57	67.42	18.44	41.63	27.86	
13.34	45.88	40.61	32.02	59.3	52.35	37.2	32.8	14.76	41.4	57.87	55.66	33.14	31.14	53.01	67.36	24.7	56.36	56.61	31.95	42.01	29.43	26.17	42.43	35.23	35.36	0.0	8.06	43.74	84.85	68.24	31.58	61.85	69.43	59.14	46.1	49.77	57.58	49.52	23.26	48.76	60.88	17.72	63.32	25.32	45.61	43.05	36.14	65.01	16.12	53.04	67.91	55.03	54.41	72.45	32.28	27.2	68.01	39.32	7.28	65.39	22.85	66.31	60.01	65.49	65.0	58.31	18.25	34.71	34.37	43.91	88.09	38.6	41.11	74.03	31.78	60.03	20.1	87.05	74.63	82.07	56.01	40.8	31.78	49.48	85.0	44.38	71.59	63.39	19.42	58.67	48.26	60.54	29.07	48.47	39.2	29.61	60.64	26.57	67.74	26.57	56.57	47.0	57.2	27.66	48.6	45.18	35.0	43.57	50.33	57.31	52.4	50.99	36.4	61.35	58.31	38.01	34.71	59.54	33.62	46.17	37.01	29.73	35.01	45.22	44.38	61.0	33.3	73.82	86.21	54.74	44.55	24.7	44.69	50.61	10.82	48.02	47.51	56.44	36.69	26.02	46.04	60.41	57.14	71.87	47.54	55.46	21.19	35.36	34.01	46.69	24.08	26.17	67.74	53.15	4.12	37.34	44.6	36.4	61.4	68.1	29.07	30.15	20.52	60.02	15.56	20.88	40.46	62.2	70.68	19.24	56.22	27.73	48.1	60.17	42.45	39.36	57.8	65.3	37.12	20.0	32.45	38.83	37.01	35.13	21.21	69.46	44.42	42.19	52.09	21.1	17.69	48.41	23.02	64.03	37.01	45.31	61.61	84.86	60.42	18.03	41.73	13.89	66.27	63.53	18.11	50.16	19.24	37.59	39.82	
20.02	48.37	44.0	39.62	64.33	54.82	41.15	40.8	6.71	45.18	60.02	61.85	40.01	24.02	60.44	61.0	20.62	57.57	53.76	37.66	45.65	37.11	30.27	45.22	32.56	40.8	8.06	0.0	49.34	83.1	60.22	39.29	59.41	68.24	52.0	39.01	41.79	52.77	47.8	17.26	43.46	63.51	17.69	57.94	23.71	48.26	36.25	39.05	69.26	18.03	45.34	60.21	57.07	46.57	64.51	35.06	19.42	67.6	37.0	14.14	66.76	17.12	61.77	53.08	70.61	72.11	51.97	13.04	33.02	28.46	35.85	85.56	38.48	43.42	71.42	24.19	67.12	24.52	85.6	71.22	80.6	49.09	47.01	39.81	44.01	82.13	50.33	69.35	56.08	27.2	59.24	40.22	55.95	36.06	40.5	44.38	24.17	66.41	26.4	74.89	34.54	49.16	51.48	49.2	26.08	50.21	38.83	31.78	44.6	45.65	50.99	54.67	49.93	39.12	56.36	50.33	34.53	42.43	66.57	38.28	39.0	33.54	28.3	39.46	46.67	39.96	66.48	36.72	70.84	83.49	48.76	36.8	22.02	42.64	50.12	10.2	39.96	39.62	49.09	28.86	19.24	50.25	53.08	50.64	67.08	43.05	56.61	27.78	42.44	39.29	45.49	16.28	29.53	59.68	57.08	4.24	35.11	52.33	31.91	55.11	60.03	22.09	37.66	28.32	52.47	8.06	28.79	32.56	61.77	77.41	27.29	53.76	28.32	46.87	52.39	41.34	31.3	58.31	72.2	33.24	25.0	25.5	37.16	45.0	42.58	20.62	76.55	44.94	46.1	45.54	14.56	17.09	40.46	25.0	61.52	36.67	51.88	69.03	82.98	61.1	24.7	49.52	5.83	59.84	59.64	11.18	43.0	26.4	34.06	47.8	
46.27	21.02	15.3	21.63	16.12	85.7	68.62	29.21	54.23	72.45	28.64	13.45	52.35	60.31	23.0	83.19	46.01	32.98	54.92	58.31	73.39	43.42	20.25	76.24	43.57	8.54	43.74	49.34	0.0	70.09	104.02	43.57	56.14	54.74	81.84	70.94	82.22	66.13	44.91	66.48	62.65	28.02	60.07	73.74	68.12	20.02	85.44	18.79	23.77	57.0	92.66	94.64	27.51	84.15	101.98	20.81	61.29	49.48	82.05	45.01	38.01	66.22	71.06	80.99	22.0	28.18	75.66	47.71	39.45	56.64	79.63	77.1	33.24	21.38	66.07	63.41	23.77	25.08	70.21	71.06	66.22	77.67	5.66	36.62	64.01	76.42	3.0	62.13	86.84	40.52	37.85	84.88	67.05	49.66	80.81	5.66	52.33	17.09	68.01	30.89	38.01	81.84	8.94	94.05	38.29	84.65	65.8	78.41	81.39	60.42	74.79	86.33	42.3	19.7	69.89	89.83	81.5	22.67	22.85	63.57	71.59	80.5	37.8	12.04	82.0	55.47	17.26	67.19	68.0	76.66	70.71	84.12	41.73	44.27	39.12	40.72	83.82	86.09	81.22	69.03	55.61	10.44	84.4	75.8	76.9	57.7	32.76	23.02	15.0	61.47	41.0	64.47	61.98	102.18	15.62	45.61	80.06	24.17	51.61	77.83	102.07	58.26	45.65	28.64	86.05	57.25	38.9	79.26	45.54	30.41	35.17	52.61	68.12	41.77	88.53	38.9	74.63	37.66	26.63	80.75	24.35	74.67	81.0	29.0	48.26	36.24	31.91	31.4	12.04	72.11	63.89	37.44	86.28	62.2	58.08	34.01	9.06	28.86	70.83	38.33	26.08	24.7	53.85	82.73	65.31	51.97	74.65	26.02	48.02	29.21	
96.43	49.65	56.65	87.32	66.01	137.19	121.75	94.85	81.84	125.99	42.3	77.32	112.33	69.35	92.57	53.46	63.01	37.11	30.41	114.63	126.67	104.62	66.37	127.28	50.61	69.64	84.85	83.1	70.09	0.0	99.08	105.82	24.19	16.12	64.01	64.54	80.23	40.45	35.38	95.19	48.76	45.01	100.77	43.01	106.4	50.6	104.18	56.8	59.21	100.5	100.66	76.24	42.76	76.42	85.38	58.67	76.03	20.62	118.43	91.29	34.0	95.72	34.01	61.0	68.18	93.09	54.04	70.8	50.25	60.84	84.9	8.94	47.01	51.48	14.14	73.01	90.35	70.46	4.12	20.22	4.0	61.13	75.0	100.65	49.48	12.04	73.01	14.32	67.07	96.83	32.28	89.27	37.22	108.47	79.43	67.36	62.27	74.01	109.48	95.02	99.13	68.12	61.39	95.04	57.31	133.12	57.97	112.36	127.66	43.97	54.08	137.21	34.06	55.9	40.05	82.22	114.39	89.69	89.36	117.69	65.51	113.53	55.17	64.08	129.63	47.01	71.0	118.11	17.0	10.63	51.35	95.21	61.07	40.46	35.23	74.28	87.1	94.11	67.12	75.27	69.84	59.67	67.0	56.08	34.71	44.94	37.36	78.03	82.28	117.29	38.21	86.83	111.02	95.02	56.44	82.81	116.76	93.96	53.71	53.01	94.01	69.32	106.53	86.61	71.01	86.27	96.52	90.76	25.08	90.09	92.36	29.68	111.4	36.8	76.03	42.45	81.91	32.57	90.02	112.51	72.11	96.61	119.28	96.38	110.79	63.64	95.0	43.05	58.82	57.56	92.11	67.18	92.65	107.56	22.36	48.27	79.08	96.52	1.41	31.78	78.77	93.92	82.42	54.33	30.27	74.89	64.78	81.3	49.93	97.5	
77.83	93.48	92.96	99.36	115.97	92.01	87.66	101.02	53.6	90.09	101.39	117.44	96.01	43.83	119.55	47.3	58.25	95.52	72.69	90.44	89.94	95.71	83.87	86.47	64.88	95.9	68.24	60.22	104.02	99.08	0.0	97.95	78.41	91.55	35.13	37.36	22.36	59.03	75.69	49.4	52.77	106.23	64.85	56.22	61.61	93.94	34.06	87.66	117.65	68.71	19.03	25.08	98.62	23.35	18.44	84.31	43.14	95.35	61.0	73.06	103.45	50.33	65.19	38.21	122.11	130.18	45.04	56.64	68.88	49.19	24.76	95.75	77.39	89.07	85.02	40.61	125.21	79.98	103.04	79.31	99.0	38.0	103.48	99.64	51.62	90.8	105.89	86.02	32.76	86.45	93.96	20.0	62.0	92.7	23.71	98.41	52.48	120.43	66.49	133.0	94.15	31.0	102.63	11.18	66.89	85.0	44.38	56.14	79.03	57.71	45.01	91.0	80.08	87.13	59.03	17.12	55.01	102.3	124.52	87.8	36.4	55.04	68.1	92.2	82.02	57.97	119.54	82.76	82.1	92.78	48.04	25.3	62.68	71.47	82.86	65.07	20.52	21.54	32.0	35.0	48.41	100.7	32.25	43.01	65.92	58.25	94.58	86.31	101.14	90.52	76.84	44.42	77.88	4.47	105.68	64.4	61.03	112.16	56.46	46.27	5.83	45.8	95.71	88.41	28.16	53.0	88.32	28.18	91.01	134.18	87.37	74.97	69.43	77.49	23.09	75.03	29.7	93.01	129.63	53.04	81.34	39.85	64.01	105.21	100.22	67.8	134.47	83.77	96.25	42.19	49.66	66.71	20.12	71.84	79.23	75.58	109.04	128.0	98.13	95.88	83.55	109.48	54.41	46.1	69.0	53.04	35.51	85.8	61.47	108.0	
20.12	58.14	50.99	21.95	58.6	44.28	28.02	14.87	45.88	31.06	69.3	49.04	9.22	62.65	37.0	98.01	54.08	71.06	81.6	17.03	32.06	2.24	39.45	36.01	61.61	38.95	31.58	39.29	43.57	105.82	97.95	0.0	85.62	89.69	90.55	77.52	80.96	86.15	72.62	49.09	78.31	70.18	34.71	92.66	41.11	57.38	68.25	49.41	67.12	30.48	80.99	99.46	67.21	85.87	103.74	47.17	58.69	86.27	51.97	25.3	78.52	48.26	94.15	91.27	63.32	50.04	89.0	49.09	59.48	65.01	74.46	110.91	59.51	55.0	97.58	63.35	46.01	35.85	107.07	99.96	102.4	87.28	38.08	7.28	79.23	108.75	42.06	94.37	94.89	12.17	75.0	78.29	88.65	8.25	79.7	42.64	60.0	55.66	38.01	52.15	6.71	88.12	51.4	86.77	53.37	45.04	76.03	51.4	43.74	78.92	88.0	45.18	72.45	50.22	90.09	89.49	54.41	21.54	46.04	23.09	77.65	53.6	54.82	43.19	43.29	72.84	57.58	28.64	98.23	109.59	85.05	73.06	52.47	68.95	70.71	40.0	78.39	76.54	87.97	68.15	57.43	51.86	91.92	88.02	100.02	75.95	70.43	27.78	28.65	20.0	68.94	53.71	26.83	97.99	58.6	35.69	50.25	27.02	65.38	92.01	98.49	60.53	3.16	19.24	91.59	45.31	11.0	69.77	80.99	58.01	14.32	80.41	36.36	70.26	91.68	65.0	70.23	74.4	52.01	54.82	34.01	59.08	49.65	17.12	5.0	46.87	54.15	62.77	50.21	83.05	48.37	44.41	77.83	30.81	87.85	58.69	38.63	44.28	106.17	76.22	27.31	24.08	44.92	97.0	90.25	49.65	81.61	24.6	65.12	19.0	
