230
0.0	38.33	88.6	43.68	50.0	40.79	23.0	75.8	88.81	24.74	83.24	45.88	21.59	87.46	69.77	42.0	50.36	99.92	102.86	65.86	66.48	97.94	66.84	36.62	98.51	56.4	55.32	47.38	93.21	15.62	13.6	72.01	47.54	101.53	41.59	66.71	63.6	58.8	34.48	87.32	91.61	6.0	32.25	69.35	49.68	77.83	100.9	99.74	96.21	45.18	100.62	48.84	10.63	61.52	47.51	105.55	41.0	71.55	91.07	81.22	94.87	47.27	43.57	55.54	50.61	9.85	41.76	89.36	61.72	73.57	37.16	50.92	87.32	47.17	63.06	89.83	60.88	61.22	104.4	83.05	39.05	87.09	29.43	62.94	34.93	43.42	90.43	55.57	59.55	85.56	53.25	68.31	51.61	38.21	55.87	26.0	66.24	69.63	39.32	30.23	97.58	103.37	24.35	20.0	39.12	67.68	72.01	71.4	6.71	64.78	98.73	84.22	46.49	85.91	75.72	85.84	43.93	24.0	32.65	84.21	75.0	84.38	85.44	69.84	71.59	41.98	38.18	11.31	93.65	94.53	70.77	31.38	58.69	102.84	46.01	63.64	48.38	42.2	90.67	57.87	54.33	94.37	15.81	62.07	63.51	20.25	36.67	13.42	44.94	48.84	89.11	8.49	82.46	59.01	99.3	50.12	18.79	25.71	31.02	25.08	52.01	56.86	61.4	72.47	86.54	41.73	88.0	57.28	82.08	58.05	70.29	55.9	91.24	79.06	79.76	84.93	80.1	18.97	76.4	63.29	15.81	41.76	108.23	38.33	42.64	62.77	106.23	48.55	61.85	83.24	75.0	51.43	60.14	49.03	94.76	90.93	62.23	85.09	58.05	75.24	65.0	87.66	68.1	69.86	67.6	2.24	65.8	60.3	48.1	66.6	64.56	49.66	40.0	82.01	68.54	21.84	98.08	26.57	60.03	62.24	65.79	102.3	43.01	68.68	76.03	64.12	19.21	45.88	44.2	70.04	
38.33	0.0	90.93	17.46	35.06	78.06	61.2	66.37	105.59	43.19	71.39	52.8	59.84	96.46	44.1	6.4	63.63	102.96	128.32	94.26	71.84	123.33	57.14	68.6	106.74	39.62	87.66	81.41	110.54	32.76	38.47	99.01	85.7	102.31	79.91	73.68	56.0	93.06	15.81	91.78	80.6	39.56	55.97	42.2	37.0	101.53	123.22	124.84	83.68	74.2	95.26	70.84	47.54	23.19	36.06	130.6	59.67	98.29	118.8	96.6	84.53	85.59	13.0	77.99	87.32	36.77	17.12	98.67	96.18	49.74	74.73	76.38	81.15	22.8	69.57	72.24	83.1	53.0	105.3	97.08	74.32	98.08	47.38	49.5	73.16	5.1	84.21	53.94	91.81	68.95	83.82	91.55	35.23	54.82	44.05	64.2	42.06	62.03	1.0	62.65	122.15	127.91	15.3	27.8	56.22	61.0	102.8	102.0	35.01	74.46	114.49	78.1	54.13	91.22	68.12	93.68	78.72	62.2	62.97	94.58	54.63	100.18	106.83	45.28	59.68	65.76	72.45	30.15	86.47	110.02	103.17	60.46	91.92	105.93	80.5	28.65	86.35	53.85	106.89	63.25	73.6	89.14	50.33	78.55	62.8	53.71	74.97	26.02	29.0	38.05	73.05	32.02	86.88	21.38	105.32	29.61	56.52	13.04	69.26	21.21	83.76	83.49	84.39	61.52	85.15	76.03	100.46	45.1	106.4	44.28	59.41	66.21	116.85	70.35	97.25	104.31	94.81	20.02	55.95	27.31	34.13	67.27	96.3	54.2	32.39	35.23	103.04	78.82	53.01	86.31	65.38	53.16	94.02	71.51	110.91	107.82	95.52	99.32	79.03	100.5	95.8	116.04	96.33	69.72	95.59	40.45	99.48	22.02	40.31	55.33	87.32	77.34	78.16	85.51	94.07	59.01	99.5	55.76	37.7	48.51	68.88	88.23	6.4	56.57	90.34	80.78	55.66	83.95	76.32	89.31	
88.6	90.93	0.0	74.95	57.01	113.46	97.62	31.24	37.12	63.89	33.6	42.95	92.28	16.12	64.64	86.68	39.82	12.04	71.34	64.4	22.14	68.07	37.12	71.7	19.85	54.78	74.63	78.64	40.61	74.53	75.0	61.68	101.83	13.0	102.18	22.36	36.4	82.93	75.43	5.0	31.02	82.86	60.42	67.68	54.57	53.37	59.84	68.18	35.17	64.35	20.62	50.25	84.69	99.72	55.11	71.7	50.61	60.75	72.34	31.26	29.83	107.63	80.05	49.04	91.44	78.85	74.53	17.46	84.91	60.44	91.55	55.97	20.12	70.6	25.63	46.14	47.71	39.22	15.81	28.07	81.39	21.1	59.46	45.62	97.01	92.76	19.92	37.12	75.47	43.83	68.6	50.16	57.57	51.48	48.38	99.13	62.43	31.76	91.08	73.24	65.12	68.59	93.02	73.55	50.99	31.78	74.46	73.54	93.62	25.81	39.22	20.81	42.2	7.07	27.8	13.0	80.62	98.11	68.82	19.03	53.15	33.02	49.09	62.43	38.01	55.61	77.9	94.54	22.36	36.14	80.11	67.12	78.77	15.03	79.98	84.97	99.7	46.49	36.35	30.81	43.84	18.03	79.62	36.24	28.16	76.94	99.02	91.92	62.37	53.15	42.54	92.96	7.07	92.48	15.81	63.89	87.71	91.0	100.96	75.03	72.01	58.25	49.4	35.81	9.43	78.49	25.18	47.76	56.72	49.4	36.89	33.54	65.07	28.28	36.5	43.05	29.43	91.27	53.08	87.66	73.76	58.26	38.12	51.08	58.55	69.35	20.62	67.36	39.56	5.39	32.02	39.05	81.84	50.93	38.08	38.33	80.26	29.0	45.61	57.28	72.01	72.84	64.47	21.21	63.56	88.23	83.24	97.5	50.64	39.82	48.76	60.96	107.0	6.71	56.46	101.97	9.49	68.96	61.27	46.52	23.19	40.45	87.86	39.96	28.46	35.81	83.24	99.72	72.14	40.31	
43.68	17.46	74.95	0.0	18.11	84.4	66.1	49.09	93.23	37.95	53.94	40.46	63.39	81.94	28.28	12.0	52.35	86.88	118.93	87.46	57.27	114.02	40.0	65.52	91.76	22.2	83.57	78.85	98.23	32.0	38.01	91.26	88.0	85.84	83.15	59.48	39.2	90.14	9.22	76.24	63.15	42.43	50.16	27.02	20.4	92.1	112.54	115.36	66.22	68.94	78.06	62.43	50.25	27.59	19.92	120.97	51.04	90.44	110.8	84.05	67.08	89.27	5.1	69.2	86.98	38.12	2.0	84.17	93.3	33.42	76.06	69.12	64.01	5.39	55.47	55.04	73.88	36.22	88.81	84.06	73.16	84.08	40.72	32.14	76.11	18.03	67.03	38.63	87.46	51.62	78.79	82.33	18.0	46.04	27.07	69.05	25.61	45.04	17.26	60.42	112.49	118.11	27.59	26.0	47.43	44.18	97.06	96.18	42.95	61.06	101.55	61.0	41.87	75.89	51.0	78.92	76.9	67.08	59.48	80.5	37.59	87.66	96.21	29.07	42.3	58.67	70.61	39.45	69.18	97.1	98.49	56.61	88.26	89.82	78.34	21.21	88.05	43.19	94.3	49.24	63.78	72.01	51.01	67.27	47.13	53.24	78.16	34.99	12.65	21.84	55.71	40.25	71.47	21.4	89.84	12.17	59.14	24.76	73.82	19.1	79.48	76.32	75.43	44.18	68.59	73.98	86.83	28.02	97.08	27.02	42.11	53.6	107.81	53.08	85.43	92.96	82.1	30.0	38.95	21.84	33.02	60.83	78.85	45.22	17.49	20.0	86.01	73.93	36.12	70.6	48.09	38.95	90.76	63.25	98.18	95.44	91.76	86.28	69.53	91.83	90.34	108.47	89.36	53.85	88.51	45.35	95.86	25.46	24.7	38.05	78.1	71.12	82.87	69.92	85.8	65.52	83.19	52.63	20.59	31.14	53.85	70.84	13.04	39.2	77.67	69.43	57.0	86.01	72.73	78.52	
50.0	35.06	57.01	18.11	0.0	88.57	69.78	31.4	77.9	34.53	37.0	27.29	65.92	64.88	22.09	30.07	39.45	68.88	106.02	77.83	40.5	101.26	22.09	61.0	74.32	6.4	76.94	74.06	82.88	34.99	39.81	80.53	87.86	67.74	84.2	43.01	21.1	84.48	21.19	58.52	46.17	46.65	44.05	23.02	2.83	79.61	98.49	102.42	49.77	61.81	60.21	52.2	53.23	43.42	4.12	107.8	41.48	79.62	99.36	68.68	50.0	90.52	23.19	58.18	84.15	41.68	18.0	67.12	87.57	24.35	75.5	59.77	46.1	13.6	39.2	40.61	62.18	18.11	70.71	68.25	70.18	67.42	35.01	14.87	77.2	36.12	49.16	21.63	80.41	36.62	71.39	70.33	2.0	36.88	9.0	72.5	18.11	27.0	35.01	57.22	99.4	104.81	41.63	30.0	38.08	26.08	88.23	87.28	51.62	45.34	85.6	43.05	28.65	58.31	33.06	61.72	73.01	70.68	55.01	63.81	25.0	72.25	82.46	21.38	25.0	50.22	67.07	49.68	51.48	81.22	90.71	52.01	81.88	71.81	74.01	31.14	87.3	31.95	78.75	33.3	51.88	54.08	51.87	53.6	29.55	52.63	79.4	45.61	6.32	5.0	40.5	49.52	53.85	36.36	72.11	7.21	61.1	39.0	76.69	26.25	72.84	66.73	63.95	26.68	50.49	70.01	70.46	10.05	84.6	9.49	24.52	39.05	95.41	35.36	70.72	78.57	66.6	42.19	26.4	33.24	35.36	52.95	62.39	35.9	7.62	18.97	68.01	66.91	18.03	52.81	30.41	23.35	84.72	53.14	82.46	80.06	85.16	70.43	57.71	80.13	82.01	97.49	79.48	36.06	78.55	51.04	89.27	41.18	8.6	20.4	66.24	62.82	85.44	52.2	74.69	70.83	65.12	49.25	12.0	13.93	36.72	55.01	31.14	21.84	62.29	55.61	57.87	85.7	67.19	65.0	
40.79	78.06	113.46	84.4	88.57	0.0	18.79	109.48	100.0	56.04	117.44	75.74	23.02	106.89	109.56	82.39	74.03	122.97	100.18	65.38	92.46	96.05	101.61	42.49	117.2	94.81	50.16	41.44	103.08	53.85	48.75	72.34	20.88	126.19	15.03	91.4	97.8	47.17	75.19	110.68	124.74	42.38	53.81	109.44	87.66	82.04	103.17	98.05	129.83	51.62	129.73	64.01	35.34	101.0	85.42	103.17	63.25	72.44	86.28	95.27	127.4	14.76	84.34	67.62	33.24	47.17	82.46	108.23	48.51	112.81	23.77	60.54	118.09	87.64	88.87	126.19	71.51	96.02	128.7	98.23	34.48	104.69	58.26	99.64	17.09	83.02	120.93	88.09	53.01	121.76	52.95	75.43	90.38	63.66	92.78	16.12	105.85	103.08	79.06	40.22	97.0	102.04	63.0	59.46	63.7	100.9	65.12	65.07	43.05	87.66	109.64	115.26	75.69	108.76	108.47	106.55	37.66	17.89	44.65	102.86	113.18	97.41	91.41	109.38	106.83	57.98	37.34	48.0	124.46	106.32	60.53	46.4	50.01	125.54	39.46	104.39	23.77	70.01	102.2	85.63	70.71	123.91	37.44	79.18	94.07	38.29	15.52	52.04	84.31	86.35	124.85	46.04	106.51	99.25	119.88	89.89	28.02	65.03	12.73	65.52	49.65	62.36	70.84	107.2	114.34	38.33	104.0	94.15	84.48	95.38	105.21	80.43	90.0	112.04	91.71	93.62	95.08	58.03	114.53	103.95	53.31	55.57	140.8	64.35	80.96	103.09	133.41	50.96	96.83	108.23	108.85	82.98	49.16	63.53	105.77	101.65	52.15	99.72	71.18	77.65	60.01	82.3	67.27	99.04	67.36	39.05	53.6	100.02	84.72	102.08	73.38	56.3	8.0	106.83	72.18	19.1	122.59	45.28	99.54	99.13	93.51	136.36	83.29	104.29	92.2	80.5	32.02	21.38	44.92	81.93	
23.0	61.2	97.62	66.1	69.78	18.79	0.0	91.35	88.68	37.64	99.25	58.05	5.39	92.7	90.82	65.0	57.8	107.79	94.83	57.87	76.01	90.24	83.24	30.07	103.41	76.03	43.97	34.79	92.35	35.11	29.97	64.78	25.94	110.54	19.31	75.29	79.51	44.29	56.89	95.26	106.79	23.77	37.22	90.76	68.88	73.11	95.63	92.2	111.8	40.05	112.8	50.0	16.55	84.38	66.65	97.74	47.01	64.63	81.61	82.76	109.6	24.52	66.37	54.92	32.65	28.46	64.13	94.24	46.65	94.02	18.6	48.37	100.66	69.12	72.4	107.65	59.54	77.62	113.18	85.38	25.96	91.09	40.31	80.99	13.6	66.27	103.59	70.04	47.76	103.23	44.55	65.03	71.59	46.62	74.09	3.0	87.09	84.96	62.2	25.71	90.61	96.1	46.69	40.8	46.87	82.81	60.75	60.41	26.68	72.01	98.62	97.74	58.14	93.47	90.52	91.92	30.68	1.0	30.08	88.87	94.41	85.33	82.01	90.62	88.41	43.32	27.29	32.02	107.06	94.89	57.7	31.02	45.69	110.49	32.89	86.47	27.46	52.63	90.8	68.6	56.61	106.83	19.1	65.15	76.49	20.81	14.76	35.51	65.55	67.6	106.4	29.61	90.82	82.01	105.48	71.17	10.0	48.37	8.06	47.07	41.98	52.0	59.3	88.87	97.65	29.83	90.96	75.47	76.42	76.66	86.83	64.14	83.74	94.07	79.91	83.15	82.23	41.44	95.77	86.21	34.54	41.48	123.04	47.2	62.17	84.48	117.05	41.11	78.41	92.28	90.69	65.05	46.07	49.73	94.64	90.55	48.75	87.1	58.25	69.35	54.41	77.79	60.02	81.84	59.84	21.02	51.48	83.22	66.04	83.6	62.2	45.04	17.0	90.92	63.13	6.32	106.94	28.65	80.78	80.45	76.61	118.26	66.01	85.8	78.85	66.76	14.42	24.7	35.23	69.87	
75.8	66.37	31.24	49.09	31.4	109.48	91.35	0.0	63.07	53.76	8.06	34.13	86.56	44.41	33.62	61.07	40.52	41.68	96.14	78.1	27.17	92.05	9.49	72.92	50.93	27.0	83.2	83.82	67.54	60.22	63.13	78.06	103.35	39.0	101.55	30.27	12.21	91.68	52.39	34.66	15.81	71.06	56.94	36.72	29.83	72.99	86.01	92.66	20.52	69.26	29.0	55.54	75.66	70.83	31.32	97.14	49.24	77.06	93.56	54.78	19.24	107.7	54.04	58.42	96.01	66.22	49.25	46.4	94.37	29.21	91.42	63.35	15.13	44.01	29.0	20.02	60.03	14.76	41.79	52.8	83.19	48.55	51.22	17.0	95.13	67.03	18.03	21.4	85.51	16.03	76.9	66.12	31.14	47.01	22.56	93.61	31.78	6.4	66.27	71.69	89.49	93.98	72.42	56.94	47.41	8.6	89.09	88.09	79.08	35.13	67.96	12.37	34.48	35.47	3.61	40.8	84.31	92.1	68.0	45.28	21.93	57.78	72.12	31.38	7.28	57.58	79.62	78.29	20.1	64.14	93.43	65.37	88.07	44.29	84.5	55.03	101.97	40.31	63.06	27.66	51.48	23.09	72.25	48.01	17.46	71.22	97.35	74.69	37.66	29.41	17.26	77.52	31.4	63.56	47.01	37.01	81.57	69.92	96.83	55.54	79.56	68.59	62.03	5.1	22.47	81.54	52.48	21.38	77.47	22.09	7.0	35.51	87.56	4.0	58.82	66.73	52.55	72.24	21.93	57.87	60.0	60.75	32.45	46.14	36.06	39.22	37.22	73.76	14.32	29.07	1.0	26.63	91.22	56.52	65.86	64.85	90.61	54.56	56.14	75.43	84.48	92.91	79.03	17.26	78.03	76.22	94.37	68.66	28.64	11.05	63.01	67.91	104.62	29.21	72.03	94.05	37.12	64.9	31.78	18.0	23.02	26.91	62.03	10.05	49.34	49.09	77.47	101.12	76.55	57.56	
88.81	105.59	37.12	93.23	77.9	100.0	88.68	63.07	0.0	66.48	68.01	53.0	83.49	21.02	92.8	103.25	42.05	37.11	34.23	37.44	38.42	31.0	64.9	58.69	24.17	78.52	51.88	59.24	5.0	79.12	76.69	31.89	83.26	42.95	86.03	35.47	62.2	58.52	90.05	32.14	67.47	82.87	56.57	95.43	75.07	21.21	23.09	31.06	72.01	48.84	57.04	40.11	81.1	120.6	74.52	34.71	48.51	31.24	36.4	9.22	66.75	90.08	97.91	34.01	70.66	80.6	92.09	20.02	59.41	90.14	76.24	40.31	56.29	90.43	38.9	81.27	29.15	64.03	43.68	10.3	65.52	16.03	61.4	72.01	82.97	108.91	56.72	56.57	50.77	78.19	47.54	24.7	79.25	52.5	71.45	89.11	89.64	60.54	106.07	63.2	28.02	31.58	102.18	80.99	51.24	59.36	44.55	43.84	95.19	32.56	10.0	56.04	51.62	30.27	59.51	24.19	62.63	88.81	59.08	18.44	83.86	5.66	13.42	90.8	68.1	47.1	62.82	98.06	59.41	6.32	50.91	59.0	54.38	37.95	61.1	108.93	80.53	51.89	2.24	44.6	34.53	55.15	75.06	27.51	50.61	71.01	84.48	97.02	81.22	73.0	77.79	95.71	32.98	113.85	29.73	85.04	80.16	101.02	89.05	85.49	51.08	37.64	29.43	66.24	45.71	61.68	12.0	71.51	22.47	73.66	66.37	39.66	28.64	61.47	9.06	7.81	11.31	98.67	84.22	111.13	77.88	48.0	75.0	52.81	75.8	94.85	53.94	49.04	64.82	35.9	63.51	54.67	56.86	40.05	6.0	2.24	54.41	8.54	31.02	26.17	45.0	37.7	36.4	46.65	35.81	87.57	56.08	118.41	69.53	67.68	26.68	43.93	92.35	35.17	29.15	94.43	40.45	63.07	86.37	72.62	42.8	77.52	104.62	68.8	15.62	25.3	76.06	81.54	55.08	19.0	
24.74	43.19	63.89	37.95	34.53	56.04	37.64	53.76	66.48	0.0	61.62	21.47	33.02	63.07	56.57	43.27	26.0	75.19	85.6	51.09	41.76	80.6	45.61	27.66	74.11	40.26	45.69	41.0	71.17	12.65	11.18	55.87	53.37	76.84	49.98	41.98	41.87	52.2	30.41	62.59	69.31	18.97	12.81	57.22	32.98	59.08	81.49	82.2	74.25	31.38	76.66	28.3	22.02	63.63	30.81	88.01	18.03	55.17	75.66	58.25	72.25	56.3	40.72	35.51	50.01	15.13	36.06	65.03	55.36	58.69	41.0	33.24	63.82	38.64	38.33	70.18	40.82	40.0	79.7	59.68	36.01	63.03	5.1	43.83	43.08	47.63	66.85	32.56	49.66	65.73	41.18	49.09	36.5	14.14	37.16	40.0	52.61	47.38	43.93	23.02	79.63	85.45	36.24	15.62	15.3	45.25	59.91	59.08	30.15	40.2	76.16	60.8	21.93	61.19	53.08	61.29	39.32	38.42	21.59	60.0	57.94	61.61	65.3	55.9	50.8	22.67	33.14	32.06	70.21	71.81	60.83	18.68	50.33	78.1	40.61	58.94	52.77	17.46	68.15	33.24	32.31	70.49	18.6	39.05	39.66	18.38	45.31	30.59	32.0	31.32	68.82	30.0	57.72	58.6	74.67	38.0	28.02	35.51	43.57	22.02	41.63	40.31	41.88	51.22	62.17	36.35	64.28	38.48	63.82	39.92	49.2	31.26	74.03	56.59	57.57	63.69	56.89	32.31	59.24	59.77	11.4	24.08	85.7	14.04	27.17	52.0	81.86	36.24	40.8	58.52	53.08	27.8	52.81	28.84	72.28	68.68	53.85	61.81	37.12	57.63	53.0	72.86	53.15	45.65	52.4	24.35	57.94	61.77	29.15	46.04	44.94	34.21	51.88	57.28	51.09	40.36	73.38	15.03	46.39	43.38	41.23	80.66	44.65	48.26	52.61	41.23	24.19	51.2	34.79	48.47	
83.24	71.39	33.6	53.94	37.0	117.44	99.25	8.06	68.01	61.62	0.0	42.19	94.49	48.3	34.48	65.76	48.38	42.52	101.65	85.38	34.01	97.74	16.4	80.96	53.41	31.78	90.96	91.76	72.24	67.62	70.77	85.01	111.41	38.83	109.6	37.0	19.8	99.46	58.19	37.74	9.22	78.64	65.0	37.64	35.85	79.4	91.08	98.23	13.04	77.16	25.96	63.32	83.45	73.55	37.58	102.49	57.27	84.01	99.85	60.17	13.15	115.76	58.69	65.92	104.0	73.76	54.34	50.12	102.11	29.15	99.48	71.06	14.21	48.66	36.22	13.34	67.27	22.02	41.34	57.87	91.24	52.8	59.2	22.14	103.17	71.57	16.12	29.41	93.17	10.3	84.65	73.0	36.4	55.07	28.64	101.53	33.54	14.42	71.2	79.76	95.08	99.33	78.55	64.07	55.47	16.64	96.33	95.34	86.27	42.01	72.01	12.81	42.54	38.95	10.2	44.72	92.31	100.0	76.06	49.77	21.54	62.94	77.88	32.28	12.08	65.55	87.66	85.23	16.76	68.45	100.84	73.43	95.8	44.82	92.48	57.07	110.02	48.37	67.78	35.44	59.03	21.02	80.16	55.08	25.3	79.2	105.39	81.49	43.32	35.78	10.05	84.6	35.34	66.37	48.84	41.77	89.5	75.96	104.81	62.18	87.36	76.12	69.26	10.82	24.21	89.55	56.86	27.31	83.73	27.51	13.04	43.17	93.56	7.0	64.54	72.28	57.97	78.72	21.02	60.02	67.48	68.71	25.5	54.2	42.49	41.44	34.79	81.61	21.4	32.65	8.6	34.67	98.95	64.29	70.26	69.64	98.27	59.46	63.51	82.1	91.92	99.41	86.21	24.02	85.21	83.74	101.98	71.45	35.51	17.0	70.06	75.69	112.65	33.11	79.03	101.83	37.64	72.95	35.0	23.09	30.15	19.1	66.61	15.23	55.11	56.01	85.43	109.18	84.5	64.12	
45.88	52.8	42.95	40.46	27.29	75.74	58.05	34.13	53.0	21.47	42.19	0.0	53.04	44.55	47.3	50.25	12.21	54.59	79.03	50.96	21.1	74.2	27.51	39.22	55.33	30.36	52.01	50.99	57.98	31.58	32.31	53.31	69.32	55.79	67.42	22.02	23.41	60.13	37.12	42.19	49.04	40.31	22.83	49.04	24.6	52.43	72.14	75.43	54.2	37.12	55.23	25.5	43.27	68.01	23.32	80.92	16.12	52.39	72.07	43.91	51.66	73.57	45.0	31.02	62.64	36.06	39.2	46.69	63.07	47.27	57.31	33.38	42.64	38.21	18.0	52.55	34.89	22.56	58.69	44.28	49.4	45.61	17.8	29.02	61.03	55.95	45.61	13.0	55.04	48.1	46.01	43.05	29.07	13.0	24.33	60.11	43.42	27.78	53.23	37.59	72.47	77.99	51.48	31.0	13.6	25.55	61.61	60.64	50.7	21.84	61.72	39.7	1.41	41.05	32.8	42.19	50.96	58.73	34.01	42.2	44.05	47.51	55.87	45.89	32.89	25.08	45.88	51.62	49.04	57.25	64.63	31.3	57.01	57.56	51.42	58.01	68.03	6.32	54.2	12.17	24.6	49.09	39.05	26.87	18.44	37.48	63.25	49.16	29.07	22.36	50.57	50.01	37.22	61.52	55.0	33.84	48.1	49.82	63.03	33.73	48.04	40.02	36.67	32.7	40.72	48.08	47.76	25.18	57.43	27.29	31.02	13.42	68.24	36.4	45.0	52.5	42.06	49.04	45.1	59.82	30.81	28.16	65.07	12.08	23.35	46.1	60.42	42.05	23.54	37.66	33.62	7.62	60.03	26.48	58.18	55.23	60.01	46.52	30.41	52.84	55.73	70.21	52.5	24.19	51.55	45.69	64.03	65.86	18.79	28.86	38.95	37.05	70.6	36.5	47.42	61.4	52.39	30.81	38.28	29.0	19.92	60.8	51.62	31.05	37.59	29.0	43.84	67.08	43.74	38.21	
21.59	59.84	92.28	63.39	65.92	23.02	5.39	86.56	83.49	33.02	94.49	53.04	0.0	87.32	87.28	63.2	52.48	102.42	90.52	53.37	70.72	85.87	78.6	25.0	98.03	72.09	39.92	30.87	87.21	31.78	26.25	60.21	25.96	105.19	20.1	69.97	74.81	41.05	54.23	89.89	101.91	21.02	31.91	87.36	64.88	68.26	90.93	87.8	106.96	35.0	107.62	44.64	13.15	83.02	62.65	93.41	41.68	60.02	77.49	77.47	104.66	26.0	64.03	49.65	30.48	25.32	61.4	88.87	43.6	90.25	16.4	43.19	95.59	66.1	67.12	103.17	54.33	73.01	107.82	80.05	21.93	85.73	35.38	76.66	13.34	64.94	98.49	65.19	43.86	98.74	40.02	60.0	67.78	41.4	69.84	7.07	83.49	80.16	60.83	20.4	86.12	91.68	45.88	37.66	41.62	77.99	56.86	56.46	26.4	66.65	93.43	92.7	53.08	88.1	85.63	86.54	26.83	5.83	24.74	83.49	90.34	80.06	77.06	86.98	83.82	37.95	22.8	31.78	101.98	89.68	54.2	25.63	42.06	105.12	29.07	84.1	26.93	47.51	85.59	63.41	51.24	101.67	14.42	59.77	71.45	15.62	15.13	34.79	61.98	63.51	101.83	29.15	85.48	80.22	100.09	67.72	5.0	47.3	10.77	44.28	37.64	47.04	54.15	84.2	92.42	25.63	85.62	71.2	71.7	72.47	82.2	58.83	79.31	89.2	74.67	78.06	76.9	40.52	91.68	84.01	31.05	36.14	118.09	42.01	58.31	81.25	111.77	36.35	73.82	86.95	85.91	60.14	42.72	44.38	89.45	85.38	45.28	81.79	52.95	64.63	50.33	73.74	55.54	76.69	55.32	19.42	48.26	81.74	61.77	79.06	57.08	40.0	19.65	85.59	58.31	11.0	101.6	23.32	77.16	76.16	71.4	113.45	64.28	81.27	73.5	61.4	9.22	24.35	30.59	64.63	
87.46	96.46	16.12	81.94	64.88	106.89	92.7	44.41	21.02	63.07	48.3	44.55	87.32	0.0	76.38	93.05	37.12	18.03	55.23	51.61	24.7	52.01	48.1	64.41	11.05	64.07	63.64	69.03	24.52	75.01	74.17	47.89	93.01	23.26	94.34	22.8	46.23	71.51	80.65	11.18	46.84	81.5	56.52	79.25	62.18	38.63	43.74	52.09	51.2	55.76	36.12	42.95	81.79	108.3	62.17	55.58	46.87	47.01	56.72	16.16	45.89	99.3	86.93	39.66	81.57	78.16	81.15	2.24	73.11	72.92	83.86	46.87	35.74	78.26	26.93	61.33	36.88	48.6	24.7	12.65	73.25	5.0	58.14	56.08	89.94	99.02	35.9	43.38	63.78	58.59	58.05	37.2	65.86	49.25	57.14	93.78	73.66	43.14	96.77	67.23	49.04	52.47	96.03	75.33	48.37	42.45	60.9	60.03	93.19	23.02	23.71	35.85	43.42	9.49	40.8	3.61	71.61	93.05	62.77	4.24	66.07	17.26	33.38	74.25	50.33	49.4	69.97	95.01	38.47	20.25	66.89	61.68	67.27	19.85	70.6	94.87	90.6	46.01	20.22	33.24	36.25	34.13	76.16	27.73	35.51	72.8	91.79	93.05	69.35	60.37	57.78	93.05	13.04	101.21	13.04	72.07	83.17	94.37	94.85	78.26	61.62	47.42	38.21	48.27	25.0	69.89	9.06	56.86	41.48	58.82	48.84	32.02	49.25	42.19	21.54	27.29	14.76	93.43	66.22	97.35	74.0	51.48	54.01	49.16	64.62	79.81	33.84	57.8	49.2	15.65	45.0	43.32	70.18	43.38	22.14	22.2	68.25	13.15	36.06	42.95	59.41	57.49	51.31	29.83	50.48	86.7	70.8	106.07	57.27	50.93	36.8	51.61	99.85	15.26	43.27	97.72	20.25	64.56	71.4	56.85	28.18	56.57	94.34	51.62	15.56	26.42	78.75	91.02	63.25	27.66	
69.77	44.1	64.64	28.28	22.09	109.56	90.82	33.62	92.8	56.57	34.48	47.3	87.28	76.38	0.0	37.74	58.82	75.29	123.55	98.23	54.41	119.0	28.28	83.02	84.02	17.12	98.51	96.01	97.62	55.71	61.03	100.24	109.84	72.45	105.99	57.43	30.61	106.23	36.4	67.62	42.76	67.23	66.0	3.16	24.0	97.99	114.83	119.95	44.1	83.38	60.44	72.78	74.33	40.01	26.02	125.03	62.65	99.3	118.31	83.82	46.69	112.29	31.4	78.16	106.23	62.39	29.73	78.52	109.29	6.08	97.49	80.6	47.93	23.43	54.38	30.15	81.6	28.84	75.15	82.62	92.27	79.93	57.08	20.81	98.95	42.49	50.33	37.58	101.83	28.02	92.78	89.32	20.1	58.31	23.09	93.64	4.0	33.3	43.57	79.31	116.85	121.94	55.87	50.16	59.41	33.94	108.91	107.94	70.18	61.06	99.16	45.62	48.51	68.12	36.89	72.86	95.05	91.76	77.06	76.42	13.15	87.2	99.48	2.24	26.63	71.57	89.14	67.2	51.24	95.02	111.8	74.06	103.48	77.9	96.01	23.02	109.33	52.77	93.24	49.65	71.47	55.36	73.5	71.59	42.2	74.53	101.14	62.8	25.3	26.02	32.0	67.68	63.78	33.14	80.45	19.7	82.57	53.04	98.03	44.78	94.43	87.32	83.49	28.84	56.08	92.05	83.55	22.47	102.88	20.25	27.8	56.86	113.6	37.12	86.82	94.87	81.61	58.14	14.04	26.02	56.3	74.43	56.01	57.31	29.43	8.94	69.26	88.46	28.02	61.85	32.76	41.44	106.38	73.76	96.54	94.81	106.68	84.65	77.16	99.16	102.96	116.81	99.72	46.69	98.76	71.11	110.77	38.05	29.15	25.46	85.44	84.01	106.9	61.72	94.24	91.29	70.71	71.34	10.2	20.25	50.0	47.1	38.08	24.84	77.67	73.35	79.56	107.69	89.05	82.73	
42.0	6.4	86.68	12.0	30.07	82.39	65.0	61.07	103.25	43.27	65.76	50.25	63.2	93.05	37.74	0.0	61.61	98.66	127.31	94.2	68.35	122.35	52.0	69.78	103.09	34.13	88.59	82.86	108.23	34.18	40.16	98.6	88.81	97.74	83.29	70.38	51.16	94.43	13.45	87.8	74.97	42.43	56.04	35.81	32.25	100.45	121.66	123.79	77.88	74.63	90.05	70.04	50.49	20.62	31.58	129.5	58.69	97.84	118.34	94.15	78.92	89.14	7.07	77.08	89.56	39.05	12.17	95.27	97.58	43.42	77.47	76.06	76.01	17.12	66.31	66.13	82.04	48.17	100.72	94.41	76.22	94.94	47.01	44.1	76.42	6.08	79.03	50.0	92.66	62.94	84.38	90.52	30.0	53.74	39.05	68.0	35.78	57.04	5.83	64.08	121.02	126.73	20.62	28.64	55.15	56.14	103.17	102.34	39.46	71.55	111.89	73.0	51.62	87.36	63.0	90.14	80.41	66.0	63.95	91.39	48.47	97.75	105.26	38.95	54.23	65.44	74.09	34.93	81.15	107.42	103.94	61.29	93.02	101.61	82.08	22.85	89.27	52.01	104.45	60.01	72.25	84.01	52.63	76.61	58.69	55.66	78.31	30.59	24.33	33.54	67.05	36.5	82.97	17.03	101.39	24.08	59.54	18.03	73.01	21.47	84.6	83.24	83.44	56.14	80.5	77.62	97.51	40.01	105.38	39.01	54.08	63.63	115.97	65.07	95.13	102.42	92.28	24.74	49.77	21.84	35.47	67.2	90.47	53.04	28.46	28.84	98.01	79.4	48.09	82.23	60.07	49.77	95.27	70.77	108.41	105.48	96.6	96.65	77.83	99.72	96.25	115.75	96.21	65.51	95.43	44.01	100.62	18.97	36.14	50.04	86.28	77.42	82.0	81.49	93.43	63.29	95.04	56.8	31.62	43.1	65.15	82.28	1.41	51.16	87.82	78.82	58.25	86.98	77.37	87.62	
50.36	63.63	39.82	52.35	39.45	74.03	57.8	40.52	42.05	26.0	48.38	12.21	52.48	37.12	58.82	61.61	0.0	50.33	66.84	39.62	18.44	62.01	36.06	33.6	48.17	42.15	42.76	43.46	46.96	38.21	37.05	41.44	64.4	52.77	63.7	17.49	32.02	51.2	48.26	37.7	53.67	44.41	20.59	60.75	36.72	40.22	60.21	63.25	59.03	28.79	55.87	15.13	45.22	79.93	35.51	68.77	10.82	40.5	59.94	33.24	55.57	69.53	56.73	19.42	55.9	41.05	50.99	39.05	53.94	58.25	53.15	23.09	45.22	50.33	14.87	60.21	22.85	32.06	55.46	34.21	43.83	37.05	21.02	39.46	58.0	67.12	47.8	22.09	45.28	55.9	36.5	30.89	41.18	12.17	35.74	59.36	55.03	34.71	64.14	33.97	60.31	65.86	60.44	39.29	11.4	32.56	50.49	49.5	56.08	14.56	51.26	42.72	10.82	36.06	38.28	35.51	44.29	58.31	29.7	34.0	54.23	36.77	43.86	57.28	41.19	17.49	40.22	58.03	51.4	46.82	54.04	27.66	47.68	53.14	44.28	70.21	62.68	9.85	43.46	13.0	12.65	50.25	39.92	15.0	23.09	37.12	60.11	56.32	41.23	34.48	57.72	56.0	33.11	73.55	49.03	46.04	47.89	59.14	61.4	43.46	39.05	29.07	24.7	40.45	40.36	41.68	38.47	36.4	45.22	38.6	39.2	6.4	56.04	41.79	33.62	40.8	31.62	57.27	55.15	72.01	37.12	20.59	68.51	12.04	35.47	58.14	59.41	33.24	33.06	34.48	40.26	17.46	50.8	16.12	47.54	44.28	50.36	36.4	18.38	40.71	45.04	58.18	41.0	26.08	40.02	49.65	54.23	77.79	30.89	38.0	26.83	27.46	67.94	33.12	35.47	62.17	49.19	29.15	50.16	39.62	20.0	65.74	63.01	40.01	27.2	17.2	43.42	62.2	36.25	26.17	
99.92	102.96	12.04	86.88	68.88	122.97	107.79	41.68	37.11	75.19	42.52	54.59	102.42	18.03	75.29	98.66	50.33	0.0	70.18	69.63	33.54	67.6	48.47	80.71	14.04	66.41	81.39	86.37	39.32	86.15	86.35	65.86	110.11	6.0	111.02	33.24	48.08	89.38	87.46	12.65	37.8	94.11	70.77	78.39	66.49	56.36	58.03	67.36	40.82	72.62	22.14	59.08	95.52	111.33	67.08	70.03	60.93	65.0	73.5	34.0	35.51	116.21	91.98	56.73	99.04	90.24	86.49	17.89	91.05	70.72	100.44	63.89	28.32	82.46	36.88	53.91	54.45	50.96	6.71	30.41	90.0	22.36	70.6	57.01	106.23	104.74	26.91	49.16	81.69	52.33	75.66	55.22	69.38	62.3	60.17	109.13	73.36	43.08	103.1	82.86	64.5	67.07	105.0	85.38	61.68	43.32	78.89	78.03	105.12	35.85	36.01	30.0	53.76	14.32	38.47	16.97	88.73	108.23	78.39	22.2	63.25	34.54	50.29	73.06	48.76	65.0	86.61	106.21	28.02	34.13	84.91	76.94	85.15	3.0	87.86	96.25	107.81	57.72	35.69	42.43	52.43	23.02	90.25	44.2	40.2	87.32	108.17	103.7	74.33	65.12	50.33	104.56	17.46	104.06	8.06	75.69	97.99	103.0	110.64	87.01	79.2	65.07	55.9	46.53	19.24	86.83	25.63	59.48	58.87	61.03	47.85	44.27	65.73	38.28	39.36	44.27	32.76	103.17	63.01	99.01	85.33	67.42	40.02	61.98	70.58	80.53	17.03	75.07	51.24	17.03	42.54	51.01	88.09	59.64	36.12	37.66	86.21	30.46	53.15	60.83	77.42	74.63	69.34	33.24	68.51	99.46	88.81	109.11	62.65	51.08	54.67	68.77	116.21	18.11	61.29	112.4	5.0	79.2	72.62	57.94	35.06	44.78	99.82	50.99	33.42	43.28	93.52	108.07	80.28	45.61	
102.86	128.32	71.34	118.93	106.02	100.18	94.83	96.14	34.23	85.6	101.65	79.03	90.52	55.23	123.55	127.31	66.84	70.18	0.0	37.34	69.86	5.0	96.66	66.85	56.32	107.91	50.99	60.21	31.0	97.65	93.49	30.87	80.0	76.16	85.15	66.71	93.47	53.04	113.86	66.37	101.61	97.53	73.24	125.9	103.23	26.87	12.37	3.61	106.21	57.7	91.02	57.49	93.11	146.45	102.2	3.0	68.68	31.3	14.04	41.48	100.98	87.01	123.07	50.33	67.03	96.9	117.46	54.08	52.01	121.64	77.93	52.7	90.43	117.15	69.32	114.98	45.28	94.83	76.42	43.93	68.88	50.25	81.06	102.88	84.85	132.38	90.93	86.09	47.52	111.68	50.6	36.8	107.65	73.59	101.02	94.15	120.07	92.85	128.97	73.01	6.71	3.61	121.49	101.21	72.18	91.39	35.06	35.13	109.57	62.61	34.53	90.03	77.62	64.5	92.66	58.42	64.33	94.59	70.21	52.61	115.95	38.83	24.17	121.71	100.46	63.01	67.72	113.65	93.65	36.06	40.05	71.59	50.25	70.46	62.17	137.0	77.0	75.74	35.06	73.93	55.17	89.36	87.24	52.43	81.86	82.76	85.59	113.88	108.07	101.02	111.57	110.94	67.08	140.26	62.29	112.8	88.87	121.02	92.23	107.17	52.89	46.14	43.93	98.79	79.91	65.0	46.17	101.36	21.93	103.59	98.62	67.12	11.66	94.92	37.34	29.41	43.68	117.05	116.47	138.84	96.26	62.13	109.07	74.28	102.3	124.26	87.21	54.78	95.71	70.04	96.46	82.93	51.04	56.85	34.06	33.06	48.04	42.58	49.5	28.02	40.61	18.03	35.11	79.12	35.47	101.08	47.04	144.36	97.42	99.32	41.04	53.24	92.2	69.23	34.67	101.14	74.03	76.54	115.97	103.35	74.32	111.76	128.72	100.72	46.82	50.48	85.8	79.03	60.08	41.05	
65.86	94.26	64.4	87.46	77.83	65.38	57.87	78.1	37.44	51.09	85.38	50.96	53.37	51.61	98.23	94.2	39.62	69.63	37.34	0.0	51.48	32.57	75.17	29.55	59.41	81.32	15.3	24.02	39.36	62.24	57.49	7.0	46.84	74.63	50.64	48.66	71.25	21.1	81.02	59.94	88.65	60.75	38.29	100.0	75.27	17.09	38.01	34.48	93.94	20.81	84.69	25.63	55.9	114.28	73.74	40.16	36.67	7.07	25.24	36.12	89.5	53.85	90.97	20.22	33.84	60.61	85.76	52.01	22.02	97.86	42.01	18.36	78.34	86.77	49.16	98.13	18.11	71.57	76.28	39.7	32.14	47.63	47.2	79.08	49.01	98.72	80.08	61.66	13.42	94.05	13.34	14.42	79.71	41.59	75.19	57.43	94.37	73.0	95.02	35.78	32.76	38.33	85.8	66.53	40.25	71.01	11.0	10.0	72.56	43.57	46.07	76.69	49.73	57.71	75.24	53.0	28.0	57.71	33.29	47.43	93.77	36.8	26.57	96.77	80.06	28.84	30.59	76.85	83.52	43.57	15.81	35.0	17.0	71.4	26.02	107.33	43.97	45.88	39.66	51.04	27.17	80.65	50.12	30.41	61.0	45.65	50.09	77.42	78.29	73.05	95.26	74.09	57.78	108.76	63.89	83.77	51.55	85.63	56.04	73.11	16.03	11.18	16.12	79.01	69.89	28.16	45.28	75.93	19.1	78.1	78.06	43.05	25.96	78.41	31.11	30.02	37.01	81.06	94.64	108.71	60.83	27.02	100.88	42.49	72.5	96.8	84.6	17.46	72.56	60.54	78.06	57.07	19.42	24.7	42.54	38.59	17.03	40.31	22.0	12.37	7.81	22.02	2.24	61.4	2.0	64.01	19.21	112.33	69.57	77.32	15.81	16.97	57.43	59.24	8.49	64.13	71.34	40.0	89.19	79.25	55.23	100.44	95.6	79.23	36.36	29.83	48.47	45.35	22.8	24.19	
66.48	71.84	22.14	57.27	40.5	92.46	76.01	27.17	38.42	41.76	34.01	21.1	70.72	24.7	54.41	68.35	18.44	33.54	69.86	51.48	0.0	65.55	26.83	51.74	34.93	40.36	58.31	60.54	43.28	52.61	52.89	51.0	82.46	35.11	82.04	3.16	23.85	66.85	56.04	21.1	37.36	60.73	38.83	57.01	37.74	45.89	60.54	66.31	42.72	45.79	37.48	31.38	62.65	83.86	37.59	71.11	29.21	50.0	66.49	29.41	38.63	87.78	62.24	32.57	73.25	56.75	56.46	26.93	69.29	51.97	71.45	38.48	27.73	53.71	3.61	47.04	33.38	25.61	37.95	28.32	61.85	26.93	37.34	33.6	76.42	74.33	30.02	18.87	60.08	43.19	52.0	39.01	41.62	29.53	33.3	77.67	51.22	23.09	72.12	52.4	63.16	67.98	72.17	52.04	29.15	21.54	62.39	61.4	71.59	8.0	45.34	25.63	20.22	20.0	24.02	21.84	61.85	76.55	48.1	23.32	46.1	32.8	45.69	52.43	30.68	35.47	58.26	72.69	33.62	41.04	67.08	46.1	62.97	36.5	61.59	71.06	80.6	24.35	38.95	9.0	26.0	32.02	57.71	21.1	12.21	55.23	78.52	70.26	44.72	35.85	44.0	71.02	16.12	76.85	34.06	47.71	66.04	70.35	79.81	54.23	55.04	42.72	35.36	29.12	21.93	59.41	30.0	33.24	50.45	35.36	28.79	12.04	60.73	27.02	32.65	40.71	27.2	70.0	46.62	73.41	51.79	38.42	51.0	29.07	39.92	56.57	41.05	49.65	26.4	16.76	27.29	18.68	66.13	32.25	42.43	40.46	65.15	30.41	29.83	48.26	58.25	65.76	52.24	10.0	51.24	66.1	68.68	81.63	32.65	29.53	36.06	43.38	86.37	15.52	45.01	80.13	31.62	47.43	48.08	34.21	4.47	49.34	69.64	30.87	23.32	22.0	61.59	80.28	53.54	30.41	
97.94	123.33	68.07	114.02	101.26	96.05	90.24	92.05	31.0	80.6	97.74	74.2	85.87	52.01	119.0	122.35	62.01	67.6	5.0	32.57	65.55	0.0	92.31	62.03	53.94	103.25	46.53	55.73	28.28	92.66	88.51	26.0	76.06	73.55	81.02	62.39	89.05	49.01	108.9	63.07	98.01	92.59	68.24	121.31	98.47	21.93	11.4	2.0	102.7	52.8	88.02	52.5	88.24	141.53	97.42	7.62	63.7	26.4	10.77	37.66	97.51	83.1	118.14	45.34	63.01	91.92	112.54	51.01	48.17	117.2	73.55	47.71	86.83	112.29	64.88	111.09	40.31	90.34	73.98	40.31	64.33	47.01	76.06	98.39	80.5	127.4	87.46	81.49	43.19	107.7	45.88	31.83	102.9	68.62	96.38	89.63	115.49	88.6	123.99	68.15	3.16	6.0	116.5	96.21	67.21	87.09	31.02	31.0	104.65	58.18	32.57	86.31	72.8	61.13	88.6	55.08	59.84	90.03	65.31	49.16	111.62	35.23	19.92	117.18	96.21	58.01	63.06	108.71	90.27	33.54	36.35	66.65	46.04	68.07	57.71	132.2	73.06	70.84	32.06	69.35	50.25	86.09	82.35	47.71	77.47	77.88	81.3	108.91	103.23	96.26	107.71	106.0	63.51	135.37	59.84	108.0	84.12	116.02	87.82	102.18	48.27	41.18	38.95	94.58	76.42	60.42	43.0	96.75	16.97	98.98	94.34	62.43	6.71	90.96	33.24	25.5	39.81	112.06	112.16	134.01	91.26	57.14	106.0	69.31	97.45	119.57	84.59	49.98	91.24	66.48	92.35	78.23	47.01	51.86	31.58	30.07	44.01	39.12	44.55	23.02	36.22	14.56	30.36	74.95	30.68	96.18	43.29	139.45	92.66	94.94	36.07	48.3	88.05	65.62	29.68	96.54	71.25	71.59	111.31	98.84	70.01	108.37	123.76	96.38	42.72	45.79	80.99	75.01	55.36	36.36	
66.84	57.14	37.12	40.0	22.09	101.61	83.24	9.49	64.9	45.61	16.4	27.51	78.6	48.1	28.28	52.0	36.06	48.47	96.66	75.17	26.83	92.31	0.0	66.73	56.04	18.25	78.64	78.34	69.63	51.22	54.45	75.95	96.66	46.57	94.41	29.97	4.12	86.98	42.95	39.66	25.06	62.29	50.16	31.14	20.4	72.12	87.32	93.11	29.41	64.13	38.12	51.16	67.27	62.94	21.84	97.94	43.42	74.97	92.72	56.08	28.64	100.65	45.01	55.04	90.14	57.38	40.05	50.25	89.81	25.24	84.53	59.14	24.02	35.06	27.51	25.08	57.43	5.66	49.48	54.64	76.9	51.66	43.57	8.54	87.82	58.01	27.07	14.56	81.3	20.62	72.44	64.33	22.0	40.5	13.15	85.6	25.61	5.39	57.08	64.88	89.96	94.81	62.94	47.71	41.11	5.66	86.15	85.15	69.89	34.18	70.94	21.0	28.16	40.0	11.0	44.6	78.45	84.02	61.47	48.17	19.31	59.36	72.5	26.17	5.39	52.17	73.39	68.96	29.43	66.84	90.0	58.69	83.6	51.26	78.85	47.85	95.46	33.84	65.22	24.19	48.04	32.02	64.2	46.1	14.87	63.51	90.05	65.3	28.28	19.92	23.32	68.26	35.61	55.66	52.84	28.07	73.6	60.44	89.05	46.1	74.81	65.0	59.41	5.66	29.41	75.58	55.32	12.04	76.84	13.04	3.61	32.14	87.32	13.34	59.48	67.54	53.85	62.77	19.92	50.57	51.09	55.32	41.68	39.56	26.57	32.25	46.01	68.88	5.0	33.84	8.54	19.92	86.7	52.15	68.41	66.85	86.37	56.61	53.24	73.98	81.0	91.68	76.32	18.44	75.33	67.36	90.27	60.73	19.24	2.83	60.83	63.39	97.1	33.6	69.87	85.63	44.27	57.71	24.17	9.49	22.36	35.47	53.01	4.12	50.12	47.54	69.63	94.43	71.06	56.61	
36.62	68.6	71.7	65.52	61.0	42.49	30.07	72.92	58.69	27.66	80.96	39.22	25.0	64.41	83.02	69.78	33.6	80.71	66.85	29.55	51.74	62.03	66.73	0.0	74.73	66.12	19.21	13.34	62.29	35.85	30.23	36.06	30.81	84.2	30.48	50.21	62.63	24.7	57.58	68.6	86.95	31.89	17.12	84.01	59.03	43.42	66.29	63.91	92.28	10.0	89.2	21.63	26.42	90.38	57.01	69.64	23.71	35.74	54.59	53.16	89.04	36.07	68.01	25.3	23.54	32.65	63.6	65.74	27.86	84.38	19.85	18.44	78.82	66.29	48.27	91.76	29.61	61.68	86.61	55.97	10.3	62.24	26.02	67.47	25.55	73.43	81.4	52.2	23.43	87.32	16.64	35.0	63.0	26.25	61.66	30.41	79.03	66.71	69.46	6.4	61.98	67.68	58.14	41.15	25.63	64.47	35.47	34.83	43.27	46.01	68.59	76.28	38.63	66.61	71.12	64.14	12.04	30.15	6.08	60.37	82.38	55.54	52.09	82.1	72.11	16.28	6.71	47.8	85.0	64.94	34.83	9.06	23.32	83.22	13.04	86.59	29.15	32.89	60.83	46.32	28.3	83.74	20.81	36.72	55.95	16.4	27.46	48.84	59.3	57.08	89.69	45.0	64.66	85.8	77.41	65.28	22.36	58.41	30.68	48.33	15.56	22.09	29.27	71.87	73.59	9.06	61.68	62.8	47.07	64.63	70.23	39.82	55.36	74.71	50.01	53.08	52.81	53.08	83.55	87.36	34.48	13.45	102.08	27.2	54.08	79.23	92.02	12.08	62.64	66.6	72.5	46.82	25.5	21.1	64.63	60.53	26.93	57.57	28.79	40.02	28.43	51.11	31.78	59.64	31.38	34.67	30.89	88.64	54.23	68.01	32.14	15.0	35.51	65.19	33.54	36.0	80.6	13.0	73.0	67.27	53.6	98.98	71.11	70.21	49.77	38.01	18.97	28.6	7.81	40.02	
98.51	106.74	19.85	91.76	74.32	117.2	103.41	50.93	24.17	74.11	53.41	55.33	98.03	11.05	84.02	103.09	48.17	14.04	56.32	59.41	34.93	53.94	56.04	74.73	0.0	72.95	72.47	78.49	25.71	86.0	85.21	54.82	102.63	20.02	104.32	33.38	54.71	79.98	90.96	16.4	50.12	92.54	67.47	87.01	71.69	44.65	44.1	53.6	53.71	65.76	35.9	53.49	92.76	117.63	71.87	56.08	57.87	54.04	60.41	23.35	48.33	109.08	96.8	49.65	90.8	89.2	91.08	9.22	81.32	80.06	93.94	56.82	39.66	87.85	37.48	65.73	46.32	57.31	20.1	19.85	83.24	12.53	69.18	64.35	100.18	109.11	38.95	53.14	72.18	63.6	67.2	45.28	75.15	60.3	66.19	104.4	81.61	50.8	107.0	77.83	50.8	53.15	106.79	86.21	59.41	50.48	67.8	67.01	104.24	34.0	22.0	40.61	54.23	16.12	47.42	13.15	81.3	103.73	73.39	14.56	72.86	22.8	37.58	81.84	57.49	60.08	80.06	106.02	40.72	20.4	74.03	72.42	75.74	14.14	80.16	103.59	100.12	57.0	22.47	43.74	46.82	35.85	87.1	38.28	44.78	83.68	101.97	104.02	79.12	70.01	62.13	104.08	20.59	110.46	6.0	81.44	93.96	105.08	105.31	88.96	70.8	56.61	47.43	55.32	29.21	79.76	14.14	65.76	46.53	67.6	56.22	43.0	52.5	48.1	28.32	31.76	22.8	104.31	72.84	106.17	85.01	62.03	53.94	60.21	74.63	88.2	31.0	67.42	57.8	22.2	51.66	53.6	78.52	53.85	22.36	24.35	76.37	19.1	46.07	49.41	67.21	61.85	58.8	38.47	58.05	97.74	78.57	115.39	67.07	58.82	45.61	61.4	110.02	22.47	50.93	108.52	18.44	75.43	79.92	65.19	37.95	58.19	104.36	59.2	25.06	36.77	89.56	100.7	73.06	36.4	
56.4	39.62	54.78	22.2	6.4	94.81	76.03	27.0	78.52	40.26	31.78	30.36	72.09	64.07	17.12	34.13	42.15	66.41	107.91	81.32	40.36	103.25	18.25	66.12	72.95	0.0	81.39	79.01	83.45	41.34	46.07	83.57	93.62	64.76	90.14	43.14	18.38	89.14	26.83	56.8	41.0	53.0	49.04	18.68	7.28	81.88	99.81	104.31	44.27	66.27	56.0	55.79	59.48	44.94	9.49	109.55	45.54	82.64	101.98	69.35	44.91	96.46	27.07	61.35	89.45	48.02	22.56	66.29	92.2	18.44	81.25	63.56	42.05	17.03	39.62	34.41	65.0	15.65	67.68	68.59	75.54	67.01	40.31	10.0	83.17	40.05	45.01	22.02	84.72	30.53	75.66	72.92	5.0	41.19	7.07	78.72	13.15	23.54	39.46	62.65	101.24	106.51	47.41	36.4	42.3	23.09	91.92	90.96	58.0	46.1	85.7	39.12	31.62	56.82	29.15	60.75	78.16	76.92	60.21	63.41	18.6	72.86	84.05	16.0	20.1	54.45	72.34	55.97	47.04	81.39	94.73	57.22	86.37	69.26	79.06	30.81	92.96	35.69	79.2	34.21	54.78	50.04	57.94	55.57	28.6	58.52	85.38	51.86	12.21	9.06	34.48	55.87	52.35	37.7	70.26	10.05	67.23	44.72	82.86	32.56	77.32	70.34	66.85	22.02	47.54	75.17	70.29	7.21	86.83	5.39	20.0	40.82	97.62	31.0	71.84	79.81	67.21	48.26	20.0	33.29	41.68	57.31	56.92	40.2	13.89	16.4	64.12	71.34	15.23	50.99	26.0	25.06	89.27	56.75	82.76	80.62	89.56	70.72	60.54	82.76	85.91	100.32	82.86	34.48	81.91	57.43	93.65	42.72	12.04	16.03	68.94	66.91	91.55	50.54	77.62	77.18	62.36	54.74	8.06	9.0	36.24	49.24	35.06	17.03	63.03	57.45	63.91	91.44	72.01	66.89	
55.32	87.66	74.63	83.57	76.94	50.16	43.97	83.2	51.88	45.69	90.96	52.01	39.92	63.64	98.51	88.59	42.76	81.39	50.99	15.3	58.31	46.53	78.64	19.21	72.47	81.39	0.0	9.22	54.23	54.92	49.41	22.2	31.62	85.91	35.36	55.95	74.55	8.54	76.06	70.6	95.52	50.91	33.53	99.85	74.67	32.28	53.04	48.51	100.9	15.13	94.15	27.66	44.82	109.13	72.84	53.94	36.01	22.36	37.64	49.2	96.93	38.6	86.41	25.94	18.79	51.86	81.71	64.38	11.18	99.08	27.07	19.92	86.01	83.82	55.36	102.96	27.02	74.24	87.86	52.63	18.03	60.21	43.01	81.02	34.06	92.44	88.14	64.28	4.24	98.66	6.32	27.46	78.92	40.2	76.06	43.17	94.53	77.47	88.51	25.5	47.17	52.47	77.34	60.03	39.12	75.31	17.0	16.55	61.85	50.99	60.93	83.93	51.04	68.41	80.78	64.44	13.34	43.68	24.7	59.4	96.05	50.48	41.76	97.33	83.86	27.02	17.49	66.6	91.71	58.14	15.62	27.29	5.0	83.45	11.18	104.36	28.79	46.01	54.12	55.54	32.31	89.47	39.62	38.59	65.73	35.36	35.0	67.88	76.16	72.56	100.44	63.78	67.68	104.28	76.42	82.0	38.95	77.62	41.3	67.12	4.12	16.4	25.5	83.19	78.77	14.32	58.41	77.03	34.37	79.06	81.88	47.8	40.2	84.2	44.65	44.78	49.68	72.25	97.08	105.34	53.54	24.08	109.17	41.19	70.61	95.71	95.21	10.05	75.24	70.18	82.98	59.14	8.06	26.68	57.27	53.23	8.25	53.6	29.15	27.66	10.44	33.84	17.12	67.68	17.26	53.26	12.37	107.33	69.35	80.4	26.91	15.3	42.19	68.8	22.85	50.29	82.46	31.91	88.81	81.01	61.35	107.56	89.94	82.49	48.08	38.83	36.62	30.08	11.4	36.12	
47.38	81.41	78.64	78.85	74.06	41.44	34.79	83.82	59.24	41.0	91.76	50.99	30.87	69.03	96.01	82.86	43.46	86.37	60.21	24.02	60.54	55.73	78.34	13.34	78.49	79.01	9.22	0.0	61.98	48.75	42.94	31.02	24.19	90.51	26.93	58.52	74.22	11.66	70.84	74.97	97.08	43.42	30.02	97.08	72.01	40.61	62.0	57.71	102.46	14.76	97.42	29.15	36.77	103.47	70.03	63.15	34.93	31.06	46.84	55.57	98.84	30.87	81.27	29.7	12.81	44.94	76.92	70.0	14.76	97.13	18.0	22.67	88.19	79.62	57.31	103.16	32.2	73.55	92.66	58.83	8.94	66.03	39.2	79.76	25.0	86.31	90.55	63.79	13.0	98.76	11.7	34.54	76.06	38.33	74.24	33.96	92.01	77.79	82.3	18.79	56.32	61.66	70.21	54.23	37.48	75.58	26.0	25.63	53.76	53.82	68.62	85.88	50.22	72.84	81.71	69.43	4.12	34.48	19.42	64.82	94.76	57.25	50.01	95.01	83.68	26.25	9.22	58.69	94.15	65.55	23.6	22.36	11.4	88.62	2.0	99.92	21.63	44.72	61.47	56.46	35.0	92.36	32.02	42.45	66.48	28.02	26.08	60.31	72.56	70.0	100.88	55.87	71.59	99.02	82.01	78.52	30.23	70.72	32.14	61.47	8.25	21.95	31.06	83.24	81.84	5.66	64.66	75.33	43.1	77.23	81.74	49.19	49.37	85.23	51.43	52.5	55.76	65.0	95.89	100.69	47.42	23.09	111.51	39.32	67.27	92.44	99.25	11.31	74.53	73.88	83.49	58.46	12.81	28.3	64.85	60.75	14.87	60.03	33.24	36.22	19.65	43.01	26.0	69.32	26.02	45.25	18.44	101.77	67.03	79.83	33.12	17.69	33.54	72.47	30.81	41.11	86.98	26.25	86.05	79.63	63.06	109.17	84.17	82.0	53.6	43.14	28.32	22.36	7.28	42.19	
93.21	110.54	40.61	98.23	82.88	103.08	92.35	67.54	5.0	71.17	72.24	57.98	87.21	24.52	97.62	108.23	46.96	39.32	31.0	39.36	43.28	28.28	69.63	62.29	25.71	83.45	54.23	61.98	0.0	83.82	81.25	33.29	85.8	45.28	88.89	40.36	67.01	60.42	95.02	35.69	71.31	87.3	61.0	100.26	80.06	22.47	19.24	28.07	75.71	52.35	60.03	44.41	85.29	125.6	79.51	31.14	53.16	32.76	34.93	14.21	70.41	92.7	102.9	38.05	73.01	85.15	97.08	23.19	61.06	94.87	79.31	44.05	60.17	95.43	43.84	85.44	33.0	68.88	45.71	15.0	68.66	19.65	66.1	76.84	86.12	113.88	60.42	61.52	52.77	82.46	50.29	27.66	84.22	57.25	76.38	92.66	94.49	65.19	111.02	67.03	25.18	28.07	106.98	85.8	55.97	64.07	45.45	44.82	99.64	37.54	6.71	60.08	56.6	33.96	63.95	27.89	65.52	92.44	63.0	22.47	88.51	10.63	13.45	95.6	72.72	51.35	66.1	102.61	62.97	5.39	51.86	63.07	56.36	39.81	63.89	113.9	83.01	56.8	4.47	49.58	39.05	58.55	79.23	32.31	55.44	75.11	87.56	101.65	86.21	77.99	81.93	100.22	37.0	118.85	31.58	90.03	84.02	105.85	92.4	90.38	53.76	40.79	33.06	70.83	49.48	64.76	15.52	76.42	22.63	78.57	71.02	44.65	26.93	65.8	13.6	9.49	16.28	103.41	88.84	116.1	82.57	52.09	78.1	57.58	80.8	99.76	56.32	52.17	69.66	39.85	68.0	59.67	58.67	44.28	3.61	2.83	56.08	13.04	35.23	27.46	46.65	36.72	38.08	51.31	37.59	91.92	57.43	123.41	74.52	72.42	30.15	47.38	95.34	39.22	31.38	98.18	43.05	67.27	91.29	77.47	47.63	81.05	109.6	73.5	20.62	30.08	80.0	84.15	58.25	23.19	
