210
0.0	19.42	109.2	20.62	32.8	43.66	31.24	87.21	94.34	76.84	70.72	97.62	72.34	18.36	68.18	47.04	37.64	76.24	59.0	10.77	55.76	62.43	62.65	55.8	76.54	70.09	93.06	86.37	55.11	9.22	41.79	63.03	99.7	63.51	67.74	34.99	25.63	6.32	75.71	44.1	75.59	73.36	5.39	75.74	69.63	85.01	69.46	59.21	77.16	54.2	32.45	47.01	87.71	27.86	60.41	73.08	48.7	69.53	64.2	9.43	59.41	22.02	34.06	103.59	28.44	70.84	74.53	84.29	44.28	75.27	39.29	71.55	30.81	77.79	49.41	89.81	74.52	79.4	44.64	57.71	37.7	96.54	74.95	57.31	69.08	99.9	70.43	47.1	83.73	44.69	88.51	64.08	54.04	33.53	75.13	88.59	51.87	69.12	62.65	32.02	31.4	80.21	71.59	38.95	52.2	77.83	84.48	38.42	76.03	30.81	31.89	103.25	95.8	65.95	68.66	25.0	44.91	63.2	76.32	41.0	28.64	16.28	71.06	88.23	56.44	38.83	99.76	82.81	57.49	110.63	45.28	77.7	59.67	61.52	72.92	100.41	59.14	23.43	40.79	76.22	96.61	43.38	60.64	58.14	50.22	21.1	66.65	57.07	23.09	9.22	65.31	86.58	73.25	24.52	91.93	90.51	44.91	70.71	82.22	16.64	17.03	43.01	82.3	89.2	78.45	49.04	80.23	43.83	41.01	78.16	2.83	89.81	77.88	28.43	61.01	18.44	89.54	38.64	104.4	94.92	75.03	25.5	71.25	92.7	65.0	12.81	7.62	26.25	15.81	87.69	69.35	68.88	46.67	54.56	80.62	80.89	38.01	34.71	51.0	85.09	50.64	79.1	12.17	66.71	33.97	66.37	26.48	25.63	74.09	67.18	
19.42	0.0	89.81	2.0	37.22	25.32	35.23	68.6	74.95	59.06	53.23	78.49	65.19	37.74	54.41	40.25	37.34	62.29	44.38	9.22	38.63	45.31	46.04	36.4	58.25	50.91	73.79	70.06	38.0	19.24	23.35	53.85	80.66	50.7	56.32	15.65	35.69	24.76	70.66	35.47	56.36	54.13	21.26	57.01	52.15	70.04	54.13	52.39	58.41	37.64	31.02	32.14	68.43	10.05	47.54	59.21	47.42	51.04	50.16	11.4	48.84	30.59	29.21	84.29	20.25	56.44	57.14	65.07	34.79	56.75	22.02	55.36	14.14	63.51	31.78	79.76	56.04	60.0	35.47	45.62	38.42	78.01	65.19	38.01	53.94	80.66	52.15	40.71	66.85	26.42	69.12	56.08	39.05	16.03	55.95	69.32	34.54	51.35	43.66	32.28	12.04	60.8	52.35	23.19	33.73	62.97	70.88	19.1	58.18	22.8	35.36	84.17	76.4	47.43	57.25	39.4	34.41	56.08	57.57	29.83	19.72	28.0	62.94	70.33	50.54	22.2	80.92	63.64	40.05	91.35	25.94	58.31	42.11	48.85	57.01	81.39	45.54	4.47	30.61	56.85	77.2	24.35	43.1	44.6	47.17	20.59	50.29	40.0	38.47	11.4	53.08	70.01	53.91	36.69	72.86	71.51	33.73	64.47	63.79	7.62	18.03	30.15	66.12	71.02	68.1	30.89	61.35	38.6	27.73	67.6	20.12	70.43	59.84	29.61	52.81	28.16	70.88	28.46	85.0	75.69	59.68	25.24	60.83	73.54	50.22	32.2	13.6	7.21	21.38	74.33	50.21	64.5	27.8	35.47	63.69	68.01	36.25	24.7	36.69	66.13	34.13	63.39	29.41	55.47	15.65	47.01	38.6	8.25	56.86	48.17	
109.2	89.81	0.0	88.6	113.81	68.68	112.2	30.0	17.46	43.1	48.51	16.03	94.19	127.41	73.5	91.01	107.07	65.38	71.69	98.86	60.08	55.54	62.24	53.41	45.22	39.82	22.56	58.01	64.14	107.63	70.04	85.05	16.49	77.79	77.01	74.52	119.1	114.48	103.31	86.83	36.89	38.83	110.75	37.36	54.42	67.03	60.03	92.27	36.14	62.94	103.23	71.78	26.0	82.81	77.83	66.12	104.92	43.97	67.19	100.44	80.31	112.26	94.58	8.06	90.38	64.01	52.89	26.0	84.9	44.01	74.41	55.04	80.26	63.51	63.56	95.02	40.02	29.83	89.55	80.78	105.65	26.25	91.41	53.04	61.03	12.0	44.38	91.98	46.53	66.24	22.47	95.21	72.01	78.49	37.74	25.63	62.39	52.92	50.0	106.02	77.8	29.07	38.08	75.15	61.22	60.41	75.06	70.8	43.19	92.62	111.61	14.32	13.45	46.82	83.43	125.9	86.45	92.05	41.23	82.22	89.47	113.25	90.14	36.5	94.53	75.93	20.25	27.86	61.4	6.71	64.44	32.65	59.54	78.43	56.0	16.76	75.39	85.8	87.66	33.02	12.73	67.18	59.06	75.77	105.55	99.73	56.44	63.13	125.87	100.9	74.03	56.01	36.06	121.75	21.1	23.09	81.04	97.08	41.0	93.74	100.72	78.11	59.21	33.38	89.81	62.61	37.34	98.49	81.27	88.81	109.62	19.42	46.57	106.21	88.14	111.83	35.13	84.76	5.0	16.28	65.12	100.72	81.15	19.24	69.57	122.0	102.65	83.01	105.19	77.0	40.71	103.0	63.29	56.64	47.17	78.31	104.31	86.16	75.18	33.24	68.8	62.51	117.89	83.93	76.01	43.86	123.24	84.96	48.09	43.38	
20.62	2.0	88.6	0.0	39.2	25.08	37.22	67.01	73.93	57.31	51.43	77.08	63.32	38.83	55.03	38.47	39.22	60.3	44.92	10.82	36.77	43.46	46.17	35.23	57.87	49.52	72.92	70.18	38.05	21.02	23.09	51.92	79.21	51.48	54.33	14.87	37.66	26.17	68.88	33.62	55.54	53.31	22.8	55.44	52.04	70.41	52.17	50.57	56.85	35.74	32.89	30.15	67.54	10.44	48.33	57.22	45.97	49.41	48.17	12.08	46.87	30.27	27.66	82.98	18.6	54.45	57.04	63.7	32.89	56.29	22.2	53.45	12.17	61.52	29.97	80.78	54.41	58.82	36.8	46.53	37.2	76.4	66.29	37.16	51.97	79.31	50.48	38.95	65.0	24.7	68.1	57.38	39.56	16.28	55.15	68.45	32.7	51.16	43.01	34.21	10.82	59.64	50.99	21.21	33.38	61.0	71.47	17.8	56.44	24.41	37.34	82.73	75.21	45.8	58.18	41.23	35.61	54.23	57.01	27.89	18.03	28.07	61.03	68.6	48.76	22.56	79.4	62.24	40.0	90.03	25.08	57.31	42.01	49.66	55.08	79.93	46.24	2.83	31.89	55.61	76.03	23.77	43.01	45.31	48.88	19.7	48.38	40.05	40.25	13.04	51.09	70.06	52.63	38.6	71.42	70.04	31.78	62.65	63.35	7.07	17.46	28.16	66.27	69.34	69.12	29.15	60.73	40.22	28.65	68.6	21.1	69.2	59.54	31.58	50.92	28.02	70.34	26.57	83.82	74.33	60.02	24.19	58.86	72.14	50.7	33.42	14.32	5.66	21.1	74.95	48.8	62.77	26.25	34.79	61.85	68.71	38.08	22.85	37.34	65.46	34.37	63.64	30.08	56.44	13.89	46.07	40.52	8.94	55.04	46.69	
32.8	37.22	113.81	39.2	0.0	46.07	2.0	99.16	96.83	92.18	87.1	106.07	101.65	39.81	52.39	76.24	9.22	99.02	46.87	31.62	73.68	80.06	54.67	64.08	72.18	79.71	93.51	74.24	50.25	23.85	45.19	90.8	108.71	46.62	93.54	45.12	11.18	29.73	106.28	72.03	77.01	75.0	27.66	87.66	63.13	69.64	90.27	88.6	88.96	73.33	10.63	69.01	88.73	36.5	44.28	96.01	80.5	82.86	87.0	37.16	85.99	54.82	63.91	110.14	56.04	93.05	67.01	92.59	71.59	72.12	40.25	90.8	51.04	100.08	66.61	65.07	87.6	85.23	26.93	40.72	69.84	108.46	51.04	61.77	90.2	107.19	84.48	76.54	101.2	60.67	91.4	39.01	44.05	37.95	76.22	89.38	69.58	63.7	63.82	7.81	45.28	85.76	80.53	60.01	52.7	99.25	66.22	50.99	91.21	21.47	2.24	111.89	100.69	79.4	48.27	20.02	29.41	92.44	74.28	66.91	55.79	48.92	99.69	102.79	86.33	38.47	110.02	91.68	53.08	117.05	52.55	81.27	55.17	44.78	92.66	109.59	44.78	41.05	26.91	83.24	101.26	48.85	55.87	43.91	21.21	51.89	85.71	51.62	22.2	30.08	90.27	75.18	80.95	15.13	101.07	100.18	70.86	100.58	77.9	41.48	47.85	67.36	70.24	102.79	55.08	64.94	78.52	19.92	32.65	55.15	35.61	95.72	72.35	8.25	89.5	51.22	85.7	65.31	108.81	102.58	61.72	56.8	98.01	101.12	51.97	34.99	37.12	43.0	48.02	68.66	79.31	99.72	60.42	57.8	98.06	61.61	11.7	61.39	40.46	83.45	45.34	66.19	42.52	46.32	51.09	70.49	15.0	35.23	91.01	78.19	
43.66	25.32	68.68	25.08	46.07	0.0	44.29	53.45	52.4	48.09	44.05	60.03	74.52	61.85	33.6	53.6	40.8	61.03	23.43	32.89	33.84	38.83	21.84	18.44	32.98	33.84	50.22	45.54	13.6	39.96	2.0	61.85	62.65	31.83	60.54	11.4	50.45	47.85	82.04	47.8	32.8	30.61	43.83	42.2	27.0	46.82	50.96	63.66	43.42	34.93	35.85	35.61	45.0	15.81	29.07	58.52	64.88	38.21	50.57	36.67	55.61	55.04	47.01	64.4	38.28	55.03	32.0	46.53	46.23	31.62	5.83	49.82	25.08	61.4	27.73	62.23	42.58	39.41	27.07	28.84	58.52	62.63	49.2	15.81	51.24	61.29	40.11	54.41	58.0	22.47	46.69	43.86	18.38	10.3	32.2	45.8	30.46	26.08	19.42	38.48	16.49	40.0	34.54	29.07	8.54	59.67	49.24	14.21	47.1	24.6	43.83	65.86	55.32	35.06	39.7	57.28	24.19	66.48	32.7	40.61	37.34	53.15	71.22	57.87	63.13	7.62	63.98	45.62	15.13	71.4	8.25	36.07	17.03	30.48	51.97	63.53	26.17	23.0	23.02	37.22	55.97	4.47	18.03	25.5	44.0	43.42	45.12	15.52	57.38	34.54	56.44	45.28	34.89	53.08	55.01	54.13	43.19	75.01	38.6	32.02	42.05	38.21	41.77	57.49	50.99	25.08	36.67	35.06	16.0	50.25	44.92	50.0	34.53	38.08	62.29	53.01	45.88	41.05	63.7	56.6	36.4	47.07	66.04	55.07	28.3	55.95	38.83	21.1	46.0	52.84	33.53	77.16	19.7	12.04	55.01	47.43	38.33	38.95	18.03	41.59	11.4	39.56	54.57	38.42	20.59	24.84	54.56	18.03	48.04	32.76	
31.24	35.23	112.2	37.22	2.0	44.29	0.0	97.31	95.27	90.25	85.15	104.32	99.72	39.0	51.62	74.33	9.0	97.02	45.79	29.73	71.7	78.09	53.41	62.24	70.84	77.88	92.02	73.35	48.8	22.2	43.38	88.84	106.94	45.88	91.55	43.17	11.0	28.43	104.4	70.09	75.43	73.41	26.17	85.8	61.85	68.95	88.28	86.68	87.09	71.34	9.22	67.01	87.21	34.53	43.46	94.01	78.71	80.96	85.0	35.34	84.01	53.26	62.03	108.45	54.12	91.05	65.8	90.82	69.63	70.72	38.47	88.81	49.04	98.08	64.63	65.19	85.7	83.53	25.94	39.92	68.1	106.62	51.0	60.03	88.2	105.48	82.57	74.63	99.25	58.69	89.81	39.01	42.8	36.06	74.65	87.86	67.6	62.37	62.2	6.4	43.29	84.06	78.72	58.01	51.04	97.25	65.73	49.03	89.29	19.72	1.0	110.15	99.05	77.49	47.85	20.02	28.3	90.52	72.84	64.94	53.85	47.42	97.74	100.88	84.43	36.72	108.23	89.89	51.62	115.38	50.7	79.63	53.74	44.01	90.67	107.82	43.83	39.05	25.61	81.49	99.62	47.01	54.45	42.94	21.59	50.09	83.73	50.21	22.02	28.23	88.28	74.24	79.18	15.0	99.3	98.39	68.88	98.67	76.58	39.56	46.07	65.38	69.32	100.9	55.01	62.97	77.08	19.42	31.14	55.04	34.06	94.03	71.06	6.32	87.56	49.68	84.39	63.35	107.2	100.85	60.84	55.01	96.03	99.36	51.0	34.0	35.36	41.0	46.32	68.25	77.47	97.86	58.46	56.08	96.1	61.19	11.18	59.44	39.2	82.02	43.86	65.31	41.23	45.89	49.09	68.8	15.13	33.24	89.05	76.32	
87.21	68.6	30.0	67.01	99.16	53.45	97.31	0.0	28.02	13.34	19.31	14.04	64.28	104.66	71.85	61.98	94.25	35.69	66.03	77.8	33.02	27.29	57.22	35.11	45.88	19.65	33.3	64.85	55.08	87.66	54.08	55.08	14.56	74.24	47.01	55.07	102.0	93.09	73.44	58.31	32.57	32.98	89.81	11.66	52.17	72.62	30.07	62.39	10.3	35.51	89.2	44.42	31.24	64.01	73.06	36.22	75.69	17.69	37.34	77.9	50.49	86.27	67.12	22.02	64.4	34.01	53.45	11.66	56.46	43.32	59.14	25.08	56.59	33.96	38.21	99.04	12.73	20.25	79.25	75.0	77.47	9.43	91.08	38.64	31.06	18.0	17.03	62.94	17.46	42.52	26.17	91.02	64.07	61.33	33.53	31.89	36.24	50.01	40.0	91.76	56.86	20.62	19.24	49.68	48.66	30.81	79.71	49.93	13.6	77.83	96.93	18.03	21.93	21.26	81.61	107.38	76.12	62.07	40.5	54.59	63.6	88.24	60.21	8.49	64.78	61.03	13.04	10.77	53.01	27.66	46.62	26.57	52.01	74.11	26.0	14.87	70.03	64.2	75.93	19.24	22.85	50.33	52.04	70.01	96.34	74.2	26.93	55.01	106.78	80.0	44.05	63.06	20.0	103.94	9.22	7.28	52.8	67.12	45.18	70.77	75.93	50.61	64.08	5.83	90.8	38.21	38.91	87.86	68.88	89.82	87.05	17.8	48.47	91.0	58.22	86.4	44.2	57.31	27.29	14.32	66.48	74.33	51.24	11.4	66.48	99.82	79.98	61.4	80.28	82.64	19.92	73.01	40.8	42.76	17.46	81.32	91.76	59.36	66.27	38.28	58.42	65.79	94.11	81.39	53.26	32.0	105.68	65.86	18.25	21.02	
94.34	74.95	17.46	73.93	96.83	52.4	95.27	28.02	0.0	38.28	41.98	19.24	89.74	112.68	56.29	82.05	89.87	62.39	54.23	83.76	50.09	47.1	44.78	38.91	27.89	28.16	6.32	42.43	46.87	92.01	53.91	79.08	21.93	60.44	72.03	59.36	102.55	99.3	98.95	77.23	19.85	21.93	95.44	29.61	37.0	51.24	54.82	85.48	28.86	53.08	86.21	61.4	8.54	67.2	60.41	62.3	96.08	35.13	61.0	85.96	73.55	99.62	83.55	17.03	78.16	59.48	35.69	18.03	75.24	26.57	58.0	50.0	66.85	60.93	51.97	79.16	32.76	16.28	72.2	63.32	95.19	30.0	74.55	37.2	55.79	16.76	36.35	83.05	45.28	53.45	5.83	77.88	54.59	62.48	20.62	8.25	51.48	35.47	33.24	89.02	63.13	15.3	26.17	63.06	44.55	57.78	59.14	56.36	37.95	75.82	94.64	22.8	7.62	37.0	66.29	109.66	69.12	85.99	23.77	71.7	77.2	99.92	85.62	36.4	87.21	59.4	25.94	19.92	44.1	22.36	49.09	16.64	42.19	61.03	51.55	22.85	57.94	71.2	70.46	20.22	7.28	51.4	41.68	58.31	88.1	86.98	49.82	45.79	109.79	85.7	68.45	40.45	23.35	105.36	19.8	21.26	71.25	92.2	24.08	79.61	87.46	67.6	43.05	33.42	73.17	50.45	19.92	81.12	64.2	72.17	95.02	10.3	29.43	89.38	81.74	98.79	19.42	73.98	12.65	15.81	48.26	88.6	76.92	17.69	52.2	107.07	88.19	68.48	91.92	61.4	29.15	97.49	49.98	40.46	44.72	62.0	87.09	74.73	57.8	16.12	51.61	46.01	103.77	66.71	62.24	28.02	106.78	69.4	43.01	32.14	
76.84	59.06	43.1	57.31	92.18	48.09	90.25	13.34	38.28	0.0	6.4	27.29	51.79	93.72	72.11	48.7	88.28	24.17	64.76	68.1	21.26	14.87	56.92	30.02	49.41	17.89	42.49	69.2	52.95	78.29	48.26	42.0	27.89	73.5	34.23	47.13	93.78	82.93	61.0	45.19	36.24	35.81	79.92	9.9	53.67	76.01	17.03	49.16	10.0	23.35	82.76	32.02	39.12	55.97	71.81	24.04	62.36	10.05	24.08	67.42	37.22	74.03	54.38	35.23	52.4	21.38	56.08	20.25	43.38	46.62	53.34	12.04	46.04	22.83	27.46	100.72	7.21	25.61	75.01	73.16	64.4	21.1	91.09	35.51	18.03	31.14	8.0	49.65	10.44	32.65	34.89	89.27	61.81	54.34	37.01	39.96	25.0	51.43	39.22	85.15	47.93	26.4	18.87	38.29	45.28	19.72	82.37	41.44	1.0	71.39	89.99	31.32	33.54	13.04	81.32	98.39	72.0	49.0	44.2	41.88	51.66	76.42	47.68	11.4	51.48	55.33	26.0	18.38	51.42	41.0	40.31	31.11	50.96	73.01	13.34	28.16	68.66	54.59	71.11	22.63	34.53	44.28	51.24	68.45	92.05	62.29	13.6	53.37	97.53	70.33	31.02	67.62	21.4	95.34	22.02	20.02	39.82	54.45	50.25	60.22	64.35	38.01	67.68	12.81	91.42	28.18	43.86	83.15	64.07	90.48	76.4	28.16	52.2	83.93	45.04	74.41	51.22	44.65	40.01	27.0	68.43	62.01	38.83	24.0	66.41	89.2	69.4	51.88	68.59	85.59	17.46	60.13	31.95	39.32	8.06	83.19	85.99	47.01	63.39	44.69	55.33	68.6	82.81	80.78	43.42	31.78	97.17	57.58	5.0	16.49	
70.72	53.23	48.51	51.43	87.1	44.05	85.15	19.31	41.98	6.4	0.0	32.98	47.8	87.46	70.26	42.72	83.6	22.02	62.3	62.18	15.0	8.49	55.04	26.68	49.52	17.69	45.54	69.35	50.29	72.45	44.0	37.22	33.84	71.17	30.08	41.98	88.26	76.85	57.01	39.0	36.88	36.07	73.93	12.37	52.7	75.6	13.0	44.0	13.15	16.97	77.93	25.61	41.63	50.7	69.26	21.1	56.52	8.49	19.1	61.29	32.0	67.62	48.02	40.79	46.01	17.89	55.61	24.19	37.16	46.69	49.01	8.6	39.96	21.21	21.47	99.3	9.22	27.73	71.11	70.34	58.18	27.46	88.96	32.89	13.93	36.67	6.4	43.68	14.14	26.93	37.95	86.35	58.94	49.5	37.54	42.54	18.87	50.48	37.59	80.23	42.38	28.64	19.21	32.02	42.2	18.44	81.54	36.14	5.83	66.61	84.93	37.34	38.05	9.85	79.12	92.61	68.18	44.18	44.55	35.51	45.28	70.04	43.68	17.69	46.1	51.01	32.2	22.2	49.04	46.84	36.0	32.45	48.85	70.52	10.63	34.18	66.1	48.75	67.01	24.19	39.05	40.0	49.24	65.8	88.02	55.9	8.0	50.92	91.68	64.41	26.48	67.9	22.2	89.69	27.46	25.5	33.54	50.22	51.09	54.08	58.0	31.62	67.48	19.21	89.55	22.47	44.82	79.0	60.03	88.64	70.21	32.25	52.35	78.85	40.05	68.01	53.0	38.28	45.1	32.25	67.42	55.61	35.11	29.27	64.47	83.01	63.25	46.1	62.23	84.88	16.97	55.58	26.68	36.4	11.05	81.99	81.39	40.61	60.21	46.32	52.17	68.01	76.49	78.43	37.58	30.81	91.55	52.2	4.0	15.0	
97.62	78.49	16.03	77.08	106.07	60.03	104.32	14.04	19.24	27.29	32.98	0.0	78.16	115.52	72.06	75.69	100.22	49.37	68.07	87.69	45.62	40.5	58.69	42.8	44.05	27.59	25.5	60.88	58.52	97.08	61.06	69.12	3.0	75.43	61.0	63.89	110.11	103.24	87.28	71.78	32.25	33.54	99.72	22.83	52.09	69.43	44.1	76.42	21.47	48.33	95.71	57.27	25.71	72.62	74.81	50.09	89.5	29.53	51.35	88.53	64.5	98.62	80.11	8.0	76.66	48.0	52.04	13.6	69.89	42.0	65.86	39.12	67.62	47.52	49.93	97.02	25.08	21.19	83.82	77.28	90.82	11.4	91.0	44.29	45.1	4.12	29.55	76.66	30.59	53.41	20.4	92.78	67.19	69.07	33.24	25.96	48.37	50.16	43.32	98.41	66.48	20.88	26.25	61.59	53.71	44.41	77.1	59.41	27.46	84.6	103.83	5.83	11.66	32.76	82.1	116.21	80.65	76.11	39.0	67.62	75.8	100.12	74.11	20.62	78.77	67.6	6.71	14.87	56.04	13.93	54.41	26.48	54.57	75.66	40.01	4.0	72.01	74.25	81.15	22.83	12.21	57.69	54.34	72.18	100.58	86.28	40.79	57.97	115.88	89.83	58.08	58.94	25.24	112.41	5.83	7.62	66.13	81.06	41.59	81.57	87.66	63.56	61.0	17.46	90.09	49.41	36.12	92.7	74.32	89.09	97.74	12.0	46.17	98.11	72.25	98.48	38.28	70.26	13.93	4.0	65.12	86.83	65.12	5.0	67.27	110.39	90.69	71.42	92.09	79.62	28.28	87.0	50.99	48.3	31.14	79.51	97.58	72.01	69.92	33.73	62.63	63.51	105.42	82.22	63.78	35.85	114.04	74.65	32.25	30.48	
72.34	65.19	94.19	63.32	101.65	74.52	99.72	64.28	89.74	51.79	47.8	78.16	0.0	81.5	107.49	25.5	102.53	29.02	97.67	70.09	44.65	44.28	93.43	65.0	93.81	64.08	93.3	112.89	86.27	79.25	73.25	12.73	78.03	106.3	17.72	65.46	97.32	78.16	9.22	29.73	82.73	81.41	77.52	60.17	94.2	117.44	34.93	13.15	60.88	42.2	96.21	38.95	89.2	70.24	103.59	28.07	27.51	55.36	29.15	65.12	19.1	55.44	38.33	86.15	45.61	30.41	98.23	71.81	30.46	91.07	76.61	39.81	53.24	31.06	48.17	136.62	57.01	75.27	97.75	103.23	37.66	69.03	123.69	72.01	33.96	82.22	53.76	25.32	48.01	52.35	85.73	117.32	92.85	73.25	83.19	90.14	46.23	92.2	78.82	97.41	61.91	76.22	65.92	46.04	77.79	34.01	121.83	60.61	51.97	87.24	100.0	81.0	85.33	54.63	114.21	97.25	95.72	9.22	89.55	35.78	45.88	61.2	4.12	58.0	16.0	78.24	75.01	69.86	86.31	91.0	67.21	79.31	87.11	105.0	38.47	78.01	100.66	62.24	92.78	71.51	86.31	70.18	87.86	100.0	111.83	51.24	40.16	87.69	95.13	71.81	21.54	111.77	69.08	96.75	73.44	71.45	32.25	3.61	96.65	60.17	55.33	36.89	110.21	61.01	125.5	50.99	90.79	102.86	87.37	124.74	70.18	79.83	96.57	94.56	12.53	58.22	99.81	36.77	91.55	78.52	107.81	47.04	13.04	75.54	101.82	80.06	65.76	61.27	57.04	125.4	63.16	10.3	55.87	73.76	47.04	120.93	101.39	40.5	92.46	93.11	85.7	109.64	70.18	112.93	55.76	74.43	98.73	70.21	46.87	60.42	
18.36	37.74	127.41	38.83	39.81	61.85	39.0	104.66	112.68	93.72	87.46	115.52	81.5	0.0	84.1	57.72	47.43	90.38	75.54	29.07	72.47	79.03	80.05	74.06	94.58	88.09	111.41	103.41	72.8	23.19	60.01	74.22	117.52	79.01	80.32	53.34	29.15	14.32	83.0	56.3	93.94	91.71	18.44	93.35	87.36	101.32	84.72	68.88	94.76	70.6	43.93	62.68	106.07	46.1	76.03	87.24	55.0	86.98	78.71	27.02	71.78	26.08	45.22	121.66	42.54	85.42	92.18	102.3	57.01	93.41	57.25	87.37	48.08	92.14	66.53	102.96	91.93	97.65	59.08	73.0	44.05	113.9	88.28	75.66	84.22	117.92	87.73	57.49	99.86	62.24	106.85	76.69	70.86	51.62	93.48	106.94	68.77	86.98	80.96	42.45	49.65	98.47	89.64	55.44	70.38	92.59	100.0	56.61	92.96	46.04	39.92	121.08	114.04	83.44	83.22	22.63	60.0	72.84	94.54	55.01	43.05	20.4	81.05	105.12	65.62	56.61	117.39	100.77	75.29	128.69	63.63	96.04	77.49	77.01	88.51	118.19	75.17	41.62	56.01	94.4	114.86	61.72	78.45	74.17	60.41	33.11	82.66	74.73	19.8	27.31	78.55	103.75	91.4	25.81	109.79	108.3	58.6	79.23	100.3	33.97	30.02	57.8	99.3	106.3	92.07	66.47	98.49	56.09	57.56	91.92	17.8	108.0	95.82	39.05	71.59	23.35	107.7	52.33	122.64	112.93	91.66	35.74	82.97	110.63	81.5	6.08	24.84	44.41	26.4	103.02	87.32	76.0	64.54	72.9	96.83	96.05	48.76	48.76	67.6	103.37	68.15	95.89	11.7	81.22	51.74	84.72	27.02	43.86	90.6	85.04	
68.18	54.41	73.5	55.03	52.39	33.6	51.62	71.85	56.29	72.11	70.26	72.06	107.49	84.1	0.0	87.2	43.38	90.55	10.3	58.69	64.4	67.74	15.23	44.42	28.44	54.41	50.96	22.2	21.26	61.01	35.23	94.76	75.06	5.83	92.46	44.42	61.98	70.01	115.31	81.4	40.01	39.12	66.0	63.32	20.0	17.46	80.26	97.08	64.03	66.22	43.01	68.59	47.85	44.6	8.25	88.51	98.27	62.39	81.61	64.33	88.41	84.9	80.13	72.84	71.12	84.91	20.62	61.2	79.81	30.15	33.54	77.83	58.31	90.43	59.55	29.41	65.15	52.15	25.96	11.7	91.24	79.23	19.24	37.59	80.78	71.34	64.62	88.01	82.54	55.15	52.47	21.93	15.65	39.0	39.01	48.05	61.85	22.02	32.89	45.54	49.24	52.09	53.85	62.63	29.83	88.12	16.49	47.8	71.17	38.05	50.7	77.23	62.65	60.42	10.05	70.88	24.33	99.76	33.14	74.2	70.24	81.58	104.0	78.85	96.67	32.7	78.0	61.4	21.63	78.64	40.31	46.04	21.47	7.62	80.06	76.06	9.06	53.85	28.16	52.61	62.8	37.64	21.02	10.05	36.12	74.67	73.93	20.0	72.28	59.41	88.24	23.43	52.17	65.8	69.03	69.12	76.69	108.21	32.57	61.98	72.42	71.7	18.44	77.28	19.31	56.73	36.5	32.65	27.29	18.38	70.35	60.07	26.93	47.8	95.48	82.23	39.4	74.63	68.88	68.07	9.9	78.92	98.08	68.0	5.83	78.06	66.1	52.8	75.69	19.92	54.71	110.63	51.66	34.67	80.06	13.89	40.72	72.4	17.72	40.26	22.2	14.21	80.31	10.44	54.08	40.52	66.41	46.17	73.93	55.71	
47.04	40.25	91.01	38.47	76.24	53.6	74.33	61.98	82.05	48.7	42.72	75.69	25.5	57.72	87.2	0.0	77.47	35.38	77.01	44.64	32.0	35.51	74.43	49.04	78.75	54.0	84.05	96.25	66.57	53.76	52.01	16.49	76.54	85.15	23.32	43.19	71.85	53.0	30.41	5.83	70.04	68.25	52.15	53.76	76.97	99.36	33.62	12.37	54.92	29.0	71.18	21.38	79.16	46.4	82.22	32.53	14.04	47.38	26.08	39.62	15.0	32.31	13.0	83.43	20.25	32.02	81.54	65.62	7.62	76.24	54.49	38.01	29.73	37.48	31.78	115.52	50.99	66.0	74.2	81.34	16.97	69.46	101.83	55.36	32.76	79.31	46.69	1.0	50.25	33.62	77.0	94.37	71.84	50.25	70.21	80.16	31.26	75.24	62.63	72.24	38.9	67.0	56.0	24.7	58.67	38.95	102.63	39.41	48.38	62.77	74.63	80.01	79.63	45.1	92.76	72.03	72.47	16.28	75.43	13.04	20.62	37.36	24.02	58.6	10.3	55.87	74.67	63.64	67.23	89.56	47.51	68.26	68.48	83.63	38.08	76.84	79.51	37.74	69.2	62.0	80.62	49.65	69.35	78.75	87.32	26.0	35.11	68.26	70.0	46.32	22.67	95.46	59.01	71.34	70.09	68.15	11.4	24.35	82.71	34.79	30.02	16.16	93.04	60.93	104.06	34.21	77.67	78.55	64.44	103.39	45.0	73.44	81.27	69.29	14.04	34.48	87.48	12.73	87.3	74.73	89.19	22.2	25.3	71.81	81.84	55.58	40.31	37.2	32.14	106.23	53.0	24.41	37.7	55.95	47.89	101.02	76.49	15.81	70.84	81.05	65.0	91.71	46.1	91.29	33.3	60.42	73.33	46.04	44.01	50.0	
37.64	37.34	107.07	39.22	9.22	40.8	9.0	94.25	89.87	88.28	83.6	100.22	102.53	47.43	43.38	77.47	0.0	97.25	38.42	33.84	71.01	77.1	46.67	59.2	64.38	74.63	86.21	65.37	43.01	28.43	40.26	91.09	102.96	37.58	92.96	42.01	20.0	35.85	107.84	72.8	70.18	68.26	33.02	82.97	55.15	60.54	88.02	89.69	84.2	71.03	6.32	67.74	81.61	34.13	35.36	94.34	83.22	78.64	85.48	40.0	85.87	59.41	65.76	103.83	57.27	91.2	58.8	86.93	72.11	64.54	35.17	88.05	50.22	98.13	64.0	56.22	83.2	79.16	18.44	31.76	73.01	103.41	42.0	56.08	88.05	101.07	80.41	77.88	97.74	58.0	84.6	30.02	36.07	34.13	69.34	82.2	67.0	55.9	57.31	5.66	43.19	79.61	75.27	58.86	46.52	97.02	57.01	48.01	87.3	17.03	8.0	106.02	94.15	75.31	39.05	29.02	21.21	93.41	66.84	67.05	56.86	53.91	100.24	98.49	87.73	33.24	104.55	86.16	45.8	110.64	48.05	74.79	47.8	35.78	90.02	103.87	36.06	40.52	19.42	77.47	94.67	44.15	48.41	35.23	13.0	54.64	83.02	44.2	31.02	32.8	89.44	66.37	75.39	24.0	95.46	94.7	70.88	101.77	70.01	42.94	50.8	66.94	61.4	98.23	46.01	62.03	71.06	10.77	25.94	46.04	40.46	89.47	64.35	9.22	90.14	55.9	77.78	65.79	102.08	96.61	52.84	59.64	97.74	95.34	43.27	42.15	40.46	41.98	51.74	59.44	74.33	101.52	57.14	52.0	94.64	52.39	2.83	62.03	32.56	75.93	38.28	57.31	48.55	37.11	49.37	64.4	24.08	33.38	87.57	73.5	
76.24	62.29	65.38	60.3	99.02	61.03	97.02	35.69	62.39	24.17	22.02	49.37	29.02	90.38	90.55	35.38	97.25	0.0	81.84	70.04	27.2	22.83	75.47	46.14	71.42	39.7	66.64	91.22	69.77	80.41	60.44	22.36	49.09	90.79	13.42	55.58	97.87	82.57	38.01	34.67	58.9	58.05	80.52	33.62	74.03	97.19	10.3	30.41	34.0	26.48	91.14	30.15	63.13	63.13	88.57	3.16	46.62	30.48	12.17	67.19	20.52	66.57	45.79	57.31	48.1	6.08	77.23	44.38	33.62	68.59	65.0	13.45	48.17	2.24	33.73	119.89	30.53	49.4	87.56	89.16	52.35	40.01	108.67	53.0	9.85	53.46	28.43	36.07	19.0	39.62	59.03	104.75	77.88	63.79	59.55	64.01	30.81	71.84	58.6	93.05	54.08	50.25	41.23	39.12	61.27	5.0	102.8	49.65	24.6	80.4	97.01	52.01	57.28	31.14	98.84	100.44	84.9	28.79	66.53	35.47	47.76	70.71	25.08	29.02	33.62	66.94	46.0	42.54	68.96	62.01	52.81	54.41	69.12	89.9	11.4	49.04	85.43	58.14	82.98	46.04	58.24	56.61	69.64	85.0	103.75	57.27	16.64	70.71	98.95	72.18	12.73	89.81	44.2	98.48	44.91	42.95	31.78	32.14	73.11	60.42	60.54	33.24	89.2	32.06	109.66	36.14	66.84	94.54	76.4	108.78	74.95	52.2	74.25	91.0	25.94	68.1	74.89	38.08	62.97	50.01	88.6	55.07	16.12	47.07	84.72	87.09	68.68	56.04	63.98	106.21	38.95	38.47	41.48	55.95	18.25	102.9	95.43	41.79	78.55	68.24	70.77	89.5	78.72	97.94	48.01	52.4	100.45	64.03	19.72	36.77	
59.0	44.38	71.69	44.92	46.87	23.43	45.79	66.03	54.23	64.76	62.3	68.07	97.67	75.54	10.3	77.01	38.42	81.84	0.0	49.16	55.23	59.03	9.49	35.85	26.93	47.52	49.65	28.16	12.08	52.35	25.0	84.96	71.02	8.94	83.01	34.13	55.46	61.29	105.36	71.22	35.9	34.53	57.22	56.57	17.49	26.02	71.55	87.05	57.43	56.86	36.72	58.73	45.69	34.48	7.07	79.65	87.98	54.82	72.4	54.59	78.64	74.95	69.84	69.92	60.83	76.06	20.52	56.14	69.66	27.73	23.26	69.46	48.02	81.86	50.0	38.95	58.05	47.27	20.0	9.22	80.96	74.06	26.83	29.41	72.01	67.91	57.01	77.8	75.19	45.34	49.65	25.0	5.39	28.79	34.93	46.1	52.43	18.79	26.08	39.45	38.95	47.38	47.27	52.5	20.59	79.71	26.57	37.64	63.79	29.83	44.94	73.55	59.77	52.5	17.0	64.08	17.49	89.81	30.46	64.03	59.94	71.85	94.26	72.44	86.56	22.47	73.55	56.04	13.34	76.22	30.48	41.59	14.04	8.25	71.69	72.01	4.0	43.66	20.62	47.01	60.08	27.59	14.0	4.12	34.13	64.51	65.31	11.4	65.19	50.04	78.82	28.79	46.04	59.09	64.38	64.2	66.6	98.29	32.2	51.92	62.36	61.62	24.04	71.18	28.02	47.2	34.44	28.28	18.03	27.2	61.03	56.29	26.4	41.15	85.56	72.37	39.82	64.4	66.85	64.13	16.12	68.71	88.6	63.64	6.0	69.46	56.44	42.54	65.73	30.08	47.68	100.57	42.01	26.0	72.53	24.19	35.61	62.13	8.0	38.95	12.04	20.4	71.03	16.16	43.83	34.06	59.93	36.14	66.1	48.27	
10.77	9.22	98.86	10.82	31.62	32.89	29.73	77.8	83.76	68.1	62.18	87.69	70.09	29.07	58.69	44.64	33.84	70.04	49.16	0.0	47.42	54.13	52.24	45.45	65.8	60.11	82.37	76.11	44.55	10.44	31.02	59.54	89.87	54.34	63.0	24.41	28.02	15.62	74.67	40.61	64.88	62.65	12.04	66.22	59.03	75.17	62.36	57.01	67.62	46.24	27.8	40.02	77.03	17.09	51.2	66.91	49.4	60.22	57.87	6.4	55.08	27.29	32.31	93.43	24.52	64.33	63.95	74.25	40.31	64.51	28.64	63.91	22.47	71.39	40.71	81.94	65.22	69.03	36.67	48.76	39.2	87.2	67.12	46.65	62.1	89.83	61.29	44.92	75.64	35.51	77.94	56.94	44.05	22.8	64.41	77.9	43.38	58.46	51.89	28.3	21.21	69.81	61.52	31.32	41.44	71.06	75.13	28.28	67.23	22.83	30.08	93.38	85.43	56.61	60.08	30.68	36.4	60.88	65.55	36.01	24.33	23.09	68.25	79.4	54.71	28.28	90.14	72.84	46.87	100.5	34.67	67.12	49.03	52.39	65.46	90.61	49.65	13.6	32.31	65.95	86.21	32.65	50.01	48.66	45.28	20.81	58.87	46.53	29.55	2.24	60.07	76.24	63.03	28.44	82.07	80.72	40.01	68.96	71.47	10.05	17.03	37.12	72.06	80.16	70.38	39.96	69.46	37.64	31.4	70.01	12.17	79.51	67.19	25.06	58.05	24.17	78.77	34.13	94.02	84.86	65.03	25.81	67.12	82.73	55.15	23.32	7.62	16.4	18.6	78.45	59.41	68.15	37.01	43.83	72.5	71.81	33.42	30.15	41.19	74.32	40.2	69.0	22.09	58.19	24.7	55.76	30.41	14.87	65.74	57.38	
55.76	38.63	60.08	36.77	73.68	33.84	71.7	33.02	50.09	21.26	15.0	45.62	44.65	72.47	64.4	32.0	71.01	27.2	55.23	47.42	0.0	6.71	49.68	20.52	49.24	22.0	52.09	68.24	43.27	57.78	33.24	32.25	47.01	64.14	28.28	29.0	74.04	61.91	53.34	27.17	38.9	37.34	59.06	22.85	49.68	73.0	17.26	37.0	24.17	3.0	65.07	11.7	47.27	37.22	61.77	24.7	46.01	16.16	17.2	46.32	25.94	53.25	34.54	52.92	31.4	21.19	53.6	34.21	25.18	46.53	37.85	17.12	25.06	27.66	7.07	93.81	20.59	34.0	60.42	62.17	45.61	41.87	81.99	27.59	17.46	48.85	16.12	33.0	28.23	13.04	45.0	77.62	51.0	37.05	39.22	48.26	4.12	47.63	34.21	67.19	28.44	35.0	24.0	17.03	34.67	26.17	77.79	23.0	20.52	54.0	71.57	50.61	48.05	13.34	72.2	78.0	57.72	38.48	45.19	22.14	30.61	55.32	40.8	32.65	38.08	39.81	46.04	32.28	42.8	59.51	25.63	36.5	43.28	63.13	19.03	47.51	58.67	34.18	55.9	30.0	49.03	29.41	43.93	58.18	76.79	41.23	12.04	44.41	76.97	49.66	24.04	67.12	27.02	75.27	39.81	38.01	21.21	46.14	52.39	39.12	43.14	18.03	65.6	33.94	83.22	9.06	46.82	67.6	49.24	82.38	55.22	41.77	51.97	65.49	34.01	53.41	56.32	24.7	56.04	44.01	63.64	41.34	33.94	41.23	58.6	68.01	48.26	31.62	47.42	81.32	21.0	50.16	14.32	29.83	25.08	77.34	69.01	26.42	51.48	49.73	43.83	65.19	61.55	71.2	23.09	29.97	77.16	38.47	18.36	18.0	
62.43	45.31	55.54	43.46	80.06	38.83	78.09	27.29	47.1	14.87	8.49	40.5	44.28	79.03	67.74	35.51	77.1	22.83	59.03	54.13	6.71	0.0	52.7	23.32	50.0	19.92	49.82	69.53	46.96	64.47	38.47	32.57	41.63	67.98	26.93	35.13	80.65	68.6	53.31	31.32	38.47	37.22	65.76	18.25	51.66	74.97	12.53	38.47	19.42	8.49	71.25	17.2	45.35	43.57	65.8	20.81	49.5	12.0	15.26	53.0	26.68	59.2	39.82	48.08	37.54	17.2	55.17	30.15	29.41	47.2	43.29	11.05	31.76	22.85	13.6	97.1	15.52	31.58	65.76	66.48	50.33	35.81	85.87	30.23	13.04	43.97	11.18	36.5	21.54	19.42	42.43	82.22	55.15	43.01	38.95	46.32	10.77	49.52	36.12	73.44	34.93	32.56	21.84	23.6	38.48	20.88	80.28	29.15	14.21	60.07	77.93	45.19	44.18	10.44	76.03	84.69	62.97	39.29	45.49	27.29	36.8	61.55	40.25	26.17	40.11	45.28	40.31	28.16	46.14	54.42	30.59	35.11	46.32	67.12	13.15	42.05	62.65	40.85	61.4	27.66	45.18	34.53	46.87	62.24	82.39	47.42	6.32	47.89	83.67	56.36	22.83	68.25	25.0	81.93	34.79	32.89	25.63	46.24	52.48	45.79	49.52	23.32	67.21	27.66	86.83	15.13	46.53	73.25	54.59	85.96	61.85	38.05	52.8	71.85	34.93	59.55	55.54	30.02	51.79	39.29	66.07	47.2	32.45	36.4	61.91	74.63	54.92	38.28	53.74	83.74	18.97	50.96	20.0	33.12	18.38	80.21	75.03	32.2	55.97	48.85	48.1	67.21	68.01	75.15	29.73	30.61	83.82	44.91	11.66	16.16	
62.65	46.04	62.24	46.17	54.67	21.84	53.41	57.22	44.78	56.92	55.04	58.69	93.43	80.05	15.23	74.43	46.67	75.47	9.49	52.24	49.68	52.7	0.0	29.41	17.8	39.29	40.31	24.02	8.25	57.01	23.77	80.72	61.66	17.03	77.9	33.24	62.43	65.73	101.53	68.6	26.48	25.18	61.61	48.27	8.49	25.08	65.19	83.6	49.03	51.66	44.2	54.82	36.25	36.01	16.12	73.5	86.33	47.17	66.84	57.01	74.33	76.42	68.71	60.44	60.08	69.89	12.53	47.01	66.89	18.36	24.02	62.65	46.82	75.29	45.28	44.42	50.0	38.05	28.32	18.68	80.32	65.0	34.21	22.47	65.73	58.46	49.4	75.29	67.36	41.4	40.16	34.13	10.63	30.02	25.5	36.67	47.38	9.43	17.72	47.01	38.33	38.12	38.83	49.74	15.81	72.95	28.43	35.34	55.97	35.78	52.63	64.13	50.29	45.19	24.52	70.71	25.46	86.05	21.02	61.4	59.14	74.03	89.83	63.95	83.49	24.02	64.28	47.01	7.21	66.73	26.93	32.25	6.4	17.03	64.88	62.65	13.34	44.41	27.8	38.05	50.6	25.08	5.83	13.6	43.42	65.12	58.83	6.32	71.55	53.46	73.66	24.02	37.34	65.86	55.15	55.04	63.51	94.37	23.35	53.24	63.51	58.52	20.1	62.51	34.54	42.45	25.06	37.01	23.26	33.62	64.38	46.87	17.69	48.26	81.69	74.17	31.11	62.18	57.38	54.74	14.76	68.88	83.55	54.33	9.49	73.98	59.03	42.76	67.27	32.02	39.56	97.2	37.64	19.85	64.85	27.66	43.84	60.42	14.21	29.68	12.04	17.72	74.33	24.19	42.15	25.5	66.89	38.0	58.69	40.5	
55.8	36.4	53.41	35.23	64.08	18.44	62.24	35.11	38.91	30.02	26.68	42.8	65.0	74.06	44.42	49.04	59.2	46.14	35.85	45.45	20.52	23.32	29.41	0.0	29.73	15.65	38.6	48.02	23.77	54.45	18.97	52.43	45.22	44.78	48.8	21.21	67.42	61.07	73.5	43.42	22.09	20.02	57.38	23.77	29.21	52.5	35.85	56.36	25.0	22.8	54.08	27.86	33.24	29.83	42.72	44.1	62.37	20.0	37.54	47.17	46.04	61.13	47.01	48.08	40.31	40.5	33.29	29.21	41.48	27.2	24.04	33.62	28.16	46.07	17.46	73.78	24.19	23.6	45.04	43.68	59.03	44.38	62.65	7.07	36.36	44.6	22.02	50.0	40.2	16.03	33.11	59.67	32.28	26.42	22.02	34.21	18.87	27.2	13.89	56.65	24.41	24.41	16.64	26.02	15.52	43.86	57.31	17.49	29.02	42.72	61.85	48.6	40.0	17.12	52.8	73.41	42.01	58.31	26.48	36.67	39.32	61.1	61.22	39.46	56.86	25.96	46.14	28.02	22.83	55.15	11.66	22.47	23.02	44.01	35.85	46.04	39.56	32.45	41.3	20.52	40.8	15.23	23.6	39.22	62.13	48.51	29.53	24.6	73.11	47.51	44.55	47.01	17.69	69.63	37.44	36.36	37.64	66.29	33.73	40.71	48.7	32.98	45.22	39.05	63.53	14.87	29.07	53.34	34.23	62.65	56.3	34.06	32.31	55.95	53.85	60.08	39.05	38.33	48.6	39.7	43.14	50.64	54.45	37.8	38.59	68.6	49.4	29.68	53.14	60.83	15.23	69.84	12.0	9.85	37.34	57.01	56.75	38.01	33.54	33.02	25.5	44.69	64.88	52.0	23.41	12.04	71.28	31.89	30.59	14.32	
76.54	58.25	45.22	57.87	72.18	32.98	70.84	45.88	27.89	49.41	49.52	44.05	93.81	94.58	28.44	78.75	64.38	71.42	26.93	65.8	49.24	50.0	17.8	29.73	0.0	31.89	22.85	19.85	22.47	72.09	34.93	81.49	47.04	32.57	76.84	43.29	79.4	80.41	102.58	73.08	13.42	13.6	76.32	39.66	9.43	26.83	61.62	85.91	39.96	51.88	61.62	57.58	19.42	48.76	32.7	70.09	91.92	41.04	65.22	69.63	75.18	87.21	75.8	44.41	68.18	66.6	8.0	34.48	71.17	2.83	37.34	57.98	55.04	70.72	47.17	53.37	42.2	25.63	46.1	35.78	87.82	52.17	47.04	23.54	62.37	43.05	43.19	79.7	59.36	45.35	24.08	50.0	28.32	43.01	12.53	19.65	48.33	8.49	16.28	64.44	48.17	25.3	30.61	55.11	24.52	67.94	33.84	43.01	48.6	52.43	70.09	49.01	34.23	40.36	38.47	87.37	43.19	87.66	5.39	66.22	67.19	85.84	89.89	53.71	86.54	38.08	50.25	35.11	19.72	50.22	34.0	19.31	17.49	33.24	60.11	48.04	30.41	55.58	45.28	27.29	34.37	34.23	16.64	30.89	61.06	75.03	55.32	20.81	87.98	67.36	72.67	18.38	28.02	82.66	41.59	41.98	67.36	95.38	5.83	64.63	74.24	62.64	18.36	51.62	46.04	44.6	8.06	54.82	40.0	45.04	77.88	32.06	2.83	65.44	83.19	85.48	13.6	67.68	40.52	40.05	21.1	78.03	82.42	40.31	24.35	88.6	71.81	53.34	78.41	36.77	32.56	99.28	41.23	24.02	57.43	35.69	61.55	66.91	31.83	12.08	27.46	19.92	87.56	38.83	50.04	19.42	83.82	50.96	52.5	34.66	
70.09	50.91	39.82	49.52	79.71	33.84	77.88	19.65	28.16	17.89	17.69	27.59	64.08	88.09	54.41	54.0	74.63	39.7	47.52	60.11	22.0	19.92	39.29	15.65	31.89	0.0	30.15	51.74	36.06	69.53	34.54	52.5	29.83	56.09	46.52	36.4	83.01	75.66	73.16	49.09	19.21	18.38	72.14	9.06	35.78	58.25	30.23	58.25	10.0	25.0	69.64	33.24	25.5	45.22	54.59	38.6	68.01	9.22	34.93	61.07	46.57	72.5	55.54	33.6	50.7	35.23	38.28	14.21	47.1	29.07	39.56	26.25	40.5	38.9	24.04	82.86	10.77	12.0	59.68	56.22	67.08	28.79	73.5	19.1	31.06	29.83	11.31	55.0	28.23	26.42	23.0	72.34	45.04	42.06	19.85	26.48	23.35	33.54	21.59	72.24	38.9	13.0	2.0	35.47	29.15	36.07	64.5	31.83	17.0	58.31	77.47	33.3	26.93	9.49	63.79	88.81	56.57	59.2	26.87	43.57	49.77	73.43	60.01	25.02	59.68	41.44	30.53	12.73	34.23	40.61	27.29	15.23	33.54	55.73	28.32	30.61	51.48	46.69	56.29	8.0	27.86	30.87	33.73	51.35	76.79	59.93	24.19	36.22	88.41	62.24	42.54	50.25	5.1	85.15	22.02	20.81	43.1	66.13	33.42	54.2	60.9	39.46	50.0	24.08	73.68	22.85	27.2	68.25	49.24	72.73	70.29	20.62	34.71	71.59	54.82	72.01	35.78	45.89	35.34	24.84	50.54	61.1	51.88	22.63	48.76	82.88	63.25	43.86	65.37	67.74	1.0	70.88	23.6	23.19	25.94	65.31	72.12	46.84	47.01	29.07	39.05	50.77	78.24	63.35	36.4	13.93	86.82	47.2	20.62	4.0	
93.06	73.79	22.56	72.92	93.51	50.22	92.02	33.3	6.32	42.49	45.54	25.5	93.3	111.41	50.96	84.05	86.21	66.64	49.65	82.37	52.09	49.82	40.31	38.6	22.85	30.15	0.0	36.22	43.28	90.14	51.87	82.23	28.23	55.36	75.58	58.14	99.76	97.75	102.49	79.0	17.49	19.72	93.81	33.24	32.2	45.1	58.52	88.28	32.7	55.08	82.88	63.01	5.39	65.51	55.54	66.31	98.02	38.08	64.29	85.0	76.49	99.72	84.59	23.19	78.64	63.32	30.36	22.47	77.0	21.95	55.61	53.85	66.76	65.3	53.15	73.06	36.4	18.25	68.24	58.6	96.42	36.06	68.88	35.78	59.46	23.09	39.56	85.05	50.22	53.94	7.62	72.73	50.48	60.46	18.03	4.47	53.01	30.89	30.81	85.7	62.24	17.26	28.16	63.79	42.01	62.18	53.04	55.71	42.05	72.84	91.35	29.12	13.93	39.46	60.88	107.17	65.22	89.05	19.42	73.11	77.67	99.62	89.19	41.77	89.81	56.85	32.2	24.19	40.46	28.07	47.85	16.28	38.42	56.08	55.54	29.15	53.23	70.26	66.84	22.2	13.6	49.74	37.8	53.67	83.73	87.09	53.16	42.01	107.45	84.22	71.84	34.23	25.08	102.73	25.61	26.91	73.0	95.6	18.44	78.92	87.28	69.07	37.0	38.9	67.36	51.35	15.26	77.1	60.88	66.37	93.91	15.56	24.04	86.28	84.72	98.67	13.15	75.24	18.11	21.95	42.58	89.05	80.65	23.6	47.17	105.68	87.24	67.62	91.71	55.23	31.14	100.66	50.22	38.59	49.4	56.04	83.41	75.66	53.82	10.77	48.17	40.11	102.96	61.4	61.98	26.93	104.06	67.74	47.01	34.13	
86.37	70.06	58.01	70.18	74.24	45.54	73.35	64.85	42.43	69.2	69.35	60.88	112.89	103.41	22.2	96.25	65.37	91.22	28.16	76.11	68.24	69.53	24.02	48.02	19.85	51.74	36.22	0.0	32.14	80.23	47.52	100.4	63.79	28.02	96.21	56.89	83.38	89.11	121.49	90.47	33.02	33.42	85.0	59.41	19.31	9.06	81.34	104.32	59.64	70.72	64.47	75.59	35.17	60.03	30.02	89.83	108.85	60.88	84.65	81.0	94.03	100.4	91.76	59.41	83.43	86.31	14.76	53.23	88.64	22.67	48.04	77.79	70.09	90.55	65.37	37.01	62.01	44.78	47.42	33.62	103.58	70.23	35.34	41.18	82.07	59.03	63.03	97.17	79.06	62.65	40.52	42.64	32.56	54.04	32.2	34.93	66.89	21.02	34.13	67.12	61.98	44.29	50.45	71.87	38.33	87.78	17.12	58.24	68.41	57.97	72.45	65.12	49.82	60.11	29.83	92.11	45.31	106.33	25.0	83.38	82.46	98.05	109.04	72.95	104.66	48.0	67.45	54.12	30.41	64.03	49.34	38.59	28.64	29.68	79.93	64.76	29.55	68.36	48.7	46.87	49.65	48.27	27.66	30.46	58.26	88.96	75.01	30.15	93.3	77.23	92.01	2.0	47.8	87.09	59.46	60.17	85.0	114.28	19.7	77.23	87.46	80.11	4.12	70.66	32.89	62.65	25.94	54.71	45.89	31.95	88.2	49.34	17.03	69.08	101.87	98.18	23.09	84.5	54.04	57.01	12.53	92.57	101.83	57.87	22.47	97.32	83.01	66.61	91.27	19.03	52.4	117.83	58.6	40.31	77.2	20.88	62.65	83.17	35.9	27.2	36.0	8.06	98.18	31.14	65.25	38.95	87.85	62.01	72.35	54.45	
55.11	38.0	64.14	38.05	50.25	13.6	48.8	55.08	46.87	52.95	50.29	58.52	86.27	72.8	21.26	66.57	43.01	69.77	12.08	44.55	43.27	46.96	8.25	23.77	22.47	36.06	43.28	32.14	0.0	49.98	15.52	73.54	61.4	21.02	71.22	25.0	57.01	58.52	94.18	60.75	27.29	25.5	54.41	45.1	14.56	33.24	59.48	76.06	46.04	45.0	39.62	47.42	38.6	28.02	18.97	67.6	78.26	42.95	60.46	49.09	67.18	68.26	60.54	61.33	51.87	64.01	19.42	45.89	59.08	22.02	16.03	57.38	38.63	69.78	38.29	50.61	46.39	37.36	25.5	20.22	72.11	63.51	38.91	17.46	59.94	58.87	45.12	67.42	63.35	33.97	41.68	36.35	9.0	22.02	26.42	39.2	40.61	14.32	15.3	42.45	30.08	37.64	36.0	41.88	8.6	67.62	36.06	27.29	51.97	30.0	48.1	64.2	51.43	40.52	29.07	64.9	22.36	78.64	24.04	53.54	50.92	66.0	82.76	61.07	75.8	16.28	63.56	45.54	2.83	67.98	19.21	32.31	5.0	20.25	59.62	62.36	15.81	36.22	23.6	36.5	51.88	17.0	5.83	15.52	42.06	56.89	53.23	2.0	65.51	45.89	67.01	32.02	35.13	60.22	54.34	53.94	55.8	87.05	28.3	45.1	55.33	50.8	28.28	60.0	39.96	35.47	28.28	34.44	17.69	39.12	56.72	47.17	23.26	43.19	74.33	66.07	36.06	54.2	59.17	54.71	22.85	60.64	76.84	53.85	15.56	66.76	51.16	34.53	59.14	39.66	36.12	89.64	30.41	13.93	60.64	34.71	40.22	52.33	11.4	33.24	5.0	25.96	66.61	28.23	34.01	23.19	61.4	30.07	54.12	36.5	
9.22	19.24	107.63	21.02	23.85	39.96	22.2	87.66	92.01	78.29	72.45	97.08	79.25	23.19	61.01	53.76	28.43	80.41	52.35	10.44	57.78	64.47	57.01	54.45	72.09	69.53	90.14	80.23	49.98	0.0	38.28	69.18	99.36	56.04	73.06	33.24	18.11	9.0	83.24	50.16	72.67	70.46	5.1	76.03	64.51	78.16	72.8	66.1	77.42	56.65	23.32	50.45	84.88	24.84	53.01	77.28	56.86	70.18	68.25	14.14	65.0	31.14	41.0	102.53	34.06	74.73	69.26	83.55	50.04	71.11	34.89	74.33	32.89	81.79	50.99	81.32	75.17	77.83	36.5	50.09	46.07	97.08	66.48	54.82	72.53	99.04	71.34	53.94	86.01	45.65	86.21	55.36	47.68	29.68	72.11	85.7	53.71	64.26	59.36	22.8	30.81	78.57	70.84	41.76	48.37	81.49	77.06	37.8	77.41	23.02	22.8	102.83	94.18	66.57	60.67	20.25	37.12	70.04	72.47	46.04	34.01	25.5	77.65	89.55	63.56	34.01	99.81	82.22	52.55	109.6	43.19	75.43	54.78	54.04	75.89	100.12	52.04	23.71	33.06	74.95	94.92	40.61	55.71	51.04	41.05	28.46	69.29	51.87	19.24	8.25	70.26	80.6	72.14	18.11	91.55	90.27	50.04	77.88	77.88	20.1	24.35	47.38	76.12	90.21	70.09	50.12	76.54	34.93	34.37	69.86	12.04	88.41	73.16	19.21	67.48	27.59	85.43	44.0	102.73	94.11	68.47	33.24	77.01	92.1	58.31	17.12	13.6	26.42	24.19	80.16	68.88	76.54	46.87	51.61	82.86	73.25	28.84	40.0	44.41	81.49	45.22	72.69	20.62	58.69	34.89	64.03	20.1	22.67	76.06	67.01	
41.79	23.35	70.04	23.09	45.19	2.0	43.38	54.08	53.91	48.26	44.0	61.06	73.25	60.01	35.23	52.01	40.26	60.44	25.0	31.02	33.24	38.47	23.77	18.97	34.93	34.54	51.87	47.52	15.52	38.28	0.0	60.61	63.63	33.24	59.54	9.49	49.2	46.07	80.66	46.23	34.41	32.2	42.06	42.72	29.0	48.7	50.45	62.23	43.97	34.18	35.11	34.41	46.62	13.93	30.41	57.87	63.13	38.47	49.77	34.71	54.41	53.04	45.19	65.6	36.4	54.41	34.0	47.51	44.69	33.53	5.1	49.5	23.26	60.88	26.93	63.66	42.95	40.61	27.29	30.0	56.65	63.32	50.45	17.03	50.7	62.43	40.31	52.8	58.03	21.47	48.17	44.72	19.85	8.6	33.84	47.43	29.73	28.07	21.1	37.7	14.56	41.23	35.34	27.59	10.44	59.23	51.0	12.73	47.27	23.77	42.95	66.89	56.64	35.23	41.04	55.87	24.52	65.12	34.54	39.05	35.47	51.16	70.0	58.25	61.62	7.07	64.85	46.53	17.12	72.62	8.0	37.48	19.03	31.83	51.62	64.5	27.59	21.0	23.02	38.28	57.31	4.0	20.02	26.87	44.05	41.44	44.72	17.46	55.9	32.7	55.47	47.27	35.85	51.74	55.95	55.01	41.73	73.66	40.52	30.02	40.05	36.77	43.74	57.97	52.35	24.35	38.48	35.0	16.12	51.62	43.01	51.22	36.5	37.12	60.96	51.01	47.76	39.41	65.07	57.69	38.28	45.12	65.0	56.08	30.02	54.13	36.88	19.1	44.0	54.59	34.18	75.69	18.97	13.45	55.01	49.09	37.85	37.22	19.21	43.38	13.04	41.48	52.63	39.7	18.87	26.17	53.26	16.16	48.0	33.24	
63.03	53.85	85.05	51.92	90.8	61.85	88.84	55.08	79.08	42.0	37.22	69.12	12.73	74.22	94.76	16.49	91.09	22.36	84.96	59.54	32.25	32.57	80.72	52.43	81.49	52.5	82.23	100.4	73.54	69.18	60.61	0.0	69.35	93.61	8.94	53.0	87.28	69.12	21.1	19.03	70.77	69.35	68.0	49.5	81.61	104.81	25.02	8.06	50.36	29.68	84.77	26.25	77.88	58.18	90.91	20.25	24.76	44.15	18.11	55.08	6.4	48.7	29.27	77.1	35.13	21.38	85.7	61.4	19.24	78.77	64.07	30.02	41.23	24.6	35.47	123.91	46.39	64.03	85.48	90.6	32.25	61.0	111.04	59.41	24.02	73.06	42.76	16.76	40.26	39.62	74.73	104.85	80.16	60.9	71.18	78.85	33.6	79.63	66.29	86.13	49.65	65.0	54.41	33.62	65.07	26.93	109.12	48.01	42.01	75.39	89.05	72.56	75.24	43.01	101.53	88.02	83.35	7.0	77.37	24.04	35.23	53.85	9.43	49.82	11.4	65.73	66.75	59.41	73.59	82.49	54.49	67.68	74.41	92.31	29.15	69.46	87.97	50.6	80.53	60.17	76.24	57.49	75.17	87.32	99.92	42.19	29.27	74.97	86.09	61.4	11.05	99.32	57.57	87.05	64.01	62.01	20.25	13.89	84.53	49.5	46.1	24.6	97.65	52.61	112.81	38.29	78.79	90.87	74.95	112.04	61.13	69.46	84.22	83.43	3.61	50.96	88.02	25.5	82.01	69.0	95.13	38.64	8.94	66.0	89.1	72.01	56.01	49.4	48.51	112.7	51.55	18.44	43.14	61.07	38.64	108.21	89.81	29.43	79.81	81.34	73.0	97.01	62.59	100.26	43.42	62.18	89.05	58.31	37.0	48.7	
