210
0.0	44.28	32.31	43.42	96.52	81.34	67.19	69.78	85.15	44.78	72.92	93.04	77.2	27.46	65.12	91.24	35.17	68.03	32.02	60.54	6.08	72.14	47.54	56.75	35.51	101.21	23.09	49.2	90.14	18.79	49.25	61.03	22.8	64.85	69.35	78.85	13.04	11.4	45.28	37.22	114.59	47.17	32.2	60.3	73.11	75.66	101.41	46.0	90.52	31.24	56.46	47.04	32.76	60.44	71.02	25.3	25.94	77.32	37.12	92.96	89.47	54.41	70.26	68.59	62.51	27.2	45.31	6.0	98.86	40.11	37.85	39.2	20.62	26.08	65.6	33.54	49.5	100.4	53.71	5.1	87.24	81.54	89.11	40.11	48.75	20.0	82.3	72.8	67.0	46.75	64.44	38.08	42.06	76.66	20.0	67.0	62.48	61.61	60.01	43.08	41.04	65.38	48.7	83.49	39.85	36.67	64.2	77.37	21.84	19.03	13.6	14.87	60.31	43.08	58.52	86.01	71.18	78.45	55.87	15.62	61.39	18.36	17.03	80.5	89.59	30.41	58.69	25.46	57.14	73.6	73.68	31.58	54.49	41.0	66.29	45.28	38.08	29.55	51.48	71.56	20.59	14.0	63.39	67.19	17.2	24.21	39.2	70.71	81.0	36.24	76.9	26.57	45.62	43.57	47.93	79.88	18.6	42.0	94.79	78.1	80.6	81.1	16.28	70.24	49.0	51.62	14.0	23.35	67.23	65.07	20.62	13.15	74.67	17.49	28.46	106.3	43.97	84.08	65.76	46.27	67.9	2.83	13.93	43.14	34.48	98.23	54.23	108.93	66.73	16.0	36.77	42.15	26.08	38.01	64.03	82.2	24.41	80.13	96.21	50.01	75.93	71.06	83.19	24.17	19.24	113.15	28.28	5.39	40.8	55.32	
44.28	0.0	32.57	25.18	53.15	37.36	30.41	25.5	67.36	26.91	47.85	65.0	34.83	38.01	53.0	52.33	51.24	23.77	41.11	34.21	46.32	34.48	38.9	64.9	39.29	58.73	67.23	22.36	53.14	48.17	16.64	18.87	22.2	73.01	38.95	60.08	52.39	33.24	66.1	40.25	74.95	4.47	27.86	61.62	69.66	45.45	63.56	48.26	51.43	20.62	12.37	50.48	57.71	69.07	58.18	32.39	70.21	74.65	36.67	51.4	62.03	13.6	32.7	57.98	53.6	24.19	36.06	49.77	56.73	16.0	36.72	41.18	40.0	54.08	24.19	35.44	55.76	66.71	31.3	41.44	58.01	49.25	50.09	47.85	31.4	55.87	54.04	30.81	33.02	18.36	29.15	7.0	26.91	46.23	25.0	62.48	29.0	67.8	56.59	31.89	13.45	36.07	36.12	39.81	55.36	35.69	44.29	59.81	65.92	55.9	54.41	48.1	27.02	35.0	41.18	41.79	34.01	50.25	21.02	59.54	37.74	36.88	39.05	48.83	56.72	54.59	22.09	58.01	30.36	31.4	61.77	26.57	18.0	45.65	23.43	26.25	60.64	52.61	7.81	28.28	64.85	57.25	34.71	59.41	38.95	68.1	48.33	26.63	73.78	19.24	79.91	31.58	39.01	24.76	64.08	36.77	51.16	19.1	54.38	36.01	52.4	76.03	43.1	43.57	21.02	35.81	51.86	43.27	23.43	26.93	52.4	55.66	62.65	31.26	49.65	64.82	32.06	39.82	38.29	44.2	30.81	41.63	58.18	14.21	10.2	61.68	68.43	68.24	22.8	53.15	15.65	3.16	42.58	58.94	49.24	39.7	54.01	36.06	60.08	49.82	40.02	75.82	55.04	68.45	26.4	73.25	20.02	44.94	7.07	44.82	
32.31	32.57	0.0	14.32	82.8	61.62	40.72	53.41	95.63	51.62	78.01	96.52	66.24	7.62	78.1	84.69	60.31	51.22	52.7	64.01	29.61	67.05	60.73	80.16	7.0	89.31	52.24	51.0	85.7	22.56	25.5	51.08	19.7	88.75	39.32	88.46	45.19	28.32	73.55	55.47	106.89	32.2	44.01	80.5	91.55	45.04	96.01	65.3	83.77	37.36	40.5	67.12	61.72	84.31	83.95	42.19	53.0	96.38	5.83	82.86	93.34	46.17	43.86	82.71	77.2	36.77	13.0	37.95	87.66	18.03	53.71	57.25	14.04	55.61	56.46	3.0	71.34	99.2	59.14	33.62	89.68	81.39	82.46	61.59	56.72	31.05	85.38	62.61	38.9	47.01	61.39	31.14	50.01	46.04	27.78	84.5	60.83	84.38	77.62	53.85	40.0	35.36	59.67	62.63	65.3	5.0	32.02	87.69	51.35	31.78	34.01	25.08	58.69	10.77	67.74	67.21	44.38	47.1	52.77	42.05	30.02	14.32	41.01	50.09	89.05	58.8	54.34	56.6	60.01	63.06	87.32	6.08	50.01	60.9	55.01	51.48	66.53	57.31	39.92	59.17	48.04	45.61	33.38	82.86	16.12	49.09	61.29	56.04	97.72	40.61	98.88	42.54	13.6	49.5	74.41	67.42	49.09	16.97	86.31	54.92	49.16	99.02	43.28	74.06	22.47	61.0	30.07	14.87	53.85	59.48	26.25	45.22	88.29	34.21	55.15	96.04	12.04	67.27	35.06	63.16	63.32	31.3	43.57	42.01	29.0	94.24	80.28	99.85	53.0	30.27	38.21	29.41	49.68	65.76	75.31	70.83	54.41	64.82	92.66	68.45	72.53	93.65	86.37	52.04	18.6	105.12	33.53	28.86	25.63	68.41	
43.42	25.18	14.32	0.0	70.49	48.1	26.4	41.18	92.18	49.66	72.99	90.05	55.36	21.93	76.56	74.73	65.6	38.95	56.64	59.23	42.0	58.42	60.54	83.49	18.38	77.41	65.01	46.84	76.49	36.69	12.53	41.59	24.19	92.02	26.02	84.9	55.54	36.4	79.88	58.05	96.01	23.02	45.45	82.2	91.92	32.25	86.13	67.48	73.76	37.8	29.41	69.53	68.96	87.73	82.08	46.1	66.27	96.9	14.87	71.69	87.14	38.01	29.55	81.44	76.48	38.9	11.05	49.37	76.03	9.49	55.44	59.55	27.89	63.51	46.87	15.81	74.33	90.8	55.66	43.42	83.02	74.03	72.53	65.05	54.63	45.22	79.16	52.2	24.74	42.72	54.0	26.93	48.76	33.24	32.45	84.72	54.08	87.21	78.23	53.34	36.4	22.02	58.59	48.84	70.43	14.14	22.8	84.48	64.0	45.88	47.52	38.83	52.15	10.44	65.19	53.81	30.08	35.17	46.17	55.15	18.38	27.17	47.89	37.12	81.22	65.86	47.01	65.55	55.32	52.5	85.62	12.0	43.1	63.7	44.64	49.24	73.25	64.14	31.06	48.1	61.13	57.31	20.02	82.3	29.27	62.65	65.07	44.28	97.05	39.45	100.8	46.01	14.14	47.42	79.65	55.95	57.94	6.08	75.61	40.8	37.36	98.88	50.99	68.73	8.49	59.09	43.74	29.15	42.72	51.16	40.5	56.57	86.54	39.96	61.59	84.53	7.07	54.41	22.36	64.4	55.15	41.77	56.01	37.95	26.42	84.93	85.04	88.64	41.79	44.15	36.24	22.36	55.22	72.11	73.16	59.62	62.65	52.48	83.55	70.0	64.28	96.05	80.16	65.12	25.63	94.15	34.71	41.01	18.44	67.54	
96.52	53.15	82.8	70.49	0.0	25.32	50.7	29.41	67.54	59.91	50.45	50.0	19.7	89.5	68.73	20.81	91.22	31.62	82.01	49.04	99.2	30.07	68.47	94.01	88.48	8.0	118.85	52.2	26.63	101.12	57.98	35.51	75.29	99.32	61.98	62.97	102.42	85.15	104.09	77.88	29.02	51.62	70.58	86.21	86.12	64.2	26.93	80.4	20.25	67.08	42.52	82.3	100.42	97.08	69.86	78.0	122.33	89.99	85.15	10.82	49.93	42.19	49.03	72.37	72.44	71.55	80.53	101.55	8.54	64.82	73.98	77.47	92.66	99.3	31.3	85.21	87.14	39.05	54.45	92.96	45.28	37.7	20.59	84.17	59.84	108.98	46.1	24.17	55.54	52.55	37.48	58.6	62.36	64.12	76.55	81.05	40.45	94.19	79.23	65.51	56.36	62.82	64.5	27.02	93.38	84.31	76.4	64.51	117.48	109.04	107.45	101.24	41.77	80.62	60.01	20.02	49.82	69.07	43.32	112.07	69.92	89.81	87.24	63.0	37.44	97.8	40.16	104.4	49.37	23.26	72.53	77.47	43.46	81.05	30.23	58.94	101.2	95.88	45.45	25.0	117.05	108.41	63.32	76.12	91.93	120.67	85.33	26.91	84.43	62.65	99.25	76.69	83.65	59.48	99.5	16.64	99.01	66.03	15.56	36.22	70.01	88.23	91.29	47.68	62.27	61.29	105.0	95.59	29.73	34.21	105.36	106.55	72.8	81.01	93.01	16.0	77.03	16.76	65.73	75.43	33.38	93.74	110.14	54.56	62.2	29.83	101.08	21.02	30.41	106.3	60.83	55.9	86.65	99.04	64.5	14.87	99.96	18.03	30.41	79.1	31.26	98.15	46.52	120.42	79.51	27.02	68.96	97.8	58.69	68.0	
81.34	37.36	61.62	48.1	25.32	0.0	25.63	13.04	78.52	54.92	58.26	65.73	22.02	68.88	72.95	39.22	85.15	14.04	75.06	50.54	82.76	34.71	66.22	93.68	66.48	33.24	104.4	47.07	43.86	82.1	36.12	26.68	58.69	100.57	36.67	72.35	89.74	70.52	99.5	72.44	54.08	34.18	62.0	87.66	91.3	39.01	49.03	77.88	38.28	56.22	25.0	80.05	93.01	97.42	76.01	68.18	107.15	95.88	62.97	31.4	64.4	32.14	23.77	77.52	75.58	60.41	57.2	86.98	33.02	44.41	68.47	72.69	73.24	90.27	26.4	63.66	85.38	58.87	53.14	78.75	59.41	49.82	37.7	79.76	57.01	90.43	58.14	23.43	30.36	45.4	38.08	44.15	56.57	39.0	62.36	84.97	40.71	95.19	81.15	61.0	46.01	37.64	62.36	3.61	88.46	62.24	51.24	73.25	103.12	90.74	90.35	83.01	40.72	57.63	61.74	5.83	24.52	44.01	38.6	96.25	44.94	71.02	75.95	38.21	53.34	90.02	36.06	94.64	48.85	22.67	79.32	57.01	36.88	76.94	22.47	53.94	95.08	88.02	31.26	18.87	101.77	94.56	38.28	80.53	73.25	104.69	80.62	14.87	92.09	53.01	103.75	67.12	60.22	53.6	96.18	18.87	88.12	44.69	36.67	11.0	45.1	95.41	80.06	54.2	39.62	60.08	87.32	75.6	18.68	33.12	86.27	93.01	79.88	68.45	85.02	41.19	54.04	9.06	40.52	73.01	35.23	78.77	95.27	45.01	47.54	50.29	99.25	46.1	18.44	88.32	50.09	39.22	78.06	93.13	68.48	22.36	90.45	11.66	49.98	77.88	39.62	101.24	58.9	105.48	62.65	52.09	56.72	81.44	40.72	68.71	
67.19	30.41	40.72	26.4	50.7	25.63	0.0	25.32	91.59	56.4	70.83	83.49	41.3	48.33	80.66	61.13	81.34	23.54	71.31	59.2	66.91	49.98	68.6	95.19	44.1	58.46	89.81	50.25	64.63	62.97	18.0	34.48	45.01	103.17	12.17	84.6	78.03	58.03	96.21	70.66	78.92	25.94	58.18	91.4	98.31	17.0	72.01	78.55	60.13	50.7	22.67	80.78	87.09	99.32	85.15	61.98	91.59	103.25	40.5	55.15	81.34	35.47	3.16	85.63	82.04	53.76	33.3	73.17	57.87	27.07	67.12	71.59	54.08	82.76	38.08	42.06	86.09	79.91	58.69	66.0	76.55	66.73	59.21	78.26	60.31	71.51	73.93	40.02	5.0	46.86	49.24	36.77	56.86	17.49	51.48	91.29	50.77	97.91	85.91	61.85	43.57	12.17	65.44	25.06	85.62	39.96	25.71	84.88	88.68	72.11	73.25	64.85	49.65	34.21	68.62	31.38	4.0	22.36	44.82	80.41	19.31	52.89	67.08	19.1	72.28	83.93	43.83	85.99	56.08	39.81	88.73	37.64	41.87	76.06	34.18	55.61	90.44	82.01	29.73	34.71	86.31	81.15	12.65	87.68	55.08	88.29	78.72	29.43	101.32	49.65	109.34	61.35	36.07	54.41	94.43	40.01	78.64	25.5	60.03	15.81	24.19	104.0	70.86	66.37	18.68	64.44	69.64	55.54	30.36	44.72	66.85	80.06	89.5	58.86	79.12	66.29	30.81	33.96	15.13	74.33	48.33	65.07	80.62	43.83	38.9	72.25	98.84	71.02	29.41	70.21	46.07	30.08	72.12	88.87	76.49	44.01	82.38	34.13	71.45	79.88	55.97	105.6	74.85	90.26	48.04	76.94	49.34	65.76	28.86	73.66	
69.78	25.5	53.41	41.18	29.41	13.04	25.32	0.0	68.88	41.98	48.17	58.69	16.03	60.21	61.29	36.0	72.11	2.24	62.03	38.83	71.69	25.55	53.45	80.96	59.08	36.24	92.7	34.21	39.32	72.35	28.65	13.93	47.51	88.02	37.48	62.29	77.49	58.69	86.47	59.41	55.36	23.02	49.01	75.24	79.61	41.76	47.1	65.0	35.0	43.42	13.6	67.19	80.02	84.76	64.82	55.33	95.71	84.31	55.76	31.05	56.8	19.1	25.0	66.03	63.63	47.68	51.48	75.24	34.93	35.47	55.44	59.68	63.7	77.41	14.87	55.8	72.53	54.59	40.72	66.85	51.89	42.05	34.01	66.75	44.27	80.43	49.74	14.87	30.27	32.39	26.91	31.95	43.57	42.06	50.33	73.06	29.21	82.64	68.88	48.05	33.06	37.05	49.65	16.28	75.43	54.92	50.04	62.94	91.39	80.6	79.61	72.8	28.84	51.43	49.74	16.49	26.25	47.13	26.0	85.0	43.1	61.07	63.35	42.54	47.13	77.06	23.71	81.88	36.72	14.56	68.25	48.17	24.04	63.95	10.63	41.0	82.05	75.06	18.68	9.49	90.34	82.64	37.0	68.8	63.25	93.54	67.6	4.12	81.06	40.05	91.79	54.23	54.63	40.61	83.19	15.3	75.5	36.62	35.51	17.69	48.7	84.2	67.47	43.86	33.11	47.54	76.84	66.47	6.4	21.93	76.58	80.99	68.88	56.04	72.06	43.46	47.85	14.42	40.05	60.17	24.84	67.12	83.67	32.0	35.47	47.04	86.35	47.76	5.83	78.01	37.22	27.78	65.12	80.1	56.86	19.24	77.65	11.4	46.17	65.15	31.3	89.0	50.61	93.94	51.62	53.45	44.15	70.33	30.0	56.36	
85.15	67.36	95.63	92.18	67.54	78.52	91.59	68.88	0.0	44.1	20.81	21.02	56.73	98.08	20.25	47.17	56.44	69.81	54.08	33.24	90.8	43.84	37.66	43.28	102.59	64.51	98.9	45.35	41.44	100.6	83.57	57.14	77.06	43.42	102.96	7.28	81.71	76.66	60.83	48.38	60.0	70.58	54.23	33.97	25.08	108.56	47.38	41.59	47.54	59.01	69.35	41.68	65.73	43.83	14.76	60.02	103.87	26.68	100.98	56.86	19.1	56.8	92.36	18.03	23.71	61.07	102.61	86.68	61.68	82.71	47.3	46.49	96.05	69.35	54.2	98.62	42.8	36.01	36.67	80.05	22.8	30.02	47.01	48.3	39.05	104.74	21.47	55.15	95.88	49.48	42.44	65.51	46.01	109.08	71.06	24.84	40.82	40.22	29.21	43.1	56.09	101.07	37.12	82.07	54.64	99.98	111.23	8.0	97.58	103.94	98.72	98.01	42.06	101.2	28.02	77.47	93.74	113.88	47.42	98.03	104.39	92.05	68.41	110.39	31.05	65.0	47.89	74.79	37.0	55.87	13.45	89.81	50.57	46.1	58.41	44.18	62.8	64.01	63.56	60.14	100.09	89.32	100.18	21.26	93.13	105.11	49.65	65.19	19.1	55.15	36.88	58.86	105.32	46.17	54.45	60.44	74.32	86.13	53.14	86.45	115.76	23.09	70.52	25.24	88.26	35.0	98.84	100.04	62.63	47.2	103.95	87.09	12.73	68.73	62.61	62.37	98.72	71.84	103.75	39.56	44.05	82.76	93.64	54.34	66.91	42.43	51.86	60.53	63.41	100.81	57.43	69.92	60.75	60.8	21.21	58.01	71.12	67.36	40.61	37.59	39.05	38.63	21.02	101.64	80.0	60.03	63.01	89.63	73.76	29.83	
44.78	26.91	51.62	49.66	59.91	54.92	56.4	41.98	44.1	0.0	28.46	48.47	40.61	54.01	26.93	49.09	31.4	41.48	22.14	15.81	49.66	30.87	12.21	39.4	58.55	62.39	63.66	8.0	46.86	57.72	43.42	28.28	33.0	47.01	65.76	37.01	45.97	34.54	45.0	18.11	72.01	31.11	12.81	35.0	42.8	72.18	58.14	23.09	48.55	15.13	34.48	25.3	40.52	43.38	32.57	20.52	68.01	47.8	57.07	53.31	44.94	23.09	58.25	31.78	26.93	18.03	59.46	48.01	59.62	40.25	14.14	18.0	52.35	39.81	30.02	54.59	30.68	55.8	8.94	39.96	42.49	37.01	47.17	25.02	5.1	62.97	37.58	36.35	59.55	9.85	22.85	22.83	2.83	72.92	27.66	35.61	20.12	41.68	29.7	6.08	13.6	62.97	9.22	58.25	34.01	56.09	70.72	36.12	62.24	62.39	58.14	55.66	18.38	57.87	16.12	57.22	59.64	77.08	17.03	59.64	64.4	48.37	30.41	75.29	45.0	37.95	20.1	45.18	12.73	37.34	36.06	45.89	18.11	22.09	33.06	1.0	41.44	36.06	26.93	38.0	63.25	53.08	61.62	32.76	49.65	67.8	26.0	40.31	47.41	11.05	53.08	19.1	61.98	2.24	41.3	44.41	40.8	43.83	53.71	57.94	79.21	49.4	33.97	25.5	47.43	9.49	57.38	56.32	36.35	25.71	61.4	50.93	37.0	27.29	33.24	65.76	55.71	53.01	65.19	18.38	26.93	42.06	56.22	12.73	23.41	54.45	44.38	67.42	36.5	59.24	13.6	28.6	27.29	39.32	23.77	45.12	40.71	48.0	52.33	23.71	33.02	49.2	38.48	65.86	36.12	70.8	19.1	48.33	31.91	18.03	
72.92	47.85	78.01	72.99	50.45	58.26	70.83	48.17	20.81	28.46	0.0	20.12	36.89	81.39	19.1	32.0	51.22	49.04	45.34	14.0	78.0	23.6	27.59	46.32	85.01	49.16	90.21	27.02	27.17	86.13	63.6	36.36	60.67	50.16	82.3	14.14	72.42	62.97	60.37	39.62	50.92	50.7	40.72	37.48	35.69	87.82	36.69	36.89	32.02	43.42	48.75	38.08	61.22	48.66	19.42	47.89	94.87	39.56	83.02	40.45	16.55	36.4	71.56	22.09	23.35	46.49	83.73	75.66	46.17	63.64	37.01	38.18	80.41	62.94	33.42	81.01	41.63	30.0	19.65	67.98	14.87	14.14	31.06	42.8	24.17	91.42	9.9	34.83	75.18	31.0	21.63	47.04	31.02	88.32	56.04	31.02	20.12	45.4	30.59	30.02	38.01	80.53	25.0	61.85	51.31	82.02	91.08	15.0	88.81	90.82	86.41	84.12	21.54	82.49	15.56	57.69	72.95	93.15	27.2	87.32	84.15	76.49	57.45	89.59	20.12	59.55	27.31	68.59	18.0	35.61	22.14	72.0	30.36	39.82	37.64	28.16	59.91	58.05	43.32	39.62	90.43	79.88	79.71	26.02	77.88	95.19	44.2	44.55	34.44	38.83	48.84	46.53	86.58	30.08	54.63	40.82	66.07	66.91	38.01	65.8	95.02	38.08	60.46	4.47	68.41	21.63	85.8	84.34	41.87	26.4	89.84	77.67	22.47	55.54	55.87	49.16	79.76	52.15	83.26	32.8	23.35	70.26	83.53	36.0	49.01	31.95	54.41	48.84	42.64	87.66	40.31	50.64	51.86	57.69	15.52	38.91	64.35	47.43	29.73	34.0	19.7	48.09	10.63	92.66	64.13	50.29	47.3	76.69	54.59	22.47	
93.04	65.0	96.52	90.05	50.0	65.73	83.49	58.69	21.02	48.47	20.12	0.0	43.91	100.45	34.41	29.21	70.01	60.17	65.0	33.24	98.09	33.53	47.2	61.29	103.48	45.65	110.11	46.1	23.43	105.95	79.51	50.01	80.05	62.97	95.51	20.62	92.36	83.01	77.42	59.2	39.01	67.12	60.84	51.88	45.35	100.3	26.93	55.17	29.83	63.25	63.15	55.97	79.91	62.65	31.3	68.0	114.83	47.52	101.24	39.2	3.61	52.15	83.57	34.89	38.83	66.48	101.02	95.77	43.05	81.0	56.86	57.63	99.92	82.22	45.61	99.5	58.6	15.0	39.56	88.1	7.07	16.76	29.73	61.52	44.28	111.43	11.18	43.86	88.23	49.82	36.12	65.38	51.08	100.66	75.89	43.46	36.0	59.09	45.79	50.12	56.89	94.37	44.94	69.07	69.43	100.24	106.1	22.85	108.72	110.86	106.51	104.06	38.01	100.0	35.23	63.41	84.86	105.69	44.01	107.42	99.04	96.05	77.52	101.24	12.73	78.52	43.05	87.86	37.11	44.28	31.95	90.45	47.0	58.73	49.34	48.1	77.99	77.16	59.21	49.24	110.45	99.86	93.86	38.91	97.53	115.25	62.94	54.63	40.11	58.52	57.71	66.65	104.0	49.98	71.28	46.87	85.8	84.02	34.67	75.18	107.34	44.1	80.45	23.09	84.48	41.68	105.85	103.81	53.14	39.62	109.73	97.64	31.62	75.64	75.17	42.38	97.02	57.8	97.27	51.66	35.69	90.38	103.59	54.74	67.74	22.14	69.84	40.02	54.08	107.7	59.67	68.01	71.61	75.82	32.56	43.6	83.74	54.08	20.62	51.74	27.51	58.94	10.2	112.61	83.68	39.12	67.05	96.77	72.01	41.04	
77.2	34.83	66.24	55.36	19.7	22.02	41.3	16.03	56.73	40.61	36.89	43.91	0.0	72.4	53.14	20.02	72.01	18.0	62.59	31.58	80.16	13.42	50.0	76.53	72.45	24.08	99.32	32.76	23.35	82.98	43.01	16.28	56.57	82.57	53.46	50.8	82.76	65.8	85.29	58.69	40.72	34.13	50.92	69.43	71.31	57.49	31.26	62.0	19.03	47.41	26.0	64.01	81.02	79.91	55.46	58.31	102.9	75.64	69.35	16.64	42.44	22.8	40.79	57.38	56.32	51.88	66.1	82.1	21.93	48.3	54.74	58.42	74.81	79.7	11.66	68.88	69.07	38.64	36.01	73.5	37.44	27.8	18.0	65.28	41.05	90.55	36.12	4.47	46.27	32.89	19.1	39.62	42.95	57.72	57.2	65.46	22.09	77.28	62.59	46.39	36.72	53.08	46.0	25.5	74.43	68.45	66.01	51.87	97.94	90.52	88.53	82.76	23.0	65.79	42.95	20.81	41.98	62.82	23.77	92.8	59.03	71.7	67.54	57.87	31.78	78.34	20.62	84.76	31.06	3.61	58.59	60.54	23.77	62.2	11.4	39.62	82.04	76.4	27.02	7.28	97.65	88.84	53.01	60.75	73.76	101.4	66.37	12.0	71.2	42.95	84.15	57.01	69.26	40.02	81.02	4.12	79.31	50.16	20.25	31.3	64.29	74.71	71.59	33.12	47.8	43.05	86.28	78.01	12.65	15.03	87.21	86.95	59.06	61.4	73.5	30.0	62.3	15.26	56.08	57.0	15.3	74.4	90.7	34.89	43.19	31.02	83.1	33.62	13.6	87.68	41.18	37.8	67.05	79.91	48.7	5.0	80.32	10.63	30.15	61.13	17.69	82.28	36.88	100.96	60.81	38.91	49.4	78.75	41.05	50.64	
27.46	38.01	7.62	21.93	89.5	68.88	48.33	60.21	98.08	54.01	81.39	100.45	72.4	0.0	79.76	90.34	58.52	58.05	51.89	67.48	23.77	72.24	61.98	79.18	8.06	95.8	45.71	54.45	91.0	15.13	32.8	56.82	21.02	87.71	46.69	91.02	40.5	26.08	70.94	55.36	112.87	38.28	44.91	80.41	92.05	52.24	101.55	65.19	89.44	39.12	47.01	66.85	58.73	83.24	85.71	41.79	46.1	96.77	10.2	89.04	97.16	51.48	51.48	84.17	78.45	37.66	19.1	32.65	94.05	24.76	54.12	57.25	7.28	52.33	62.18	7.0	70.68	104.04	62.07	29.73	93.74	85.87	88.1	60.84	59.03	23.54	89.27	68.6	46.49	50.64	66.1	35.44	52.09	53.24	27.89	85.16	65.25	83.63	78.16	55.44	43.57	42.76	61.4	70.0	63.51	10.05	38.33	90.09	44.91	24.33	27.07	18.03	63.06	17.03	70.06	74.41	52.0	54.0	57.28	35.36	37.05	9.22	38.83	57.31	93.68	55.97	59.14	52.63	63.51	69.12	88.96	12.04	54.71	60.54	61.06	54.0	63.78	54.67	45.65	65.46	41.3	39.92	40.79	83.95	10.3	42.0	60.37	62.63	98.72	43.0	98.49	42.38	18.68	52.0	72.42	73.82	45.34	24.21	92.28	62.43	56.01	99.72	40.46	77.65	30.02	63.13	23.02	7.28	60.22	64.62	18.68	39.81	89.94	33.11	52.8	102.34	19.1	74.25	42.3	63.6	68.35	27.02	37.36	45.71	32.76	99.54	78.49	106.0	59.41	23.02	41.11	34.89	48.02	63.25	77.32	77.1	50.93	71.59	97.86	68.62	77.49	93.04	90.26	45.28	18.44	111.14	35.13	23.26	31.38	69.87	
65.12	53.0	78.1	76.56	68.73	72.95	80.66	61.29	20.25	26.93	19.1	34.41	53.14	79.76	0.0	51.04	36.62	61.61	33.84	22.47	70.86	39.85	18.0	27.51	84.93	68.03	78.72	30.81	46.27	81.1	69.64	47.8	58.86	31.06	91.05	15.0	61.47	57.08	43.01	28.16	69.64	56.86	35.06	18.44	18.36	97.19	55.54	21.63	51.01	40.79	58.0	22.02	46.23	29.61	6.0	40.2	83.67	23.02	83.68	59.14	31.06	45.25	82.02	5.0	4.47	42.19	86.38	66.48	65.03	67.12	27.29	26.25	77.1	49.4	46.65	81.02	24.21	47.42	22.02	60.02	31.78	33.24	50.0	28.3	21.93	84.85	27.51	50.16	84.39	34.67	34.89	49.66	28.16	97.84	52.15	12.37	32.25	26.31	11.7	24.33	40.25	88.6	18.44	76.54	35.38	82.71	97.25	13.04	77.39	84.01	78.64	78.31	32.45	84.76	12.04	73.41	83.44	102.3	36.12	77.79	90.74	73.11	48.27	99.76	38.6	45.22	37.8	54.92	24.84	51.08	9.22	72.53	38.9	25.94	50.77	27.31	43.84	44.1	51.09	54.12	79.85	69.08	87.42	7.62	74.03	84.86	29.68	58.31	20.81	37.64	31.02	39.12	88.87	29.15	36.89	57.25	54.13	70.68	57.01	78.82	104.35	23.35	50.29	21.1	73.93	17.46	78.92	81.1	54.92	39.82	84.29	66.85	10.2	49.09	42.54	68.26	82.64	68.15	91.02	19.31	38.08	62.8	73.39	38.95	50.33	50.7	35.85	67.9	55.47	80.89	40.5	55.07	40.5	41.73	4.47	56.04	51.11	63.16	48.51	17.8	37.48	29.43	27.86	81.44	61.4	69.12	44.72	69.72	58.59	10.0	
91.24	52.33	84.69	74.73	20.81	39.22	61.13	36.0	47.17	49.09	32.0	29.21	20.02	90.34	51.04	0.0	78.79	38.01	70.71	34.93	95.02	19.1	54.78	77.78	91.18	17.46	112.04	42.64	5.83	99.57	62.59	33.62	72.67	82.1	73.25	43.17	94.64	79.98	90.14	65.74	23.35	52.55	61.4	69.26	67.36	76.94	11.4	66.1	1.0	60.11	45.35	67.72	88.57	80.4	51.16	69.2	116.1	70.86	88.26	10.0	29.15	38.95	60.41	54.04	55.15	64.38	85.62	95.48	14.56	67.07	62.18	64.88	91.92	88.68	28.23	87.46	72.03	19.7	41.59	86.98	24.6	18.11	2.24	70.94	47.41	106.61	25.96	22.56	66.12	44.55	26.91	55.76	51.87	77.1	71.59	63.01	29.21	77.23	62.29	53.71	50.33	73.03	51.08	42.15	80.06	87.32	86.02	44.91	110.63	106.4	103.59	98.81	31.24	85.16	44.38	35.78	61.52	82.2	35.38	106.78	79.06	88.51	79.03	76.9	16.64	86.31	32.65	94.15	36.72	22.36	53.46	78.79	37.01	67.78	30.08	48.26	88.39	84.53	44.78	27.17	111.07	101.41	73.0	58.01	90.43	115.26	72.24	32.02	64.76	55.17	80.5	67.8	88.77	49.41	84.9	21.21	89.87	69.26	6.08	49.73	83.55	68.66	82.8	30.27	67.47	47.54	101.83	95.38	32.39	26.4	103.73	99.36	53.6	74.28	81.88	17.46	81.74	30.46	76.03	61.35	23.35	88.41	104.0	48.17	59.08	11.18	85.51	18.36	33.38	103.41	54.49	55.46	76.32	86.16	47.17	17.26	89.69	27.89	10.77	64.03	16.12	80.06	26.25	114.02	76.84	21.93	62.97	93.61	59.09	52.39	
35.17	51.24	60.31	65.6	91.22	85.15	81.34	72.11	56.44	31.4	51.22	70.01	72.01	58.52	36.62	78.79	0.0	71.25	10.2	43.86	41.23	61.68	24.19	21.59	65.8	93.3	43.01	39.32	75.59	53.76	64.85	59.01	41.77	29.73	88.12	51.61	27.07	32.45	14.87	13.34	100.72	55.66	23.54	26.17	39.32	94.83	86.45	15.0	78.39	30.68	62.17	14.76	10.0	25.3	41.68	19.72	48.08	43.05	66.07	84.12	66.47	53.04	83.82	38.47	32.76	27.73	72.12	34.13	90.44	57.98	17.26	13.93	53.24	13.0	61.29	62.63	15.13	81.22	37.34	30.68	65.95	63.81	77.08	8.49	31.62	54.74	61.07	67.74	83.26	40.01	53.85	44.6	29.15	95.71	33.3	34.21	50.96	26.48	27.86	25.71	39.46	84.6	27.73	88.28	5.0	65.3	88.41	49.65	41.76	53.6	47.27	50.0	49.48	70.01	35.81	88.0	85.09	98.98	48.37	44.1	83.49	49.74	19.72	98.84	71.03	8.6	51.48	18.36	42.38	68.73	43.38	56.57	49.09	11.4	64.07	32.39	10.05	7.62	54.74	69.18	44.91	34.37	82.86	35.85	49.65	50.01	7.07	71.0	47.85	32.56	41.77	20.12	73.59	32.14	14.14	75.8	19.1	61.29	83.93	86.49	101.21	47.27	18.97	50.48	67.23	31.3	48.84	56.8	67.0	57.07	55.79	32.25	44.28	26.17	7.0	96.01	69.35	84.1	86.09	18.44	57.97	33.84	39.2	40.2	42.54	82.15	20.0	97.08	67.01	50.8	35.9	51.26	10.63	8.0	37.54	76.49	14.87	79.16	79.92	18.87	62.77	35.9	61.72	45.88	41.77	99.76	32.2	40.52	52.8	29.0	
68.03	23.77	51.22	38.95	31.62	14.04	23.54	2.24	69.81	41.48	49.04	60.17	18.0	58.05	61.61	38.01	71.25	0.0	61.13	39.2	69.84	26.83	53.14	80.65	56.86	38.47	91.0	33.84	41.19	70.29	26.42	13.89	45.65	87.85	35.69	63.13	75.96	57.01	85.71	58.69	57.57	21.1	48.01	75.15	79.88	40.16	49.16	64.56	37.01	42.19	11.66	66.76	79.0	84.5	65.3	54.15	93.94	84.63	53.54	33.24	58.18	18.44	23.41	66.4	63.81	46.39	49.24	73.54	37.16	33.3	54.74	59.03	61.62	76.24	15.62	53.6	72.12	56.44	40.71	65.19	53.31	43.46	36.0	66.1	44.01	78.41	51.0	16.49	28.44	31.78	27.59	30.36	42.95	40.5	48.7	73.25	29.73	82.46	68.88	47.54	32.0	35.13	49.4	17.03	74.67	52.7	48.01	63.7	89.69	78.6	77.7	70.8	29.21	49.19	49.93	18.03	24.7	45.54	25.94	83.19	41.05	59.03	61.98	41.15	48.76	76.01	23.85	80.62	36.89	16.28	68.77	46.01	23.77	63.35	11.4	40.52	81.15	74.01	17.26	11.18	88.57	80.99	35.01	69.07	61.22	91.71	66.91	6.0	81.57	39.0	91.92	53.08	52.39	40.02	82.57	17.46	74.15	34.41	37.66	17.2	47.17	84.65	66.1	44.69	30.87	47.42	74.89	64.35	7.21	22.67	74.52	79.38	69.43	54.57	71.01	45.69	45.62	16.4	38.12	59.77	25.81	65.39	81.94	31.06	33.84	49.01	85.87	49.98	6.4	76.03	36.06	25.94	64.03	79.23	57.2	21.38	76.42	13.6	48.09	64.85	32.7	89.01	51.88	92.2	49.74	55.66	42.76	68.48	28.02	56.36	
32.02	41.11	52.7	56.64	82.01	75.06	71.31	62.03	54.08	22.14	45.34	65.0	62.59	51.89	33.84	70.71	10.2	61.13	0.0	36.06	38.0	52.92	17.8	27.46	58.67	84.5	45.28	29.83	67.96	49.5	55.07	49.09	33.42	36.06	78.39	48.33	27.73	26.25	25.0	5.83	93.19	45.54	13.34	28.86	41.3	85.09	79.06	14.04	70.24	20.62	51.97	15.3	18.44	31.62	39.56	10.63	50.12	45.71	58.52	75.39	61.4	43.0	73.74	36.88	30.81	18.03	63.89	32.76	81.71	48.6	8.6	7.62	47.43	18.03	51.62	55.23	18.79	74.97	29.15	27.0	60.21	56.85	68.88	8.94	23.32	52.01	55.23	58.25	73.35	30.15	44.94	34.54	19.65	85.96	25.0	35.01	42.15	31.76	28.0	17.0	29.27	74.95	20.52	78.16	14.32	57.69	79.4	46.62	43.91	51.04	45.28	46.17	40.5	61.85	29.83	78.03	75.03	89.36	38.83	43.97	74.2	43.66	15.0	89.01	64.44	15.81	41.98	23.6	34.0	59.23	41.98	48.41	39.32	9.06	54.23	23.09	20.02	13.93	44.55	59.41	46.1	35.34	73.25	35.23	43.97	51.08	8.6	61.03	49.01	22.36	46.62	10.63	65.6	22.56	23.32	66.29	20.81	52.01	75.58	76.3	91.59	49.25	16.49	43.86	57.69	24.08	46.01	51.24	57.04	47.8	52.15	33.11	42.95	18.79	11.18	87.66	60.88	74.24	76.55	14.56	49.04	30.02	39.56	30.07	32.65	75.0	28.43	89.07	57.01	48.01	25.71	41.23	6.71	18.11	33.54	67.19	19.21	69.35	72.8	18.0	54.59	41.15	55.97	47.89	34.13	92.11	22.47	37.01	42.94	24.6	
60.54	34.21	64.01	59.23	49.04	50.54	59.2	38.83	33.24	15.81	14.0	33.24	31.58	67.48	22.47	34.93	43.86	39.2	36.06	0.0	65.3	19.0	19.92	45.1	71.01	50.01	79.31	13.04	31.91	72.73	50.33	25.5	46.87	50.99	70.18	26.0	61.55	50.09	55.54	30.89	57.14	37.34	28.6	37.85	40.82	76.03	43.01	31.58	34.54	30.08	36.62	33.38	53.67	48.37	26.17	36.24	83.74	45.49	69.03	40.79	29.83	23.85	60.31	27.2	25.08	33.54	69.87	63.82	47.07	49.82	27.46	29.97	66.71	54.08	24.19	67.01	38.12	40.0	7.07	55.76	26.93	21.26	33.24	36.06	12.81	78.39	22.14	28.16	63.25	17.0	12.65	33.06	18.6	76.61	42.72	34.44	9.85	45.71	31.05	19.21	24.02	68.1	16.16	54.12	45.22	68.03	78.0	25.94	77.9	77.88	73.82	70.94	10.0	68.59	11.4	51.26	61.72	81.27	14.42	75.45	71.18	62.82	46.1	78.24	29.21	51.48	15.56	59.64	4.0	29.12	29.7	58.0	17.49	32.89	28.3	15.26	53.49	49.74	30.41	31.78	79.03	68.77	67.12	30.02	64.29	83.6	37.34	35.85	42.45	25.3	53.23	34.83	72.69	17.0	50.64	35.69	55.97	53.15	40.16	56.4	83.23	45.45	49.52	10.2	55.03	12.65	72.92	70.61	32.45	17.46	76.55	66.6	30.41	43.05	47.17	52.2	65.92	46.17	70.71	26.68	16.28	57.8	72.01	22.0	35.01	39.05	52.04	53.23	33.02	74.73	26.48	36.88	42.01	51.26	18.03	35.13	55.22	41.11	36.88	30.07	18.97	50.92	23.09	81.57	50.45	56.08	33.84	63.95	40.79	19.1	
6.08	46.32	29.61	42.0	99.2	82.76	66.91	71.69	90.8	49.66	78.0	98.09	80.16	23.77	70.86	95.02	41.23	69.84	38.0	65.3	0.0	75.93	53.15	62.82	31.78	104.24	23.02	53.54	94.2	13.04	49.24	63.89	24.19	70.88	68.01	84.4	17.69	15.26	51.0	43.1	118.34	48.76	37.34	66.37	79.16	74.11	105.42	52.01	94.26	35.51	58.18	53.08	38.47	66.48	76.79	30.81	24.74	83.38	33.84	96.21	94.54	57.38	70.04	74.43	68.36	31.76	42.45	9.22	101.98	40.02	43.57	45.1	16.55	31.76	68.68	30.36	55.58	104.96	58.6	11.0	92.14	86.09	92.85	46.17	53.85	14.04	87.24	75.82	66.27	50.8	68.41	40.61	47.01	75.11	23.43	73.01	66.61	67.68	66.0	48.38	44.69	64.01	54.12	84.69	45.88	33.53	61.61	82.98	22.0	13.15	8.6	8.94	64.4	40.26	63.89	87.66	70.86	76.53	59.67	13.6	59.41	15.3	23.0	79.06	94.15	36.25	62.37	30.61	61.77	76.58	79.51	30.0	58.05	47.01	69.03	50.09	43.83	35.47	53.82	74.2	19.42	16.16	62.01	73.11	13.6	21.93	45.28	72.95	87.01	40.5	82.98	32.02	42.38	48.3	53.85	82.62	24.19	41.44	98.31	78.75	78.64	87.14	22.36	75.15	48.37	56.92	8.06	18.6	69.63	68.68	14.56	16.12	80.5	22.47	34.48	109.62	41.59	86.09	64.12	52.15	71.7	8.06	14.04	46.86	37.01	102.42	60.17	112.45	69.07	10.05	40.61	43.91	32.14	43.86	69.63	85.15	30.02	82.38	100.44	56.0	80.0	77.13	88.14	23.35	20.12	116.85	32.2	1.41	42.05	61.0	
72.14	34.48	67.05	58.42	30.07	34.71	49.98	25.55	43.84	30.87	23.6	33.53	13.42	72.24	39.85	19.1	61.68	26.83	52.92	19.0	75.93	0.0	38.47	64.07	73.76	31.62	93.09	23.85	18.79	80.78	47.01	17.0	53.85	69.72	61.98	37.64	75.8	60.88	74.15	48.38	42.45	35.51	42.72	56.57	57.94	66.85	29.68	50.36	18.38	41.04	30.07	52.24	71.17	67.27	42.05	50.48	97.08	62.24	71.06	22.47	31.38	20.88	50.16	44.01	43.17	45.34	69.46	76.42	28.79	50.01	44.6	47.8	73.36	70.68	12.17	69.92	57.08	32.39	24.52	67.9	26.57	16.76	16.97	54.34	30.08	87.66	24.19	11.31	54.71	25.5	8.06	37.12	33.54	67.23	52.5	52.2	10.77	64.5	49.65	36.06	31.24	60.88	34.53	38.29	63.56	70.09	72.84	38.6	91.68	87.42	84.5	79.88	12.53	68.73	30.15	34.13	51.48	72.24	16.28	87.68	65.76	69.84	60.22	67.98	23.02	68.71	13.6	76.03	19.42	12.04	45.18	61.03	18.03	51.2	15.81	29.97	71.57	66.85	27.46	16.4	92.02	82.46	60.42	47.43	71.69	96.18	55.54	21.63	57.8	36.12	70.84	49.09	72.56	30.89	69.46	17.46	71.34	52.61	23.02	42.8	73.93	61.29	64.07	19.72	52.01	31.26	82.8	76.92	19.7	7.62	84.91	80.43	45.65	55.23	64.08	34.99	65.49	28.65	63.79	45.4	4.24	69.31	84.96	29.07	40.31	27.31	71.03	37.01	20.62	84.4	35.38	37.64	58.14	69.38	35.44	16.28	71.55	23.85	25.63	49.04	6.08	69.12	25.06	95.02	57.98	41.01	43.86	74.52	41.48	38.05	
47.54	38.9	60.73	60.54	68.47	66.22	68.6	53.45	37.66	12.21	27.59	47.2	50.0	61.98	18.0	54.78	24.19	53.14	17.8	19.92	53.15	38.47	0.0	27.51	67.45	69.86	62.97	19.31	51.43	63.13	55.23	39.56	41.23	34.89	77.83	31.32	45.28	39.12	35.69	12.04	76.54	43.19	17.12	22.8	31.38	84.29	62.27	12.0	54.42	23.41	46.65	14.04	34.13	31.38	24.0	22.36	67.74	36.36	66.41	60.64	43.6	34.93	70.46	22.2	16.49	24.33	69.78	49.4	66.94	51.31	9.85	10.63	59.14	35.38	40.45	63.6	19.24	57.38	14.04	42.45	42.45	39.66	53.14	16.16	9.22	67.08	37.48	46.04	71.7	21.95	31.06	34.21	12.04	85.04	34.23	24.19	28.07	29.53	17.8	7.21	25.46	74.95	4.0	69.64	25.3	65.46	82.2	29.83	61.59	66.29	61.13	60.41	27.0	68.03	12.04	68.07	71.85	89.14	27.66	60.93	76.06	55.15	31.02	87.46	47.01	32.2	30.41	41.04	19.1	47.04	27.07	55.36	29.41	13.0	43.93	13.04	33.62	30.61	39.12	48.51	63.53	52.84	73.55	22.14	56.04	68.43	17.46	51.42	37.0	21.1	41.01	21.21	72.09	14.21	31.06	54.01	38.6	54.92	60.08	69.86	91.29	38.48	33.54	26.4	59.03	7.28	61.19	63.13	47.54	35.01	66.37	50.61	28.07	31.14	28.32	72.11	66.19	63.51	77.1	7.0	35.13	45.12	56.8	24.84	34.13	57.98	33.24	73.01	47.8	63.15	24.41	40.36	24.41	31.38	16.49	54.08	36.77	58.42	55.76	11.7	38.9	37.01	38.21	65.51	43.57	75.59	27.2	51.97	43.42	8.0	
56.75	64.9	80.16	83.49	94.01	93.68	95.19	80.96	43.28	39.4	46.32	61.29	76.53	79.18	27.51	77.78	21.59	80.65	27.46	45.1	62.82	64.07	27.51	0.0	86.09	94.26	62.51	46.82	73.35	75.29	80.43	67.05	60.8	8.6	103.6	40.82	48.09	53.23	18.36	25.46	97.12	69.34	38.21	9.43	20.59	110.21	82.97	16.64	77.65	46.01	73.79	14.42	27.17	4.24	30.02	38.01	67.6	23.09	85.98	85.15	58.14	62.39	97.25	26.42	23.09	44.6	91.21	55.58	91.27	74.97	28.43	24.08	74.32	33.0	67.68	82.68	9.22	74.85	40.79	52.2	59.24	60.42	76.53	18.6	36.69	76.3	55.03	72.84	97.91	49.24	57.43	59.2	38.47	111.02	52.43	18.44	54.45	5.0	15.81	33.54	51.62	100.42	31.32	97.12	17.12	85.15	106.07	38.59	61.4	75.13	68.73	71.57	53.76	89.2	34.0	95.34	98.62	114.81	55.08	65.03	100.5	70.68	40.85	113.72	66.1	28.0	57.72	37.22	45.54	73.82	30.0	75.8	56.92	19.8	71.31	40.31	22.56	28.07	66.19	75.71	65.12	55.0	98.86	22.47	70.77	70.18	18.87	78.85	29.53	45.8	20.22	37.8	93.01	41.15	12.08	80.62	40.11	78.49	83.6	97.31	117.0	27.86	40.52	47.52	83.63	33.73	70.41	78.0	75.0	61.81	77.37	53.01	30.61	46.14	28.44	95.19	88.09	90.61	102.3	21.02	61.29	55.36	60.01	51.48	58.14	78.16	8.6	95.13	75.29	72.37	49.41	65.8	31.38	21.21	30.81	80.22	35.0	85.51	75.96	15.81	63.07	14.32	55.36	65.49	61.59	96.57	48.8	62.1	68.25	26.02	
35.51	39.29	7.0	18.38	88.48	66.48	44.1	59.08	102.59	58.55	85.01	103.48	72.45	8.06	84.93	91.18	65.8	56.86	58.67	71.01	31.78	73.76	67.45	86.09	0.0	95.19	53.37	58.0	92.35	22.09	30.61	57.58	26.25	94.67	40.8	95.43	48.55	33.42	78.57	61.74	113.16	38.63	50.6	86.82	98.08	45.89	102.53	71.59	90.25	44.15	46.53	73.35	66.47	90.21	90.8	48.3	53.46	102.88	3.61	89.01	100.32	52.89	47.17	89.5	83.93	43.32	12.17	40.71	93.65	24.17	60.17	63.56	15.23	60.14	62.97	4.0	77.41	105.99	66.12	37.64	96.63	88.28	88.96	67.6	63.64	30.02	92.35	68.94	41.59	54.01	68.25	38.12	56.89	46.87	34.01	91.08	67.74	90.43	84.15	60.64	47.0	37.0	66.49	67.21	70.8	4.24	31.02	94.64	52.63	31.0	34.53	25.5	65.62	10.44	74.67	72.18	47.51	47.17	59.68	42.95	30.59	17.2	46.23	50.99	95.9	63.66	61.19	60.61	67.01	69.35	94.15	13.04	56.89	67.08	61.33	58.42	71.45	62.29	46.49	65.3	48.84	47.93	35.11	89.56	18.36	49.16	67.23	61.91	104.4	47.52	105.1	48.75	11.05	56.44	79.81	73.43	53.26	22.47	92.61	59.03	49.09	105.62	48.1	81.06	26.87	67.9	30.41	14.14	59.94	66.22	25.02	47.85	95.13	39.96	60.31	102.08	13.42	72.62	36.14	69.64	70.09	35.0	45.22	49.01	36.0	100.88	85.8	106.0	59.06	30.15	45.18	36.14	55.22	70.84	82.2	76.94	58.8	70.46	99.33	74.85	79.31	99.76	93.34	52.77	24.6	111.36	40.26	31.3	32.28	75.19	
101.21	58.73	89.31	77.41	8.0	33.24	58.46	36.24	64.51	62.39	49.16	45.65	24.08	95.8	68.03	17.46	93.3	38.47	84.5	50.01	104.24	31.62	69.86	94.26	95.19	0.0	123.15	55.04	23.09	106.89	64.88	40.36	80.62	99.0	69.87	60.64	106.33	89.81	105.54	80.01	21.02	57.63	73.79	86.02	84.72	72.17	20.52	81.58	17.26	71.02	48.83	83.36	102.79	97.08	68.47	81.41	126.83	88.28	91.92	9.22	46.1	46.86	56.89	71.25	72.0	75.47	87.66	106.02	3.0	71.28	76.22	79.4	98.6	102.16	35.61	91.81	87.97	33.3	56.04	97.42	41.79	35.51	18.11	85.87	61.68	114.56	43.42	28.43	63.35	55.95	39.56	63.7	65.0	72.11	81.22	80.16	42.38	94.02	79.03	67.68	60.46	70.61	65.97	35.01	95.08	91.07	84.17	62.37	121.76	114.55	112.61	106.78	44.01	87.66	60.41	28.02	57.71	77.06	46.53	116.82	77.62	95.59	90.92	71.0	33.62	100.3	43.42	107.42	50.96	27.66	70.86	83.82	47.17	82.71	35.36	61.47	103.16	98.43	50.93	30.48	121.61	112.61	71.06	75.17	97.67	125.42	87.09	33.29	82.23	66.37	97.87	80.06	90.8	62.24	100.62	22.02	102.42	72.72	11.4	44.18	78.01	86.12	94.89	47.0	69.32	62.59	110.34	101.67	35.61	37.12	111.13	110.68	71.02	85.15	95.63	8.0	84.08	24.52	73.55	76.69	35.47	98.41	114.62	58.52	67.27	24.21	101.71	13.04	36.4	111.73	64.9	61.62	89.55	100.96	64.0	19.1	102.96	25.08	25.24	79.91	31.26	97.25	43.68	124.85	84.86	19.03	73.24	102.83	64.66	68.47	
23.09	67.23	52.24	65.01	118.85	104.4	89.81	92.7	98.9	63.66	90.21	110.11	99.32	45.71	78.72	112.04	43.01	91.0	45.28	79.31	23.02	93.09	62.97	62.51	53.37	123.15	0.0	69.43	110.34	31.62	72.01	83.35	45.88	69.07	91.0	93.48	17.8	34.01	46.01	51.11	135.28	70.23	50.91	68.88	82.0	97.05	121.66	57.38	111.4	52.2	79.48	57.58	35.36	65.19	84.17	43.14	5.1	85.33	55.9	114.62	106.51	76.66	92.91	81.15	75.24	47.8	64.78	17.46	120.67	62.8	53.25	52.84	38.47	30.08	87.66	52.61	57.97	119.21	72.25	25.94	105.0	100.57	109.99	50.7	66.71	25.55	100.0	94.87	89.27	67.62	85.15	60.84	60.83	98.05	42.49	77.2	82.88	67.48	70.84	60.44	62.68	87.0	65.22	106.57	46.1	55.73	84.01	91.68	1.41	24.19	18.97	27.89	80.81	62.65	74.89	109.0	93.77	99.32	77.01	10.44	82.22	38.05	33.24	102.02	108.47	34.93	80.0	25.32	76.38	95.72	86.16	53.01	76.03	52.8	88.68	64.35	40.11	35.44	74.25	94.02	5.0	10.63	85.0	78.77	36.12	8.54	49.4	93.47	90.71	57.01	82.15	44.55	64.33	62.94	51.09	102.22	24.6	64.38	116.04	101.14	101.4	89.82	29.83	88.24	71.34	68.6	23.09	39.29	89.89	86.4	29.97	12.73	87.09	38.01	36.4	127.8	64.28	106.93	87.05	59.48	88.87	25.63	9.22	64.64	57.27	118.09	57.01	130.1	89.44	23.77	58.25	65.19	38.59	41.3	78.77	104.31	28.16	102.86	115.97	61.47	96.26	76.16	100.8	3.0	42.2	133.96	49.93	24.08	63.89	69.84	
49.2	22.36	51.0	46.84	52.2	47.07	50.25	34.21	45.35	8.0	27.02	46.1	32.76	54.45	30.81	42.64	39.32	33.84	29.83	13.04	53.54	23.85	19.31	46.82	58.0	55.04	69.43	0.0	41.04	60.17	38.95	20.4	33.96	54.13	60.31	38.08	52.01	38.28	53.0	26.08	65.86	26.08	18.87	41.68	48.08	66.53	52.35	30.81	42.01	18.03	27.8	32.98	48.27	50.7	35.85	26.63	73.55	53.04	56.08	46.07	42.76	15.65	51.86	35.81	31.83	22.02	57.27	53.08	52.33	37.36	22.09	26.0	53.85	47.17	22.02	54.0	38.33	51.48	8.94	44.69	39.56	32.65	40.61	33.02	10.3	66.19	34.93	28.44	53.76	4.12	15.81	20.22	10.2	67.21	30.41	41.04	13.45	48.75	35.81	14.04	11.0	57.8	15.65	50.45	42.01	55.08	66.65	37.64	68.01	65.76	62.13	58.6	11.4	55.9	18.87	49.25	53.26	71.59	9.06	64.54	60.03	50.0	36.4	69.31	40.71	45.61	12.17	52.39	9.06	29.43	39.45	45.01	10.2	30.07	25.08	7.0	49.37	43.68	20.52	30.0	68.59	58.8	56.61	37.54	51.55	72.92	34.0	32.39	51.61	13.04	59.2	25.24	60.02	7.28	49.25	36.5	47.51	40.8	46.87	50.57	73.66	54.04	40.22	23.19	43.38	14.21	60.9	57.72	28.44	18.03	64.08	56.73	40.31	31.89	40.8	58.83	53.37	45.01	60.22	25.96	19.72	46.4	61.52	9.06	22.0	49.04	52.17	60.8	28.64	62.65	13.6	24.7	34.54	47.27	26.93	37.36	47.93	40.0	47.01	31.02	26.87	55.76	35.9	71.45	37.64	64.54	21.47	52.15	28.46	23.43	
90.14	53.14	85.7	76.49	26.63	43.86	64.63	39.32	41.44	46.86	27.17	23.43	23.35	91.0	46.27	5.83	75.59	41.19	67.96	31.91	94.2	18.79	51.43	73.35	92.35	23.09	110.34	41.04	0.0	99.48	64.63	34.93	72.56	77.32	76.79	37.66	92.76	79.03	86.38	62.77	25.24	53.85	59.46	64.63	62.13	80.81	11.31	62.39	6.4	58.9	47.38	63.91	85.48	75.8	46.01	67.27	114.55	65.49	89.56	15.81	23.32	39.56	64.13	49.01	50.49	63.03	87.48	94.11	20.25	68.41	59.36	61.77	92.13	85.98	29.61	88.54	68.01	15.3	38.83	85.7	18.79	13.04	6.4	67.54	44.65	106.23	20.4	25.0	69.58	43.42	25.81	55.9	49.68	81.02	70.8	58.03	27.66	72.56	57.71	51.04	49.65	76.32	47.89	46.96	76.56	88.6	89.05	39.46	108.93	105.95	102.8	98.48	29.83	86.88	40.5	40.82	65.31	86.12	34.67	105.55	82.02	88.59	77.16	81.04	10.82	83.35	32.25	91.53	34.21	25.02	48.17	79.71	36.72	64.4	32.14	46.1	85.0	81.63	45.88	30.07	109.62	99.72	76.16	53.04	90.43	113.95	68.88	35.23	59.23	53.91	75.24	65.86	90.61	47.42	80.96	25.3	87.62	70.83	11.7	54.08	87.56	63.15	80.81	25.96	69.58	44.29	101.26	95.71	35.0	26.4	103.59	97.62	48.26	72.92	79.08	22.02	83.55	35.36	79.31	57.78	22.83	87.32	102.55	47.43	59.06	8.54	81.25	21.84	36.0	102.9	53.6	56.3	73.82	82.76	42.58	21.54	87.09	32.31	7.07	60.08	14.21	75.0	20.62	112.43	76.66	24.19	62.01	92.8	60.08	48.38	
18.79	48.17	22.56	36.69	101.12	82.1	62.97	72.35	100.6	57.72	86.13	105.95	82.98	15.13	81.1	99.57	53.76	70.29	49.5	72.73	13.04	80.78	63.13	75.29	22.09	106.89	31.62	60.17	99.48	0.0	46.53	66.84	26.93	83.49	61.81	93.9	30.61	24.02	64.01	54.15	122.64	49.52	46.39	78.26	90.8	67.36	110.45	63.51	98.74	42.72	58.8	64.78	51.48	79.06	87.09	41.0	31.4	95.19	25.0	99.49	102.49	60.8	66.13	85.01	79.0	39.81	34.0	22.02	104.89	37.74	54.0	56.14	8.94	44.78	72.01	22.09	67.68	111.4	66.48	23.09	99.62	92.7	97.35	58.05	62.37	8.54	94.87	78.87	61.4	56.86	73.82	43.83	55.32	68.36	30.08	84.38	72.45	80.08	77.32	57.56	50.09	57.87	63.51	83.53	58.52	25.02	53.08	92.66	31.02	9.22	12.65	4.24	70.21	32.02	72.99	87.42	66.73	69.03	64.88	21.19	52.15	11.31	34.71	72.44	100.72	49.19	67.23	43.6	68.95	79.51	90.02	25.5	62.77	58.55	71.59	57.97	56.82	48.33	55.97	76.42	26.93	27.8	55.9	84.05	9.22	27.07	57.27	74.28	98.33	47.43	95.34	42.01	33.14	56.04	66.71	84.9	37.22	38.01	102.2	76.48	71.01	98.73	34.79	82.86	44.38	65.92	8.54	8.0	71.42	73.25	4.24	28.32	91.02	32.02	47.17	112.93	34.23	86.68	57.43	63.07	76.66	19.92	24.19	52.33	40.5	107.91	73.01	116.21	70.71	8.06	46.62	45.28	44.15	56.8	79.4	87.86	43.05	83.55	106.07	67.36	85.48	89.56	95.82	30.81	22.83	121.02	38.9	13.42	42.45	71.11	
49.25	16.64	25.5	12.53	57.98	36.12	18.0	28.65	83.57	43.42	63.6	79.51	43.01	32.8	69.64	62.59	64.85	26.42	55.07	50.33	49.24	47.01	55.23	80.43	30.61	64.88	72.01	38.95	64.63	46.53	0.0	30.02	27.02	88.73	23.32	76.32	60.03	40.05	79.62	55.22	83.57	13.0	42.44	77.78	86.21	30.02	73.98	63.89	61.61	34.67	17.26	66.07	69.89	84.65	74.79	45.19	73.98	91.21	27.2	59.24	76.79	27.46	21.02	74.63	70.21	37.12	23.09	55.23	63.51	9.22	52.01	56.4	37.59	65.25	35.13	27.59	71.22	79.23	47.89	48.0	72.44	63.13	60.42	62.68	48.01	55.01	68.88	40.02	18.68	34.99	43.42	21.26	43.19	30.89	33.73	79.03	43.93	83.63	73.0	48.1	29.83	20.0	52.63	37.2	69.35	26.4	27.73	76.16	70.86	55.46	55.97	47.93	42.2	22.85	57.8	41.73	22.0	34.41	36.4	62.82	21.1	35.85	49.48	34.01	70.0	66.73	36.67	68.25	46.62	40.26	78.39	21.1	33.24	60.8	32.56	42.8	73.54	64.85	20.4	35.74	68.66	63.2	18.44	76.03	38.08	70.88	62.97	31.78	90.43	34.71	96.21	44.72	26.25	41.23	78.39	43.46	60.83	8.6	63.25	29.97	36.62	92.66	53.15	59.2	5.0	52.43	52.55	39.66	30.36	40.05	50.61	62.07	79.26	41.23	62.03	72.01	19.31	42.01	21.93	60.14	44.05	47.1	62.8	30.81	22.47	72.99	83.22	76.16	29.41	53.31	31.14	14.87	55.15	72.09	65.86	47.17	64.76	39.96	71.7	65.8	53.0	91.93	69.87	72.57	30.07	81.71	32.65	48.05	12.21	61.4	
61.03	18.87	51.08	41.59	35.51	26.68	34.48	13.93	57.14	28.28	36.36	50.01	16.28	56.82	47.8	33.62	59.01	13.89	49.09	25.5	63.89	17.0	39.56	67.05	57.58	40.36	83.35	20.4	34.93	66.84	30.02	0.0	40.31	74.09	46.1	50.22	67.12	49.65	73.11	46.04	56.08	18.97	36.5	61.33	66.03	51.48	44.94	51.2	32.7	31.95	13.15	53.37	67.36	70.84	51.66	43.42	86.82	70.8	54.71	32.65	47.54	6.71	35.23	52.63	49.93	36.4	52.61	66.04	38.18	33.53	42.05	46.17	58.82	65.31	5.39	53.85	58.69	49.25	26.83	57.45	42.95	33.38	31.38	53.24	30.36	74.33	39.85	12.04	38.91	19.0	14.76	23.35	30.07	51.97	41.05	59.36	16.4	68.71	55.01	34.37	21.19	44.6	35.74	30.08	62.07	53.76	56.09	50.61	81.99	74.28	72.25	66.53	15.56	51.97	36.06	29.02	36.62	56.82	12.08	76.61	49.03	55.61	52.2	53.25	40.01	64.5	10.0	70.09	23.02	12.73	55.17	45.19	10.2	50.36	5.39	27.29	69.03	62.51	11.18	10.77	81.54	72.95	43.97	55.22	57.63	85.21	54.15	12.04	67.94	27.89	78.03	42.2	55.73	27.07	69.58	18.87	64.2	35.9	35.51	31.06	58.67	70.94	56.3	31.91	35.01	33.62	70.01	62.13	8.06	10.44	71.06	71.12	55.87	45.62	59.54	46.1	48.66	25.18	47.43	46.32	14.32	58.25	74.63	19.65	26.91	43.42	72.57	49.41	8.25	71.42	25.63	21.95	52.77	67.01	43.42	21.26	65.73	20.4	41.98	51.24	23.02	75.13	40.8	84.91	44.55	54.38	33.54	62.48	25.5	42.49	
