210
0.0	85.7	63.01	80.95	77.83	85.21	75.0	41.23	45.04	72.86	43.83	32.57	82.22	55.54	68.68	76.79	36.01	84.4	73.76	51.66	79.2	42.49	87.02	88.32	100.17	81.34	13.34	104.66	52.2	86.03	58.6	51.89	86.38	44.2	37.7	43.91	14.32	60.9	76.28	92.28	39.29	36.69	51.48	68.71	90.48	34.06	87.66	64.01	9.22	88.81	89.07	30.41	65.0	91.79	14.56	44.78	60.3	64.2	46.87	104.81	53.37	72.01	97.62	103.41	91.59	22.09	81.02	58.59	99.62	70.71	60.0	92.03	65.44	23.35	44.6	43.14	71.42	75.82	62.82	100.85	104.09	27.07	41.88	48.04	95.88	73.01	39.56	99.64	19.92	93.74	74.52	101.02	15.13	114.49	116.28	70.33	71.59	74.06	40.8	70.8	80.01	46.87	113.6	61.4	70.0	95.75	112.4	67.42	90.47	21.02	107.2	98.79	45.8	91.55	109.66	38.01	36.89	51.08	49.82	42.45	93.13	51.66	62.0	104.18	84.48	53.01	31.38	70.71	82.02	22.02	13.0	112.73	112.81	74.73	48.37	63.0	62.8	62.48	57.71	79.25	91.79	57.22	53.14	46.17	104.75	83.67	103.85	31.91	43.0	75.13	38.91	110.57	54.04	34.71	19.42	65.22	31.62	29.53	31.4	59.24	84.72	36.14	68.03	59.94	29.07	61.27	43.32	101.08	31.4	58.26	88.23	81.01	101.59	29.0	18.97	53.15	59.4	34.44	82.22	70.01	58.31	78.1	72.78	58.14	54.08	45.54	78.29	44.28	58.18	104.0	80.45	70.88	93.13	90.71	67.36	51.97	56.22	27.8	44.65	101.98	83.86	102.46	62.37	58.0	55.97	53.54	27.8	25.08	30.36	68.41	
85.7	0.0	22.83	85.01	84.02	2.83	93.65	65.76	52.84	99.64	80.96	70.46	10.82	63.32	67.19	37.34	60.22	68.88	32.02	35.47	81.01	52.95	52.5	27.78	77.49	19.65	73.41	98.49	66.41	77.65	86.4	35.38	20.59	83.19	49.52	50.01	72.62	41.3	91.35	94.43	66.73	69.12	36.12	73.33	22.02	88.75	3.16	49.5	79.26	4.12	91.27	94.2	32.25	41.18	75.13	72.5	55.11	68.73	80.62	36.06	40.71	93.06	45.22	30.89	96.25	98.29	95.13	44.18	27.46	100.22	49.24	24.08	91.22	97.62	43.93	43.86	21.21	14.14	34.48	16.28	70.66	72.12	79.61	55.04	12.0	31.0	58.05	14.56	66.84	8.06	97.02	25.5	76.49	32.06	33.24	83.6	17.03	90.55	48.17	91.08	73.17	112.61	31.06	40.31	91.24	17.89	32.14	18.44	31.91	91.29	81.02	24.19	95.71	83.19	97.42	80.62	48.83	72.11	36.24	86.77	57.38	37.36	48.84	27.86	41.11	99.4	93.01	21.1	51.2	67.9	75.18	100.88	99.3	28.02	37.64	48.66	88.53	24.35	77.62	14.32	9.49	45.22	111.41	57.14	29.15	13.93	35.23	57.94	115.42	61.07	47.51	97.72	86.98	55.23	80.66	87.86	71.03	93.41	66.4	30.53	33.24	63.35	50.09	26.91	94.02	26.4	105.69	20.4	58.73	28.23	24.7	50.01	87.36	63.78	75.66	33.62	94.56	51.86	74.33	49.01	27.66	98.62	32.0	76.4	36.06	48.55	81.0	66.12	28.28	57.43	94.13	68.07	48.3	31.06	20.4	78.43	45.54	57.98	47.3	94.37	91.01	93.62	99.62	49.73	34.99	102.04	59.93	65.05	64.85	66.19	
63.01	22.83	0.0	76.92	75.19	22.2	82.49	48.27	35.51	87.02	63.79	51.08	20.25	50.09	57.97	36.07	40.85	64.88	29.7	13.15	73.08	32.02	53.08	36.4	77.2	26.25	50.99	94.81	52.01	72.5	72.11	15.52	30.81	65.97	28.02	29.02	50.25	26.4	80.89	87.92	48.76	50.6	16.49	63.35	34.53	69.35	25.08	40.16	56.44	25.81	84.43	73.93	19.21	47.17	52.33	55.9	43.93	57.87	64.13	50.8	25.02	81.22	52.84	47.17	89.19	76.69	85.33	28.3	43.19	87.01	38.08	36.67	78.0	76.22	23.77	21.19	14.04	14.32	24.17	38.63	73.54	50.01	62.1	39.12	33.84	28.28	37.0	37.16	44.55	30.89	85.21	43.0	53.71	53.6	55.08	72.69	10.44	79.63	27.73	79.23	66.85	93.02	52.63	25.61	79.16	36.12	52.61	6.08	40.31	70.0	82.33	41.01	77.79	78.72	95.52	62.3	26.25	57.14	13.42	68.96	59.4	16.03	38.6	46.01	43.28	82.46	72.95	13.04	49.82	46.23	52.35	99.13	97.94	27.02	15.81	38.9	75.01	4.24	64.0	18.38	30.08	32.56	93.05	37.66	47.0	25.08	49.82	35.44	94.87	55.04	25.61	96.04	71.57	34.48	59.41	75.03	51.48	73.06	46.52	15.52	37.74	42.05	42.54	9.22	73.57	10.77	86.33	40.61	37.74	6.0	34.48	48.41	85.23	43.05	54.2	11.18	79.51	29.73	68.54	42.49	7.07	87.46	29.0	63.01	19.0	30.59	72.8	46.53	9.0	64.07	84.34	59.48	52.8	39.92	7.0	63.29	32.39	35.23	26.0	90.79	82.71	90.35	84.59	37.66	19.1	84.9	37.16	43.6	42.76	57.01	
80.95	85.01	76.92	0.0	3.16	87.05	14.42	41.87	47.43	23.02	37.95	49.09	91.55	30.0	18.97	48.17	50.91	19.72	53.0	79.62	4.0	91.84	38.08	62.37	27.73	66.12	71.28	23.71	31.11	12.04	25.08	64.08	67.6	38.33	63.01	90.14	70.46	99.32	10.82	12.04	43.42	45.22	63.16	14.42	69.23	51.2	84.02	36.88	83.76	89.0	8.49	58.86	94.92	52.55	85.0	36.36	33.24	20.25	34.79	71.18	52.92	16.55	54.12	74.67	12.53	71.59	11.66	99.73	73.38	25.55	38.9	68.66	21.38	69.43	60.03	78.55	90.71	88.28	53.15	89.27	38.01	94.85	39.56	42.44	85.71	54.01	94.02	89.94	68.25	89.2	18.6	77.2	87.2	92.36	94.58	11.18	85.91	12.08	59.08	15.81	12.65	63.64	92.03	98.9	16.76	78.45	87.66	74.53	60.17	65.52	33.84	75.69	45.0	13.34	29.12	43.66	70.21	30.23	75.58	41.77	38.28	83.63	38.33	79.06	47.54	41.44	56.89	89.74	36.4	62.8	83.01	31.95	32.28	57.0	67.98	38.08	22.02	80.65	23.26	92.07	82.39	44.6	55.54	99.62	78.43	72.11	70.77	84.39	72.25	24.08	65.46	30.08	30.15	58.14	61.74	19.03	49.93	59.03	52.01	61.4	55.11	95.67	35.23	67.72	60.02	66.22	58.14	83.2	58.69	78.77	65.12	37.11	23.02	56.73	62.27	78.79	30.41	66.22	12.53	36.06	70.52	17.69	53.01	22.83	58.87	51.62	4.12	105.12	68.31	49.68	10.82	17.46	46.96	61.13	83.68	29.15	44.94	73.59	87.66	21.19	6.0	21.84	32.57	39.56	58.19	43.74	80.66	61.07	91.24	19.92	
77.83	84.02	75.19	3.16	0.0	86.0	12.73	38.95	44.94	21.26	34.79	46.04	90.27	27.46	17.26	47.52	48.1	20.62	52.09	77.47	4.24	89.31	38.47	62.1	30.08	65.38	68.24	26.83	28.32	13.89	22.02	62.03	67.08	35.17	60.46	87.66	67.42	97.17	9.22	14.87	40.46	42.2	61.1	12.08	68.88	48.05	83.15	35.36	80.71	88.05	11.4	55.73	92.97	52.8	82.01	33.29	31.32	17.89	31.62	71.55	50.92	14.42	54.71	74.85	15.0	68.45	11.4	97.51	73.39	23.6	37.11	68.41	18.68	66.29	57.71	76.16	89.05	86.83	51.62	88.84	39.96	91.97	36.4	39.96	85.16	53.04	91.4	89.44	65.3	88.46	16.97	77.16	84.2	92.48	94.7	8.06	84.34	10.0	56.6	13.42	13.04	60.83	92.11	96.77	14.32	78.1	87.85	72.99	60.08	62.36	36.4	75.58	42.01	16.12	32.28	40.5	67.68	27.2	73.41	38.64	39.2	81.44	36.67	79.12	47.43	38.64	53.76	88.07	36.4	59.82	80.0	35.11	35.44	56.08	65.8	36.5	19.1	78.85	20.12	90.67	81.74	42.72	52.89	97.08	78.55	71.34	71.11	81.69	69.35	23.54	62.97	33.24	27.07	55.44	58.6	16.12	46.87	55.9	49.04	59.67	54.82	92.96	34.01	65.97	56.89	64.54	55.23	82.97	55.9	76.84	64.76	37.0	26.0	53.81	59.17	76.69	27.66	63.6	13.45	35.01	68.68	16.64	52.04	19.72	56.92	49.24	3.61	102.45	66.48	50.93	10.44	16.03	47.51	61.03	82.0	26.0	43.01	70.84	85.23	24.35	7.62	25.0	30.08	37.64	56.32	41.0	77.9	58.14	88.46	18.25	
85.21	2.83	22.2	87.05	86.0	0.0	95.43	66.64	53.67	101.27	81.94	71.02	8.06	64.76	69.07	39.62	60.75	71.2	34.13	34.44	83.05	51.42	55.03	30.53	80.06	22.14	73.11	100.9	67.72	79.91	87.8	35.61	23.32	84.17	49.52	48.51	72.35	39.12	93.19	96.63	67.54	69.84	36.4	75.17	24.84	89.36	5.83	51.24	78.55	3.61	93.43	94.63	30.07	43.91	74.3	73.54	56.72	70.46	81.71	38.83	41.63	94.76	48.01	33.62	98.41	98.35	97.05	42.05	30.23	101.79	50.8	26.91	92.76	97.74	44.2	42.94	19.03	12.0	35.9	18.03	73.36	70.84	80.53	56.08	14.14	33.06	56.52	16.12	66.6	9.22	98.73	28.18	75.59	34.0	35.06	85.38	15.3	92.35	48.41	92.78	75.33	113.21	33.0	38.12	92.91	20.59	34.37	18.44	34.67	91.44	83.67	26.93	96.61	85.51	99.93	81.41	48.41	73.38	35.51	87.66	60.01	36.06	50.49	30.46	43.66	100.46	93.48	19.0	53.6	67.9	74.43	103.41	101.84	30.15	37.48	50.36	90.03	23.26	79.08	11.7	12.08	46.57	112.25	55.33	31.78	16.55	38.01	56.86	115.8	63.2	47.38	100.24	88.23	55.44	80.81	89.44	71.56	93.81	66.85	31.3	35.85	61.85	52.01	27.2	94.4	26.93	106.33	22.8	58.9	27.29	27.46	52.39	89.84	64.03	75.74	32.65	95.88	51.66	76.53	51.01	27.59	100.4	34.06	77.88	36.72	49.24	83.02	64.28	28.43	60.22	96.05	70.01	51.0	33.84	18.97	79.7	46.84	57.43	45.88	96.77	93.05	96.05	100.96	51.2	35.78	103.08	59.06	65.12	63.57	68.07	
75.0	93.65	82.49	14.42	12.73	95.43	0.0	40.31	49.34	8.6	31.24	45.45	99.02	32.56	26.68	58.24	50.12	33.3	62.17	82.97	16.97	92.57	50.77	73.39	42.06	75.71	67.18	33.14	31.62	26.4	16.4	68.25	77.88	30.81	64.08	91.29	66.48	102.49	3.61	20.02	41.34	42.2	67.27	20.4	80.01	42.49	93.06	44.18	79.25	97.74	18.11	49.4	99.25	64.88	81.34	33.02	39.0	25.02	28.32	83.73	57.56	3.16	67.12	86.76	18.25	62.39	6.32	102.46	85.09	11.18	45.0	79.71	9.85	60.17	62.64	80.41	96.52	95.05	60.01	99.72	52.43	92.46	33.3	44.64	95.8	62.97	94.02	100.17	65.44	98.66	4.24	88.77	83.45	104.28	106.51	10.05	92.2	3.16	60.75	4.24	25.61	51.01	103.87	102.2	5.0	89.19	99.74	81.06	71.69	57.25	47.93	87.09	33.96	27.31	40.0	37.01	71.18	28.18	78.85	33.12	51.86	86.68	45.04	90.87	59.09	29.07	47.54	95.52	48.3	59.67	79.21	42.11	43.01	66.1	71.31	45.1	12.21	85.84	20.12	99.02	92.2	50.09	42.3	100.18	90.38	81.58	83.24	83.86	60.03	34.93	66.85	41.0	21.1	58.14	55.61	9.9	46.1	49.77	49.41	67.19	66.13	94.87	43.74	73.33	50.7	72.17	46.17	94.24	57.8	83.36	75.89	48.75	36.14	54.64	57.31	82.46	18.25	66.64	26.17	45.12	75.66	5.0	61.98	20.62	63.64	54.12	16.28	104.62	73.55	63.66	6.08	26.25	59.91	72.62	89.45	24.21	50.16	72.72	89.16	32.02	12.17	33.06	19.1	45.04	63.39	31.0	79.61	58.6	89.87	27.66	
41.23	65.76	48.27	41.87	38.95	66.64	40.31	0.0	13.0	42.06	15.52	9.0	67.68	14.32	27.51	41.68	9.85	43.17	41.23	45.04	39.41	52.39	47.68	56.4	58.94	53.08	29.97	65.22	11.18	45.19	25.96	32.76	57.28	17.72	24.52	51.26	29.07	63.79	40.22	53.81	2.0	5.1	31.78	28.3	60.88	24.08	66.37	25.63	42.49	69.77	50.33	31.06	62.01	55.54	43.27	8.06	20.4	23.26	16.03	71.87	25.06	38.01	60.75	72.2	53.74	39.85	45.22	63.35	69.03	41.23	22.36	61.72	32.89	38.28	25.08	41.0	61.81	62.36	32.65	77.01	63.2	53.04	13.93	11.31	72.2	41.11	53.71	76.61	26.4	72.72	41.63	71.59	45.49	87.0	89.11	32.65	58.69	38.28	22.02	36.24	39.0	47.51	86.28	63.64	35.78	68.62	83.63	49.04	57.14	32.28	65.97	69.43	29.97	51.0	69.46	15.0	31.32	12.21	41.01	21.02	53.24	48.26	24.17	74.52	47.93	34.21	29.41	60.83	42.76	21.1	41.34	72.72	72.56	43.86	34.06	25.08	29.73	50.64	20.25	66.48	68.01	22.67	45.65	59.93	74.65	57.63	71.02	43.57	51.86	34.13	27.46	70.33	24.08	18.03	24.02	30.87	10.0	30.53	10.3	35.34	50.77	54.64	29.12	40.16	31.38	39.92	40.46	74.28	17.49	47.27	57.49	41.98	60.84	14.87	22.36	45.0	32.06	26.57	41.23	31.32	41.23	44.72	40.46	20.0	30.08	17.72	38.6	64.35	39.56	64.94	44.41	29.73	55.08	57.69	55.11	16.76	21.93	32.45	49.34	62.13	45.97	62.43	37.01	20.59	30.87	36.69	39.41	19.21	49.82	27.2	
45.04	52.84	35.51	47.43	44.94	53.67	49.34	13.0	0.0	52.61	28.46	18.44	54.71	17.49	29.7	32.28	9.49	43.05	30.41	33.73	44.2	44.41	42.19	45.65	58.59	41.11	32.02	69.31	17.72	47.51	37.05	20.1	45.61	30.68	15.62	42.72	31.02	53.16	48.47	59.41	13.89	16.4	19.1	33.02	49.41	36.24	53.54	19.24	43.57	56.82	55.8	42.45	50.36	47.07	42.72	20.4	17.0	27.2	28.64	61.74	12.21	47.54	52.77	61.4	59.91	49.24	53.31	53.14	57.98	52.24	15.13	50.48	43.42	48.02	13.34	31.3	49.25	49.48	20.62	64.54	60.44	49.74	26.93	5.0	59.67	30.02	46.75	64.03	26.31	59.91	51.42	60.22	44.92	75.29	77.34	40.31	45.89	46.82	11.66	45.61	41.11	60.0	74.52	52.89	45.35	56.64	72.2	36.06	47.01	41.68	65.31	58.01	42.95	53.81	72.35	27.78	22.8	22.09	29.61	34.01	48.51	37.36	17.12	63.25	39.62	47.13	41.01	48.26	37.22	23.02	41.23	75.82	75.29	32.45	22.2	18.11	40.31	38.12	29.61	53.6	55.44	12.37	58.59	52.2	63.51	45.28	60.84	37.54	63.64	32.65	18.03	73.11	36.12	12.08	31.78	40.79	19.21	41.77	15.65	22.36	40.85	48.84	23.35	27.2	42.52	26.93	53.01	62.29	14.32	35.0	46.32	36.12	62.8	16.12	28.16	33.38	44.1	19.1	43.28	25.18	28.44	54.12	29.53	28.86	17.09	5.0	43.6	58.0	26.68	59.01	52.39	31.83	48.09	47.42	42.43	28.0	11.4	27.46	40.31	65.76	52.48	65.8	49.16	13.15	17.89	49.65	34.41	20.0	45.0	29.0	
72.86	99.64	87.02	23.02	21.26	101.27	8.6	42.06	52.61	0.0	30.23	45.65	104.39	37.01	33.62	65.19	51.87	41.73	68.68	86.31	25.5	94.34	58.82	80.62	50.61	82.28	66.4	40.05	35.13	35.0	16.16	72.25	84.76	29.21	66.48	93.3	65.8	105.54	12.21	27.29	42.72	42.95	71.25	27.31	87.09	39.2	99.25	50.22	77.99	103.75	25.96	45.28	102.96	72.72	80.6	34.18	44.55	31.05	27.78	91.59	62.01	7.21	75.21	94.41	25.08	58.18	13.34	105.26	92.57	3.0	50.49	86.93	9.22	55.95	65.92	82.97	101.04	100.08	65.49	106.57	61.03	92.36	32.45	48.26	102.49	69.38	95.34	106.9	65.51	105.02	4.47	96.18	82.62	111.8	114.04	17.0	97.01	11.31	63.56	8.94	33.97	44.18	111.36	105.32	8.54	96.21	107.35	86.09	79.16	53.82	56.36	94.43	29.07	35.78	47.27	35.61	73.38	30.59	82.2	30.41	60.21	89.82	50.8	98.39	66.65	23.09	43.57	100.04	56.08	59.68	78.41	49.04	50.16	72.53	74.81	50.99	12.37	90.14	23.09	104.12	98.76	55.15	35.0	101.77	97.95	88.06	91.07	85.0	53.46	42.54	69.38	48.26	19.42	60.08	53.76	12.0	46.14	45.79	50.09	72.03	73.41	95.71	50.29	78.0	46.65	77.03	40.02	101.39	59.24	87.37	83.01	56.44	44.27	55.46	56.22	85.99	13.6	68.62	34.66	51.87	80.06	7.0	68.41	24.02	68.03	57.56	24.76	105.55	78.03	72.12	13.6	33.54	68.01	80.06	94.02	25.3	55.08	73.82	91.39	39.46	20.25	40.61	12.37	50.25	68.0	24.52	80.5	59.06	90.43	34.54	
43.83	80.96	63.79	37.95	34.79	81.94	31.24	15.52	28.46	30.23	0.0	15.81	83.17	21.63	30.59	53.81	24.0	46.27	54.56	60.03	36.88	65.25	55.95	69.3	61.0	67.2	36.24	61.47	17.2	45.18	14.87	48.27	71.06	2.24	39.01	64.54	35.61	78.23	32.45	48.75	15.13	14.04	47.3	28.0	74.41	14.04	81.41	36.88	48.08	85.0	45.69	22.09	77.06	66.29	50.45	8.6	30.61	25.5	3.16	83.87	40.31	28.32	70.83	84.9	47.89	34.13	37.2	77.52	82.02	28.65	34.66	75.01	21.93	32.06	40.45	55.23	77.28	77.88	47.17	91.53	67.74	62.13	2.24	25.94	86.82	54.67	65.79	91.27	35.36	87.71	31.14	84.9	52.5	100.57	102.73	26.93	74.22	30.23	37.12	27.02	40.0	34.21	99.9	78.16	26.25	82.62	96.9	64.51	69.43	27.66	68.01	82.81	15.0	49.82	67.05	5.83	45.28	12.08	56.08	6.4	60.41	63.01	36.07	87.69	58.82	18.68	20.1	76.3	51.43	29.53	48.27	69.89	70.21	57.63	49.37	36.8	19.1	66.1	15.13	82.01	82.68	36.62	30.81	72.42	87.68	72.11	83.1	55.36	40.25	39.85	42.01	68.01	10.82	32.06	24.41	21.4	16.16	22.02	20.62	50.7	63.03	65.8	39.41	55.66	23.02	55.36	27.2	88.24	30.41	62.65	70.77	51.0	60.02	25.96	26.17	60.13	18.03	40.31	42.01	41.62	56.75	34.66	53.91	16.03	45.54	33.24	35.9	75.64	55.08	72.8	36.62	32.39	64.41	70.09	70.61	9.06	36.06	44.27	62.97	59.14	40.25	59.77	22.56	33.3	46.24	21.19	50.7	29.15	60.37	30.81	
32.57	70.46	51.08	49.09	46.04	71.02	45.45	9.0	18.44	45.65	15.81	0.0	71.11	23.19	36.14	49.66	10.3	51.97	48.55	45.54	47.01	49.48	56.57	63.81	67.68	59.55	22.2	72.72	19.65	53.49	29.68	35.78	64.03	17.46	24.33	48.84	21.4	63.01	45.97	60.8	7.0	4.12	34.89	36.25	67.8	18.36	71.4	34.21	34.67	74.33	57.43	24.04	62.51	63.91	36.12	12.81	29.27	31.62	17.89	79.65	30.41	42.8	69.26	79.61	60.44	31.38	50.93	62.13	76.28	44.28	30.68	68.82	36.89	29.97	27.31	40.0	63.89	65.39	39.05	82.81	72.17	47.01	13.6	18.79	77.9	48.26	49.98	82.22	20.0	77.8	46.04	78.6	38.29	93.72	95.78	39.05	61.47	43.86	23.41	41.23	47.43	42.19	92.96	63.0	40.61	75.07	90.6	52.84	64.88	23.77	74.73	76.4	27.29	59.09	77.37	12.0	30.0	18.87	41.77	19.0	62.2	48.17	32.57	81.61	56.3	33.0	22.67	62.94	51.62	14.21	34.06	80.53	80.5	50.8	35.74	33.53	33.84	52.81	26.25	69.46	73.66	30.02	42.06	56.61	81.84	63.64	78.77	39.56	45.28	43.1	27.29	78.26	26.4	17.26	15.03	35.61	1.0	23.35	5.0	40.0	58.59	50.09	37.85	43.91	24.08	44.1	35.36	80.72	15.0	49.04	64.64	50.8	69.08	10.2	13.6	45.89	33.84	25.0	49.65	40.02	44.28	49.41	47.71	26.4	34.41	22.02	46.14	59.93	42.94	73.82	50.21	38.33	63.79	65.37	57.58	21.26	29.15	28.46	47.38	69.84	52.63	70.24	38.33	28.79	35.61	35.06	34.93	13.42	44.78	35.9	
82.22	10.82	20.25	91.55	90.27	8.06	99.02	67.68	54.71	104.39	83.17	71.11	0.0	67.48	73.11	45.22	60.84	76.66	39.29	30.61	87.57	45.88	61.33	37.8	86.41	28.65	70.72	106.61	70.04	85.15	90.26	35.34	30.61	85.38	48.26	43.08	70.04	32.02	97.01	101.61	68.35	70.38	36.25	79.03	32.53	89.44	13.89	55.04	75.0	10.2	98.31	94.15	23.09	51.04	70.46	75.0	60.03	74.01	83.24	46.87	43.17	98.13	55.44	41.68	103.25	96.83	101.08	35.06	38.28	104.69	54.04	34.66	95.63	96.4	43.83	39.2	12.37	6.4	39.01	25.18	80.26	65.8	81.6	57.72	21.84	38.08	50.92	23.09	64.44	16.12	102.12	36.24	71.56	41.19	42.05	89.01	10.63	96.01	47.89	96.13	80.23	113.18	40.2	31.02	96.19	28.65	41.98	18.68	42.01	90.21	90.35	34.99	97.5	90.96	106.04	82.08	46.01	75.5	32.53	88.6	66.65	31.38	54.0	38.48	50.09	101.83	93.15	12.65	59.46	66.4	70.8	109.56	108.08	35.44	36.06	54.01	92.78	19.8	81.74	4.0	20.12	49.25	112.92	49.03	39.81	23.6	46.04	52.48	115.12	68.07	45.8	106.4	90.24	54.71	79.63	92.44	71.55	93.3	66.65	32.76	42.54	56.3	56.32	27.51	93.81	27.89	106.44	30.68	57.98	24.04	34.83	58.19	95.86	63.29	74.4	29.07	98.06	49.82	81.58	55.58	26.83	104.02	39.05	80.62	37.64	49.98	87.46	57.87	28.23	67.62	100.08	74.24	57.98	41.23	14.87	81.79	49.37	54.49	40.72	102.49	97.51	101.83	103.16	54.15	37.11	104.36	55.22	63.82	58.6	72.11	
55.54	63.32	50.09	30.0	27.46	64.76	32.56	14.32	17.49	37.01	21.63	23.19	67.48	0.0	13.42	32.56	21.63	28.86	34.13	50.6	26.91	61.85	34.79	48.27	44.64	47.41	44.01	52.4	4.47	31.38	23.09	35.69	50.77	23.6	33.02	60.21	43.08	70.23	31.32	42.01	16.28	19.1	34.71	15.62	53.82	34.54	63.25	15.62	56.46	67.45	38.42	42.38	66.71	44.65	56.82	13.93	9.22	9.9	19.85	62.37	25.08	31.14	49.24	63.66	42.44	52.77	36.06	70.38	60.96	37.22	14.32	54.2	28.16	50.99	30.46	48.76	64.12	63.07	28.86	72.01	49.04	65.6	21.47	12.53	67.54	34.48	64.03	72.01	39.82	69.29	35.13	64.03	59.06	79.81	82.01	23.09	60.0	29.83	29.15	29.15	25.06	55.8	79.2	69.89	29.07	62.43	75.93	49.09	48.08	45.4	51.66	62.01	36.12	37.44	56.04	24.7	40.22	9.9	46.49	28.02	39.81	54.42	15.26	66.71	37.2	37.8	40.5	63.13	30.08	34.93	55.01	59.41	59.08	37.59	38.9	15.81	25.32	53.34	14.32	67.12	63.56	18.25	51.62	69.63	66.6	52.8	61.62	54.49	61.77	20.0	35.51	56.86	24.19	28.28	38.05	25.02	24.19	42.06	24.35	35.01	41.73	65.8	17.8	41.01	43.01	40.01	48.83	67.96	29.21	50.8	50.0	29.55	47.01	28.18	36.67	50.0	31.38	36.24	27.29	20.0	43.19	37.48	33.62	13.15	31.14	21.93	26.25	75.17	41.11	51.92	35.11	15.65	42.95	48.8	57.08	15.81	18.11	43.86	57.8	49.04	34.99	49.2	36.4	13.6	31.02	40.61	50.93	32.65	61.55	13.0	
68.68	67.19	57.97	18.97	17.26	69.07	26.68	27.51	29.7	33.62	30.59	36.14	73.11	13.42	0.0	31.62	34.99	16.03	35.51	60.83	15.23	73.88	27.02	47.01	31.58	49.03	57.38	39.62	16.49	18.03	24.84	45.19	51.24	32.02	45.28	72.01	56.46	80.5	24.19	30.41	29.41	32.02	44.28	6.32	53.49	44.55	66.48	18.11	69.86	71.25	26.83	52.61	75.96	39.82	70.24	25.02	14.32	5.1	27.89	58.6	34.01	26.57	43.14	61.06	31.38	64.07	28.0	81.01	59.06	34.89	19.92	53.31	26.63	62.13	41.62	60.22	71.81	69.58	34.37	73.08	37.22	78.82	31.26	24.76	69.12	36.35	76.42	73.5	53.24	72.01	30.36	62.61	72.47	78.29	80.53	16.76	67.08	23.54	41.11	24.7	11.66	63.07	77.83	80.06	25.08	62.63	73.93	55.73	45.65	57.0	38.64	60.84	42.95	24.21	42.8	35.13	52.4	19.03	56.82	36.4	30.41	64.88	19.42	64.88	33.29	42.44	50.64	70.83	23.35	48.33	68.43	46.23	45.8	39.46	49.24	19.24	24.84	61.68	17.0	73.44	65.51	25.63	57.14	81.69	64.5	54.92	58.01	67.21	70.23	10.0	47.51	43.6	28.3	41.23	50.64	23.02	37.11	52.47	37.7	42.45	39.81	78.52	17.12	48.76	53.46	47.3	56.46	67.78	42.44	59.81	49.4	23.43	33.62	41.59	49.73	59.93	33.24	48.8	13.89	18.44	51.55	31.58	35.36	15.65	39.92	33.42	14.87	87.69	49.34	42.94	27.0	2.24	36.12	46.53	64.76	22.14	26.0	56.85	69.4	36.07	24.74	36.12	37.54	20.62	39.22	45.22	63.89	46.07	74.52	1.0	
76.79	37.34	36.07	48.17	47.52	39.62	58.24	41.68	32.28	65.19	53.81	49.66	45.22	32.56	31.62	0.0	41.76	31.58	6.4	44.94	44.18	63.07	17.03	15.81	41.68	18.0	63.51	61.4	36.77	40.31	54.38	31.02	19.65	55.9	41.11	60.37	62.51	62.29	55.54	57.14	43.42	46.53	30.68	37.95	21.93	65.46	36.06	16.97	74.03	41.19	54.04	72.72	55.23	15.03	72.06	45.45	23.35	34.44	52.33	30.23	24.02	58.19	21.0	31.11	59.03	81.02	58.86	63.89	28.43	66.31	19.42	21.95	57.7	79.62	34.23	48.85	47.71	43.38	15.52	41.48	37.48	75.71	53.26	30.87	37.66	7.81	67.23	41.98	57.22	41.05	61.98	31.62	74.11	47.43	49.65	48.38	42.19	55.08	37.01	56.3	36.0	87.97	46.87	61.55	56.65	31.02	43.42	31.4	15.62	73.41	46.4	29.68	68.59	45.89	60.93	55.8	45.89	42.45	42.06	60.21	23.35	49.09	17.8	34.21	8.25	70.29	71.02	46.87	14.32	54.92	71.01	64.47	63.07	9.85	36.4	17.03	55.47	40.31	45.49	46.62	34.23	19.92	84.17	70.24	34.06	24.0	29.41	61.13	93.23	24.08	41.44	61.33	56.4	42.19	63.91	54.13	50.57	72.2	47.76	23.71	9.22	71.17	15.26	28.6	73.06	26.4	80.92	36.25	45.4	40.46	17.89	13.0	50.7	48.27	60.44	43.27	62.97	45.18	37.05	13.42	32.2	63.06	7.07	44.1	25.96	31.26	44.28	78.29	30.23	29.73	57.87	32.02	18.03	16.28	41.4	48.27	20.88	54.33	57.25	57.28	54.15	56.61	67.74	21.1	24.04	73.11	60.02	51.79	69.38	30.68	
36.01	60.22	40.85	50.91	48.1	60.75	50.12	9.85	9.49	51.87	24.0	10.3	60.84	21.63	34.99	41.76	0.0	49.77	39.81	36.06	48.17	42.54	51.01	55.01	65.55	50.0	23.35	73.88	19.8	53.0	35.74	25.5	54.64	26.02	15.03	41.44	22.36	54.33	49.93	62.94	9.22	10.05	24.6	36.88	58.52	28.65	61.22	28.0	35.44	64.07	59.4	34.06	53.08	56.52	35.34	17.72	24.52	31.4	25.18	71.18	20.62	47.85	62.17	70.71	63.03	39.96	54.92	53.76	67.23	50.96	24.02	59.68	42.72	38.83	17.09	31.4	53.85	55.15	29.68	72.84	68.45	44.05	22.02	12.04	67.9	39.36	43.91	72.18	18.38	67.62	51.48	69.34	37.58	84.2	86.21	42.2	51.26	48.02	13.34	46.07	46.65	52.48	83.41	54.23	45.62	65.44	81.27	42.54	56.46	32.45	72.45	67.12	37.11	59.08	77.67	21.59	21.59	21.95	32.14	28.44	57.14	39.01	26.02	72.4	49.03	42.3	32.8	52.89	46.01	14.14	33.62	81.02	80.71	41.68	25.71	27.02	39.56	42.72	30.02	59.24	63.66	21.84	52.2	50.09	72.72	53.81	70.26	33.84	55.32	39.85	18.03	78.49	33.54	8.25	22.36	40.72	10.82	33.3	6.4	29.83	50.33	45.0	32.02	33.62	33.97	33.84	45.65	71.06	7.81	39.05	55.57	45.0	68.6	7.07	18.68	36.22	41.44	16.76	48.88	34.0	34.01	54.56	38.91	29.68	24.21	12.04	47.42	54.64	32.65	68.03	54.08	37.22	57.31	56.86	47.43	26.57	20.88	22.8	39.56	70.6	55.32	70.8	46.27	22.02	25.5	44.55	29.83	11.4	40.36	34.48	
84.4	68.88	64.88	19.72	20.62	71.2	33.3	43.17	43.05	41.73	46.27	51.97	76.66	28.86	16.03	31.58	49.77	0.0	37.36	70.43	16.4	85.63	18.68	44.1	15.81	49.37	72.73	30.08	32.39	9.06	38.08	54.67	50.01	47.52	58.01	83.45	71.78	89.63	29.83	26.08	45.12	47.85	53.91	18.68	51.09	60.3	67.48	26.17	85.09	72.69	23.35	68.36	83.86	33.24	85.09	41.05	26.08	21.0	43.42	51.62	43.86	34.66	34.44	55.36	28.28	80.02	31.38	90.6	54.34	43.86	29.73	50.25	37.44	78.06	53.15	71.42	77.88	74.33	40.82	71.18	21.59	92.78	47.1	38.47	68.01	38.6	88.73	72.06	68.15	72.11	37.54	58.25	87.32	73.08	75.29	25.81	72.62	30.41	53.6	33.3	7.81	77.49	72.8	89.05	34.06	60.21	68.31	61.33	41.44	73.01	22.8	56.89	57.57	14.32	30.81	51.04	64.82	35.0	66.71	51.79	18.6	74.65	28.28	59.91	29.07	55.95	66.37	76.97	18.0	63.57	83.38	34.41	33.42	41.23	59.46	27.59	36.72	68.96	31.78	77.79	65.03	35.36	70.68	93.38	59.2	55.33	51.26	80.21	85.16	10.63	59.82	31.4	42.38	55.07	66.61	34.13	52.95	68.26	53.16	49.93	37.01	91.4	22.8	56.08	69.26	54.2	71.17	64.63	56.8	67.96	47.04	19.03	20.62	56.65	65.51	69.2	45.65	61.85	7.21	22.47	59.36	37.2	37.64	30.59	49.04	45.8	17.03	100.12	57.14	30.41	30.53	14.0	27.31	42.43	71.11	37.48	36.07	70.49	80.61	26.0	25.08	25.5	49.09	31.24	47.8	58.6	77.39	61.1	87.92	16.12	
73.76	32.02	29.7	53.0	52.09	34.13	62.17	41.23	30.41	68.68	54.56	48.55	39.29	34.13	35.51	6.4	39.81	37.36	0.0	38.95	49.0	57.38	23.43	15.26	48.02	13.6	60.42	67.36	38.01	45.89	56.8	25.71	16.64	56.73	37.05	54.63	59.44	55.97	59.68	62.51	42.8	45.8	25.5	41.77	19.85	65.3	31.06	18.79	70.35	36.0	59.3	72.2	48.84	19.42	68.03	46.01	25.06	37.64	53.41	31.38	20.4	61.85	25.5	31.06	64.28	79.65	63.29	57.63	27.8	69.57	20.0	20.52	60.75	78.39	30.02	43.32	41.34	37.16	11.05	38.08	43.84	70.86	53.76	30.0	33.84	1.41	61.68	38.28	53.94	36.5	65.73	30.41	70.01	46.01	48.17	52.17	35.85	59.03	33.24	59.91	41.19	88.39	45.34	55.23	60.17	28.3	42.45	25.0	16.76	72.07	52.8	28.28	69.53	51.66	67.12	55.9	41.19	43.83	36.25	60.88	29.7	43.05	18.87	33.3	13.89	71.85	70.6	40.5	20.59	52.2	67.12	70.68	69.32	4.0	31.05	18.36	58.31	33.94	47.85	40.5	30.08	18.6	85.28	64.4	33.42	19.42	30.46	56.09	93.09	29.07	37.01	67.54	58.31	39.05	62.17	57.25	49.4	71.61	46.07	18.03	11.05	65.8	18.44	22.47	72.42	20.25	81.32	33.84	42.45	34.21	16.28	19.24	56.86	45.88	58.31	37.22	65.3	41.01	42.43	17.12	26.08	67.08	1.0	46.52	21.1	28.46	49.01	72.62	24.19	35.34	62.29	36.22	23.71	17.09	35.0	49.93	19.42	50.01	51.48	63.25	59.0	62.63	70.21	21.26	19.1	74.63	55.33	49.04	64.33	34.53	
51.66	35.47	13.15	79.62	77.47	34.44	82.97	45.04	33.73	86.31	60.03	45.54	30.61	50.6	60.83	44.94	36.06	70.43	38.95	0.0	76.03	19.24	61.4	48.27	84.15	38.47	40.61	99.57	51.42	77.1	70.58	15.81	43.29	62.07	21.21	16.28	40.0	19.7	81.91	91.24	45.0	46.1	16.64	65.39	47.17	63.06	37.95	44.41	44.41	38.01	87.66	66.48	17.03	57.78	39.96	53.08	46.53	59.62	61.01	63.39	26.93	81.25	63.69	60.03	92.14	67.42	86.65	20.25	56.04	85.84	41.34	49.25	77.1	67.23	20.4	8.6	20.0	24.21	30.48	51.55	82.01	36.88	58.08	38.33	46.84	37.59	24.08	49.98	34.67	43.46	85.15	56.04	41.18	66.71	68.15	73.68	20.0	80.36	23.02	79.31	71.02	86.03	65.73	19.31	79.08	49.25	65.76	19.03	51.92	61.29	89.87	54.01	72.84	83.49	101.21	57.43	16.55	55.73	4.12	64.38	68.01	4.24	42.44	59.08	52.84	78.31	65.79	19.21	57.49	37.58	40.22	104.81	103.86	37.16	11.7	43.01	73.98	11.18	63.35	27.59	43.17	35.51	87.32	25.63	60.03	38.0	62.39	22.47	86.76	60.0	18.25	101.83	69.12	28.28	50.99	74.53	45.71	65.55	40.61	21.4	48.47	29.0	47.63	16.55	65.92	18.79	79.7	53.76	30.81	7.28	46.69	56.08	91.05	36.14	45.62	2.0	77.1	21.19	72.95	48.17	13.0	87.8	38.08	62.59	21.4	28.86	75.58	34.21	14.76	74.24	85.7	62.65	62.65	51.66	15.81	61.4	34.99	24.08	13.15	95.69	85.09	95.44	82.05	40.31	22.67	80.5	24.7	35.47	29.61	59.94	
79.2	81.01	73.08	4.0	4.24	83.05	16.97	39.41	44.2	25.5	36.88	47.01	87.57	26.91	15.23	44.18	48.17	16.4	49.0	76.03	0.0	88.6	34.44	58.46	26.25	62.13	69.12	25.81	28.43	9.85	25.08	60.42	63.64	37.48	59.82	86.84	68.26	95.71	13.45	15.26	41.05	43.05	59.51	11.31	65.31	50.49	80.02	32.98	81.63	85.0	11.66	58.31	91.18	48.85	82.66	34.44	29.55	17.03	33.73	67.54	49.24	18.6	50.61	70.94	16.16	70.86	15.23	96.18	69.57	27.8	35.11	64.76	22.47	68.73	56.6	75.17	86.83	84.34	49.24	85.33	35.85	92.2	38.33	39.2	81.74	50.01	90.91	85.99	65.8	85.21	21.21	73.38	84.88	88.6	90.82	11.18	82.0	14.21	55.8	17.49	8.94	64.33	88.26	95.27	18.36	74.53	83.93	70.61	56.32	64.54	32.76	71.84	45.18	13.04	30.46	42.45	67.01	28.18	72.01	41.19	35.0	80.06	34.48	75.27	43.68	42.2	56.32	85.87	32.57	60.46	80.71	33.54	33.62	53.0	64.41	34.21	22.56	76.84	21.84	88.12	78.41	40.85	56.61	96.4	74.67	68.12	67.12	81.39	72.69	20.1	62.2	31.38	30.02	55.17	60.17	19.65	47.89	58.42	49.65	57.57	51.2	92.7	31.26	63.89	59.41	62.36	58.55	79.31	55.9	75.03	61.19	33.24	23.19	54.2	60.37	75.15	31.32	63.13	9.22	32.06	66.73	20.81	49.01	21.19	55.15	48.26	1.0	102.07	64.51	46.69	14.32	13.6	43.42	57.28	79.81	27.89	41.23	70.71	84.31	22.83	10.0	23.26	34.01	35.85	54.42	44.64	77.78	58.6	88.39	16.16	
42.49	52.95	32.02	91.84	89.31	51.42	92.57	52.39	44.41	94.34	65.25	49.48	45.88	61.85	73.88	63.07	42.54	85.63	57.38	19.24	88.6	0.0	78.89	67.47	100.26	57.71	35.51	113.45	61.4	91.29	78.19	32.25	62.51	66.94	28.84	3.0	35.36	18.6	92.18	103.81	51.62	51.55	32.76	77.42	66.37	64.07	55.73	59.55	33.62	54.82	100.21	65.19	24.41	76.55	28.3	60.17	60.14	71.61	67.05	82.61	42.01	90.38	82.54	79.16	104.29	62.36	97.13	16.12	75.17	93.3	55.9	68.47	85.23	62.82	32.53	14.42	33.62	39.85	47.89	69.23	99.32	20.25	63.06	49.41	64.78	56.08	5.1	67.47	32.0	60.64	94.02	75.01	28.6	84.85	86.15	84.22	36.14	90.35	32.8	88.57	84.96	84.59	83.86	19.21	88.14	68.03	84.29	38.05	71.06	57.87	106.4	73.03	75.43	97.67	115.97	61.19	21.63	64.4	21.19	68.07	85.59	16.0	57.38	78.0	71.18	81.88	65.07	33.24	74.63	37.12	29.53	119.52	118.79	55.97	26.93	58.14	82.08	29.07	72.45	42.15	61.4	50.33	88.01	7.81	79.01	57.08	81.61	11.18	83.2	75.01	26.4	116.67	75.58	34.44	49.09	83.26	49.24	64.2	44.64	39.4	67.36	10.44	63.25	35.44	64.28	37.64	79.16	72.25	35.11	26.02	65.92	73.25	106.08	39.29	44.01	21.21	83.24	25.94	87.05	64.2	32.02	97.08	56.46	72.01	37.74	40.46	88.01	15.23	33.53	92.7	96.25	75.93	81.02	70.83	32.56	69.08	49.58	21.21	6.08	109.79	96.8	109.71	87.8	54.45	39.45	83.6	16.12	36.5	13.45	73.11	
87.02	52.5	53.08	38.08	38.47	55.03	50.77	47.68	42.19	58.82	55.95	56.57	61.33	34.79	27.02	17.03	51.01	18.68	23.43	61.4	34.44	78.89	0.0	26.08	25.08	32.89	74.17	46.39	39.22	27.66	51.86	46.65	32.56	57.7	54.41	76.32	73.17	79.21	47.51	44.55	49.65	52.77	46.14	32.53	33.06	69.29	50.7	23.02	85.71	56.04	41.98	77.16	72.25	14.56	84.53	48.7	27.29	31.62	53.67	33.11	37.7	51.61	16.4	36.69	46.87	87.32	49.66	80.72	35.69	60.61	27.07	32.0	53.08	85.62	48.1	64.5	64.64	60.03	31.06	53.0	20.62	89.81	56.08	39.0	50.16	24.84	82.76	54.04	68.47	54.74	54.92	39.62	86.68	54.41	56.61	42.01	59.08	47.71	50.0	50.0	25.5	89.55	54.12	78.49	50.61	42.0	49.65	48.41	23.02	79.83	29.41	38.33	69.46	32.06	44.92	59.46	60.17	43.86	58.25	62.17	6.71	65.6	25.08	41.23	11.4	69.4	75.27	63.82	5.0	65.07	83.19	48.38	46.82	26.63	51.97	24.08	51.62	57.31	43.83	63.06	47.52	30.81	84.05	86.28	40.52	38.6	32.7	75.77	96.18	17.03	55.36	45.22	55.22	53.76	71.57	49.52	57.56	76.84	56.08	40.0	19.42	86.33	19.0	45.34	77.79	43.19	82.76	46.17	56.44	57.31	29.15	6.08	34.93	58.03	69.12	59.82	60.21	58.52	25.63	17.03	48.92	55.07	24.08	42.44	41.18	42.95	34.89	94.02	46.86	17.26	48.75	26.17	9.22	24.02	58.41	48.37	31.78	67.72	73.25	42.3	43.66	41.44	64.35	29.07	39.45	72.2	74.0	62.13	83.93	26.4	
88.32	27.78	36.4	62.37	62.1	30.53	73.39	56.4	45.65	80.62	69.3	63.81	37.8	48.27	47.01	15.81	55.01	44.1	15.26	48.27	58.46	67.47	26.08	0.0	50.45	10.3	75.0	72.44	52.4	53.15	70.18	38.05	7.21	71.42	50.99	64.54	74.04	62.18	70.52	70.18	58.01	61.03	38.12	53.31	7.0	80.43	25.5	32.65	84.34	30.87	67.36	87.42	53.85	13.42	81.61	60.83	39.05	50.12	67.94	16.49	35.11	73.54	17.69	15.81	72.34	94.89	73.5	64.4	12.73	81.86	34.66	6.32	73.36	93.65	43.93	54.33	44.2	38.21	25.63	27.07	42.95	83.05	68.62	45.22	24.08	15.65	72.18	28.0	68.41	28.86	77.25	15.81	83.49	31.62	33.84	63.69	38.6	70.23	47.54	71.69	49.82	103.32	31.06	61.29	72.09	16.12	27.66	30.46	4.24	87.32	53.49	13.89	84.17	58.0	70.61	70.94	54.15	58.14	46.53	75.66	30.08	51.92	33.24	18.44	15.03	86.05	85.8	43.6	26.17	67.07	80.89	73.98	72.28	13.6	43.0	32.56	71.2	40.31	61.29	40.36	21.59	33.84	99.82	73.76	18.38	14.21	15.52	68.07	108.23	38.6	50.49	70.83	72.2	53.76	77.37	69.77	64.66	86.84	61.29	30.07	7.28	76.79	31.06	32.25	87.66	30.15	96.26	20.88	57.25	42.06	3.16	25.32	60.83	60.93	73.41	46.32	78.77	54.74	50.49	29.15	35.51	78.11	16.12	59.91	34.53	43.46	58.69	82.46	34.23	29.83	72.53	47.17	20.62	3.61	39.45	64.03	34.67	63.39	61.39	68.36	68.25	67.48	83.53	36.12	32.56	88.87	68.03	63.91	76.16	46.1	
100.17	77.49	77.2	27.73	30.08	80.06	42.06	58.94	58.59	50.61	61.0	67.68	86.41	44.64	31.58	41.68	65.55	15.81	48.02	84.15	26.25	100.26	25.08	50.45	0.0	57.94	88.54	23.35	48.05	16.49	50.99	68.62	57.28	62.03	73.25	97.95	87.6	102.83	38.47	27.02	60.88	63.56	67.94	33.0	57.27	75.01	75.58	40.8	100.9	80.96	26.17	83.02	96.4	37.48	100.85	56.44	41.59	36.35	58.01	53.15	58.26	44.28	36.0	58.01	29.83	95.05	38.01	104.06	58.08	53.24	44.65	55.9	48.7	93.02	68.01	85.91	89.36	85.0	53.81	76.66	11.66	108.3	62.03	54.13	74.33	49.4	103.6	77.93	83.93	79.31	46.14	62.07	103.08	75.24	77.32	37.36	83.86	39.81	68.8	43.46	21.0	90.47	75.17	102.18	44.38	65.76	70.26	72.95	46.87	88.2	7.07	61.2	71.02	15.0	20.22	66.07	79.88	50.25	80.62	66.12	20.4	88.39	43.01	63.0	36.4	68.41	81.02	88.51	27.46	79.38	99.16	23.54	21.84	51.48	73.66	42.2	48.76	81.4	46.04	88.1	72.03	50.0	82.86	107.94	62.01	63.57	53.08	95.41	98.66	25.94	74.89	20.4	55.73	70.66	82.2	45.88	68.66	83.01	68.96	63.03	44.27	106.51	37.01	68.88	84.01	66.84	84.53	69.26	72.5	80.92	53.6	28.84	11.18	72.45	81.25	82.76	57.57	77.18	19.03	36.12	72.35	44.65	48.55	45.01	62.97	61.06	27.2	115.0	70.18	26.93	37.44	29.43	30.27	47.85	82.93	52.01	50.8	85.96	95.02	19.65	30.81	18.44	60.17	46.32	61.52	70.88	92.78	76.9	103.25	31.78	
81.34	19.65	26.25	66.12	65.38	22.14	75.71	53.08	41.11	82.28	67.2	59.55	28.65	47.41	49.03	18.0	50.0	49.37	13.6	38.47	62.13	57.71	32.89	10.3	57.94	0.0	68.15	78.85	51.11	58.22	70.26	29.83	5.1	69.4	43.66	54.74	67.23	51.88	73.16	75.11	54.45	57.28	30.08	55.32	9.22	77.08	18.11	32.31	76.66	23.35	72.03	83.55	43.57	22.67	73.55	58.6	38.48	51.24	66.29	25.02	29.41	75.43	27.66	22.36	77.03	89.87	76.66	54.13	18.44	83.17	33.12	11.05	74.33	88.81	36.77	45.01	34.06	28.32	20.52	24.6	51.62	74.03	66.22	41.77	20.25	13.0	62.51	24.7	61.47	23.09	79.31	19.7	75.31	34.21	36.24	65.73	28.43	72.57	40.72	73.5	54.0	100.57	33.42	51.0	73.76	15.56	31.38	20.25	14.42	82.42	61.72	17.46	82.2	63.64	77.79	68.01	45.89	56.94	37.05	73.41	38.01	41.98	32.2	22.85	21.54	84.91	82.07	33.42	31.58	60.83	73.01	81.27	79.71	9.85	34.37	31.78	71.87	30.08	61.33	30.81	16.49	30.61	98.01	63.79	23.41	6.0	24.02	59.03	104.69	42.05	42.72	78.11	71.59	47.41	72.11	70.84	60.31	82.88	56.4	22.14	13.89	67.27	32.02	23.02	83.63	21.1	93.51	21.21	51.0	32.02	8.25	30.41	67.72	55.23	67.74	36.5	78.72	47.13	55.04	30.59	26.02	80.6	13.93	60.01	27.31	38.01	62.2	72.57	25.02	39.6	75.66	49.65	29.41	13.89	29.15	63.13	31.24	55.32	51.62	74.73	72.11	73.98	83.67	34.13	25.5	87.66	59.41	57.71	67.0	48.05	
13.34	73.41	50.99	71.28	68.24	73.11	67.18	29.97	32.02	66.4	36.24	22.2	70.72	44.01	57.38	63.51	23.35	72.73	60.42	40.61	69.12	35.51	74.17	75.0	88.54	68.15	0.0	94.87	41.15	75.15	50.99	38.95	73.16	37.2	24.6	36.14	1.0	52.81	67.94	83.01	28.18	26.08	38.47	58.18	77.25	30.36	75.21	51.16	12.53	76.69	79.63	30.02	55.47	78.52	14.21	35.0	47.85	53.23	38.95	91.48	40.02	64.38	84.38	90.14	82.62	27.31	72.86	50.96	86.38	64.64	47.1	78.77	58.14	27.51	31.38	32.45	60.61	64.38	49.48	88.2	91.78	26.4	34.06	35.36	83.22	59.67	34.01	87.09	6.71	81.4	67.36	87.85	16.28	101.53	103.35	61.22	60.14	65.8	27.51	62.94	68.94	49.16	100.65	53.14	62.24	82.73	99.32	55.0	77.13	22.36	95.51	85.62	42.38	80.95	99.36	30.81	24.76	41.05	38.21	36.72	80.4	41.34	49.09	91.0	71.25	49.4	30.15	59.82	69.18	9.22	12.04	102.58	102.47	61.4	35.81	50.09	55.23	50.93	48.41	68.01	79.08	44.05	53.24	41.01	91.55	70.66	90.52	24.33	47.8	63.06	26.08	100.24	47.01	21.38	14.32	57.28	21.4	29.02	19.7	46.1	71.39	32.25	55.23	47.17	29.0	48.37	44.01	88.12	18.11	46.69	74.95	68.12	90.8	16.28	10.3	41.87	53.54	21.63	71.18	57.14	45.8	70.84	59.44	48.6	40.85	32.25	68.26	41.77	45.49	91.02	72.18	59.62	80.02	77.37	55.9	43.19	43.05	16.64	36.06	91.92	74.81	92.28	57.31	45.1	42.72	50.6	19.42	12.04	26.31	57.01	
104.66	98.49	94.81	23.71	26.83	100.9	33.14	65.22	69.31	40.05	61.47	72.72	106.61	52.4	39.62	61.4	73.88	30.08	67.36	99.57	25.81	113.45	46.39	72.44	23.35	78.85	94.87	0.0	54.2	22.47	47.8	83.76	78.92	61.68	84.9	111.52	94.03	119.04	30.41	13.15	66.85	68.8	82.93	37.01	79.4	74.33	96.88	55.23	107.38	102.18	15.81	81.74	113.65	60.03	108.47	60.03	53.41	42.52	58.31	76.42	72.67	36.22	59.14	81.15	15.0	94.64	27.02	119.82	81.01	43.05	58.25	78.23	42.58	92.44	81.06	99.64	107.94	104.4	70.66	99.18	34.48	117.92	63.16	64.35	96.52	68.62	116.04	100.32	91.61	101.12	36.0	85.01	110.68	98.51	100.6	34.54	102.69	32.56	80.72	36.5	28.6	84.02	98.41	118.51	37.48	88.2	93.54	91.39	69.18	88.87	24.6	84.01	66.91	16.12	7.62	67.23	92.02	53.85	95.69	64.85	43.0	103.73	57.14	86.09	57.71	62.2	79.81	107.02	47.3	86.27	106.51	9.0	10.2	71.17	88.23	56.6	44.15	98.84	46.96	107.84	93.9	64.07	75.03	121.26	85.15	84.72	76.32	106.78	93.13	39.82	87.11	8.54	52.89	80.66	85.43	41.23	73.57	82.01	75.45	79.65	65.76	118.09	52.35	85.88	82.97	84.08	79.31	92.02	81.57	97.62	75.54	48.51	12.17	80.0	85.96	98.48	51.35	88.39	26.63	52.33	89.07	33.06	67.68	46.53	78.23	73.0	26.63	127.31	86.83	50.22	27.07	37.54	53.0	70.18	101.13	52.8	64.64	96.26	108.85	4.12	21.59	5.0	52.01	59.41	77.18	64.07	103.32	84.4	113.95	40.36	
52.2	66.41	52.01	31.11	28.32	67.72	31.62	11.18	17.72	35.13	17.2	19.65	70.04	4.47	16.49	36.77	19.8	32.39	38.01	51.42	28.43	61.4	39.22	52.4	48.05	51.11	41.15	54.2	0.0	34.01	20.22	37.12	54.64	19.21	32.65	59.94	40.25	70.88	30.87	43.14	13.0	15.52	36.12	17.2	57.8	30.08	66.48	19.8	53.67	70.52	39.6	37.95	67.9	49.09	54.38	9.49	13.45	12.08	15.56	66.71	27.07	29.83	53.71	67.88	43.28	48.51	35.78	70.84	65.12	35.0	18.03	58.26	26.02	46.69	31.05	48.85	66.0	65.38	31.95	75.66	53.0	63.78	17.0	13.15	71.12	38.28	63.25	75.59	37.44	72.62	33.73	68.12	56.6	83.87	86.05	22.83	62.13	29.15	29.15	27.89	27.86	51.4	83.24	70.6	27.66	66.29	80.06	51.48	52.35	41.19	55.11	66.07	31.83	39.82	58.31	20.25	39.82	5.83	47.3	23.6	44.15	55.08	19.21	70.84	41.62	33.84	36.06	65.0	34.54	32.25	52.48	61.59	61.4	41.34	39.81	19.85	23.0	55.04	12.04	69.46	67.08	21.19	47.42	69.12	70.77	56.36	65.95	53.41	57.31	24.08	35.34	59.17	20.62	27.2	34.23	23.19	20.62	37.64	21.47	37.34	45.97	64.66	22.2	43.1	38.6	42.3	44.41	71.85	27.59	52.24	54.04	34.01	49.66	25.81	33.24	50.99	28.16	35.51	30.08	24.41	45.0	36.4	37.44	11.18	33.02	22.56	27.66	74.2	43.01	56.32	34.89	18.68	47.42	53.04	59.01	12.08	20.88	42.52	57.7	51.04	35.61	51.31	33.24	17.0	33.14	36.62	49.58	30.23	60.14	16.28	
86.03	77.65	72.5	12.04	13.89	79.91	26.4	45.19	47.51	35.0	45.18	53.49	85.15	31.38	18.03	40.31	53.0	9.06	45.89	77.1	9.85	91.29	27.66	53.15	16.49	58.22	75.15	22.47	34.01	0.0	34.53	61.29	59.0	46.04	62.97	89.27	74.25	96.57	22.8	17.03	47.01	49.4	60.46	17.46	60.13	59.08	76.32	32.76	87.66	81.5	14.32	67.03	91.24	42.2	88.19	41.48	31.14	21.93	42.11	60.41	50.22	28.3	43.08	64.29	19.24	79.31	23.43	97.35	63.35	37.44	35.81	59.3	32.31	77.23	58.8	77.34	85.8	82.57	48.33	80.22	26.08	96.83	46.39	42.64	77.03	47.07	94.05	81.1	71.2	81.06	30.61	67.27	90.43	82.01	84.2	20.88	80.65	23.85	58.69	27.29	6.4	73.98	81.74	96.04	28.18	69.26	77.2	69.29	50.49	72.69	23.19	65.92	54.59	6.4	24.84	50.49	70.01	35.17	73.24	50.0	26.83	81.27	34.67	68.88	38.12	51.92	65.03	84.86	27.02	66.19	86.35	28.32	27.8	49.82	65.8	34.13	32.28	76.49	30.07	86.13	74.01	41.62	66.41	99.09	68.15	64.2	60.08	85.04	82.2	17.46	65.05	25.61	39.32	59.2	67.45	29.41	54.42	67.07	55.46	57.25	46.04	96.33	29.97	63.51	68.07	61.74	68.07	73.68	60.46	75.18	56.08	28.0	15.65	59.54	67.07	76.01	41.11	66.6	4.24	30.08	66.65	29.7	46.1	29.15	55.76	50.91	10.77	105.38	64.41	37.8	22.67	15.81	36.06	51.48	78.92	36.12	42.2	74.81	86.56	18.6	16.64	18.44	43.86	37.01	54.71	54.41	81.84	64.01	92.46	18.6	
58.6	86.4	72.11	25.08	22.02	87.8	16.4	25.96	37.05	16.16	14.87	29.68	90.26	23.09	24.84	54.38	35.74	38.08	56.8	70.58	25.08	78.19	51.86	70.18	50.99	70.26	50.99	47.8	20.22	34.53	0.0	57.0	73.36	14.42	50.45	77.16	50.33	89.63	17.89	34.79	26.57	26.83	56.0	19.72	76.16	26.57	86.33	38.01	62.94	90.52	32.02	33.96	87.37	64.38	65.19	18.03	31.78	20.52	12.04	82.98	47.27	13.45	67.94	85.0	33.62	46.84	22.47	89.27	82.66	15.3	37.34	76.32	7.21	44.64	50.25	66.94	86.05	85.59	51.92	94.85	59.46	76.61	16.97	33.02	90.47	57.27	79.2	94.94	49.65	92.36	16.4	85.98	67.27	101.79	104.01	14.0	82.3	15.65	47.68	12.21	30.68	39.56	101.24	89.44	11.4	85.0	97.65	71.7	69.4	41.23	57.71	84.06	20.1	38.01	53.94	20.62	57.28	15.0	66.48	17.09	54.92	73.98	38.08	88.48	57.49	17.89	32.02	85.05	48.1	43.83	63.03	56.52	57.07	60.42	59.21	38.48	4.24	75.01	8.94	89.68	86.54	41.23	32.65	85.62	88.23	75.77	82.33	68.88	47.68	34.83	53.37	54.92	5.1	43.97	39.2	6.71	30.23	34.21	34.0	57.56	63.25	79.65	39.12	63.29	35.17	62.51	33.54	90.43	43.08	72.03	72.2	48.08	48.01	39.36	41.01	70.35	8.6	52.5	32.28	41.05	65.07	19.85	56.36	10.3	53.15	42.05	24.08	89.47	63.13	67.42	21.95	25.81	60.96	70.21	79.1	9.22	41.0	57.7	75.29	45.89	26.25	46.69	13.42	36.69	53.34	20.59	64.41	43.05	74.43	25.5	
51.89	35.38	15.52	64.08	62.03	35.61	68.25	32.76	20.1	72.25	48.27	35.78	35.34	35.69	45.19	31.02	25.5	54.67	25.71	15.81	60.42	32.25	46.65	38.05	68.62	29.83	38.95	83.76	37.12	61.29	57.0	0.0	34.93	50.45	14.42	29.68	38.08	35.36	66.94	75.58	33.24	35.11	1.0	49.98	39.05	54.12	36.8	28.6	46.84	39.05	72.01	59.08	31.05	45.12	43.74	40.45	30.87	44.27	48.66	54.33	11.18	66.75	51.2	52.17	76.56	62.94	71.57	36.06	48.27	72.06	25.55	40.79	63.13	62.24	8.6	17.89	29.15	29.73	15.65	49.41	67.12	45.28	46.57	24.02	44.41	24.52	36.25	48.41	32.25	43.14	70.71	49.34	45.54	62.61	64.41	58.69	25.96	65.51	12.81	64.78	55.23	77.9	61.72	34.89	64.63	43.86	60.54	17.2	41.01	55.9	74.52	47.13	62.3	67.68	85.43	46.82	16.12	42.0	12.04	53.45	53.34	20.0	26.63	52.5	39.22	66.94	57.98	28.16	42.44	32.65	43.17	89.02	88.09	25.08	5.39	27.2	60.07	18.03	49.16	33.84	40.22	19.72	77.62	39.66	53.16	31.78	53.34	30.41	80.21	44.2	13.0	86.05	56.22	19.85	45.28	60.3	36.24	58.25	31.38	8.0	36.35	40.16	31.89	8.49	58.82	9.43	71.12	49.19	23.35	15.13	37.34	41.05	75.29	28.43	40.31	14.76	64.2	17.46	57.14	32.53	8.54	73.16	24.74	48.26	5.66	15.13	60.01	47.41	7.21	60.75	70.6	46.96	49.04	41.0	22.36	48.04	19.24	25.5	26.63	79.88	69.64	79.63	69.26	24.6	7.21	69.38	30.0	29.73	38.64	44.28	
