230
0.0	54.45	56.04	66.61	20.22	101.24	40.02	85.49	82.35	20.02	109.27	69.34	39.05	56.08	66.84	57.28	45.22	38.47	94.64	77.47	10.0	67.48	53.08	70.94	70.49	63.32	91.09	67.54	93.48	93.74	51.92	79.38	53.15	99.81	74.95	71.01	97.86	48.76	74.97	63.41	74.81	63.51	81.22	118.98	69.26	48.0	114.24	32.45	39.45	21.02	111.2	85.21	77.37	109.77	63.32	21.47	43.42	44.29	68.95	53.74	64.2	21.19	61.03	84.17	12.65	92.66	46.1	104.06	75.31	26.17	59.21	27.46	81.61	78.24	72.09	102.62	57.7	61.0	73.08	18.03	109.18	88.06	53.26	103.28	65.55	95.52	11.66	95.19	78.77	110.48	65.19	91.83	65.19	65.38	15.0	63.56	49.37	46.04	65.28	79.1	98.31	80.4	9.49	29.43	43.08	92.96	105.65	73.36	69.18	23.35	30.41	47.71	55.58	19.85	50.0	117.29	12.81	26.93	85.42	87.24	13.93	9.43	89.55	59.17	55.95	28.64	79.16	71.0	59.77	94.85	26.31	41.98	23.77	95.8	50.25	19.92	58.69	65.19	76.69	100.12	81.27	42.49	43.01	108.89	125.21	22.36	86.45	99.3	18.03	14.0	51.97	105.26	69.12	95.38	20.0	86.38	53.6	98.72	123.17	85.98	66.71	87.93	32.8	56.89	17.2	29.97	26.02	67.27	60.88	13.6	94.37	48.37	22.2	100.69	42.05	20.0	67.68	113.45	60.96	113.74	54.49	74.17	79.63	55.97	52.33	91.61	45.62	6.0	7.81	99.36	81.5	7.07	59.54	82.87	30.53	53.76	44.18	107.91	67.45	28.28	96.88	70.01	8.06	73.55	94.02	95.43	76.32	85.45	61.68	36.07	73.39	22.67	16.64	72.67	104.28	52.35	33.62	11.4	19.24	79.01	32.65	116.76	36.5	61.72	86.83	31.4	88.26	76.42	96.05	91.55	
54.45	0.0	81.69	46.0	74.67	100.98	15.13	48.37	84.4	61.27	102.0	66.94	77.42	44.38	49.04	50.0	91.3	75.0	101.92	81.32	64.38	19.85	82.76	108.3	44.41	101.41	113.88	70.84	64.26	63.69	69.63	114.56	87.78	86.28	47.07	95.44	126.25	58.83	59.0	58.94	103.86	62.94	106.51	106.68	89.89	9.22	106.04	84.77	33.6	35.06	92.2	33.62	33.42	102.0	72.92	69.08	78.1	87.98	31.95	47.76	46.1	54.2	88.09	86.35	61.03	72.18	87.92	106.71	21.19	65.86	5.39	68.1	98.39	68.18	77.16	133.41	98.6	9.9	107.49	49.19	103.02	43.14	52.0	80.78	74.32	111.09	48.09	112.73	73.82	105.04	102.73	79.06	50.25	85.98	54.59	103.08	82.07	91.79	17.03	103.73	125.36	30.02	46.1	60.8	84.31	61.33	80.32	74.73	90.43	77.78	24.08	35.85	15.03	70.52	9.22	100.02	46.49	79.06	50.99	53.23	49.37	51.24	85.59	62.77	30.15	33.84	98.98	94.87	25.18	77.65	80.75	65.8	32.06	104.69	48.33	65.39	30.0	74.73	56.22	69.35	40.22	30.53	89.47	87.09	103.09	51.62	54.23	89.02	37.01	54.45	72.8	89.81	95.6	90.27	70.18	91.21	6.32	128.6	102.2	79.31	24.6	121.17	38.9	89.81	44.55	75.13	80.22	99.09	22.56	67.9	91.66	57.45	33.53	90.05	74.41	60.37	65.0	87.09	54.82	106.02	46.17	20.1	107.2	51.87	62.27	81.0	88.2	54.01	60.03	74.33	108.23	61.29	36.06	118.11	77.39	49.04	10.44	98.08	27.31	82.05	122.87	17.09	61.98	60.07	81.1	111.49	48.27	58.24	25.5	43.93	109.62	37.85	40.05	48.37	102.59	60.42	77.03	45.0	36.4	25.71	33.3	104.58	64.44	55.79	53.71	70.18	93.15	26.63	70.21	107.42	
56.04	81.69	0.0	54.71	57.38	53.04	74.79	78.85	37.22	36.12	65.0	36.06	21.1	45.62	51.92	40.85	33.84	19.7	42.44	32.65	57.27	80.8	5.83	29.73	61.03	25.18	35.51	29.27	75.06	76.11	13.42	33.84	13.6	63.32	64.29	15.3	45.18	24.7	52.15	37.48	22.2	33.14	26.25	77.1	13.6	72.47	69.81	47.8	48.17	67.19	76.9	96.9	81.84	65.8	21.21	38.9	15.26	28.6	71.12	40.25	51.87	36.35	6.4	38.28	44.41	65.49	25.24	53.41	100.42	30.41	83.49	29.83	26.25	47.27	28.79	51.87	27.29	81.34	26.93	41.77	64.03	89.32	35.34	74.53	22.56	39.81	66.12	39.2	42.2	64.54	25.5	57.28	48.76	10.3	71.03	28.07	10.63	33.29	80.43	23.77	44.78	91.59	53.46	27.17	24.08	77.32	79.08	33.24	13.34	57.7	67.12	48.41	71.51	43.66	83.76	80.06	48.66	71.31	75.93	76.49	69.07	48.09	47.41	28.44	59.08	50.12	23.19	15.13	66.85	63.56	59.06	16.55	68.01	42.54	37.22	37.85	61.59	21.59	57.43	81.0	80.78	51.62	34.21	77.88	91.0	36.88	74.15	59.93	63.79	70.03	9.43	69.08	14.32	52.48	70.34	37.54	85.21	47.17	88.24	47.76	75.17	39.6	43.27	12.0	70.46	32.65	63.51	18.03	70.21	54.12	49.65	26.08	56.65	61.27	14.56	36.06	36.0	85.91	39.29	69.03	42.49	94.37	25.94	37.7	22.85	55.03	26.63	62.03	61.52	74.43	27.31	57.71	56.82	37.2	34.99	38.91	73.24	66.04	73.57	67.08	42.72	88.73	52.77	49.09	58.82	39.62	65.0	68.36	68.51	37.8	29.97	72.57	66.1	59.91	56.59	25.08	29.15	63.39	55.66	95.8	49.09	75.17	20.4	39.05	75.31	25.96	38.9	88.2	73.11	35.9	
66.61	46.0	54.71	0.0	82.29	55.79	50.29	24.33	41.18	58.19	56.0	24.84	63.01	11.4	3.61	14.14	80.02	60.01	59.06	39.41	74.95	33.62	58.69	84.43	6.32	79.56	77.9	31.14	26.93	27.29	41.48	87.73	66.29	40.61	10.0	63.63	92.62	31.26	13.0	18.6	73.82	23.6	73.24	61.19	56.6	39.46	60.07	83.68	27.59	59.41	48.33	45.28	29.0	56.01	36.89	67.05	60.13	75.0	19.42	16.03	3.0	50.7	60.17	42.94	63.98	28.18	73.06	61.98	56.65	58.46	44.28	60.21	60.83	22.56	36.8	100.8	80.06	39.62	81.15	50.12	57.04	34.89	20.1	38.28	37.2	71.22	68.59	73.76	29.15	59.08	80.08	33.14	6.4	53.71	76.37	82.23	60.83	80.01	34.79	70.46	90.91	40.46	57.63	50.01	70.01	26.93	39.7	32.8	57.45	84.58	50.12	19.1	31.02	71.17	53.34	55.71	53.82	92.96	22.0	23.09	71.45	57.98	40.26	26.83	16.28	38.9	63.25	62.77	21.21	32.57	87.32	45.04	57.69	62.27	20.1	63.25	16.0	38.01	11.18	33.62	26.42	25.61	79.1	44.42	61.06	47.93	21.38	43.05	58.26	75.66	45.61	44.64	65.3	44.55	86.61	48.37	52.04	95.8	59.54	33.73	26.4	91.79	33.84	66.22	68.88	68.07	89.44	72.24	24.52	75.59	46.32	30.15	48.17	44.1	56.08	57.25	23.35	47.42	15.65	60.03	14.14	48.33	75.47	17.26	32.02	35.0	74.03	70.29	74.4	33.3	75.72	72.95	10.2	90.8	71.2	17.0	44.15	52.15	23.71	92.59	87.97	43.08	70.33	14.32	35.23	71.84	11.05	18.87	21.59	31.78	84.5	65.46	62.48	6.32	57.07	29.83	67.48	64.35	50.21	47.17	34.66	59.03	48.09	16.12	22.2	59.54	50.12	38.01	29.7	68.12	
20.22	74.67	57.38	82.29	0.0	108.17	60.21	103.09	90.0	25.5	118.07	79.93	36.69	71.12	81.88	71.02	34.53	37.7	99.3	85.0	10.44	87.14	52.81	63.29	86.93	56.08	89.44	76.49	109.13	109.57	58.01	72.25	49.82	111.07	91.39	70.6	93.01	58.73	88.75	75.43	71.57	74.33	79.25	128.89	70.94	68.07	123.07	16.55	56.61	40.8	123.43	105.04	96.34	118.7	70.6	18.87	42.38	36.01	87.32	67.74	79.61	31.91	60.73	91.61	18.36	106.25	39.01	109.77	95.52	28.6	79.4	28.3	83.57	90.14	79.81	96.25	49.25	81.06	67.01	32.31	117.61	106.89	66.03	116.83	72.8	96.77	29.07	95.6	89.1	118.6	58.08	103.39	79.76	67.62	26.91	55.33	48.08	35.51	85.05	77.67	94.09	100.12	29.0	36.07	37.22	109.17	119.82	82.22	70.58	3.16	50.64	64.26	75.17	13.89	70.09	128.76	30.41	13.93	102.53	104.18	29.68	25.5	98.6	69.31	73.76	46.87	80.01	70.88	78.45	107.45	6.08	47.8	43.68	99.74	63.81	21.26	76.66	72.2	91.42	115.84	99.69	60.17	32.39	122.0	137.77	34.48	103.08	109.62	38.08	26.25	56.6	116.78	67.91	104.35	15.52	92.65	73.76	93.05	135.47	96.18	85.84	81.22	49.04	53.94	34.48	25.0	7.21	63.39	79.91	7.07	102.62	58.8	42.0	111.04	42.95	26.25	78.57	127.58	73.82	122.44	68.96	94.34	76.66	69.07	61.52	102.55	38.0	21.93	16.12	113.74	78.77	13.6	76.55	75.43	23.35	67.42	64.38	117.59	86.31	10.63	93.26	90.09	13.04	86.84	105.48	96.46	92.7	101.07	80.41	50.54	66.19	41.15	36.06	88.57	111.5	62.24	28.86	30.68	39.0	99.08	50.45	126.73	42.01	74.4	103.62	31.76	94.34	96.13	110.79	92.97	
101.24	100.98	53.04	55.79	108.17	0.0	102.0	69.34	18.97	83.73	14.14	35.06	73.66	57.08	52.39	52.0	86.56	71.7	14.14	23.77	105.59	89.19	58.73	71.31	59.46	71.59	44.05	34.21	54.49	55.9	50.25	68.41	65.44	25.24	59.09	46.53	59.08	52.81	43.32	43.01	54.42	40.31	47.54	26.68	41.62	93.34	18.03	100.57	73.25	104.14	35.44	97.95	81.86	15.13	38.01	89.31	67.94	81.47	74.33	55.04	55.11	80.11	52.8	17.09	92.18	39.62	77.99	7.07	112.27	79.61	99.82	79.88	32.31	33.24	29.15	67.27	76.85	95.34	65.19	83.57	12.37	83.22	52.35	41.34	35.78	30.07	108.47	34.06	27.17	12.08	70.66	27.02	50.8	43.28	115.17	74.71	63.66	85.91	90.52	46.17	56.14	93.94	95.19	72.95	77.1	58.8	46.65	28.64	42.44	109.04	98.51	67.0	86.31	94.3	107.3	34.06	90.14	121.79	64.9	63.82	111.63	91.92	15.52	43.17	70.86	82.2	37.7	45.65	76.9	33.24	110.8	60.54	103.58	17.0	56.32	87.13	71.39	36.24	47.93	56.73	76.54	74.03	87.11	40.31	46.04	78.92	61.03	19.42	101.64	114.23	51.61	28.23	50.12	12.21	119.0	15.62	106.68	63.07	43.05	22.14	81.91	66.61	74.33	62.2	111.13	84.65	114.86	59.48	80.28	103.59	9.49	53.45	91.78	19.72	66.07	83.24	37.05	49.77	47.0	17.09	56.0	103.73	51.92	51.09	49.04	23.6	79.4	106.78	108.26	46.23	50.45	105.1	65.12	69.63	87.32	54.08	97.08	18.11	79.06	118.46	53.08	98.67	100.65	41.48	26.17	31.06	58.6	53.25	77.37	68.66	69.29	110.42	105.26	55.71	3.61	49.34	81.57	104.69	92.42	101.77	78.77	25.32	66.37	46.0	62.43	76.61	14.14	92.31	48.1	30.07	
40.02	15.13	74.79	50.29	60.21	102.0	0.0	58.8	84.15	49.41	105.08	67.01	67.18	45.18	52.63	50.01	79.63	65.07	100.84	80.4	49.82	32.76	74.89	99.25	50.57	92.02	108.85	69.46	72.72	72.4	64.08	106.21	78.87	90.71	54.12	89.44	119.95	54.41	62.82	59.0	96.9	62.13	100.62	111.32	84.69	12.73	109.49	71.31	29.43	20.0	98.43	48.38	45.61	105.22	69.86	56.44	68.77	76.84	41.23	47.01	49.48	43.19	81.12	86.15	47.85	78.19	77.23	107.07	35.36	54.67	20.4	56.85	94.56	70.71	75.66	126.57	88.41	23.77	99.2	37.64	105.8	56.04	50.25	87.73	71.59	107.97	33.02	109.11	75.11	107.67	93.51	82.98	52.95	80.62	39.46	93.35	73.41	80.21	30.02	97.94	119.42	44.38	32.31	50.99	73.66	70.46	88.12	74.17	85.09	63.35	9.85	35.01	23.35	57.27	10.3	105.95	33.62	64.01	60.61	62.8	34.23	38.01	87.14	60.67	34.18	24.7	94.34	89.0	32.45	82.86	66.29	58.31	17.0	103.25	46.27	53.0	35.34	71.81	61.35	78.49	51.66	28.02	77.67	94.02	110.49	41.01	63.25	92.57	22.2	39.32	66.64	94.92	89.07	92.35	55.08	90.45	13.6	121.94	109.25	81.39	35.38	113.46	31.78	81.4	29.43	63.25	65.49	91.26	31.24	53.6	93.09	53.16	20.81	93.74	65.44	48.6	65.01	95.38	55.01	109.33	46.01	35.23	100.72	51.04	58.24	84.34	77.34	39.12	45.18	81.84	102.0	46.69	40.16	109.81	65.19	48.04	7.07	101.79	37.48	67.19	117.17	32.02	47.8	63.15	85.15	108.24	55.47	65.76	33.6	37.7	100.9	22.8	25.0	54.23	104.08	56.75	65.6	30.07	23.32	40.79	26.0	109.14	55.8	56.01	63.01	59.46	92.44	40.72	77.83	104.12	
85.49	48.37	78.85	24.33	103.09	69.34	58.8	0.0	59.46	80.41	64.62	46.14	87.05	35.01	26.93	38.47	104.02	84.05	76.42	59.2	94.7	29.15	82.98	108.52	18.11	103.81	99.3	53.24	18.03	17.0	65.73	111.43	90.61	47.17	14.56	86.82	114.59	55.58	29.41	41.79	97.17	46.62	95.77	65.12	79.62	46.1	67.36	106.37	46.49	73.6	48.17	29.83	16.28	64.26	60.01	89.44	84.38	99.08	17.69	40.11	27.29	72.57	84.12	60.83	85.16	31.02	97.25	76.28	49.16	81.5	44.28	83.38	82.1	38.95	57.98	122.97	104.39	38.91	105.0	70.88	66.31	13.89	44.41	36.12	59.93	90.69	84.91	93.72	46.75	68.54	104.29	42.54	30.08	77.08	92.65	106.51	85.16	104.04	31.78	93.06	112.61	27.07	76.06	73.25	94.13	14.04	34.06	53.25	80.53	105.65	62.48	39.05	35.47	93.17	57.45	56.14	73.16	112.4	4.47	6.08	87.37	77.83	54.82	50.6	29.55	56.86	85.23	85.91	27.02	37.7	108.52	69.26	71.22	79.93	44.05	85.51	26.83	60.84	23.6	21.59	9.06	43.08	103.0	42.01	56.57	69.63	8.54	51.89	73.5	92.11	69.86	48.51	88.77	57.14	105.1	66.48	54.59	117.99	56.22	48.27	23.85	114.97	54.12	90.47	83.82	91.35	110.05	96.14	27.59	96.14	60.22	54.45	64.5	52.39	80.31	79.43	45.18	39.81	39.56	67.68	38.05	40.2	98.39	41.59	56.29	45.79	98.18	88.12	93.04	29.07	98.41	92.31	26.68	114.39	94.43	41.19	51.74	59.46	21.4	112.95	109.55	36.88	90.48	32.45	43.83	91.44	13.93	16.12	25.5	53.76	108.47	78.87	77.67	18.97	69.46	54.13	91.09	80.78	67.12	36.01	52.92	63.35	72.01	39.85	7.28	83.1	67.88	27.07	25.18	88.09	
82.35	84.4	37.22	41.18	90.0	18.97	84.15	59.46	0.0	65.19	28.28	17.46	56.73	40.02	37.59	34.53	71.02	54.49	17.89	5.0	86.95	74.69	43.05	60.67	46.04	59.2	41.23	15.3	48.3	49.65	32.02	60.0	50.54	27.29	46.86	35.23	57.01	33.84	30.48	25.5	45.01	22.02	40.45	40.0	28.64	76.3	33.24	83.49	55.0	85.33	40.79	85.8	69.4	29.0	19.42	71.22	51.22	65.73	60.54	37.22	39.81	61.27	38.63	2.0	73.57	34.79	62.43	23.02	97.58	61.4	83.82	61.85	24.74	20.52	10.3	65.55	63.32	79.71	55.23	64.62	27.66	72.84	34.0	41.19	17.2	31.24	89.49	34.41	12.73	28.6	58.69	23.19	35.34	28.79	96.21	62.36	47.71	70.49	75.64	38.21	54.63	81.27	76.22	54.38	61.03	51.97	46.39	10.0	29.61	91.05	80.1	49.37	70.21	76.22	90.09	43.08	71.17	103.47	55.32	54.82	92.66	73.01	10.44	24.33	54.71	63.51	29.27	34.23	61.47	30.41	92.96	42.2	84.85	21.1	38.0	68.82	55.71	17.8	36.07	52.55	65.19	56.14	71.28	43.05	54.41	60.01	52.01	23.09	82.76	95.27	33.94	32.76	38.47	15.26	100.34	7.21	89.82	60.75	51.55	13.34	67.54	60.67	55.58	47.93	92.18	67.18	96.83	47.85	65.0	85.15	12.73	34.48	72.99	24.35	48.84	64.66	19.42	52.01	29.61	32.56	38.47	89.44	44.18	33.14	30.08	20.02	63.81	87.85	89.44	43.42	43.42	86.35	49.4	62.07	70.01	36.12	79.63	28.84	64.88	100.42	51.48	84.1	81.99	27.8	24.02	32.02	46.75	44.41	62.24	49.82	59.3	91.59	86.35	42.8	21.93	30.36	64.38	85.73	73.55	88.32	60.21	38.01	48.01	28.64	53.41	58.8	8.94	79.08	43.66	28.84	
20.02	61.27	36.12	58.19	25.5	83.73	49.41	80.41	65.19	0.0	93.01	54.45	19.7	46.82	57.38	46.07	30.23	18.68	75.96	60.21	21.93	69.05	33.06	52.35	63.32	44.78	71.06	51.22	84.69	85.23	33.54	60.42	33.53	85.59	67.72	51.0	78.1	33.24	63.63	50.0	54.92	48.84	61.2	103.59	49.5	52.92	98.01	26.08	35.0	35.23	97.95	87.13	76.01	93.6	45.79	9.06	23.54	27.59	66.07	42.95	55.36	8.0	41.01	66.89	8.54	80.99	28.43	85.91	82.35	6.32	65.0	8.06	61.98	64.66	54.92	83.17	40.0	65.15	53.85	12.08	92.66	86.05	40.82	91.53	48.02	75.8	30.81	75.33	63.66	93.74	46.53	77.9	55.04	45.71	35.01	45.49	29.43	30.81	67.47	59.08	78.45	81.88	19.72	10.82	25.0	85.09	94.67	57.01	49.37	27.2	39.82	41.44	57.27	13.0	59.64	103.28	16.28	38.42	79.31	80.78	33.54	13.42	73.41	43.84	52.09	28.16	59.3	51.01	58.03	82.01	29.68	23.26	37.01	76.84	38.91	5.1	55.08	47.51	66.64	91.39	78.23	39.01	28.3	96.61	112.29	11.0	79.4	84.22	31.62	34.01	32.89	91.29	49.09	79.2	35.34	68.43	62.43	79.12	109.99	70.77	66.19	68.71	27.0	37.11	35.74	13.89	32.65	47.54	60.21	20.0	77.67	33.3	28.6	85.63	22.02	1.0	53.08	102.4	48.55	97.42	44.38	79.06	59.68	43.91	36.12	77.08	28.32	26.02	25.5	88.68	61.52	21.84	53.76	63.98	16.16	42.49	51.0	92.31	66.03	36.12	76.94	74.04	17.09	61.59	79.98	75.66	68.96	76.69	60.03	26.68	54.56	39.36	32.65	64.51	86.95	36.77	16.28	28.79	26.25	82.71	30.41	101.41	17.46	49.09	80.08	11.7	70.21	77.93	85.88	71.85	
109.27	102.0	65.0	56.0	118.07	14.14	105.08	64.62	28.28	93.01	0.0	40.31	84.96	60.02	53.04	55.79	98.81	82.76	28.28	33.24	114.55	87.97	70.8	85.09	58.31	85.0	58.14	41.88	47.89	49.24	60.21	82.46	77.94	17.46	56.89	60.01	73.01	60.54	43.0	47.43	68.31	46.1	61.61	12.65	54.59	95.19	5.0	111.76	77.62	109.73	23.32	94.24	78.85	1.0	47.51	99.36	79.4	93.6	72.84	59.2	56.08	88.51	65.51	26.91	101.26	33.62	90.21	19.24	110.82	89.5	100.12	90.03	46.17	34.37	38.29	81.1	89.94	95.26	79.06	91.3	2.24	78.39	57.58	31.89	45.34	44.0	115.45	48.0	31.02	4.24	84.17	23.19	52.24	55.76	122.54	88.14	75.6	98.23	89.68	60.17	70.03	90.8	102.42	82.2	89.02	52.35	36.77	36.06	55.47	119.21	102.84	70.41	87.01	104.35	109.17	20.4	97.49	131.4	60.17	58.69	118.6	99.85	19.72	50.12	72.06	87.6	51.55	59.09	77.06	26.93	121.17	70.29	108.81	31.06	61.35	96.83	72.0	46.01	46.27	48.6	72.73	77.67	99.2	29.21	32.25	86.95	56.08	13.15	107.56	121.64	62.23	17.69	63.56	13.89	127.86	27.78	108.02	77.01	29.27	24.04	80.75	80.75	80.06	74.95	117.55	95.46	124.96	73.01	80.16	113.0	15.56	60.9	97.41	12.37	77.1	92.42	42.15	38.28	50.96	4.47	59.67	101.98	65.97	55.66	57.14	21.0	91.61	114.53	116.62	38.01	64.54	113.74	66.03	83.74	98.29	58.52	99.5	5.66	77.78	128.55	67.01	97.32	109.55	42.11	21.38	45.0	56.09	48.7	77.16	74.85	83.17	116.06	111.43	54.33	11.0	56.94	92.66	111.49	98.43	99.2	83.82	11.18	76.06	50.0	57.38	87.05	26.83	89.74	40.82	44.18	
69.34	66.94	36.06	24.84	79.93	35.06	67.01	46.14	17.46	54.45	40.31	0.0	51.08	22.56	21.26	17.12	67.36	48.33	35.11	14.76	75.29	57.8	41.3	64.5	30.41	61.01	53.41	7.28	39.32	40.45	25.3	66.22	49.37	31.14	32.2	41.11	68.51	21.21	17.09	8.06	51.55	5.83	49.65	49.65	33.84	58.86	45.19	76.32	38.21	69.64	43.83	70.09	53.76	40.72	15.03	61.85	46.49	61.98	44.2	20.0	23.02	49.04	40.11	19.42	62.29	29.61	59.2	40.11	80.5	52.01	66.41	53.01	36.24	11.4	12.04	76.85	63.29	62.39	60.21	51.31	40.5	58.6	17.46	39.22	14.32	46.4	75.15	48.92	9.43	42.06	61.07	23.6	18.6	31.78	82.3	64.0	44.91	67.05	58.59	46.96	66.61	65.3	62.18	43.93	56.92	41.98	43.42	8.06	34.79	81.47	63.51	32.06	52.81	66.71	72.69	48.84	57.31	92.7	42.49	42.54	78.29	59.91	20.88	10.63	37.34	47.54	39.12	40.16	44.28	28.64	83.74	33.62	68.88	38.08	21.38	58.8	38.48	15.3	22.85	45.04	50.45	39.0	67.07	43.38	58.25	47.2	39.92	30.0	67.36	81.41	28.86	36.88	43.42	26.57	88.41	24.35	72.37	71.87	55.8	16.64	50.77	69.08	39.85	48.04	77.25	59.68	87.05	51.62	47.85	74.28	26.48	21.26	57.28	31.4	43.08	53.74	2.0	50.6	12.17	44.78	21.1	72.56	52.39	16.03	18.6	22.63	60.44	74.43	76.84	38.47	52.33	74.2	32.2	68.96	62.77	19.03	62.29	38.59	48.26	90.55	63.6	67.12	70.29	13.93	25.61	47.01	32.45	33.24	45.18	34.54	63.95	75.96	71.17	27.8	37.34	17.69	57.71	71.18	58.19	71.85	43.93	47.43	38.83	11.18	41.23	50.77	26.25	62.8	37.05	43.28	
39.05	77.42	21.1	63.01	36.69	73.66	67.18	87.05	56.73	19.7	84.96	51.08	0.0	52.04	61.13	49.09	17.03	3.0	63.51	51.86	38.01	81.71	16.16	32.76	69.01	25.24	53.24	45.65	87.3	88.12	25.94	40.72	14.14	81.12	73.01	33.96	58.86	32.39	64.54	49.48	36.06	46.49	43.1	96.67	34.44	68.51	89.87	26.91	46.62	54.71	94.41	99.3	86.12	85.7	38.28	19.03	5.83	12.04	75.5	47.0	60.01	24.08	24.04	58.05	26.48	80.32	10.77	74.4	97.94	13.42	80.45	11.7	47.01	62.39	47.2	63.6	21.26	79.65	34.18	29.83	84.17	95.19	43.1	90.25	40.22	60.08	50.29	58.94	59.06	84.85	26.93	74.24	58.22	31.38	53.76	26.25	11.4	17.0	80.62	41.3	59.41	93.92	39.36	16.64	7.28	88.68	94.24	50.77	34.01	36.77	58.05	50.45	70.68	23.35	77.16	98.48	35.51	50.6	85.01	86.05	52.89	33.11	66.4	41.11	61.85	43.6	43.32	34.21	68.96	79.71	38.01	18.25	56.3	63.63	43.01	19.24	64.76	39.41	68.88	93.74	86.83	50.7	16.28	94.43	108.78	26.17	84.15	78.49	51.11	52.77	23.02	86.95	31.4	71.84	50.49	58.05	79.51	59.67	106.17	65.51	77.49	49.04	39.36	18.03	55.36	11.7	42.54	28.28	71.78	34.23	69.43	33.24	46.75	79.88	8.06	20.12	50.33	101.59	49.65	89.14	49.01	93.48	41.01	46.17	33.24	72.56	11.4	44.91	43.1	88.89	43.0	39.05	61.66	44.28	13.89	46.01	67.62	85.43	76.66	46.1	58.14	88.1	34.06	61.85	76.06	59.77	74.03	79.76	70.88	36.06	34.89	59.03	52.33	69.07	77.16	34.93	8.06	48.47	44.82	96.25	44.42	94.64	15.13	49.82	85.09	8.06	59.55	90.14	86.83	56.3	
56.08	44.38	45.62	11.4	71.12	57.08	45.18	35.01	40.02	46.82	60.02	22.56	52.04	0.0	10.82	5.83	69.01	49.04	57.57	37.0	64.07	36.88	49.04	75.24	17.03	69.89	72.35	26.83	38.01	38.48	32.2	79.26	56.32	46.62	21.21	56.22	86.28	21.19	19.42	14.56	66.03	18.79	66.53	67.07	49.58	36.35	64.54	72.28	18.36	51.0	56.3	51.61	36.24	60.21	30.48	55.66	49.5	64.07	25.55	5.39	8.54	39.4	51.48	41.98	52.77	36.88	62.29	62.51	58.83	47.07	44.01	48.84	55.8	25.71	33.11	94.18	69.86	40.25	72.47	39.12	60.67	43.97	10.3	47.42	31.4	67.6	59.03	69.64	30.0	62.51	70.58	38.63	9.22	46.23	66.71	72.42	50.7	69.03	37.2	63.7	84.86	46.4	47.38	38.64	59.14	38.28	49.58	30.36	50.33	73.35	43.01	10.44	30.46	59.81	50.25	63.13	43.28	82.1	33.14	34.37	62.01	47.2	42.01	19.85	15.26	29.41	57.38	55.44	22.8	39.96	76.06	34.37	49.66	60.41	9.06	51.87	17.03	32.02	20.62	44.72	35.44	17.72	68.01	53.26	69.81	36.67	32.76	47.8	49.4	65.95	36.25	51.43	57.43	47.17	76.06	46.84	49.82	89.2	68.01	36.22	30.41	84.05	23.35	56.65	59.91	56.72	78.29	63.53	26.4	64.5	48.0	19.92	39.12	49.04	45.4	45.88	20.62	57.38	10.44	64.33	3.16	51.4	68.25	8.49	22.83	39.56	63.2	60.11	63.89	43.28	68.77	62.2	11.4	82.49	59.84	6.71	40.01	57.01	28.43	81.49	82.07	45.8	59.36	18.79	40.85	68.1	22.36	29.97	24.08	20.59	75.58	57.25	53.54	17.72	59.0	20.59	56.22	54.82	40.8	51.62	25.24	64.85	37.0	11.4	33.54	48.26	48.76	43.28	40.0	64.14	
66.84	49.04	51.92	3.61	81.88	52.39	52.63	26.93	37.59	57.38	53.04	21.26	61.13	10.82	0.0	12.04	78.16	58.14	55.47	35.81	74.89	37.16	56.09	81.61	9.43	76.9	74.41	27.66	27.31	27.86	38.83	84.69	63.79	38.08	12.37	60.42	89.2	29.02	10.2	15.26	70.66	20.25	69.89	58.69	53.34	42.19	57.22	82.57	28.43	60.75	46.53	48.84	32.53	53.08	33.62	66.13	58.01	73.06	23.02	14.56	3.16	50.09	57.25	39.36	63.53	26.63	71.0	58.52	60.17	57.28	47.52	58.94	57.31	19.24	33.24	97.42	77.65	42.95	78.19	49.93	54.0	38.08	18.03	37.01	33.84	67.62	69.43	70.18	25.63	56.01	77.37	30.41	3.16	50.54	77.16	79.62	58.42	78.1	38.28	67.12	87.46	44.05	58.05	48.76	68.03	27.89	38.9	29.21	54.2	84.08	51.89	20.0	34.13	70.38	56.14	53.71	54.04	92.91	24.19	25.02	72.35	58.01	36.88	23.77	19.03	39.7	59.82	59.54	24.52	30.46	86.76	43.01	59.17	58.67	18.68	62.39	19.1	34.67	9.9	34.01	29.68	26.93	77.32	43.01	59.64	47.41	23.02	40.2	59.41	76.42	42.95	42.38	62.17	41.3	86.83	44.78	55.0	92.42	57.98	30.41	29.97	88.59	34.06	63.56	70.0	66.71	89.07	69.29	27.89	75.29	42.95	28.0	49.2	41.3	54.0	56.46	19.8	46.69	12.65	57.14	13.0	51.89	72.2	15.0	29.43	32.06	72.01	70.77	74.65	32.56	72.4	73.01	13.0	87.73	69.86	15.3	46.69	49.37	27.29	92.28	84.5	46.62	70.18	11.05	32.56	68.25	13.15	19.31	25.0	31.38	81.6	66.89	63.6	8.06	53.76	27.29	65.92	65.19	51.09	50.77	35.47	56.52	46.39	13.0	24.0	58.05	46.53	41.62	29.21	64.54	
57.28	50.0	40.85	14.14	71.02	52.0	50.01	38.47	34.53	46.07	55.79	17.12	49.09	5.83	12.04	0.0	66.12	46.1	51.92	31.32	64.66	42.64	44.64	70.58	20.4	65.52	66.6	21.02	38.9	39.56	27.51	74.24	52.17	43.42	24.08	50.8	80.66	17.12	17.8	9.06	60.75	13.0	60.96	63.56	44.05	41.77	60.44	70.84	21.84	54.23	54.04	57.01	41.34	56.04	24.76	54.63	46.04	61.03	30.81	3.61	11.18	39.12	46.52	36.5	52.7	35.47	59.01	57.22	64.66	45.54	49.77	47.13	50.0	21.93	27.31	88.62	65.92	46.07	67.54	39.7	56.29	48.47	6.0	46.1	25.61	61.77	61.29	63.81	25.18	58.05	66.1	35.36	9.22	40.8	68.82	68.15	46.69	66.07	43.01	58.14	79.2	51.86	49.04	37.0	56.01	39.81	48.83	24.74	44.82	73.06	47.07	15.0	36.25	59.03	55.58	60.46	44.6	82.62	36.06	37.0	64.35	48.1	37.22	14.14	21.1	32.2	51.66	50.0	28.6	37.64	75.66	31.0	53.14	54.71	7.21	50.99	22.8	26.25	20.62	45.54	39.92	22.09	65.28	51.62	67.94	36.62	35.06	44.01	52.33	68.01	31.62	48.55	52.15	42.58	77.1	41.23	55.32	83.63	65.95	31.78	36.07	78.77	25.24	52.2	62.65	54.82	78.23	58.6	32.2	64.64	43.1	16.03	42.05	45.31	42.01	45.18	15.13	56.61	5.0	60.17	4.0	57.2	62.8	3.16	18.03	35.85	60.0	61.72	65.05	42.72	63.25	63.03	16.97	77.41	57.97	3.61	45.18	53.14	33.97	81.54	76.38	51.61	59.82	16.28	37.59	62.27	25.02	31.05	29.83	21.21	70.77	60.54	56.36	20.0	54.08	15.81	53.94	57.14	43.42	57.31	28.23	61.33	34.37	6.0	36.01	46.1	43.17	48.84	39.82	58.31	
45.22	91.3	33.84	80.02	34.53	86.56	79.63	104.02	71.02	30.23	98.81	67.36	17.03	69.01	78.16	66.12	0.0	20.02	74.97	66.37	40.31	97.42	28.02	29.0	86.0	22.2	58.31	61.47	104.24	105.08	42.06	38.0	21.21	96.61	90.02	42.2	59.41	49.37	81.39	66.29	39.92	63.06	48.33	110.94	45.25	82.73	103.6	19.03	62.36	64.35	110.07	115.25	102.59	99.62	53.71	24.08	20.88	5.39	92.07	64.01	77.03	37.12	33.94	72.11	33.3	96.84	8.6	86.27	112.25	25.5	94.81	23.26	56.85	78.75	62.18	62.01	15.03	94.54	33.38	42.19	97.8	111.88	60.13	106.57	55.46	68.26	56.86	66.24	74.85	98.23	24.19	90.08	75.24	43.28	58.14	21.0	23.32	1.0	96.14	47.41	60.83	109.9	48.8	32.02	10.44	105.68	110.72	66.21	44.55	33.14	70.0	66.91	86.03	25.55	89.87	113.65	46.23	47.01	102.02	103.08	58.83	42.45	81.12	57.72	78.26	57.7	52.2	42.8	85.15	95.86	33.0	35.23	66.48	74.41	60.0	26.91	81.22	54.56	85.84	110.64	103.59	66.48	2.24	110.49	124.34	39.81	101.18	93.54	60.81	57.25	38.63	102.42	38.83	86.28	50.01	71.22	92.65	59.08	121.64	80.96	93.62	47.0	54.71	24.84	62.43	16.4	38.0	31.78	87.8	35.47	83.49	50.25	58.82	94.89	24.52	31.06	66.76	117.95	66.61	102.8	66.0	108.46	44.94	63.2	50.01	88.14	7.21	50.25	46.52	105.51	47.17	42.49	78.41	41.05	14.87	63.03	81.12	99.86	92.96	41.05	60.42	103.25	38.08	78.64	91.79	67.74	91.05	96.75	87.1	52.17	32.02	67.48	60.96	86.09	90.14	51.79	14.32	56.22	56.4	111.66	59.24	109.0	32.02	66.75	102.12	21.84	72.47	106.04	103.59	64.9	
38.47	75.0	19.7	60.01	37.7	71.7	65.07	84.05	54.49	18.68	82.76	48.33	3.0	49.04	58.14	46.1	20.02	0.0	61.91	49.58	38.21	78.92	15.3	34.41	66.01	27.02	53.04	43.05	84.34	85.16	23.32	42.06	14.87	78.55	70.01	33.38	59.44	29.43	61.61	46.57	36.35	43.66	43.0	94.37	33.24	66.03	87.69	29.0	43.86	53.24	91.79	96.46	83.2	83.49	35.81	19.42	5.0	15.03	72.57	44.0	57.01	22.2	23.35	55.87	26.08	77.49	13.6	72.67	95.41	12.37	77.94	11.05	45.88	59.62	44.82	64.51	23.6	77.03	35.34	28.02	82.02	92.23	40.11	87.46	37.8	59.2	49.48	58.25	56.44	82.76	28.6	71.59	55.23	29.97	53.34	28.28	11.0	20.0	77.88	41.05	59.84	91.08	38.08	14.21	10.2	85.71	91.42	48.26	32.89	38.01	56.08	47.54	67.98	24.04	74.97	95.96	34.0	51.62	82.01	83.05	52.17	31.95	64.03	38.28	58.94	41.23	42.45	33.54	66.1	76.97	39.45	15.3	54.71	62.18	40.01	19.0	61.85	37.01	65.92	90.8	83.86	47.93	19.24	91.71	106.17	24.08	81.15	76.03	49.65	52.35	20.62	84.38	31.06	69.53	50.99	56.08	77.23	60.44	103.59	62.97	74.63	50.16	36.72	18.44	54.41	13.04	43.83	28.86	68.95	34.71	67.21	30.27	44.82	77.42	5.66	18.97	47.54	98.79	46.69	86.98	46.01	90.82	41.19	43.19	30.36	69.97	14.32	44.41	43.0	86.02	43.1	39.01	58.69	45.65	15.62	43.01	65.3	83.1	73.76	47.41	58.42	85.42	34.01	58.94	73.43	58.94	71.03	76.79	68.01	33.24	36.36	57.78	51.08	66.07	75.17	32.02	9.9	47.43	43.01	93.52	41.88	92.31	12.17	46.87	82.1	7.07	57.63	87.32	83.93	55.36	
94.64	101.92	42.44	59.06	99.3	14.14	100.84	76.42	17.89	75.96	28.28	35.11	63.51	57.57	55.47	51.92	74.97	61.91	0.0	20.62	97.86	92.57	47.8	57.7	63.81	58.52	30.0	31.4	63.6	65.0	42.72	54.41	53.76	37.0	64.4	33.6	45.28	48.09	48.01	43.01	40.72	39.05	33.53	40.79	29.73	93.62	32.02	90.21	71.45	100.24	48.66	103.47	87.09	29.27	32.14	80.5	57.69	70.09	78.39	54.34	57.7	73.5	41.04	16.12	84.5	49.09	66.53	11.4	115.45	71.18	101.51	71.11	18.87	37.8	25.18	53.6	64.2	97.5	51.48	77.67	26.48	90.03	50.64	52.92	30.07	16.49	102.96	20.4	30.23	25.96	57.45	36.36	53.23	32.2	109.14	61.59	52.8	74.25	93.52	32.31	42.43	99.02	89.63	65.46	66.07	67.62	58.31	27.2	30.41	99.85	96.08	66.49	87.92	85.42	107.28	48.0	84.53	113.15	72.14	71.42	106.1	85.62	22.2	40.2	72.45	79.0	24.19	32.8	79.31	43.42	101.36	52.81	100.08	3.61	54.59	78.79	73.54	30.15	53.41	66.89	82.62	72.99	75.74	52.89	60.0	72.78	68.59	31.32	97.42	108.17	43.08	41.0	37.2	22.47	111.23	10.77	107.2	49.25	57.0	28.32	85.42	52.47	71.0	50.21	106.21	74.95	105.68	46.32	82.86	95.34	18.38	49.04	88.09	32.02	56.44	75.61	37.0	62.36	47.13	31.05	55.79	107.33	37.95	50.22	44.1	32.76	67.94	100.42	101.19	56.82	36.4	97.74	67.23	55.54	77.39	53.15	96.69	32.0	82.76	109.27	39.32	101.98	93.05	45.49	36.24	17.46	64.2	60.83	80.11	65.01	55.54	106.38	100.72	60.46	17.46	45.01	71.56	99.46	88.28	106.17	76.06	39.46	58.52	46.17	70.01	67.54	8.94	96.9	57.98	16.0	
77.47	81.32	32.65	39.41	85.0	23.77	80.4	59.2	5.0	60.21	33.24	14.76	51.86	37.0	35.81	31.32	66.37	49.58	20.62	0.0	81.99	72.56	38.47	57.22	44.69	55.32	40.31	11.0	49.4	50.7	27.02	57.14	46.1	31.05	45.97	32.0	55.9	29.12	29.83	22.47	42.11	18.44	38.33	44.82	25.08	73.01	38.21	78.57	51.09	80.89	44.64	84.5	68.12	33.94	14.42	66.22	46.4	61.06	58.82	33.73	37.74	56.36	34.48	6.71	68.6	36.67	57.8	27.29	95.26	56.4	80.99	56.85	23.26	20.59	5.39	64.4	59.14	77.08	52.01	59.81	32.65	72.25	30.15	44.0	12.21	31.89	84.77	34.66	13.0	33.6	54.92	26.02	33.29	24.74	91.42	58.46	43.05	65.86	73.36	35.9	53.71	79.81	71.47	49.4	56.3	52.8	49.04	6.71	26.08	86.05	76.01	45.89	67.42	71.22	86.68	47.42	66.41	98.47	55.22	54.92	87.93	68.15	14.76	20.02	52.0	59.21	27.2	31.0	59.03	33.02	87.97	37.2	80.5	23.41	34.13	63.82	53.23	12.81	35.61	54.12	64.35	52.47	66.57	46.39	58.52	55.15	52.15	27.31	78.26	90.48	29.0	36.69	35.06	20.0	95.38	10.05	86.59	59.51	55.71	16.03	65.51	58.46	51.24	43.66	87.56	62.23	91.83	44.28	62.61	80.16	17.69	29.83	68.59	28.64	43.93	59.68	16.55	55.08	26.57	37.54	35.17	87.32	41.77	29.61	25.3	23.19	59.17	83.01	84.53	45.54	41.23	81.41	46.96	59.41	65.07	32.56	76.12	33.6	62.97	95.43	50.61	81.88	77.03	26.91	27.17	32.56	46.01	44.78	59.94	45.4	56.04	87.13	81.79	41.73	26.83	25.71	59.46	81.04	69.05	86.53	56.04	42.8	43.01	25.63	53.54	53.81	12.04	77.42	45.35	29.0	
10.0	64.38	57.27	74.95	10.44	105.59	49.82	94.7	86.95	21.93	114.55	75.29	38.01	64.07	74.89	64.66	40.31	38.21	97.86	81.99	0.0	77.41	53.46	67.91	79.18	60.42	91.2	72.67	101.87	102.22	55.46	76.69	52.01	106.22	83.65	71.57	96.42	54.2	82.46	70.01	74.01	69.53	81.1	124.81	70.83	58.0	119.54	24.76	48.33	30.36	118.09	95.19	87.1	115.11	67.6	19.0	43.19	40.52	78.45	61.22	72.4	26.25	61.52	88.68	13.42	100.12	42.95	107.84	85.16	26.93	69.18	27.46	83.43	84.86	76.66	100.45	54.12	71.0	70.86	25.0	114.28	97.74	60.14	110.75	69.84	97.08	18.87	96.34	84.65	115.43	62.37	98.35	73.01	67.19	18.03	60.17	49.16	41.23	75.24	79.23	97.19	90.35	19.24	32.65	40.45	101.6	113.41	78.49	70.61	13.6	40.31	56.36	65.49	15.3	59.67	123.84	21.54	18.03	94.43	96.18	19.85	17.0	94.87	64.82	65.19	37.95	80.41	71.7	69.38	101.86	16.49	45.19	33.24	98.68	57.49	19.42	68.01	69.35	84.63	108.56	90.8	51.62	38.08	116.18	132.28	28.28	95.26	105.26	27.66	17.2	54.78	111.8	69.26	100.69	13.42	90.34	63.35	96.88	130.12	91.83	76.49	85.51	41.18	56.0	24.41	27.17	16.03	66.07	70.61	5.0	99.32	54.04	32.14	106.67	42.76	22.36	73.76	121.21	67.94	118.98	62.2	84.15	79.0	63.03	57.43	97.84	42.2	11.66	6.4	107.2	81.01	3.16	68.45	80.05	26.68	61.07	54.15	113.6	77.13	18.44	96.05	80.01	5.0	80.81	100.5	96.88	85.0	93.81	71.31	43.6	70.61	30.89	25.63	81.12	108.78	57.8	31.14	20.25	29.15	89.01	41.79	122.61	39.4	68.62	95.71	31.4	92.14	86.37	104.04	93.17	
67.48	19.85	80.8	33.62	87.14	89.19	32.76	29.15	74.69	69.05	87.97	57.8	81.71	36.88	37.16	42.64	97.42	78.92	92.57	72.56	77.41	0.0	83.22	109.6	29.83	103.45	109.22	63.25	46.1	45.35	67.62	114.62	89.55	71.25	31.14	92.7	123.04	56.22	45.88	50.48	102.18	55.22	103.24	91.01	86.27	20.62	91.55	94.53	35.11	50.92	75.33	18.11	13.6	87.82	67.36	77.78	80.96	93.3	15.13	41.73	34.89	61.19	87.01	76.49	71.11	56.0	92.48	95.52	23.09	72.28	15.26	74.46	92.62	55.97	69.34	130.83	101.98	10.0	107.65	57.43	89.27	23.43	46.67	63.51	68.25	104.01	63.6	106.25	62.77	91.41	104.45	64.78	39.36	82.76	70.84	105.59	83.73	97.72	2.83	100.41	121.7	13.0	58.22	65.46	88.96	42.72	62.37	65.86	86.98	90.09	39.22	32.45	12.0	80.31	29.07	83.29	57.0	93.74	32.28	34.48	65.46	62.0	73.68	56.73	21.93	41.19	94.26	91.97	14.14	62.07	93.09	66.73	48.1	95.71	43.93	73.82	19.85	68.88	41.77	50.6	20.59	31.02	95.88	69.72	85.15	58.25	35.9	74.81	51.92	70.52	71.4	74.01	93.61	77.62	85.38	81.84	25.81	125.87	84.53	67.05	7.28	120.1	42.72	90.74	61.1	82.23	93.43	98.81	10.63	80.1	79.7	54.82	45.28	75.66	76.92	68.07	56.08	68.68	46.62	91.66	39.62	14.76	104.74	45.34	58.8	67.27	93.05	68.45	74.15	56.72	105.38	74.55	25.81	118.0	84.93	43.14	25.94	83.49	10.2	95.75	118.93	9.49	74.11	47.76	66.61	104.56	32.06	41.11	12.81	45.69	110.39	55.04	55.66	33.73	90.25	56.64	83.24	59.91	48.26	15.0	38.64	89.02	67.12	47.43	35.17	75.58	83.63	9.0	52.61	100.69	
53.08	82.76	5.83	58.69	52.81	58.73	74.89	82.98	43.05	33.06	70.8	41.3	16.16	49.04	56.09	44.64	28.02	15.3	47.8	38.47	53.46	83.22	0.0	26.42	65.0	20.88	38.01	34.71	80.0	81.01	17.26	31.83	8.06	69.08	68.45	18.11	45.88	27.86	57.01	42.11	22.47	38.0	28.16	82.93	18.36	73.55	75.6	42.44	49.58	65.79	82.64	99.76	85.09	71.61	26.68	34.71	10.44	22.8	74.32	43.66	55.79	34.48	8.06	44.1	41.01	70.86	19.42	58.9	102.07	27.0	84.9	26.08	30.87	52.61	34.54	51.88	22.02	83.1	24.76	40.16	69.81	92.97	38.9	80.05	28.16	43.97	63.64	42.95	47.8	70.29	21.54	62.94	52.95	15.62	68.07	23.54	5.0	27.46	82.66	26.02	45.88	94.41	51.42	25.3	18.38	82.1	84.53	38.9	17.89	52.92	66.73	50.77	73.41	39.29	84.2	85.87	46.84	66.73	80.23	80.89	66.48	45.71	53.24	33.06	61.77	50.22	27.2	18.25	69.46	69.12	54.13	16.97	66.85	47.71	40.31	34.13	64.41	27.2	62.13	86.05	84.43	53.26	28.43	83.52	96.77	35.47	78.64	65.74	62.3	67.07	13.15	74.85	16.03	58.31	66.29	43.28	85.91	47.42	94.02	53.49	77.9	38.6	43.93	7.62	68.25	27.86	58.69	16.4	72.72	50.01	55.47	29.15	55.9	67.08	11.05	33.14	41.11	91.44	43.57	74.81	45.88	96.4	26.93	41.48	26.68	60.75	20.81	59.08	58.08	79.76	28.64	54.15	60.01	35.36	29.97	42.38	73.88	71.87	76.48	62.24	44.15	90.8	49.16	54.0	64.51	43.68	69.23	73.11	71.2	38.9	27.2	70.88	64.29	64.13	62.29	28.86	24.17	61.19	54.63	98.18	49.68	80.99	19.24	43.42	79.76	22.09	44.6	90.92	78.31	40.16	
70.94	108.3	29.73	84.43	63.29	71.31	99.25	108.52	60.67	52.35	85.09	64.5	32.76	75.24	81.61	70.58	29.0	34.41	57.7	57.22	67.91	109.6	26.42	0.0	90.76	7.62	33.3	57.31	103.82	104.94	43.08	9.0	20.52	87.97	93.96	25.5	30.81	54.13	81.22	66.94	17.0	62.37	25.0	97.74	32.14	99.16	89.32	48.01	75.6	87.46	101.43	126.18	111.4	86.03	49.5	49.65	30.48	27.46	100.65	69.86	81.6	56.61	24.52	61.0	58.31	93.02	25.0	68.88	128.06	46.14	110.75	44.29	39.0	75.17	55.0	33.02	14.04	109.2	6.4	62.43	83.57	119.04	65.0	101.12	50.25	46.23	82.46	43.19	69.0	83.38	5.83	83.22	78.45	33.02	85.07	8.0	26.25	28.0	109.0	25.55	32.57	120.83	72.07	48.27	27.86	106.37	106.04	60.01	31.14	62.07	90.43	77.18	99.62	52.63	108.98	103.08	68.26	76.01	105.51	105.99	84.86	65.76	71.02	57.97	88.19	74.97	33.62	26.48	95.88	90.09	62.0	43.01	89.04	55.95	66.64	51.08	90.82	49.25	86.68	109.46	110.49	79.4	31.02	103.59	114.76	58.41	103.59	83.55	83.86	84.12	39.0	93.38	22.2	74.95	78.64	57.97	111.02	30.15	111.83	73.25	104.32	18.0	69.43	18.87	87.73	41.11	67.0	13.0	99.13	63.35	71.31	55.46	79.2	84.72	33.94	52.84	64.78	112.29	68.96	88.39	72.09	122.64	20.62	67.42	52.55	80.4	25.71	76.55	73.76	102.02	22.67	69.64	86.33	12.17	41.23	68.54	98.99	87.64	102.88	70.03	32.7	117.07	64.85	78.09	84.38	45.45	94.64	97.49	97.62	64.82	3.16	91.71	85.0	89.56	74.85	54.78	37.34	80.96	77.42	124.56	75.01	96.14	43.86	68.68	104.79	40.82	58.52	117.34	101.18	43.83	
70.49	44.41	61.03	6.32	86.93	59.46	50.57	18.11	46.04	63.32	58.31	30.41	69.01	17.03	9.43	20.4	86.0	66.01	63.81	44.69	79.18	29.83	65.0	90.76	0.0	85.87	83.74	37.01	23.35	23.43	47.8	94.02	72.57	42.01	4.47	69.84	98.6	37.48	16.16	24.7	80.06	29.68	79.32	62.29	62.77	38.9	62.07	89.05	31.06	61.62	48.08	39.82	23.43	58.22	43.05	72.28	66.27	81.02	14.87	22.02	9.22	55.66	66.48	47.71	68.71	27.89	79.16	65.92	52.89	63.95	42.01	65.76	66.6	26.4	42.45	106.83	86.31	37.01	87.46	54.63	59.54	28.65	26.31	37.16	43.27	76.58	71.59	79.25	33.62	61.66	86.4	35.13	12.53	59.94	79.4	88.53	67.08	86.01	31.4	76.55	96.83	35.23	61.29	55.58	76.06	22.47	37.74	38.21	63.63	89.32	51.61	22.83	29.43	76.24	52.39	55.79	57.8	97.13	16.12	17.46	74.33	62.18	44.01	33.11	16.64	42.2	69.2	68.96	19.24	33.24	92.11	51.16	59.67	67.12	26.0	68.41	15.23	44.1	12.04	29.83	20.25	28.43	85.02	43.46	59.93	52.81	16.16	45.18	60.81	78.75	51.92	45.4	71.55	47.8	90.43	53.25	50.64	101.83	58.69	37.34	22.56	98.01	38.01	72.53	71.42	73.68	94.02	78.55	22.02	80.11	49.98	36.35	50.99	46.1	62.2	62.36	29.07	45.22	21.93	62.13	20.0	44.27	81.63	23.54	38.33	37.48	80.1	73.82	78.23	31.38	81.84	77.03	11.31	97.08	76.79	23.09	44.01	54.04	19.65	97.08	93.86	39.29	74.69	18.36	37.05	77.23	5.83	15.62	19.03	36.69	90.82	67.48	65.05	4.0	60.44	36.14	73.25	67.36	53.26	42.49	38.01	60.21	54.01	22.36	16.76	65.28	54.92	33.12	27.46	73.59	
63.32	101.41	25.18	79.56	56.08	71.59	92.02	103.81	59.2	44.78	85.0	61.01	25.24	69.89	76.9	65.52	22.2	27.02	58.52	55.32	60.42	103.45	20.88	7.62	85.87	0.0	37.22	54.01	100.18	101.24	38.08	16.28	13.89	86.35	89.27	25.06	37.22	48.7	77.32	62.65	19.21	58.31	27.8	97.58	30.68	92.31	89.44	41.19	69.07	79.92	99.92	120.3	105.85	85.91	46.0	42.06	23.35	20.1	95.08	64.51	76.66	49.2	21.1	59.77	50.7	90.14	17.46	69.89	121.4	38.59	104.02	36.72	39.66	72.03	52.47	40.2	7.28	102.65	11.18	55.0	83.63	113.84	59.77	98.73	47.04	48.84	74.85	46.23	66.37	83.65	2.0	81.05	73.76	30.59	77.49	3.16	19.72	21.21	102.73	27.59	38.64	114.93	64.5	41.04	20.25	102.49	103.48	57.31	29.73	55.0	83.1	71.12	93.19	45.12	101.83	102.14	60.75	69.03	101.0	101.61	77.25	58.18	69.64	53.6	82.29	67.9	34.41	25.94	89.89	87.69	55.08	36.72	81.54	57.2	61.1	43.46	85.0	46.04	82.61	106.04	105.3	72.95	24.08	101.61	113.6	51.09	99.3	82.28	76.32	76.54	33.96	91.92	21.47	74.0	71.34	57.38	103.97	37.0	110.72	71.2	98.39	25.18	62.63	13.34	80.11	33.53	60.07	12.21	93.06	55.9	70.58	49.98	71.84	83.52	27.02	45.28	61.07	110.03	64.33	88.55	66.73	116.21	23.85	62.36	47.54	78.45	18.25	68.95	66.22	99.13	26.08	62.1	80.78	19.65	33.73	63.25	91.97	87.09	97.08	63.2	38.33	110.68	57.28	74.24	82.38	48.17	90.03	93.54	91.68	58.25	10.2	84.12	77.41	84.93	75.18	49.73	29.73	73.35	70.0	118.34	68.12	95.85	37.01	64.13	100.45	33.29	58.18	111.36	98.01	45.97	
91.09	113.88	35.51	77.9	89.44	44.05	108.85	99.3	41.23	71.06	58.14	53.41	53.24	72.35	74.41	66.6	58.31	53.04	30.0	40.31	91.2	109.22	38.01	33.3	83.74	37.22	0.0	46.75	89.47	90.8	44.78	27.2	39.62	66.1	85.6	20.22	15.81	55.07	69.89	59.41	18.38	54.45	10.2	70.46	24.17	104.81	61.52	76.54	80.53	102.61	78.41	123.07	106.89	59.14	41.87	72.25	48.04	54.71	96.88	67.62	75.69	71.85	30.07	40.5	79.0	75.96	51.24	39.62	130.8	65.01	114.83	64.01	17.2	60.9	41.4	24.35	44.29	111.83	27.02	77.28	56.22	112.0	62.8	81.49	41.04	14.56	101.49	10.77	53.24	55.44	35.51	63.89	71.51	28.23	106.08	39.66	42.05	57.38	109.48	12.0	13.42	118.09	88.96	62.65	52.39	93.02	86.83	46.04	23.77	89.05	101.84	78.49	101.83	76.53	117.17	78.0	84.17	103.16	95.41	95.19	104.39	83.49	49.73	52.5	87.46	84.5	15.0	20.4	95.13	71.17	89.74	51.66	103.32	27.07	66.03	72.03	89.38	40.36	75.72	93.78	103.86	83.35	59.81	82.2	90.0	72.37	92.44	60.67	99.25	105.08	42.38	70.58	22.0	51.62	103.7	35.44	118.12	19.65	87.0	54.42	102.65	23.09	77.08	35.51	105.93	64.63	94.59	26.57	98.72	87.46	47.52	56.44	91.76	61.52	49.04	71.11	54.67	91.59	62.94	60.53	69.66	123.69	13.42	63.89	51.62	60.44	52.5	97.08	96.02	84.43	11.18	92.05	83.55	27.29	66.1	66.22	106.44	62.0	100.45	97.98	10.3	118.07	87.05	66.85	64.29	13.6	85.8	85.09	96.43	71.18	30.41	108.06	101.61	81.22	47.17	53.54	60.67	98.86	90.96	123.91	82.86	69.26	55.9	62.23	93.81	60.01	34.93	115.28	84.86	14.0	
67.54	70.84	29.27	31.14	76.49	34.21	69.46	53.24	15.3	51.22	41.88	7.28	45.65	26.83	27.66	21.02	61.47	43.05	31.4	11.0	72.67	63.25	34.71	57.31	37.01	54.01	46.75	0.0	46.53	47.68	19.72	58.94	42.76	35.51	39.12	33.84	61.61	18.79	24.35	12.81	44.27	8.06	42.54	52.4	26.57	62.36	46.87	71.61	40.11	70.04	48.76	76.37	60.14	42.44	8.06	57.98	40.72	56.08	50.25	23.09	29.0	46.65	33.02	17.26	59.41	36.22	53.14	38.21	85.59	48.08	70.77	48.84	29.7	18.03	6.32	69.89	56.57	67.08	52.95	49.66	41.68	65.46	19.24	45.35	7.07	40.82	74.33	43.01	13.42	42.94	54.01	28.64	24.76	24.52	81.15	57.04	38.6	61.1	63.81	39.82	59.82	71.45	61.1	40.46	51.08	49.24	49.82	5.83	27.51	77.79	65.01	35.17	57.27	62.94	75.93	53.01	56.08	89.64	49.66	49.77	77.49	58.14	22.2	9.06	42.06	48.26	32.2	32.89	49.4	34.48	79.91	29.07	69.58	33.96	23.19	55.23	43.57	8.06	30.08	52.15	57.2	41.59	61.33	49.04	63.13	45.18	47.17	33.3	67.47	80.23	22.85	41.34	36.14	28.02	85.98	21.02	75.96	64.9	60.54	20.0	56.4	61.85	40.31	41.19	76.92	55.0	83.49	44.41	53.0	71.22	26.83	19.31	57.71	34.71	37.59	50.61	8.06	56.75	16.64	46.32	24.7	77.94	45.19	18.97	15.26	26.93	54.42	72.92	74.79	45.18	45.18	71.87	37.44	61.68	58.01	21.84	65.31	41.11	54.04	87.05	56.85	72.4	67.68	21.19	30.41	41.34	39.45	40.52	50.48	34.53	56.72	76.3	71.06	34.67	37.0	15.23	52.7	70.52	58.25	77.62	45.04	50.25	34.66	15.81	48.47	46.23	23.02	68.77	44.0	37.44	
93.48	64.26	75.06	26.93	109.13	54.49	72.72	18.03	48.3	84.69	47.89	39.32	87.3	38.01	27.31	38.9	104.24	84.34	63.6	49.4	101.87	46.1	80.0	103.82	23.35	100.18	89.47	46.53	0.0	1.41	63.07	105.32	88.01	30.53	19.1	80.05	105.19	54.92	23.02	38.12	90.47	42.0	87.6	47.3	72.78	60.42	50.16	109.73	54.2	84.9	30.15	47.68	34.06	47.41	54.33	93.41	83.6	98.99	32.31	41.79	29.53	77.39	79.4	49.24	90.79	14.87	96.63	61.55	67.07	84.43	60.73	86.02	72.62	29.12	49.73	113.72	102.0	55.36	99.46	77.03	49.74	31.05	44.64	18.11	53.6	79.08	94.92	82.49	36.4	51.97	100.32	27.59	29.73	71.02	102.73	103.12	83.1	104.09	48.51	85.07	102.88	45.1	84.4	75.89	93.9	4.47	16.28	44.64	73.76	111.36	74.65	45.8	50.09	97.69	73.01	38.12	80.71	119.89	14.04	12.0	97.67	84.91	41.4	47.04	39.7	65.44	76.55	79.08	40.31	21.4	114.06	69.05	82.88	67.2	45.88	89.69	37.8	54.59	18.44	6.71	27.0	51.74	103.58	24.0	39.05	74.69	10.2	35.81	84.15	102.07	67.03	31.02	82.57	42.43	113.46	54.71	70.58	108.85	38.47	35.51	39.85	107.56	60.75	87.05	94.75	93.68	116.3	90.93	42.05	102.47	46.01	54.13	74.33	36.06	79.76	83.77	39.12	22.85	37.66	50.57	40.31	58.08	90.8	41.48	54.33	31.14	97.74	97.01	101.26	11.05	90.44	99.86	34.66	107.94	96.84	42.38	65.86	42.49	37.0	119.47	99.74	54.45	97.25	26.0	28.32	79.92	17.69	8.06	39.36	58.59	103.25	90.69	88.39	20.81	54.04	52.47	92.65	90.69	76.58	54.04	61.22	45.61	73.01	37.48	11.05	84.9	55.76	45.01	7.28	77.03	
