220
0.0	51.22	49.5	52.48	3.61	42.58	55.15	45.71	69.64	38.63	40.22	28.6	31.32	74.97	18.97	63.78	33.14	11.66	65.92	6.4	38.42	58.69	28.16	63.91	55.87	64.64	39.56	67.23	61.07	48.41	84.17	41.4	52.7	66.19	45.97	16.12	49.65	62.63	41.68	48.09	18.03	23.77	64.4	54.71	44.2	38.12	60.75	56.64	35.34	14.14	18.38	25.02	32.28	46.17	36.69	57.87	51.35	50.99	28.02	42.19	14.42	53.41	5.0	44.27	47.54	41.23	12.04	54.15	45.71	76.49	66.75	43.97	34.93	64.03	36.72	57.58	36.89	35.0	21.59	61.77	46.23	52.5	9.49	55.33	63.03	13.04	14.32	20.81	60.21	35.47	64.54	40.61	10.3	40.79	51.42	71.34	29.41	42.06	21.02	35.78	38.95	45.49	47.27	40.5	20.62	46.84	46.1	35.51	9.9	70.94	57.72	13.89	39.29	41.77	48.08	29.53	45.54	36.88	24.19	24.7	49.73	31.91	39.62	46.53	39.05	37.44	35.47	34.0	61.52	33.73	64.88	66.61	43.19	33.02	57.28	44.94	47.41	26.02	26.25	42.01	57.78	43.97	50.64	44.72	40.01	36.5	50.16	42.11	8.0	39.41	33.02	44.18	54.04	25.96	46.1	68.26	55.07	18.36	54.74	48.0	48.75	51.62	64.41	60.54	67.42	41.98	10.44	50.8	68.95	14.42	29.41	23.77	38.0	49.04	29.0	45.54	27.8	29.02	46.27	63.32	52.33	28.28	21.1	37.01	17.03	13.0	47.38	89.87	44.41	67.12	85.91	58.52	51.74	22.47	21.26	44.6	44.42	50.64	59.68	16.16	29.83	42.0	53.74	57.01	52.8	39.81	42.15	34.21	45.62	33.42	44.65	6.71	15.26	36.8	63.57	36.12	43.83	49.98	45.45	6.4	
51.22	0.0	75.06	18.38	54.82	85.73	71.01	34.54	72.9	54.15	90.52	51.87	42.2	24.41	48.08	83.55	77.94	62.8	60.75	44.82	12.81	40.46	43.19	22.36	8.06	13.93	73.74	78.43	51.87	99.64	34.13	15.03	70.04	28.79	8.06	66.48	64.13	80.81	76.79	30.08	67.21	41.63	80.52	8.06	94.75	29.07	31.4	78.64	84.39	63.81	69.07	36.25	49.01	46.17	29.15	52.2	28.23	78.03	39.2	76.66	52.0	2.24	55.22	46.04	44.41	66.0	50.61	49.19	49.73	27.31	60.46	19.1	46.69	18.0	87.66	63.91	20.02	40.11	36.69	63.56	61.13	66.0	48.76	40.85	12.21	42.64	62.97	56.44	64.94	27.02	17.12	25.0	55.95	40.0	55.03	72.12	51.55	71.84	36.36	73.76	59.03	65.28	91.09	18.11	71.51	19.65	45.22	46.1	51.09	74.24	35.38	55.0	50.36	84.48	29.53	80.45	35.47	14.42	38.48	67.07	20.62	82.04	25.02	39.46	65.03	19.03	86.68	77.18	56.08	82.76	72.24	22.02	69.0	76.85	21.93	48.04	20.59	72.92	69.29	40.26	15.81	84.17	51.26	60.53	31.0	38.21	24.41	29.07	57.69	63.0	79.31	28.28	105.26	65.86	67.74	18.44	105.95	57.14	53.71	43.08	11.7	68.07	26.93	18.36	72.57	87.92	57.8	81.02	37.12	65.6	42.72	64.66	84.31	87.3	40.11	25.5	57.87	32.89	90.14	37.01	103.39	44.18	32.2	63.32	64.88	49.24	98.49	39.96	36.06	16.76	37.16	54.12	66.01	58.18	30.53	65.76	18.03	36.72	11.05	60.84	53.76	41.23	6.32	48.02	88.57	23.35	92.44	72.01	75.69	61.03	95.8	57.8	66.4	58.46	22.83	43.19	52.01	88.28	75.06	51.62	
49.5	75.06	0.0	62.8	48.92	28.86	104.65	44.15	31.62	21.02	69.05	77.9	78.49	90.61	33.62	14.76	75.15	48.02	113.21	50.61	65.92	49.65	32.76	95.89	74.17	88.02	87.09	23.02	41.23	65.07	96.57	60.03	10.82	69.29	67.03	55.95	15.0	14.56	14.04	88.96	59.54	71.03	17.26	82.3	70.46	79.71	60.17	7.62	69.92	42.54	45.69	69.97	26.31	32.89	46.0	104.45	90.76	3.16	36.67	13.04	35.47	77.03	46.1	91.27	93.65	9.49	61.52	36.36	28.79	88.77	39.82	80.08	83.01	76.49	53.08	24.21	55.15	35.0	42.38	110.21	95.59	101.91	41.23	98.9	82.3	60.0	58.52	70.09	109.02	48.04	78.26	80.06	39.7	86.45	27.46	120.0	78.64	90.6	65.51	19.24	88.41	10.44	32.31	57.01	55.54	82.97	33.84	29.0	59.4	32.28	53.31	63.03	25.18	27.66	50.22	49.82	43.17	63.95	70.18	28.64	85.87	64.56	79.12	91.24	11.18	56.14	58.55	77.37	37.48	42.05	25.3	76.4	6.71	76.03	91.98	92.36	57.43	35.17	28.79	36.67	88.81	23.09	30.89	15.81	82.35	81.99	56.09	83.38	44.2	12.37	34.06	84.86	69.35	73.24	95.52	93.01	63.35	67.36	32.2	37.34	80.23	12.04	68.62	91.79	116.52	80.32	40.61	7.81	65.3	48.76	76.84	71.03	35.13	21.1	35.51	84.76	22.2	72.47	31.95	58.14	72.03	31.78	49.04	86.37	38.47	37.8	68.01	100.88	41.98	91.02	95.19	105.48	101.18	71.59	52.55	94.07	58.08	45.54	86.09	35.23	79.25	35.69	73.06	40.5	18.38	52.01	51.16	80.99	93.81	82.81	60.03	47.8	48.3	86.28	96.03	32.02	92.2	21.63	6.0	43.14	
52.48	18.38	62.8	0.0	55.76	78.77	84.85	19.0	55.71	41.98	92.65	62.13	54.08	27.89	42.64	69.07	83.57	63.01	77.82	46.53	21.21	22.2	34.48	40.22	13.0	27.2	83.02	62.37	34.0	99.25	34.89	12.17	56.01	14.32	13.0	68.6	50.01	66.12	67.42	46.96	70.24	51.16	65.38	26.25	96.52	43.42	13.42	65.07	87.71	62.37	68.12	46.04	38.63	31.02	18.87	68.94	45.79	65.92	31.06	67.07	48.1	19.21	55.22	60.88	60.08	54.57	55.97	32.28	35.0	26.83	42.54	35.34	59.21	13.93	86.31	47.85	15.65	28.79	32.56	79.71	74.55	80.06	46.86	58.18	20.22	48.08	66.19	63.79	80.65	18.44	15.52	40.16	53.81	54.57	39.32	88.77	62.07	82.3	44.41	65.74	71.03	52.47	84.12	12.08	72.95	36.72	30.02	34.48	55.71	57.01	17.03	60.41	37.66	77.41	13.04	79.31	20.0	21.02	48.09	61.61	38.28	84.38	39.85	55.36	54.12	15.23	86.83	83.49	38.48	79.4	55.79	15.0	57.49	82.87	40.31	62.82	5.83	68.88	63.82	26.17	34.06	76.06	35.36	47.27	45.88	51.79	7.07	44.6	57.01	51.66	74.4	44.38	104.89	72.8	80.06	32.28	103.97	63.6	37.11	27.17	29.41	54.01	12.37	36.4	88.54	93.23	55.97	69.63	20.4	65.8	54.01	71.17	79.06	78.19	31.38	42.05	49.65	44.05	83.24	18.87	104.02	35.36	31.38	74.11	62.23	45.97	99.02	39.96	21.02	30.08	35.0	70.77	79.91	65.73	31.78	78.06	8.06	19.65	27.78	57.31	64.12	27.17	13.04	30.46	78.45	13.45	89.87	80.05	86.28	71.25	94.85	58.25	66.4	70.0	40.8	31.32	66.1	79.12	64.03	50.61	
3.61	54.82	48.92	55.76	0.0	40.02	55.97	48.27	70.52	39.56	36.89	30.02	33.73	78.52	20.22	63.41	31.0	8.06	68.01	10.0	42.01	61.19	30.0	67.42	59.4	68.24	38.91	67.54	63.0	44.82	87.69	44.82	52.84	69.35	49.5	13.0	50.16	62.43	40.22	51.24	15.3	26.31	64.35	58.31	40.8	41.3	63.69	56.22	32.31	11.0	14.87	28.02	33.54	48.01	39.56	60.17	54.59	50.21	30.27	40.8	14.87	57.01	2.83	46.57	50.01	41.05	13.42	56.01	47.27	79.98	68.36	47.43	37.0	67.48	33.12	58.52	40.22	37.12	24.35	63.51	47.43	53.6	11.0	58.14	66.6	16.03	12.0	21.21	61.77	38.48	68.01	43.93	9.22	43.42	52.77	72.95	30.89	41.88	24.19	34.13	40.0	45.65	44.55	43.83	17.2	50.29	48.0	37.12	11.18	71.78	60.44	14.14	40.61	39.29	50.92	25.94	48.05	40.46	27.02	22.83	53.16	28.65	42.95	49.25	38.83	40.8	31.89	32.14	63.2	30.41	65.55	70.0	42.8	31.06	60.73	47.13	50.61	23.19	24.17	44.18	61.33	41.79	52.24	45.31	43.1	39.2	53.23	45.28	5.39	39.45	30.15	47.38	50.45	25.08	46.67	71.87	51.48	18.44	56.32	50.09	52.33	51.88	67.6	64.08	68.8	39.46	8.6	49.68	71.87	10.82	31.78	22.85	35.06	47.01	31.14	48.84	27.78	32.14	43.57	66.1	48.8	30.02	24.41	37.48	14.32	14.14	43.84	93.38	46.87	70.72	89.38	60.73	52.8	22.67	24.76	45.28	47.71	53.15	63.29	14.42	31.06	44.1	57.28	59.03	51.0	42.94	38.63	33.24	45.28	33.94	41.05	3.16	11.66	37.8	67.07	38.0	45.69	47.93	44.55	7.07	
42.58	85.73	28.86	78.77	40.02	0.0	93.15	62.8	60.44	40.31	44.28	69.29	73.76	106.02	37.64	41.0	55.87	34.54	107.86	47.1	73.98	72.12	44.29	103.1	87.46	99.62	71.22	51.62	66.61	37.22	113.65	71.87	39.22	88.81	78.43	39.96	41.59	42.11	15.23	90.09	43.27	66.29	45.18	91.44	44.6	80.1	80.43	35.23	47.43	29.41	28.65	67.48	40.8	54.45	59.94	100.17	93.01	27.29	47.85	16.16	34.37	87.93	37.66	86.59	90.03	29.68	53.16	60.44	50.99	105.59	67.12	84.21	76.92	92.59	26.93	51.89	66.48	50.48	49.04	102.88	85.91	91.68	39.05	97.87	95.63	55.58	44.29	59.09	100.85	60.84	93.91	82.0	33.06	83.36	52.43	112.0	70.23	76.03	63.29	13.45	78.29	35.36	5.39	69.46	37.01	87.21	55.15	45.61	50.96	61.13	74.41	52.55	44.55	1.41	68.24	26.4	62.01	72.03	66.75	19.1	90.2	42.2	81.0	89.11	28.6	67.42	33.54	58.69	63.81	16.64	54.12	93.65	28.18	57.28	97.42	87.09	72.95	17.09	17.03	55.44	96.34	6.0	54.82	39.66	82.22	79.08	73.25	84.1	34.71	31.4	10.82	86.05	41.0	58.52	83.35	104.12	34.53	55.95	57.43	58.69	87.13	39.92	87.66	99.3	107.35	58.25	32.25	23.02	87.11	33.54	71.81	56.6	8.06	10.77	47.41	87.0	29.15	71.25	4.47	79.98	44.28	43.42	54.13	74.3	25.71	37.34	40.79	118.7	60.61	102.49	113.53	100.69	90.79	59.93	56.72	82.37	72.01	65.95	96.05	27.02	70.01	54.67	85.8	64.66	16.16	65.74	23.19	64.82	78.41	71.12	32.39	37.36	32.65	76.06	102.96	48.6	85.38	11.18	23.09	38.05	
55.15	71.01	104.65	84.85	55.97	93.15	0.0	89.54	122.11	91.84	62.29	27.2	31.32	92.23	72.62	118.87	42.43	59.08	26.08	54.82	63.64	101.53	79.08	64.51	79.0	77.28	25.08	121.4	108.46	77.52	101.79	73.35	107.3	98.41	72.34	53.24	103.6	117.59	96.05	42.95	50.09	36.67	119.21	67.48	66.12	42.01	97.67	111.76	54.45	64.64	64.5	40.5	84.88	95.26	79.12	26.4	46.57	106.1	77.03	96.67	69.35	72.06	58.8	25.18	27.89	96.26	43.14	102.46	96.25	96.75	115.87	52.09	25.96	89.01	74.04	110.14	72.53	83.65	68.96	17.49	10.44	5.1	63.78	36.67	81.39	46.04	48.88	34.83	13.89	76.55	88.05	46.01	65.12	31.02	102.58	22.09	26.63	19.1	43.86	89.81	16.4	100.12	96.6	74.95	56.86	52.35	94.81	86.61	45.25	123.49	98.23	41.87	91.27	92.78	88.6	69.64	89.89	63.95	39.0	78.41	52.77	57.27	46.0	32.76	94.11	72.28	67.91	39.32	110.49	78.79	118.15	93.0	98.31	40.45	57.28	23.19	82.76	76.32	79.4	89.47	63.56	96.25	100.65	98.6	40.01	33.14	87.1	42.11	61.07	94.26	82.37	43.29	81.15	34.93	9.85	77.37	87.82	37.8	104.66	95.34	60.21	106.04	96.42	64.29	16.0	48.04	64.54	105.65	105.22	59.68	31.95	36.67	86.31	101.79	78.39	46.39	82.81	41.23	95.71	102.39	76.03	79.61	63.51	18.87	68.82	67.36	73.25	107.28	89.32	77.88	106.21	24.84	5.0	33.6	60.42	10.82	78.64	94.24	71.02	70.29	25.61	89.9	77.01	104.0	106.25	78.16	81.32	30.59	19.1	22.2	77.28	57.63	60.54	18.44	63.57	85.96	19.0	102.63	100.5	61.52	
45.71	34.54	44.15	19.0	48.27	62.8	89.54	0.0	38.59	23.77	83.93	63.79	58.31	46.53	30.41	50.09	78.77	54.08	87.8	41.11	30.41	13.04	20.25	56.86	31.4	45.71	82.22	43.97	19.42	87.98	52.5	20.81	37.01	26.08	26.83	61.13	31.02	47.17	50.12	58.0	63.56	53.16	46.53	42.54	87.32	51.61	17.69	46.1	80.36	51.89	57.7	49.04	22.02	12.04	10.44	78.6	58.05	47.3	18.38	49.65	36.67	36.06	46.84	68.1	68.51	36.4	53.01	15.0	16.0	44.64	27.66	46.69	63.69	32.39	74.63	29.41	18.44	12.81	24.19	87.98	79.12	85.23	37.64	69.35	39.12	46.27	60.02	62.13	88.19	13.0	34.23	49.68	43.46	61.91	20.62	97.64	64.03	82.87	45.88	49.41	74.04	33.73	68.01	17.8	64.51	48.92	11.05	17.2	52.01	39.96	12.53	57.01	19.31	61.4	6.08	68.1	1.0	29.0	50.6	47.51	51.22	76.22	49.04	64.4	36.25	19.1	76.48	79.4	22.63	66.22	37.7	32.28	39.22	78.52	55.23	69.84	14.32	55.61	49.58	7.62	50.09	59.36	16.76	28.44	54.41	58.18	12.04	54.04	47.76	33.62	60.14	54.56	93.49	70.01	82.97	50.8	91.21	61.01	19.24	8.54	43.27	35.01	25.06	52.8	96.25	87.66	45.69	51.24	25.0	56.65	57.58	68.03	64.35	60.83	17.89	53.04	33.97	48.75	67.2	18.36	93.54	20.81	27.17	75.5	50.61	35.47	88.59	57.01	2.24	48.66	51.48	80.21	84.86	64.12	29.61	81.04	16.55	5.0	45.22	45.28	65.73	8.54	30.81	15.0	60.54	12.73	77.01	78.01	86.83	72.18	83.22	50.0	57.01	72.53	57.27	14.21	72.01	61.72	45.88	41.76	
69.64	72.9	31.62	55.71	70.52	60.44	122.11	38.59	0.0	31.02	98.02	95.02	92.2	80.06	50.7	24.04	100.44	72.57	124.48	67.98	68.6	34.71	43.05	95.26	68.71	82.87	109.2	11.4	22.36	95.89	83.1	59.36	21.38	55.33	65.37	80.81	21.1	21.26	45.35	95.78	84.17	85.7	18.38	80.95	100.02	88.39	46.69	26.42	97.51	67.9	72.44	82.8	37.58	28.32	46.86	115.28	96.21	33.62	45.22	44.38	55.66	74.25	68.01	103.59	104.74	33.02	80.53	23.71	26.25	76.42	15.03	84.81	97.42	66.71	83.29	12.08	56.4	39.05	53.25	123.56	112.06	118.43	60.17	106.96	75.58	76.16	82.01	89.96	123.23	49.68	68.88	87.11	62.1	97.74	19.85	133.42	95.52	111.49	78.82	49.5	105.82	27.0	63.91	56.3	81.88	87.2	29.07	35.51	78.79	1.41	40.02	83.38	30.89	59.2	43.38	79.01	37.74	67.01	83.82	56.04	89.63	92.35	86.37	101.12	35.0	57.2	88.02	102.11	17.46	72.44	6.32	64.94	33.24	100.9	93.81	105.12	52.33	64.01	57.0	34.71	88.59	54.71	22.67	25.5	91.22	93.61	48.85	91.29	67.19	33.06	64.5	92.1	100.45	95.52	114.13	87.92	94.83	87.85	19.42	30.23	81.84	21.1	55.58	91.24	131.21	107.2	63.79	38.48	48.0	74.15	91.02	93.3	66.29	52.39	43.83	90.91	43.74	83.74	63.57	42.19	102.7	42.54	59.2	105.55	64.5	56.65	98.41	86.01	37.44	85.7	80.01	116.73	117.89	91.79	62.63	112.38	55.07	36.25	83.26	59.84	96.75	33.97	68.54	25.3	48.76	51.04	82.2	103.73	115.16	101.97	90.8	70.6	73.98	103.94	95.71	36.4	106.4	52.8	37.36	63.57	
38.63	54.15	21.02	41.98	39.56	40.31	91.84	23.77	31.02	0.0	69.58	64.64	62.94	69.86	19.7	30.46	69.87	42.19	96.67	37.22	45.61	31.83	13.6	75.31	53.15	67.01	78.19	29.73	27.31	70.23	76.22	39.12	17.0	49.65	46.1	50.36	12.04	28.18	26.63	70.24	53.6	55.97	28.84	61.52	72.18	61.59	40.82	24.74	68.01	38.0	43.1	53.76	7.07	14.14	25.02	87.62	71.59	24.08	17.0	26.08	24.74	56.08	37.11	75.07	76.84	12.65	49.65	20.59	10.82	68.31	30.27	60.54	67.94	55.79	56.92	18.97	34.37	14.04	24.21	94.76	82.01	88.41	29.15	80.78	61.29	45.8	51.2	59.03	94.07	27.17	57.49	61.29	31.4	69.66	14.14	104.66	65.22	80.53	49.5	26.91	75.45	11.18	45.28	36.06	52.01	63.32	14.87	8.06	47.85	32.31	34.41	52.39	4.47	38.9	29.73	51.42	22.85	43.68	54.45	28.46	66.13	63.07	60.42	73.82	12.53	35.36	60.42	71.39	25.71	47.01	26.42	55.97	15.52	70.21	71.84	76.42	36.5	37.0	30.08	16.16	68.25	36.24	15.23	7.21	64.35	65.3	35.44	65.0	36.5	9.85	39.82	66.24	75.39	64.51	83.53	72.0	71.59	56.86	18.68	18.44	59.91	15.26	48.75	71.2	101.91	77.16	33.24	27.66	47.01	44.05	61.55	62.3	43.27	37.22	15.65	65.74	14.32	55.44	44.55	39.82	76.54	12.81	30.81	74.79	35.13	25.63	71.84	80.78	21.54	70.01	75.24	88.87	87.8	60.84	34.41	81.84	37.05	26.08	65.19	30.02	66.29	15.23	52.04	24.7	36.77	31.0	57.7	72.73	84.17	71.2	65.19	39.81	44.01	73.5	75.5	11.0	77.1	38.08	22.14	32.57	
40.22	90.52	69.05	92.65	36.89	44.28	62.29	83.93	98.02	69.58	0.0	48.7	58.18	114.69	53.76	83.2	20.0	29.97	84.38	46.4	77.83	96.46	64.2	99.57	95.78	103.32	37.22	91.66	96.1	15.3	124.08	81.61	77.23	106.17	85.91	24.21	77.0	83.55	55.54	79.61	23.35	53.34	86.31	92.85	4.47	70.83	100.18	76.49	8.06	32.28	26.68	57.69	65.51	81.25	76.03	79.43	83.65	68.66	65.55	56.52	47.43	92.63	37.59	67.72	72.12	65.07	40.61	89.05	79.43	116.52	99.85	79.63	58.19	104.2	17.49	87.05	77.1	71.78	60.83	77.06	59.14	63.01	46.52	82.54	102.59	48.17	27.59	38.48	74.01	75.18	104.64	74.63	40.5	67.78	83.73	84.1	49.65	43.19	55.61	49.82	52.47	71.03	44.94	80.71	19.72	82.1	81.49	70.09	39.7	99.05	96.38	36.62	72.18	44.78	87.24	19.24	83.57	76.49	55.76	42.0	84.6	8.49	73.78	73.74	63.03	77.67	10.77	23.02	95.19	27.86	92.09	106.83	65.28	22.0	92.11	67.19	87.46	34.13	41.05	78.75	94.4	49.77	84.34	73.06	71.59	64.88	89.94	74.3	36.25	65.0	35.44	76.54	19.03	31.05	53.04	106.4	25.71	36.24	88.12	84.2	86.05	77.1	104.45	96.83	78.23	16.12	38.28	65.52	108.26	27.31	56.36	30.68	36.25	55.04	66.13	78.89	55.33	62.13	44.42	102.16	14.56	63.89	61.29	46.17	34.53	48.47	11.0	129.83	82.28	105.55	126.04	79.08	62.01	37.7	61.4	53.0	84.6	88.6	97.84	39.81	48.08	78.45	93.61	92.65	60.42	79.76	23.35	32.0	43.74	44.55	16.12	34.48	26.93	50.64	99.02	71.84	63.35	55.46	63.15	42.49	
28.6	51.87	77.9	62.13	30.02	69.29	27.2	63.79	95.02	64.64	48.7	0.0	10.63	75.64	45.45	91.92	30.53	34.79	38.83	27.66	41.59	76.3	51.97	53.76	59.2	61.77	21.93	94.2	82.22	62.37	85.49	50.04	80.16	76.32	50.8	31.14	76.4	90.55	70.18	32.02	29.0	11.0	92.1	51.0	53.14	25.0	74.03	84.86	40.85	39.92	41.23	16.12	57.69	68.54	53.37	32.02	36.24	79.51	50.09	70.72	42.45	53.49	32.76	19.24	23.54	69.3	16.64	75.96	69.32	79.12	89.32	35.51	9.49	69.12	55.01	83.01	48.09	56.86	42.05	33.62	17.69	24.04	36.77	33.84	63.69	18.87	26.17	11.0	31.76	50.99	68.68	29.41	38.83	19.24	75.59	42.94	1.0	20.22	18.11	64.14	10.82	73.0	73.38	51.01	36.01	37.2	68.15	59.54	18.87	96.38	73.55	16.76	64.14	68.71	63.64	49.09	64.03	41.3	14.04	52.84	39.05	41.23	28.84	25.08	67.18	48.04	50.36	28.6	83.93	56.89	90.97	72.78	71.45	28.84	45.97	19.03	59.01	52.2	54.12	62.97	50.0	71.59	73.82	71.4	24.76	17.03	63.07	27.59	35.36	67.21	58.82	29.7	67.19	17.89	19.31	63.51	71.7	14.04	77.88	68.95	43.42	78.87	74.33	51.86	38.83	40.0	38.59	79.4	82.0	36.14	9.43	18.03	63.32	76.92	51.43	32.56	55.87	18.97	72.42	78.23	63.25	52.48	37.0	12.0	43.86	40.31	59.2	91.29	63.32	63.29	88.96	32.14	23.35	11.18	34.21	17.46	55.0	68.66	55.57	44.42	2.0	63.32	57.01	77.79	81.01	53.34	62.01	21.26	24.19	9.22	60.53	32.2	37.11	8.94	53.04	59.03	16.28	77.82	74.03	34.83	
31.32	42.2	78.49	54.08	33.73	73.76	31.32	58.31	92.2	62.94	58.18	10.63	0.0	65.55	45.0	91.83	40.8	40.11	34.89	28.18	33.0	70.21	49.58	43.14	49.82	51.43	32.25	92.66	77.39	71.17	75.39	42.3	79.31	68.0	42.05	38.33	74.95	90.14	72.5	21.63	36.88	7.62	91.35	40.72	62.65	14.42	66.61	85.0	50.54	44.55	47.04	9.43	55.87	64.66	47.93	26.57	25.81	80.45	47.01	72.92	43.42	43.68	36.14	13.0	16.28	69.4	21.02	71.59	66.03	69.26	85.0	25.06	5.39	59.84	62.65	80.43	41.23	53.25	39.05	31.89	20.88	26.93	37.59	25.18	53.76	18.79	33.38	19.7	31.14	45.31	59.23	18.87	41.44	10.05	72.42	41.77	10.0	29.73	13.45	66.85	17.03	72.35	78.26	43.74	43.57	26.63	64.14	56.85	23.09	93.6	66.94	23.19	61.72	73.01	57.28	56.22	58.69	33.06	8.49	55.97	28.43	50.33	18.36	16.12	67.42	41.0	58.69	39.05	79.65	63.03	88.73	63.64	71.85	39.2	35.36	13.89	51.62	56.89	57.57	58.67	39.41	75.29	70.18	70.01	14.14	6.71	55.9	16.97	39.05	67.01	63.79	19.1	76.22	28.02	26.0	53.0	80.05	22.14	74.09	64.41	33.11	77.83	66.0	41.23	39.05	50.45	41.76	81.01	74.33	42.01	2.0	27.78	68.59	80.32	48.41	21.93	56.3	10.05	77.28	71.2	72.62	50.25	33.02	21.19	48.05	40.82	68.35	81.15	58.18	52.84	79.06	27.31	26.57	20.59	29.68	24.0	47.52	62.97	45.18	47.43	12.21	59.17	47.68	72.92	83.93	46.84	69.35	31.89	33.53	19.24	68.88	36.5	43.01	16.28	42.43	55.8	14.21	81.27	75.29	36.77	
74.97	24.41	90.61	27.89	78.52	106.02	92.23	46.53	80.06	69.86	114.69	75.64	65.55	0.0	68.96	96.08	102.34	86.37	77.32	68.59	36.88	45.4	61.85	30.59	19.21	15.03	97.58	88.2	57.71	123.24	9.85	34.67	83.38	25.0	29.07	90.55	77.41	93.05	95.19	49.37	91.44	65.76	92.0	25.0	118.87	51.55	33.38	92.54	108.71	86.83	92.31	60.42	66.41	58.31	46.24	70.01	46.1	93.74	58.18	94.87	73.78	22.47	78.64	67.08	64.5	82.46	75.0	58.03	62.39	5.83	65.51	40.8	69.57	14.14	110.89	74.03	39.96	56.61	57.98	82.0	82.98	87.13	71.4	58.01	12.21	67.01	87.21	80.78	84.05	45.19	12.37	47.13	78.6	61.61	66.03	89.27	75.24	95.27	60.75	93.23	81.91	80.23	111.4	36.72	95.46	40.02	57.31	62.36	75.43	81.22	40.2	79.4	65.51	104.69	40.45	103.71	47.52	38.21	62.65	88.19	39.46	106.22	47.43	59.54	82.01	39.12	110.39	101.55	62.65	105.12	81.3	15.13	85.38	101.24	36.01	69.05	33.53	94.87	90.43	53.94	29.02	103.62	62.03	74.97	52.89	60.73	34.53	50.45	80.92	79.56	100.85	49.03	128.89	90.21	90.25	16.49	129.02	81.54	63.03	54.15	32.57	81.39	24.52	29.07	91.01	112.33	80.6	97.51	33.62	89.2	66.31	89.04	105.68	105.95	58.69	45.89	77.08	56.8	110.49	38.08	127.29	62.77	54.82	86.73	87.42	71.28	122.35	15.65	48.66	15.13	14.04	72.01	87.3	82.49	53.81	88.32	34.01	46.04	21.21	82.93	77.47	54.92	21.26	55.23	106.32	40.31	115.21	96.18	99.02	84.69	119.21	81.39	89.94	81.6	31.58	59.2	73.55	106.89	91.92	74.65	
18.97	48.08	33.62	42.64	20.22	37.64	72.62	30.41	50.7	19.7	53.76	45.45	45.0	68.96	0.0	46.86	51.09	24.33	79.61	17.8	36.5	42.72	10.44	66.12	50.09	61.98	58.52	48.83	43.1	57.69	77.1	34.44	34.71	54.56	40.85	32.06	31.06	45.28	30.15	56.04	35.0	37.64	46.69	53.94	57.01	46.49	47.43	40.0	50.8	21.54	27.31	36.36	13.34	28.07	24.04	70.83	58.25	35.78	12.21	30.27	6.32	50.29	18.03	57.69	60.03	24.41	30.02	36.06	27.07	69.07	48.17	48.26	49.68	56.04	44.41	38.63	29.07	18.03	11.4	76.84	63.03	69.43	9.49	65.55	58.18	26.87	32.14	39.36	75.82	24.21	57.14	47.3	13.34	52.84	32.56	86.68	46.1	60.84	31.91	26.08	56.22	27.59	43.01	32.25	34.71	51.24	28.16	17.0	28.18	52.0	42.94	32.7	20.4	36.4	34.41	37.74	29.97	34.53	36.62	19.24	54.23	46.32	46.32	57.7	22.47	29.97	46.07	52.35	43.05	36.8	46.07	57.63	26.93	51.24	61.03	58.82	36.88	26.25	21.47	25.0	59.21	36.35	32.06	26.08	49.04	48.37	38.21	50.29	18.11	22.02	31.91	51.92	63.25	44.92	64.07	66.48	61.55	37.16	36.12	30.59	50.09	33.42	53.08	62.2	83.49	59.08	15.52	37.0	55.23	26.68	43.42	42.72	36.72	40.01	12.53	52.17	11.7	38.91	42.06	48.76	63.13	10.2	17.0	55.23	20.25	6.08	58.18	82.42	28.64	64.85	77.62	71.87	68.77	41.15	20.1	62.43	35.23	34.93	58.46	15.0	47.01	24.74	48.33	39.32	42.19	29.21	47.38	53.16	64.47	51.62	53.01	21.0	26.93	54.2	66.07	18.25	58.9	41.01	31.02	13.15	
63.78	83.55	14.76	69.07	63.41	41.0	118.87	50.09	24.04	30.46	83.2	91.92	91.83	96.08	46.86	0.0	89.9	62.77	126.25	64.38	75.89	51.97	43.83	105.26	81.39	95.63	101.79	12.81	41.11	78.1	100.84	68.66	13.6	72.84	75.5	70.71	19.42	3.16	27.66	100.62	74.3	84.5	5.66	91.22	84.34	91.79	63.64	7.21	84.43	57.31	60.42	83.01	37.12	38.05	54.57	117.32	102.04	14.56	47.42	26.68	49.52	85.33	60.61	104.4	106.51	22.63	75.74	38.47	34.13	93.43	36.72	91.0	96.54	82.02	66.75	22.8	64.29	43.97	54.2	123.69	109.6	115.97	55.15	111.02	89.2	73.66	73.25	84.5	122.67	57.01	84.01	91.68	54.2	99.3	30.07	133.54	92.63	105.21	78.6	33.53	102.55	19.72	43.29	65.51	70.26	93.78	39.05	38.28	73.66	24.08	56.57	77.47	33.53	40.01	56.04	64.03	49.09	74.0	83.41	43.38	96.57	79.06	90.79	103.77	24.76	65.25	72.57	92.13	36.4	55.73	18.6	81.22	20.62	90.79	102.14	105.6	64.28	49.65	43.46	43.42	98.23	35.0	34.06	23.41	94.51	94.87	62.03	95.29	58.82	24.84	47.85	96.6	82.0	87.92	109.88	100.72	75.24	81.84	33.54	42.0	90.14	15.52	72.56	101.14	130.3	94.92	55.22	18.03	67.19	63.53	90.27	85.7	48.17	31.26	46.1	96.18	36.07	85.15	43.19	60.42	85.15	42.94	60.9	100.77	53.24	51.62	81.39	104.56	48.17	98.62	98.66	118.46	115.26	86.05	64.5	108.37	65.76	50.04	94.54	49.93	93.35	42.43	80.62	41.98	26.68	60.21	64.07	95.72	108.47	97.19	73.17	62.43	63.06	100.45	105.51	40.8	105.76	31.4	20.25	57.38	
33.14	77.94	75.15	83.57	31.0	55.87	42.43	78.77	100.44	69.87	20.0	30.53	40.8	102.34	51.09	89.9	0.0	27.89	64.5	37.85	65.86	91.79	61.0	83.63	84.22	89.64	17.46	96.14	94.0	35.13	112.06	71.69	81.27	97.74	74.71	19.65	79.56	89.55	63.29	62.43	16.28	37.48	91.92	78.87	24.08	54.56	93.15	82.76	12.04	32.89	29.53	42.52	64.28	79.01	69.43	59.91	66.61	75.59	61.13	64.14	45.28	79.88	33.06	48.85	53.31	68.95	27.73	87.01	78.16	104.96	99.25	64.35	39.82	93.48	32.65	88.65	68.01	68.07	54.59	57.08	39.2	43.01	42.0	63.98	90.14	35.78	19.0	21.93	54.01	67.91	93.54	58.73	38.47	49.74	83.49	64.12	31.38	23.35	41.62	56.94	32.76	74.33	58.14	71.51	19.72	66.48	79.0	68.07	27.86	101.64	90.61	23.26	71.34	55.9	80.81	29.83	78.64	64.88	40.36	46.52	68.68	15.23	58.0	55.47	66.73	68.35	26.0	3.16	94.13	39.7	95.08	96.61	70.01	2.0	75.93	48.1	79.06	41.05	46.53	75.11	79.2	60.31	83.15	74.95	54.82	47.43	82.28	57.63	33.38	68.01	45.34	59.82	39.01	12.81	33.06	92.1	45.4	20.81	87.21	81.06	71.59	80.65	95.86	81.34	58.31	10.0	36.67	73.57	101.39	26.57	39.2	13.45	48.1	65.95	62.07	62.48	56.75	46.69	57.38	96.1	34.23	61.01	52.89	26.31	36.77	45.04	31.0	117.89	77.52	91.55	114.74	59.44	42.01	20.52	51.87	33.0	75.61	83.73	83.74	40.8	29.53	75.06	81.99	90.02	71.06	71.84	39.81	12.0	24.35	25.0	34.93	30.15	26.93	31.05	82.98	69.0	43.97	66.6	69.77	38.01	
11.66	62.8	48.02	63.01	8.06	34.54	59.08	54.08	72.57	42.19	29.97	34.79	40.11	86.37	24.33	62.77	27.89	0.0	73.5	18.03	50.0	66.76	34.71	75.39	67.21	76.28	39.2	68.35	67.36	36.88	95.46	52.4	53.49	76.32	57.31	8.25	51.66	62.18	37.48	58.69	11.7	33.0	64.4	66.37	33.62	48.84	70.21	55.57	26.48	5.66	7.07	35.36	37.01	52.35	46.07	66.1	62.17	48.83	35.74	38.21	18.11	65.0	7.81	52.61	56.32	41.23	19.1	60.3	51.04	87.69	72.0	55.36	42.76	75.07	25.06	60.83	47.63	42.2	30.89	68.35	51.43	57.31	16.55	65.0	74.52	23.54	10.63	24.6	66.31	45.28	75.69	51.66	11.05	50.04	56.04	77.47	35.74	43.14	31.78	31.11	43.83	46.49	38.6	51.22	10.44	58.19	52.47	41.19	17.03	73.76	66.48	18.03	44.0	34.01	57.27	17.89	53.76	48.41	34.13	19.85	61.03	22.14	50.7	56.01	39.0	48.27	24.04	29.73	67.03	23.02	67.19	77.47	42.49	28.46	68.62	52.95	57.69	17.46	20.52	49.24	69.35	37.22	56.04	47.07	50.49	46.0	60.03	52.77	6.32	40.16	24.04	54.92	42.52	25.5	49.41	79.92	43.42	21.47	60.01	54.92	60.37	52.81	74.63	72.09	72.9	35.01	9.0	47.51	78.29	2.83	38.12	23.35	28.64	42.72	36.4	56.52	28.86	39.62	37.64	72.24	41.11	34.53	31.89	40.22	9.9	18.68	36.12	101.12	52.5	78.77	97.0	66.49	56.44	25.55	32.56	48.26	55.0	58.82	71.34	13.0	35.47	49.03	65.12	63.64	47.2	49.93	30.68	33.02	46.1	36.89	33.02	5.0	3.61	41.59	75.03	42.58	50.96	43.57	43.01	12.53	
65.92	60.75	113.21	77.82	68.01	107.86	26.08	87.8	124.48	96.67	84.38	38.83	34.89	77.32	79.61	126.25	64.5	73.5	0.0	63.06	57.98	97.94	83.1	47.01	68.62	62.51	48.51	126.15	107.2	99.13	86.05	68.26	113.41	89.54	64.85	69.87	108.71	124.4	107.35	30.87	67.48	42.49	125.42	54.82	88.57	36.24	91.24	119.54	76.32	78.45	80.05	43.27	89.64	96.26	78.1	9.22	32.57	115.25	80.06	107.79	78.29	61.03	70.58	21.95	19.85	104.01	54.71	102.3	98.29	82.61	115.42	42.49	31.02	77.88	93.26	113.15	69.4	85.56	72.47	8.6	25.32	22.85	72.47	19.92	68.45	53.67	64.94	49.65	12.21	75.29	76.4	38.28	76.16	27.02	104.66	12.0	37.85	42.72	47.71	101.64	32.02	106.61	112.09	70.72	74.55	41.23	95.59	89.94	56.92	125.9	93.65	55.54	94.92	107.21	85.15	87.69	88.41	59.08	43.05	90.62	40.16	78.03	38.83	23.43	102.08	68.82	88.02	61.66	110.26	95.71	121.66	82.01	106.53	62.51	41.44	21.02	77.52	90.8	92.11	89.94	48.66	109.79	101.91	103.86	33.42	31.4	81.99	33.84	73.39	101.51	97.53	33.62	103.39	54.0	32.57	61.07	109.02	52.77	105.55	95.13	49.04	111.83	87.66	48.26	15.23	71.81	76.32	115.88	97.69	74.95	36.67	55.04	102.11	114.95	81.47	35.78	91.07	41.23	111.13	96.6	98.73	83.87	65.95	38.21	82.22	75.66	95.34	91.0	88.24	62.2	91.2	7.81	23.77	49.37	62.37	32.02	73.57	91.84	56.89	82.08	38.47	90.61	67.07	102.8	118.7	75.21	100.4	52.61	44.01	40.01	98.0	70.52	75.93	34.0	46.01	88.41	22.56	115.88	110.15	71.59	
6.4	44.82	50.61	46.53	10.0	47.1	54.82	41.11	67.98	37.22	46.4	27.66	28.18	68.59	17.8	64.38	37.85	18.03	63.06	0.0	32.02	54.15	25.3	57.87	49.52	58.25	41.98	66.61	57.56	54.82	77.83	35.23	52.5	60.42	39.62	22.2	48.83	62.94	44.38	43.01	23.71	20.59	64.44	48.37	50.45	33.02	55.36	57.38	41.18	19.92	24.6	20.62	30.41	42.95	31.58	54.63	46.04	52.43	24.33	44.78	15.26	47.01	10.77	41.15	44.01	41.77	12.65	50.8	43.01	70.18	63.79	38.08	32.45	57.8	43.05	55.9	30.89	31.4	17.0	59.64	45.28	51.66	9.43	50.99	56.64	9.43	19.7	22.14	58.41	30.08	58.26	35.13	14.04	37.0	49.04	69.4	28.32	43.66	16.28	38.9	38.42	45.34	52.01	34.48	26.91	41.0	42.76	32.89	11.18	69.32	52.77	16.12	37.16	46.17	42.95	35.85	41.05	30.48	20.25	28.44	43.93	38.01	34.13	42.45	39.7	31.38	41.87	38.33	58.46	39.56	63.63	60.46	44.05	37.48	51.42	42.06	41.63	31.14	30.27	38.21	51.62	47.85	47.8	43.83	35.13	32.57	44.6	37.01	13.6	39.6	38.12	39.0	60.44	29.07	46.32	61.91	61.4	20.4	51.92	44.28	42.54	51.22	58.6	54.42	65.95	47.13	15.03	52.84	63.6	20.81	26.42	27.02	43.19	52.63	25.5	40.11	28.43	24.19	51.01	58.25	58.69	25.63	15.23	37.59	22.2	12.81	53.76	83.55	40.01	60.75	79.65	55.46	50.99	24.04	15.0	44.65	38.47	46.1	53.34	20.1	29.21	38.33	47.38	53.34	55.97	34.18	48.33	37.22	47.43	34.0	51.04	13.04	21.63	36.4	57.57	32.98	41.62	53.6	47.17	9.06	
38.42	12.81	65.92	21.21	42.01	73.98	63.64	30.41	68.6	45.61	77.83	41.59	33.0	36.88	36.5	75.89	65.86	50.0	57.98	32.02	0.0	39.96	33.24	30.07	18.36	26.42	63.06	72.47	49.58	86.83	46.4	10.3	62.3	35.0	9.22	53.74	56.65	73.39	66.07	27.66	54.56	30.81	73.54	17.46	82.04	22.47	34.21	70.34	71.84	51.11	56.3	25.5	39.62	40.5	21.95	48.88	27.66	68.73	29.27	66.03	39.85	15.0	42.44	39.85	39.4	56.57	38.28	45.34	43.42	39.12	58.0	16.28	38.05	27.86	74.89	58.31	12.21	31.95	25.18	59.09	53.34	58.86	36.25	39.05	24.76	30.23	50.33	44.78	59.81	19.24	27.73	19.72	43.38	33.53	49.4	68.43	41.44	61.81	24.7	62.51	50.01	56.75	79.31	12.81	58.73	18.6	39.66	37.64	38.6	70.0	35.78	42.72	42.38	72.78	27.2	67.68	31.14	2.0	27.66	55.08	21.1	69.35	19.24	34.89	55.33	11.4	73.88	65.3	53.04	70.21	66.89	31.32	59.54	64.88	26.25	41.76	19.7	60.54	57.28	34.13	23.02	72.84	46.04	52.5	25.08	30.59	24.17	24.19	44.94	53.6	67.07	24.41	92.46	54.13	59.0	30.46	93.19	45.18	49.2	38.42	14.32	60.41	33.0	26.02	67.78	75.8	45.18	71.25	41.59	52.8	33.06	52.77	72.11	76.32	30.41	22.67	47.04	23.02	78.34	39.22	90.61	34.23	19.92	53.46	52.33	37.0	85.7	52.2	31.24	29.07	48.88	50.61	58.69	46.62	17.89	57.0	15.65	34.06	22.14	48.47	43.57	34.99	16.12	45.28	78.03	17.69	79.76	60.75	65.76	50.8	83.01	45.0	53.6	49.09	30.15	35.11	44.91	77.32	65.19	38.95	
58.69	40.46	49.65	22.2	61.19	72.12	101.53	13.04	34.71	31.83	96.46	76.3	70.21	45.4	42.72	51.97	91.79	66.76	97.94	54.15	39.96	0.0	32.31	62.43	34.99	48.75	95.13	43.0	12.37	99.76	49.09	29.68	40.5	21.02	33.97	73.98	34.93	48.84	58.26	67.42	76.49	65.51	47.38	48.41	99.72	62.18	12.04	49.65	93.15	64.26	70.01	61.13	32.45	17.69	23.09	88.84	66.84	52.77	31.05	57.63	49.04	41.4	59.67	79.2	79.18	43.6	66.0	13.6	21.4	42.01	20.62	55.8	75.58	32.02	86.35	29.27	29.15	24.7	37.22	98.84	91.09	97.08	50.45	78.82	41.23	59.14	72.99	75.06	99.32	25.32	34.21	59.68	55.97	72.92	22.47	108.3	76.49	95.63	58.25	58.69	86.35	39.45	77.1	27.29	77.2	57.63	16.97	27.46	65.03	35.9	5.39	70.03	27.59	70.71	13.0	80.06	13.15	38.95	62.82	58.52	59.55	88.89	59.17	74.79	44.05	29.55	88.64	92.44	17.26	77.39	36.01	30.27	46.04	91.55	62.29	81.02	20.62	66.89	60.46	17.89	56.22	68.01	18.79	34.13	64.88	69.46	16.28	64.14	60.44	41.23	70.8	64.35	105.19	83.02	95.34	53.71	102.34	74.0	18.44	13.45	50.93	38.63	21.02	58.6	107.35	100.62	58.19	57.31	15.65	69.26	69.64	81.06	74.65	68.6	30.36	62.43	44.41	60.41	76.38	8.54	105.55	32.7	40.05	88.12	62.65	48.08	100.65	52.61	14.32	51.48	46.69	90.55	96.77	77.06	42.3	93.39	24.41	8.06	49.93	57.27	78.26	18.36	35.23	10.05	67.42	23.41	88.2	91.0	99.61	84.85	94.89	62.82	69.57	84.93	63.01	25.06	83.57	69.4	52.7	54.57	
28.16	43.19	32.76	34.48	30.0	44.29	79.08	20.25	43.05	13.6	64.2	51.97	49.58	61.85	10.44	43.83	61.0	34.71	83.1	25.3	33.24	32.31	0.0	63.29	43.68	56.72	67.19	43.14	33.0	67.74	69.35	28.44	30.53	45.28	35.36	42.3	25.61	41.68	33.73	56.8	45.1	42.8	42.44	50.0	67.42	48.02	37.64	37.7	61.19	31.95	37.7	40.31	6.71	18.03	15.65	74.03	58.31	35.51	4.0	33.54	16.76	45.28	28.07	61.55	63.25	23.35	37.95	26.02	17.72	61.29	38.64	47.43	54.67	48.3	54.38	31.06	23.19	7.62	10.63	81.32	69.07	75.45	19.0	67.23	51.92	33.12	42.0	47.43	80.72	16.76	49.66	47.85	23.77	56.08	23.77	91.22	52.48	68.95	36.12	31.38	62.77	24.17	49.65	25.71	45.12	50.29	18.0	7.62	36.4	44.42	32.76	41.23	12.21	42.94	24.76	47.89	19.72	31.26	41.11	27.59	53.16	56.75	46.96	60.22	22.09	24.19	56.36	62.07	33.38	46.1	39.2	49.4	26.31	61.03	59.23	62.94	28.65	35.47	29.73	14.56	56.22	41.79	22.56	20.81	50.77	51.74	29.21	51.48	28.44	20.4	40.36	52.77	73.25	53.94	71.12	61.52	71.06	45.61	26.68	20.22	47.52	28.84	43.93	59.21	88.62	69.26	25.96	38.05	45.22	37.11	48.27	51.79	44.82	44.38	3.16	52.39	15.23	41.87	48.76	38.59	73.36	1.0	17.2	62.65	30.41	16.12	68.43	74.43	18.36	59.68	69.34	75.29	74.89	49.34	20.81	69.35	27.86	24.6	54.08	25.06	53.71	14.32	42.2	29.07	45.4	21.54	56.85	62.17	72.73	59.09	62.97	31.14	37.36	60.9	63.39	8.0	63.78	45.35	32.02	23.02	
63.91	22.36	95.89	40.22	67.42	103.1	64.51	56.86	95.26	75.31	99.57	53.76	43.14	30.59	66.12	105.26	83.63	75.39	47.01	57.87	30.07	62.43	63.29	0.0	27.66	16.55	74.81	100.66	74.09	110.94	39.05	36.69	91.68	47.63	30.08	76.94	85.87	102.62	96.01	22.47	76.66	46.4	102.49	14.32	104.01	29.07	52.4	100.02	92.42	77.79	82.28	41.88	69.58	68.35	50.7	40.31	18.36	98.73	59.3	96.0	68.73	21.1	68.62	40.25	36.77	86.58	59.17	71.55	71.78	36.14	82.68	20.12	45.61	34.41	100.32	86.16	41.0	61.39	55.01	52.35	56.36	59.46	64.33	28.44	23.85	52.33	72.56	61.85	54.74	48.27	32.45	25.0	71.06	36.06	77.25	59.01	53.08	71.28	44.29	92.2	57.14	86.49	108.34	39.85	82.3	17.49	67.42	67.27	60.42	96.6	57.2	62.97	71.81	101.97	51.88	93.23	57.78	32.06	43.83	84.01	15.0	91.27	25.81	32.2	85.38	40.02	97.95	82.07	78.39	97.42	94.54	38.28	89.56	82.13	7.81	42.05	42.94	88.53	86.15	62.3	7.07	102.4	73.54	82.0	29.0	36.88	46.65	26.17	71.47	83.6	95.34	24.08	116.36	70.84	64.41	14.14	118.6	63.6	76.06	65.39	16.03	89.74	46.1	4.12	61.2	93.43	72.53	101.32	56.73	78.0	44.55	70.29	100.44	106.12	60.41	21.21	77.0	37.44	107.35	58.05	113.53	64.28	49.16	63.01	79.81	65.76	108.91	44.01	58.31	15.52	44.28	42.3	59.81	63.13	46.39	62.65	40.31	59.06	12.73	76.69	55.23	63.25	27.2	70.33	108.0	45.22	106.04	75.01	74.63	61.85	107.79	70.58	78.92	57.43	1.0	64.54	46.96	107.12	95.26	66.22	
55.87	8.06	74.17	13.0	59.4	87.46	79.0	31.4	68.71	53.15	95.78	59.2	49.82	19.21	50.09	81.39	84.22	67.21	68.62	49.52	18.36	34.99	43.68	27.66	0.0	14.32	80.96	75.19	46.96	104.06	28.32	15.65	68.12	21.02	9.9	71.59	62.13	78.52	77.37	38.08	72.62	48.7	77.93	14.42	99.9	37.01	24.76	77.03	90.0	67.62	73.11	43.32	48.84	43.42	28.44	60.17	36.06	77.23	39.85	77.13	54.71	7.62	59.46	54.08	52.47	65.49	56.6	45.22	47.27	20.81	55.47	27.17	54.45	10.05	91.68	60.64	21.02	39.32	38.95	71.59	69.07	74.01	52.2	48.7	8.25	48.55	68.41	63.07	72.99	26.93	9.49	33.02	59.41	48.01	51.97	80.08	58.94	79.31	42.95	74.95	66.75	64.03	92.85	18.03	76.42	27.66	42.43	45.28	56.86	70.01	29.68	61.06	49.04	86.16	25.71	84.5	32.39	19.42	45.54	69.32	28.46	87.32	33.0	47.52	64.78	20.12	91.24	83.65	51.48	85.98	68.68	14.0	68.47	83.24	28.84	56.08	17.12	75.8	71.55	38.05	22.02	85.38	48.05	59.0	39.01	46.1	19.92	37.12	61.72	62.51	81.88	36.35	109.71	72.45	75.54	19.42	109.81	63.53	50.0	39.81	19.65	66.12	19.24	24.04	80.6	94.15	61.4	80.62	29.68	70.04	50.22	71.12	86.77	88.06	40.52	33.54	58.82	40.26	91.92	30.41	108.19	44.64	35.61	70.83	68.24	52.15	103.24	34.06	33.24	17.26	30.53	62.1	74.0	64.88	34.66	73.55	16.12	32.57	15.0	63.81	61.13	39.05	2.24	43.46	88.84	22.36	96.02	78.92	83.2	68.41	100.0	62.24	70.77	66.1	28.32	42.19	60.0	89.02	74.81	55.44	
64.64	13.93	88.02	27.2	68.24	99.62	77.28	45.71	82.87	67.01	103.32	61.77	51.43	15.03	61.98	95.63	89.64	76.28	62.51	58.25	26.42	48.75	56.72	16.55	14.32	0.0	83.65	89.5	60.93	113.0	24.52	28.28	82.3	31.83	21.38	79.51	76.32	92.78	90.43	34.37	79.98	52.43	92.23	10.82	107.63	37.16	37.74	91.14	96.88	77.52	82.68	47.2	62.29	57.71	42.05	55.04	31.06	91.05	52.77	90.26	65.92	11.7	68.8	52.17	49.5	79.16	62.94	59.48	61.52	20.1	69.35	26.4	55.15	18.38	101.24	74.95	33.54	53.04	50.6	67.01	68.15	72.18	62.61	43.05	7.81	55.17	75.74	67.8	69.03	40.2	16.28	32.7	69.77	46.84	66.29	74.43	61.29	81.02	48.17	87.56	67.42	78.01	105.0	31.14	84.65	25.3	56.72	59.03	63.66	84.15	43.38	67.21	63.01	98.37	40.02	94.03	46.69	28.18	49.41	80.99	24.52	94.85	33.11	44.55	78.31	32.56	100.0	88.6	65.55	96.6	82.97	22.02	82.15	88.41	21.1	54.13	31.4	86.82	83.22	52.24	14.0	97.98	62.37	73.06	38.28	46.24	34.21	35.74	71.34	76.16	93.23	34.21	118.6	77.2	75.58	5.1	119.57	68.88	64.29	54.13	18.36	80.31	30.48	14.32	76.03	99.64	71.59	94.26	41.04	79.06	52.35	76.22	98.23	101.0	53.6	31.05	71.59	43.27	104.04	43.27	116.52	57.71	46.1	72.5	78.71	63.16	111.66	30.08	47.52	3.0	29.07	57.04	72.37	69.4	44.29	73.68	30.02	46.84	6.32	74.73	63.53	53.24	15.03	57.58	102.11	36.01	106.17	82.68	84.69	70.66	109.29	71.28	79.88	67.23	17.46	56.01	58.69	101.98	88.36	65.37	
39.56	73.74	87.09	83.02	38.91	71.22	25.08	82.22	109.2	78.19	37.22	21.93	32.25	97.58	58.52	101.79	17.46	39.2	48.51	41.98	63.06	95.13	67.19	74.81	80.96	83.65	0.0	106.44	99.46	52.47	107.42	70.86	91.71	97.32	72.28	31.83	89.05	101.02	76.58	52.5	28.28	32.28	103.08	72.9	41.05	46.65	94.26	94.58	29.43	44.82	43.14	37.64	71.78	84.93	72.06	45.19	56.73	88.01	66.29	77.34	53.71	75.39	41.59	36.24	40.61	79.76	29.43	92.76	84.9	101.02	105.76	57.31	29.21	90.8	49.77	97.14	68.26	73.35	58.69	40.61	23.41	26.17	49.04	51.4	85.62	36.01	28.6	20.1	37.34	70.01	90.44	51.11	47.89	38.95	90.8	47.0	22.36	6.0	38.64	70.18	18.6	84.53	74.06	71.45	34.21	58.83	84.72	74.73	30.81	110.49	93.0	25.96	78.75	71.06	83.0	46.14	82.3	62.59	35.44	59.03	60.46	32.57	50.61	43.86	77.52	68.36	43.32	14.32	100.44	55.76	104.39	94.37	81.3	15.52	67.01	35.0	79.4	55.17	59.55	80.06	71.56	75.07	89.74	84.17	46.04	38.01	83.22	48.83	43.05	78.29	60.44	50.8	56.08	13.89	16.12	85.23	62.8	21.59	93.86	86.15	65.3	90.79	95.35	73.24	41.05	23.35	46.65	86.68	102.4	38.95	31.3	16.12	63.82	80.72	67.47	53.82	66.65	40.85	73.24	98.05	51.0	67.45	55.08	12.04	49.04	52.55	48.17	113.22	81.39	85.09	110.86	44.38	25.18	18.11	53.0	16.49	75.54	87.21	77.41	51.87	20.12	80.23	78.75	95.19	85.59	73.06	57.01	6.4	7.21	13.04	52.39	39.45	39.62	17.69	74.03	74.95	30.23	81.47	82.2	45.69	
67.23	78.43	23.02	62.37	67.54	51.62	121.4	43.97	11.4	29.73	91.66	94.2	92.66	88.2	48.83	12.81	96.14	68.35	126.15	66.61	72.47	43.0	43.14	100.66	75.19	89.5	106.44	0.0	31.14	88.09	92.05	64.08	14.87	64.01	70.58	76.55	17.8	10.3	37.05	98.74	80.06	85.7	7.21	86.38	93.26	90.6	55.01	16.49	91.98	63.25	67.19	83.44	36.8	32.31	50.54	117.03	99.64	24.33	46.1	36.06	52.84	80.01	64.85	104.69	106.3	27.2	78.77	30.27	29.07	85.01	25.3	88.32	97.67	74.43	76.03	14.56	60.37	41.05	53.76	124.45	111.66	118.07	57.98	109.62	82.57	75.43	78.39	87.98	123.79	53.24	76.53	89.87	58.6	99.16	23.41	134.35	94.81	109.27	79.21	42.05	105.0	21.93	54.57	60.93	76.92	90.92	33.24	36.24	76.85	11.31	48.04	81.12	31.24	50.49	49.48	72.44	43.01	70.71	84.17	50.22	93.54	86.68	89.05	103.08	29.41	61.27	81.3	98.08	26.17	65.01	7.07	73.11	26.48	96.8	98.41	106.08	58.24	57.56	50.8	38.48	93.78	45.71	27.2	22.8	93.41	94.85	55.32	93.81	63.56	28.23	57.01	94.87	92.35	92.57	112.89	94.59	86.15	85.59	25.32	35.44	86.33	15.65	64.01	96.57	131.64	102.11	60.01	28.86	57.43	69.57	91.29	90.34	58.14	42.72	44.69	94.03	39.81	84.96	54.34	51.09	95.05	42.43	60.21	104.01	59.48	54.38	91.0	95.34	42.38	92.42	89.36	118.34	117.44	89.69	63.78	111.25	60.41	42.76	89.19	55.36	95.8	37.58	74.73	33.02	38.63	55.54	74.17	100.65	112.77	100.4	83.05	67.12	69.26	103.0	101.02	38.01	106.83	43.01	29.02	60.9	
61.07	51.87	41.23	34.0	63.0	66.61	108.46	19.42	22.36	27.31	96.1	82.22	77.39	57.71	43.1	41.11	94.0	67.36	107.2	57.56	49.58	12.37	33.0	74.09	46.96	60.93	99.46	31.14	0.0	97.5	61.0	39.6	31.06	33.06	44.82	75.17	26.25	37.95	51.86	77.23	78.06	71.87	36.14	59.91	98.95	71.03	24.33	39.82	93.77	63.95	69.43	68.03	30.59	15.03	29.53	98.01	77.08	44.2	33.24	51.09	49.25	53.0	61.03	87.46	87.92	37.01	70.04	7.07	16.76	54.15	8.6	65.8	82.76	44.38	84.15	18.38	37.8	26.17	40.79	107.38	98.09	104.28	52.0	88.62	53.49	64.03	75.0	79.43	107.54	32.25	46.57	69.03	56.32	81.3	14.21	117.05	82.54	100.66	64.62	53.54	92.7	31.83	71.22	36.8	77.65	67.88	15.0	26.17	68.73	23.54	17.72	73.68	24.04	65.22	22.67	78.45	18.87	48.27	69.46	55.71	70.04	89.11	68.41	83.82	38.01	38.42	87.36	95.05	5.0	74.32	24.08	42.58	38.95	94.02	73.41	89.19	31.4	64.26	57.38	19.42	67.68	61.85	12.08	27.02	73.82	77.52	27.46	73.41	61.2	35.23	67.08	73.88	102.69	86.58	101.51	65.92	98.84	77.93	9.22	13.34	61.72	29.41	33.24	70.18	115.6	102.18	58.42	49.04	26.31	69.58	76.56	84.48	70.33	61.52	32.14	72.25	41.44	68.0	70.6	20.0	103.73	33.02	45.22	93.68	61.61	49.04	98.98	64.2	19.24	63.69	58.22	99.62	103.87	81.39	48.1	99.62	34.71	15.56	61.77	56.29	84.12	19.24	47.01	4.47	59.55	32.02	85.0	94.76	104.56	90.25	92.48	64.07	69.72	91.08	74.63	25.0	91.24	62.23	45.25	56.01	
48.41	99.64	65.07	99.25	44.82	37.22	77.52	87.98	95.89	70.23	15.3	62.37	71.17	123.24	57.69	78.1	35.13	36.88	99.13	54.82	86.83	99.76	67.74	110.94	104.06	113.0	52.47	88.09	97.5	0.0	132.28	89.1	74.55	112.0	94.18	34.0	75.5	79.01	51.04	92.11	34.54	65.55	82.0	102.9	12.08	82.86	105.12	72.0	23.09	36.88	31.14	69.35	67.54	83.26	81.4	93.77	96.01	64.0	69.89	52.04	51.61	101.83	44.6	81.58	85.91	63.15	51.89	90.62	80.78	124.46	100.0	90.82	71.81	111.73	13.42	85.91	84.17	75.29	66.71	92.0	74.01	78.1	52.4	96.05	111.4	58.67	38.48	51.66	89.02	81.06	112.43	86.33	45.45	81.04	84.12	99.25	63.35	58.42	66.65	46.39	67.12	69.23	36.14	87.73	28.65	93.48	83.67	72.45	50.54	96.75	100.5	48.47	73.54	38.12	92.09	20.0	87.46	85.28	67.62	41.79	96.15	21.21	85.43	87.09	61.39	84.86	13.04	38.21	95.82	23.54	89.68	113.95	62.65	37.12	103.75	81.22	93.72	33.24	40.16	81.88	105.31	43.19	85.44	72.28	83.93	77.79	95.6	86.54	42.43	63.79	31.4	88.77	5.66	45.28	68.18	116.5	10.44	49.04	88.87	86.76	96.57	74.81	110.42	107.91	93.43	31.02	43.28	60.07	112.9	34.06	69.26	44.55	30.0	47.68	70.18	90.87	56.08	73.82	35.9	106.33	7.07	67.23	68.59	61.01	37.44	53.41	5.0	137.9	86.09	115.43	133.66	93.54	77.1	51.2	69.43	68.07	91.35	92.28	107.9	42.72	61.98	81.41	101.98	94.54	52.95	85.91	14.04	47.1	59.03	59.14	5.1	41.87	33.3	65.19	110.48	74.71	77.65	47.85	59.08	48.8	
