220
0.0	37.05	17.12	37.0	37.59	47.71	38.12	52.48	31.05	31.95	61.03	26.02	18.25	21.95	25.5	57.27	77.1	22.0	60.03	60.61	27.73	13.42	32.76	15.81	20.81	53.24	80.62	31.58	61.55	42.72	56.04	27.2	10.3	39.05	62.77	51.66	31.78	29.41	69.57	30.08	63.95	47.17	27.0	51.31	12.37	54.45	16.76	31.02	35.78	57.49	28.16	45.89	49.2	63.78	50.16	24.52	65.97	63.95	50.48	7.21	41.05	44.6	18.11	57.07	57.14	62.82	24.21	28.02	50.36	48.6	27.29	46.65	52.0	21.26	32.56	35.01	30.59	56.65	13.04	45.0	46.24	12.17	31.24	47.42	35.51	27.02	21.02	44.27	31.38	59.23	66.24	43.38	52.8	45.18	39.81	60.44	39.82	16.64	24.08	46.57	20.4	58.73	9.49	44.72	36.12	32.65	55.47	26.83	36.06	22.83	12.0	62.37	33.0	44.6	40.31	48.55	67.18	55.32	18.6	55.44	74.41	51.89	45.18	52.77	32.02	68.88	35.51	53.67	53.08	42.95	39.66	51.4	34.48	29.15	26.0	29.07	8.25	41.73	50.61	50.8	37.34	35.36	50.01	56.0	41.01	34.66	23.85	29.15	42.45	46.65	76.85	60.83	49.65	37.74	76.61	42.01	31.38	43.83	22.83	33.06	71.03	46.52	39.36	40.16	26.93	39.2	10.05	25.06	67.98	73.25	12.53	23.77	60.08	77.39	59.44	43.14	53.82	54.56	57.07	40.52	54.41	47.41	29.55	61.98	58.73	64.0	48.1	36.36	64.03	33.29	65.0	54.42	27.2	32.56	42.43	27.51	37.22	51.24	44.0	45.12	77.18	43.86	52.48	33.24	31.62	49.48	44.6	50.04	33.62	31.95	59.44	31.14	46.04	43.1	66.21	62.8	51.66	60.46	38.83	17.69	
37.05	0.0	20.4	72.69	71.81	39.56	52.5	85.73	53.0	68.25	94.54	11.05	37.58	20.12	57.97	75.93	107.07	15.13	94.58	89.31	36.8	34.01	36.06	51.2	52.55	50.45	111.31	42.45	44.72	62.63	69.89	63.79	46.1	24.04	61.39	40.05	66.91	19.85	90.03	65.62	98.98	43.68	47.01	79.06	42.38	40.05	53.08	12.04	70.41	76.58	47.71	13.6	32.06	50.25	13.15	13.34	69.26	59.54	83.17	33.96	58.05	75.59	55.15	75.29	94.19	81.69	27.8	9.49	60.54	82.08	17.03	26.17	75.82	54.34	26.63	51.62	67.12	92.65	39.0	25.02	70.29	49.0	61.1	72.62	72.11	58.69	58.01	80.6	32.65	96.03	91.44	67.12	30.41	69.34	74.53	96.88	21.1	47.54	44.78	16.12	39.66	45.1	41.48	12.21	67.54	38.01	81.06	19.1	14.32	34.06	39.56	80.43	50.93	76.97	27.2	44.38	50.22	44.01	25.55	84.91	103.73	76.69	23.19	78.24	55.8	64.38	33.29	51.66	81.84	16.12	38.08	29.27	58.6	50.61	63.03	61.4	39.46	73.82	79.92	87.28	74.06	3.61	69.35	68.8	32.02	66.71	32.56	56.86	13.6	74.06	67.12	67.62	26.31	64.41	104.02	72.07	35.81	22.09	57.71	70.0	102.69	82.01	16.12	46.65	21.26	76.24	27.17	59.84	63.39	99.36	33.62	16.12	61.68	103.59	78.1	73.01	86.03	88.77	63.56	77.1	90.09	73.6	38.29	79.2	42.43	75.66	80.06	37.59	67.36	62.65	90.91	90.47	12.53	64.47	79.4	63.39	2.0	88.05	7.28	81.88	68.07	76.06	26.25	69.87	68.07	14.87	49.19	13.0	67.68	14.76	64.62	68.01	74.63	6.08	62.65	95.75	88.28	52.09	33.54	27.78	
17.12	20.4	0.0	53.85	53.85	42.95	38.63	68.45	40.61	47.85	74.69	9.49	24.41	13.15	40.71	61.29	88.41	5.39	74.46	70.94	23.54	14.87	26.0	30.81	32.65	45.71	92.42	34.79	48.83	51.87	57.25	43.42	26.93	29.97	56.44	40.25	48.38	20.25	74.95	46.84	78.77	38.83	30.23	60.88	22.36	42.19	33.73	17.69	52.2	61.77	36.06	28.86	35.61	52.35	33.54	9.9	62.01	56.29	66.19	13.6	43.38	56.3	35.0	60.83	74.03	67.12	21.1	11.05	49.24	62.17	16.55	31.83	59.03	36.67	26.48	36.67	47.68	72.28	19.42	34.67	53.26	29.27	45.22	55.23	52.61	38.95	38.12	60.21	29.02	75.66	74.41	54.56	42.2	56.64	56.3	76.49	24.76	30.53	32.2	29.73	22.2	47.01	21.19	27.66	48.02	27.07	63.7	12.21	19.72	18.97	19.72	66.19	35.36	57.31	32.31	40.02	54.64	44.28	9.22	66.22	85.28	59.55	29.83	60.88	38.29	61.39	32.06	46.53	67.01	29.73	31.4	40.8	41.11	33.6	43.05	44.29	21.47	54.2	61.22	67.9	54.45	19.31	54.2	56.61	29.55	47.01	18.44	41.87	25.63	55.9	67.42	58.42	38.42	50.25	86.28	53.01	25.02	28.43	39.22	50.16	86.45	61.68	26.91	36.22	13.42	56.04	7.07	41.44	60.42	82.07	14.21	7.21	55.04	86.31	63.53	57.43	69.35	70.94	54.33	56.72	71.31	55.87	25.5	65.31	46.04	64.29	60.54	29.07	60.01	43.6	73.59	70.09	13.45	44.78	59.14	44.38	20.88	68.36	27.07	61.52	68.01	56.44	40.31	49.5	47.68	34.01	40.05	33.24	49.77	15.81	56.14	48.26	56.08	26.48	59.03	76.06	67.9	50.92	34.37	10.77	
37.0	72.69	53.85	0.0	6.32	67.12	62.8	18.03	32.45	23.54	49.34	61.98	38.47	54.01	16.76	71.78	70.34	58.25	45.31	60.03	59.82	47.51	65.6	30.41	37.01	84.15	71.78	45.19	96.52	37.01	75.58	21.93	26.93	66.29	91.55	86.02	6.08	59.21	79.08	7.07	46.53	79.4	52.4	55.44	40.0	89.31	20.25	64.01	5.0	71.47	35.78	82.71	85.09	97.62	85.38	59.41	91.53	94.11	17.46	42.95	62.43	45.28	22.02	72.11	27.2	75.69	50.49	64.33	74.33	41.19	59.01	83.19	61.85	19.1	58.25	59.2	7.81	36.72	43.83	72.57	57.87	25.08	19.21	57.01	6.0	37.59	17.8	26.93	53.16	33.24	70.06	31.38	79.56	31.3	5.1	37.01	76.56	26.08	35.11	83.52	50.45	93.01	38.28	81.49	40.52	64.66	61.66	63.69	73.05	56.04	42.44	76.24	57.01	42.05	65.97	80.81	101.83	89.2	55.04	55.0	69.43	60.42	81.94	60.02	50.77	98.49	56.92	84.15	27.02	74.24	72.62	78.34	51.48	52.01	15.0	14.76	33.24	41.3	52.15	15.3	7.28	70.35	65.92	76.48	76.01	38.6	57.69	23.85	79.4	53.15	108.19	84.91	77.67	25.0	74.67	45.89	64.2	80.62	15.03	10.2	37.01	32.76	70.26	69.31	63.56	16.49	46.84	13.0	97.74	74.11	47.01	60.73	87.62	77.32	73.38	19.65	21.02	18.44	82.1	23.35	17.46	55.54	61.07	76.84	93.74	83.67	45.0	69.03	89.87	43.46	68.03	34.89	61.13	38.28	19.31	9.49	72.44	17.46	79.91	23.77	108.21	42.11	81.39	21.21	22.56	83.0	73.59	85.59	7.81	68.95	84.88	9.85	50.8	78.52	95.67	52.2	29.15	92.76	60.41	53.67	
37.59	71.81	53.85	6.32	0.0	62.97	66.57	15.0	27.73	29.15	55.66	61.4	36.0	52.47	14.04	76.92	76.66	57.87	51.62	66.12	62.24	49.2	67.94	33.6	40.82	87.11	78.11	41.11	98.41	31.14	80.23	26.93	27.29	63.39	95.0	88.09	6.4	57.01	84.72	8.6	52.77	82.02	55.8	61.2	42.43	91.21	21.4	62.39	2.24	76.66	31.62	82.54	86.53	99.9	84.17	58.46	95.52	97.31	13.45	44.1	66.65	51.09	25.0	77.2	32.56	81.02	48.01	63.89	78.39	47.38	57.22	84.22	67.27	17.46	55.33	62.97	12.37	42.94	46.01	69.58	63.06	26.4	14.32	62.37	12.17	42.15	20.81	33.24	49.82	39.05	76.01	25.24	76.3	25.06	3.16	43.01	77.41	24.33	31.58	83.57	53.04	95.13	40.36	81.27	45.89	67.18	67.36	64.41	73.41	58.14	44.6	81.49	60.75	48.0	62.8	83.44	103.86	91.44	56.08	61.03	75.71	65.92	82.76	65.62	55.01	101.83	53.37	87.21	21.21	72.0	75.01	75.13	55.95	55.76	19.31	11.05	32.57	47.1	58.03	19.24	13.6	69.23	70.84	81.02	77.8	43.93	59.67	19.31	79.48	58.69	111.2	89.07	74.67	19.1	80.89	51.48	66.53	81.41	14.76	16.0	33.97	39.05	68.0	72.47	64.5	22.8	47.01	12.53	101.04	80.22	48.6	60.93	91.26	83.49	78.59	13.34	17.03	17.09	86.09	29.61	19.1	61.0	63.64	82.01	95.6	88.39	51.04	71.45	93.81	48.38	74.0	41.15	59.84	43.42	25.63	11.4	71.39	22.2	79.08	30.08	111.29	48.01	78.52	27.02	28.16	81.22	76.84	84.53	4.12	69.35	88.84	15.13	56.44	77.47	99.02	58.52	35.36	95.46	56.75	54.92	
47.71	39.56	42.95	67.12	62.97	0.0	81.32	72.18	35.44	75.74	106.78	39.0	31.83	29.83	50.54	103.25	124.33	40.2	104.8	108.23	66.49	55.71	68.59	62.63	68.51	87.01	127.56	21.93	84.17	38.01	100.0	70.77	49.5	15.52	98.02	78.52	61.27	23.09	116.36	61.29	107.94	80.01	71.87	99.02	59.54	79.08	54.67	29.15	62.77	103.62	31.38	52.55	71.2	89.44	43.27	35.06	104.48	97.05	69.05	50.99	85.7	92.01	60.83	102.88	93.94	109.0	23.71	41.05	92.2	94.79	27.07	65.51	99.3	49.4	16.49	79.06	65.51	99.2	58.6	16.4	93.48	53.74	48.7	94.89	69.84	74.63	61.07	86.83	16.4	98.79	113.88	45.01	17.89	47.0	66.13	101.51	59.68	43.6	32.25	55.36	63.91	84.17	56.94	51.26	83.6	69.87	103.08	52.04	52.61	61.85	58.14	108.27	77.49	91.55	12.37	81.0	89.74	82.61	52.17	103.0	121.82	99.36	62.59	100.34	78.72	102.08	12.21	88.02	62.01	25.55	73.11	17.49	81.39	74.85	65.6	52.39	42.52	88.87	98.23	82.08	72.07	36.14	96.01	99.46	69.07	82.01	61.39	43.66	53.16	94.34	106.07	101.27	19.21	46.69	124.28	89.63	67.74	61.39	54.38	70.18	84.01	90.69	23.77	79.08	54.08	78.49	44.01	55.57	101.08	120.95	54.78	46.1	97.25	125.1	105.48	56.72	70.58	76.69	97.16	82.62	81.61	95.02	68.45	107.56	81.79	107.2	95.13	71.34	102.49	80.99	112.68	97.01	32.0	80.0	82.1	60.54	37.64	84.58	43.86	86.02	106.92	90.91	23.02	75.93	75.07	35.61	82.73	44.94	59.62	51.16	98.86	67.96	93.74	40.72	100.02	108.9	92.66	90.35	8.94	53.6	
38.12	52.5	38.63	62.8	66.57	81.32	0.0	80.8	68.88	42.64	53.08	45.28	56.0	51.55	59.24	23.43	58.82	42.49	55.58	41.23	15.81	26.17	17.2	33.12	25.81	23.77	63.6	69.07	42.19	80.41	18.68	41.73	44.64	68.54	29.0	32.0	60.21	58.87	37.54	57.98	60.67	22.09	11.4	31.4	26.68	36.0	47.01	55.47	64.35	24.08	66.27	51.04	36.88	40.26	63.03	47.85	29.07	32.2	79.88	32.02	5.83	33.38	41.68	22.8	68.96	29.21	58.25	44.65	12.37	42.95	55.15	39.56	25.08	55.36	64.85	3.61	55.0	58.82	25.08	72.9	20.62	42.72	66.13	23.54	58.14	26.25	45.79	51.0	66.29	66.31	40.31	80.08	80.13	81.61	67.42	64.51	37.22	53.37	62.2	49.4	18.03	37.34	29.61	50.8	29.15	15.0	31.02	33.42	40.46	19.7	26.17	28.02	5.83	36.88	70.94	23.19	45.89	33.24	29.55	38.33	55.03	26.57	40.72	28.46	13.04	36.12	69.86	23.26	86.31	66.57	19.65	78.77	13.93	10.82	47.8	62.24	46.27	34.21	34.06	70.84	58.73	53.6	17.03	18.25	27.51	29.97	20.59	65.52	46.62	27.07	46.62	23.09	76.16	73.68	53.67	29.43	17.03	40.25	54.13	53.81	99.81	48.47	64.5	10.0	31.24	54.04	37.66	55.9	35.47	48.37	27.17	37.74	24.84	52.48	25.61	76.49	83.49	80.92	19.7	49.93	77.08	25.32	14.21	26.93	40.05	26.17	38.33	17.46	27.29	23.26	40.25	57.25	51.43	28.65	55.22	55.23	54.04	69.03	55.9	54.71	46.4	35.9	77.39	45.45	43.28	67.27	12.65	61.72	63.63	38.18	22.36	53.26	29.0	57.28	33.3	53.0	58.6	33.24	72.53	27.86	
52.48	85.73	68.45	18.03	15.0	72.18	80.8	0.0	37.12	40.85	62.2	75.61	48.84	65.97	27.86	89.32	83.38	72.24	57.43	75.43	77.16	64.2	82.88	48.17	55.0	101.86	84.01	51.16	113.41	35.85	93.48	39.82	42.19	75.03	109.48	103.08	21.26	69.72	95.8	23.35	57.27	96.9	70.29	72.03	57.31	106.21	36.4	75.71	17.03	88.96	42.01	96.93	101.51	114.87	97.74	72.42	109.55	111.95	3.16	59.08	80.45	61.85	39.62	89.69	33.24	92.97	60.53	78.19	92.36	56.32	70.41	99.13	79.06	31.78	67.07	77.2	25.81	47.68	60.96	81.0	75.39	41.4	25.18	74.33	23.26	55.57	35.38	41.11	61.0	41.11	85.99	28.64	87.14	27.29	13.45	45.88	92.28	38.28	43.1	98.09	67.9	110.11	55.32	95.63	57.94	82.07	78.34	79.26	88.1	73.11	59.55	93.64	75.0	58.25	74.01	98.31	118.85	106.4	71.02	70.71	83.1	77.49	97.62	76.92	68.8	116.39	64.07	101.91	15.0	84.48	89.94	86.09	69.46	70.0	33.02	24.35	47.01	57.97	68.45	18.68	23.41	82.97	83.67	94.41	92.8	56.08	74.65	30.07	94.02	70.21	125.94	102.93	86.01	25.5	89.0	62.94	81.47	96.25	29.68	27.73	19.1	47.1	80.5	87.11	79.4	31.58	61.72	27.46	115.62	89.2	63.6	75.58	105.6	92.05	90.82	15.52	4.12	5.0	100.12	38.47	13.04	72.73	78.52	94.34	110.6	101.52	60.83	86.37	107.9	61.27	83.86	46.39	73.5	55.95	33.14	26.17	85.16	22.8	93.01	37.01	125.99	58.46	90.0	38.28	39.92	94.2	91.44	98.23	18.87	84.08	102.9	27.78	67.72	91.21	113.57	65.19	40.31	110.32	67.19	69.89	
31.05	53.0	40.61	32.45	27.73	35.44	68.88	37.12	0.0	46.53	77.39	44.69	16.28	33.02	17.03	86.09	97.06	42.43	74.4	83.22	58.52	44.27	63.16	39.32	47.17	83.77	99.48	14.04	89.4	11.7	86.21	42.05	25.02	38.33	93.64	80.45	27.02	34.54	97.02	27.59	76.69	77.39	57.56	75.69	42.3	82.66	26.25	41.59	27.78	86.15	5.39	65.8	76.22	92.65	63.56	40.61	97.02	94.54	34.06	37.95	71.25	66.73	33.53	86.05	59.64	91.27	25.5	47.51	81.22	66.65	36.24	72.25	78.92	17.89	30.59	65.62	32.56	67.27	43.93	44.1	73.55	28.28	13.42	73.98	36.12	51.79	31.78	55.61	24.19	65.3	91.21	14.21	50.04	16.4	30.87	68.62	65.19	16.03	8.49	67.62	51.42	87.37	39.32	64.4	59.2	63.32	81.02	52.8	59.4	53.49	42.76	91.14	63.51	65.0	37.05	78.72	95.21	84.38	47.01	77.83	95.27	78.26	70.04	78.64	61.0	99.54	27.0	84.31	29.41	48.51	69.78	49.01	63.03	59.21	34.99	17.8	22.8	62.97	73.68	46.96	38.29	49.74	79.03	86.37	69.64	57.28	54.23	8.6	63.89	71.81	106.89	91.78	49.04	12.17	99.16	65.52	61.85	68.62	22.47	37.54	51.2	60.46	44.64	71.17	53.82	46.01	35.85	22.8	98.62	97.08	43.32	47.51	91.09	100.9	88.14	22.02	36.01	41.44	88.07	51.4	46.17	73.35	60.41	91.05	86.61	94.34	68.54	66.71	95.08	58.86	89.56	65.19	40.5	55.79	49.52	27.66	51.97	49.74	60.03	53.81	107.33	64.62	53.08	45.79	45.65	58.82	75.58	64.4	24.7	55.9	90.47	35.47	70.34	57.71	96.93	79.92	60.11	90.35	30.07	46.96	
31.95	68.25	47.85	23.54	29.15	75.74	42.64	40.85	46.53	0.0	31.24	57.27	43.93	53.71	30.08	48.47	50.54	53.15	29.07	37.66	44.27	36.01	49.98	17.12	18.97	65.73	53.0	55.32	81.15	55.03	53.0	5.0	26.4	69.97	71.59	70.38	24.02	60.83	55.58	22.09	32.45	62.18	34.0	32.06	27.02	74.09	21.26	62.97	27.07	48.1	47.43	75.03	71.57	80.95	81.39	56.32	70.18	74.81	40.8	34.37	41.04	22.0	15.0	48.85	27.89	52.2	54.08	58.86	53.08	20.12	59.09	71.2	38.33	28.65	62.68	39.2	17.0	24.7	31.06	76.16	34.54	22.2	36.4	33.53	17.72	16.4	15.0	12.37	59.67	28.02	47.04	51.2	83.86	51.79	28.64	28.64	65.49	32.65	44.82	75.01	35.17	76.97	27.07	74.06	17.09	48.47	38.21	54.01	64.01	41.98	30.02	52.81	37.2	19.24	70.72	63.53	85.91	72.92	45.0	32.39	48.85	36.88	70.71	36.5	29.73	78.75	63.89	65.46	50.36	74.85	56.46	82.49	29.73	32.45	11.7	31.05	33.84	18.0	29.02	28.28	17.46	66.94	42.94	54.08	61.68	15.23	43.93	39.0	71.0	29.61	89.2	63.25	81.01	44.15	53.16	22.36	48.7	69.58	24.17	13.34	59.06	15.0	71.18	50.77	53.08	11.4	41.23	24.35	78.1	51.79	36.0	53.24	67.21	55.32	49.98	42.0	44.27	39.82	60.88	9.0	34.83	32.02	44.94	53.49	78.55	60.9	22.56	52.92	68.68	20.81	45.1	22.47	59.14	15.26	13.0	20.4	68.66	26.4	74.81	14.04	89.02	19.1	84.08	2.83	1.0	81.32	54.64	81.05	28.02	60.0	63.7	14.04	27.29	74.33	75.93	33.6	20.1	74.95	67.48	43.01	
61.03	94.54	74.69	49.34	55.66	106.78	53.08	62.2	77.39	31.24	0.0	84.1	74.95	82.93	60.54	43.42	21.21	80.06	5.39	18.38	62.8	60.54	67.36	45.22	42.05	75.95	22.47	86.56	95.26	84.97	52.39	36.12	57.28	100.0	77.49	85.05	52.39	90.44	41.77	50.99	9.22	75.17	50.64	23.41	52.33	89.05	52.5	91.42	54.08	42.54	78.6	98.49	89.14	92.91	107.34	84.12	72.09	82.01	63.51	61.29	48.37	20.1	45.97	44.29	31.78	43.6	84.5	85.09	57.97	12.53	88.2	90.67	32.7	59.64	93.09	51.0	45.62	15.3	55.54	106.02	33.96	53.04	66.19	31.05	43.66	35.85	46.23	22.47	90.55	24.35	29.21	80.23	113.81	80.41	53.85	19.7	86.49	63.89	76.06	97.74	56.04	90.35	53.71	97.8	27.2	65.28	27.78	77.49	87.09	62.82	55.04	45.22	50.04	17.72	101.04	76.24	98.73	86.28	69.29	17.0	21.02	30.46	91.08	28.64	42.19	84.43	94.79	75.13	75.31	103.59	72.03	112.41	40.05	47.38	42.44	60.83	64.44	20.88	19.65	44.0	42.06	93.94	42.38	54.23	79.23	27.86	64.76	69.46	94.11	26.48	95.82	65.0	110.68	73.41	27.46	24.08	66.48	90.26	54.92	40.72	76.42	17.0	100.17	63.07	75.96	32.89	68.96	54.71	84.12	29.15	60.93	78.55	72.42	31.05	43.57	68.96	66.27	59.01	64.51	26.4	51.04	28.86	62.51	46.87	93.13	57.8	15.13	69.12	71.31	32.76	27.02	16.03	87.32	30.08	30.08	50.12	95.34	40.01	100.3	25.71	95.19	18.68	113.44	31.62	32.02	108.69	65.38	106.63	56.08	83.52	67.07	42.49	24.19	100.46	81.91	3.0	22.0	85.33	98.35	67.07	
26.02	11.05	9.49	61.98	61.4	39.0	45.28	75.61	44.69	57.27	84.1	0.0	28.6	12.21	47.76	68.51	97.42	4.12	83.93	79.81	29.53	23.85	30.36	40.26	42.05	48.01	101.51	36.06	47.01	55.17	63.51	52.77	35.23	24.33	59.03	40.02	56.29	16.12	82.42	54.92	88.26	41.01	38.21	69.66	31.78	41.11	42.19	10.44	59.91	69.07	39.62	21.47	33.62	51.55	24.19	4.47	65.76	58.08	73.16	23.09	50.48	65.51	44.1	67.96	83.15	74.33	21.1	2.83	54.78	71.59	12.17	28.65	67.21	43.97	23.35	43.83	56.22	81.74	28.65	27.86	61.52	38.01	51.43	63.66	61.2	48.3	47.0	69.63	27.86	85.0	82.73	58.9	34.89	61.07	64.03	85.91	21.93	37.34	36.24	23.02	30.41	46.17	30.68	20.12	57.31	31.95	72.14	13.15	15.26	25.81	29.07	73.25	42.8	66.65	27.17	42.0	52.8	44.15	16.28	75.21	94.2	67.88	26.08	69.31	46.69	63.13	29.83	49.04	72.72	21.4	34.23	33.54	49.52	41.73	52.01	51.26	28.86	63.53	70.21	76.42	63.13	9.85	61.61	62.65	30.15	56.36	24.7	47.51	19.21	64.66	67.68	63.06	30.89	55.47	94.92	62.13	29.73	24.7	47.07	59.01	93.04	71.17	19.24	41.11	15.3	65.19	16.12	49.24	62.13	90.52	23.32	7.62	58.42	94.76	70.72	63.53	76.16	78.45	58.94	66.1	79.43	64.44	31.3	72.2	44.38	70.01	69.84	32.76	63.79	52.7	82.04	79.56	7.0	54.12	68.36	52.61	11.4	77.1	18.03	70.86	68.45	65.76	32.2	58.86	57.07	24.6	44.38	24.02	57.28	12.65	60.42	57.04	65.0	17.12	61.03	85.42	77.28	51.62	31.26	18.38	
18.25	37.58	24.41	38.47	36.0	31.83	56.0	48.84	16.28	43.93	74.95	28.6	0.0	17.46	22.02	75.5	92.8	26.17	73.0	77.18	43.93	30.15	48.08	31.38	38.08	68.62	95.9	13.34	73.24	27.46	74.17	38.95	17.69	27.89	78.85	64.5	32.39	21.02	87.64	31.78	76.22	62.03	45.1	68.43	30.59	66.57	23.02	26.93	35.06	75.71	11.66	49.93	60.0	76.66	49.04	24.7	83.02	79.38	46.1	24.02	59.21	60.75	29.0	75.31	63.91	81.02	12.04	31.4	68.07	63.03	21.59	55.97	69.89	19.42	19.92	53.04	35.11	67.68	31.06	34.21	64.2	21.93	23.77	65.19	39.85	43.83	29.41	55.22	15.81	67.98	83.67	30.41	41.44	32.56	39.01	70.33	48.92	12.65	7.81	51.61	38.01	71.34	27.66	48.55	52.48	48.51	73.01	36.62	43.14	38.83	30.15	80.6	51.09	60.0	27.86	63.32	79.06	68.48	31.38	71.87	90.44	69.64	53.76	70.38	50.22	84.43	20.0	69.26	44.29	36.0	54.42	40.16	52.63	47.38	34.13	25.02	11.18	57.43	67.23	53.76	42.06	34.54	68.25	74.06	53.71	50.77	39.29	19.31	47.8	63.98	91.29	78.31	39.29	26.93	93.3	58.67	46.84	52.35	24.04	39.4	65.19	58.9	32.0	56.89	37.74	47.41	20.25	25.71	83.49	90.35	29.15	31.24	76.69	94.41	77.67	35.47	48.76	52.35	74.43	51.04	55.04	65.0	45.89	80.23	70.46	82.05	63.6	51.55	81.05	50.57	82.29	65.46	25.08	48.88	51.0	30.36	36.77	55.54	44.78	54.71	91.79	59.41	42.95	44.2	43.28	45.4	61.19	49.65	32.02	39.62	76.66	37.16	63.06	42.72	81.91	77.1	61.4	74.73	23.6	31.62	
21.95	20.12	13.15	54.01	52.47	29.83	51.55	65.97	33.02	53.71	82.93	12.21	17.46	0.0	38.47	73.82	98.35	11.4	81.99	81.34	36.67	26.42	39.05	37.74	41.77	58.31	102.07	23.85	59.03	43.14	70.21	48.85	28.64	17.8	69.18	51.55	48.04	7.81	87.24	47.0	85.88	51.35	42.49	71.59	31.83	52.92	35.51	10.0	51.24	74.25	27.8	32.8	45.62	63.32	31.78	7.81	75.06	68.73	63.32	22.67	56.08	65.86	39.22	73.41	77.47	79.62	8.94	15.0	62.37	70.46	5.39	40.82	70.72	35.13	13.34	49.4	49.25	78.39	30.0	23.35	64.9	32.28	41.11	66.61	54.23	48.17	41.23	65.92	16.28	80.36	85.8	47.2	31.14	49.41	55.33	81.93	34.0	28.16	24.7	34.71	34.44	57.94	29.73	31.4	57.38	40.2	75.0	23.54	27.46	32.02	29.83	78.79	47.93	66.22	19.72	52.47	64.85	55.66	22.36	76.37	95.46	71.03	38.28	72.2	49.93	73.82	19.0	59.21	61.72	21.19	44.1	29.73	52.7	45.65	46.32	41.77	21.21	63.25	71.42	69.03	56.32	17.09	66.64	69.64	41.23	56.08	31.58	36.77	31.11	66.71	79.12	71.57	27.8	44.29	97.08	62.94	38.12	36.89	39.0	52.77	82.64	68.43	17.46	49.37	25.32	59.91	15.0	41.01	72.84	93.24	25.55	17.46	68.0	97.45	76.06	52.92	66.1	69.23	67.48	62.03	71.18	67.01	38.64	78.0	56.36	77.37	69.66	42.0	73.06	53.76	84.81	76.16	7.62	53.91	63.32	45.04	19.31	70.26	27.31	66.41	79.81	65.44	30.53	54.78	53.31	29.02	53.15	32.28	48.37	24.6	69.26	50.64	66.53	25.3	71.57	84.63	73.05	62.82	21.21	23.77	
25.5	57.97	40.71	16.76	14.04	50.54	59.24	27.86	17.03	30.08	60.54	47.76	22.02	38.47	0.0	73.33	80.53	44.38	57.43	67.45	52.2	38.29	57.63	26.68	34.71	77.67	82.76	28.65	87.05	25.0	74.95	25.96	15.62	49.65	86.45	77.08	10.77	43.0	83.05	10.82	59.67	72.01	47.93	60.67	33.12	79.93	12.37	48.37	13.04	73.25	19.42	69.08	74.65	89.14	70.21	44.64	88.24	88.2	25.5	32.53	60.44	51.2	19.03	73.44	43.42	78.1	34.06	50.33	71.51	50.16	43.19	71.85	65.01	4.24	41.59	55.71	15.56	50.25	36.06	55.9	60.03	16.55	7.07	60.01	19.42	38.05	16.12	38.6	36.4	48.6	76.12	22.0	62.82	23.09	17.0	51.74	64.9	10.44	18.38	70.26	43.57	84.15	30.53	67.78	44.28	57.2	66.37	51.87	60.42	47.63	34.67	78.23	53.49	49.04	49.24	73.41	92.66	80.66	44.05	62.1	78.92	64.07	70.18	64.2	49.24	92.96	40.16	77.94	27.8	58.01	64.66	61.61	50.8	48.7	18.38	3.61	19.24	47.3	58.25	32.02	21.63	55.32	66.61	75.43	66.48	42.3	48.92	8.94	66.21	57.22	101.61	82.28	61.0	15.03	83.17	50.49	56.22	68.8	6.08	20.52	45.79	43.57	54.01	63.63	52.2	29.0	34.13	5.83	92.11	81.49	37.54	47.89	83.19	85.16	75.24	17.8	28.65	30.81	78.92	34.41	33.02	59.08	53.82	78.41	84.22	83.2	52.5	61.22	86.41	45.01	74.33	48.17	45.89	41.11	32.53	10.63	57.49	34.18	65.25	36.8	101.83	48.76	64.78	29.07	29.15	67.19	68.1	70.61	10.0	56.44	81.54	18.44	55.44	63.56	90.21	63.13	43.14	85.43	43.66	43.19	
57.27	75.93	61.29	71.78	76.92	103.25	23.43	89.32	86.09	48.47	43.42	68.51	75.5	73.82	73.33	0.0	41.0	65.51	47.71	26.25	39.2	47.54	40.31	47.01	39.0	38.08	46.0	88.84	58.69	97.0	10.0	50.0	61.07	91.24	36.06	50.33	71.06	81.39	14.14	68.88	52.48	40.31	31.38	20.62	44.91	54.08	61.13	78.55	74.73	1.0	84.48	73.88	57.25	54.59	86.28	70.83	29.12	41.01	89.2	52.5	18.03	29.21	54.33	1.0	68.77	5.83	79.71	68.01	18.97	38.18	77.83	61.06	11.31	70.11	86.93	24.7	64.56	54.56	44.92	95.88	13.93	58.0	80.4	15.26	66.13	35.36	57.71	51.61	87.6	63.66	20.1	95.26	103.25	96.42	76.84	60.31	59.82	70.06	80.62	72.01	39.4	53.6	47.85	73.76	31.38	38.18	15.65	56.85	63.66	42.72	45.61	5.1	25.94	33.42	93.47	40.85	60.67	50.0	52.48	26.42	37.0	13.45	62.68	15.0	25.32	42.43	91.42	36.88	97.98	89.87	41.05	101.87	23.09	28.46	57.72	75.66	64.78	32.45	24.84	75.29	65.92	77.01	7.28	12.0	49.09	33.24	43.83	81.06	69.53	20.0	53.76	22.36	99.32	88.36	33.54	26.93	40.31	62.43	67.48	61.68	107.35	46.86	87.66	30.81	54.67	58.59	59.24	68.73	42.3	27.66	48.47	61.03	31.02	31.32	2.24	88.84	92.7	88.14	23.0	52.48	82.37	17.2	37.64	5.1	57.28	14.42	32.53	39.82	28.64	28.64	21.0	53.76	74.43	33.53	58.31	66.49	77.47	72.4	79.2	56.04	52.95	32.8	100.69	51.08	49.4	90.69	30.41	84.9	74.95	61.55	25.08	61.98	22.8	80.66	40.2	42.05	57.38	46.39	94.34	50.61	
77.1	107.07	88.41	70.34	76.66	124.33	58.82	83.38	97.06	50.54	21.21	97.42	92.8	98.35	80.53	41.0	0.0	93.6	26.02	17.89	72.01	73.6	75.39	61.72	56.59	78.52	5.0	105.12	98.99	105.31	51.0	55.07	75.21	115.97	77.03	89.82	73.05	106.1	32.57	71.51	27.29	79.62	60.42	28.18	66.6	93.74	71.34	105.89	75.0	40.0	97.75	108.69	95.6	95.34	119.2	98.23	69.46	82.01	84.72	75.82	53.16	32.53	64.35	42.0	52.15	38.33	101.24	97.91	59.3	30.41	103.39	98.35	33.96	79.18	109.66	57.94	66.13	36.0	69.03	121.7	38.28	71.03	86.54	35.47	64.56	50.21	65.37	43.42	107.94	44.28	21.1	100.9	129.5	101.19	74.95	39.32	95.46	82.68	94.87	107.42	67.42	93.9	68.62	108.23	41.01	73.16	27.89	88.68	97.49	73.43	68.88	40.31	57.78	32.8	117.39	80.41	101.4	90.09	81.54	22.2	4.0	32.28	99.37	30.36	51.48	83.22	112.16	77.41	96.51	118.07	78.45	128.08	48.76	56.82	62.17	81.15	81.84	35.47	27.2	65.07	63.06	107.07	43.57	53.0	86.33	42.45	75.18	89.47	104.22	33.12	94.43	63.13	126.06	93.98	10.0	35.47	74.85	98.79	74.69	61.35	97.13	37.64	114.98	68.41	86.83	53.85	83.63	74.73	83.15	15.23	74.2	90.97	72.01	14.21	40.05	89.99	87.46	80.1	64.0	47.13	72.01	34.01	71.18	42.3	97.32	53.6	29.21	76.22	69.26	44.82	20.0	37.05	101.67	44.55	51.2	70.38	108.17	61.03	112.0	46.87	93.54	33.42	128.43	51.48	51.43	121.76	69.43	118.21	76.84	94.41	66.03	62.97	32.45	112.68	81.1	18.25	43.1	87.21	115.62	79.32	
22.0	15.13	5.39	58.25	57.87	40.2	42.49	72.24	42.43	53.15	80.06	4.12	26.17	11.4	44.38	65.51	93.6	0.0	79.85	76.06	26.93	20.0	28.44	36.14	38.01	47.1	97.65	34.89	47.89	53.26	60.93	48.66	31.4	26.25	58.03	40.16	52.63	17.12	79.32	51.2	84.15	40.11	34.83	65.95	27.73	41.63	38.33	13.04	56.32	66.04	37.54	24.7	34.48	52.0	28.28	5.39	64.28	57.43	69.86	18.97	47.51	61.59	40.05	65.0	79.1	71.34	20.25	6.08	52.5	67.54	13.15	30.0	63.78	40.5	24.0	40.82	52.35	77.62	24.7	30.41	58.05	34.06	48.37	60.11	57.31	44.29	43.01	65.51	27.66	80.89	79.25	56.59	37.74	58.73	60.44	81.79	23.02	34.01	33.94	25.94	26.91	46.62	26.57	23.41	53.34	29.83	68.59	12.17	16.97	22.83	25.06	70.33	39.66	62.65	28.86	41.19	53.71	44.27	13.04	71.4	90.43	64.38	27.66	65.76	43.14	62.51	30.15	48.04	69.89	24.76	33.0	36.36	45.97	38.29	48.0	47.93	25.3	59.54	66.4	72.56	59.21	13.93	58.52	60.17	29.83	52.35	21.93	44.65	21.95	60.96	67.72	61.19	33.84	52.8	91.29	58.25	27.66	26.25	43.42	55.04	89.89	67.05	22.2	39.05	14.04	61.13	12.04	45.61	61.52	86.98	19.42	6.08	57.08	91.22	67.74	60.54	72.92	74.95	57.07	61.98	75.71	60.83	28.79	69.35	45.18	67.68	65.86	31.14	62.29	48.83	78.49	75.43	8.94	50.12	64.28	48.84	15.52	73.17	22.0	66.75	68.41	61.77	35.47	54.74	52.95	28.64	42.58	28.07	53.76	13.6	58.69	53.08	61.22	21.21	60.3	81.41	73.16	51.42	32.0	15.0	
60.03	94.58	74.46	45.31	51.62	104.8	55.58	57.43	74.4	29.07	5.39	83.93	73.0	81.99	57.43	47.71	26.02	79.85	0.0	23.43	64.2	60.73	69.03	44.29	42.06	78.85	26.68	84.17	97.74	81.49	56.36	34.06	55.44	98.74	80.99	87.37	48.76	89.36	46.86	47.51	5.1	77.65	52.09	27.29	52.2	91.35	50.21	90.79	50.16	46.87	75.93	99.25	91.0	95.71	107.52	83.67	76.03	85.38	58.86	60.93	51.2	22.2	44.05	48.55	26.48	48.27	83.01	85.09	61.35	13.04	87.32	92.2	36.72	56.85	91.61	53.24	42.19	10.05	55.66	104.85	37.34	51.22	62.77	34.54	39.81	36.14	43.84	18.87	88.73	18.97	34.41	76.49	112.61	76.56	49.65	14.32	87.69	61.52	73.59	98.66	56.89	92.91	53.31	98.49	28.16	67.01	32.2	78.1	87.86	63.79	55.03	49.82	52.09	19.0	99.62	78.77	101.43	88.81	69.64	21.4	26.17	34.48	92.44	32.76	44.01	88.02	92.96	78.1	70.83	102.88	74.06	111.22	42.11	49.01	39.7	57.45	62.8	22.02	23.26	39.05	38.08	93.78	46.1	58.14	81.01	28.44	65.76	66.29	94.92	29.73	99.37	68.88	109.6	69.77	32.76	26.17	68.07	91.55	52.01	37.22	71.25	14.14	99.36	65.49	76.69	29.07	68.45	51.61	87.66	34.54	61.03	78.75	75.96	36.4	48.01	64.85	61.52	54.08	68.15	23.02	46.0	32.31	64.07	51.4	95.52	62.13	17.26	71.01	75.15	34.06	32.2	11.05	86.76	30.59	26.0	46.87	95.27	35.01	100.58	21.54	98.79	20.0	112.51	29.0	29.73	108.46	68.07	106.9	52.33	84.17	70.77	39.12	27.2	100.57	85.44	8.25	17.12	88.29	96.54	67.45	
60.61	89.31	70.94	60.03	66.12	108.23	41.23	75.43	83.22	37.66	18.38	79.81	77.18	81.34	67.45	26.25	17.89	76.06	23.43	0.0	54.13	56.08	57.58	45.79	39.82	62.01	22.47	89.94	82.22	92.44	35.9	41.48	59.94	99.09	61.81	72.69	61.52	89.14	23.43	59.68	27.59	62.51	42.54	10.3	49.52	76.66	57.01	88.53	64.2	25.3	83.26	90.8	78.1	79.0	101.36	80.81	55.36	66.61	76.16	58.69	35.69	16.55	49.77	27.2	48.33	25.55	84.81	80.21	43.05	19.1	86.27	80.65	17.0	65.46	93.09	40.16	54.45	32.25	51.66	104.66	20.62	55.9	73.98	17.72	54.04	33.6	51.55	34.37	91.84	41.68	11.18	88.84	112.43	89.44	65.01	37.44	77.62	68.03	80.06	89.55	49.65	77.16	51.74	90.34	24.7	55.36	11.05	70.83	79.61	55.57	51.62	27.29	39.92	18.44	100.66	63.39	85.01	73.25	63.82	5.39	14.42	15.03	81.6	13.04	33.62	68.45	96.02	61.0	87.01	100.66	60.88	111.02	30.89	38.95	49.24	68.66	66.04	20.25	10.0	58.46	53.0	89.4	27.02	37.85	68.68	26.42	57.31	76.24	86.33	15.26	79.83	48.51	108.9	81.79	16.12	18.6	57.01	80.99	61.4	50.16	91.44	28.44	97.67	50.99	68.96	44.05	66.47	61.85	68.25	14.14	56.73	73.24	56.72	17.72	26.0	79.31	79.31	72.99	48.66	37.05	65.73	16.16	53.31	29.07	80.4	40.31	15.13	58.52	54.82	27.59	8.94	32.2	84.29	28.3	42.3	58.05	90.44	54.82	94.15	38.64	79.08	18.68	111.13	39.32	38.64	104.04	52.35	100.34	65.49	76.54	50.99	51.35	14.87	94.87	66.1	16.4	37.34	71.03	99.4	61.61	
27.73	36.8	23.54	59.82	62.24	66.49	15.81	77.16	58.52	44.27	62.8	29.53	43.93	36.67	52.2	39.2	72.01	26.93	64.2	54.13	0.0	14.32	5.83	29.68	25.3	25.55	76.56	56.32	37.12	70.23	34.01	41.63	36.62	53.14	35.11	26.42	55.9	43.68	53.26	53.81	69.12	19.85	12.17	43.86	19.85	29.97	41.04	39.81	60.14	39.82	55.08	36.67	27.46	37.8	47.8	32.31	39.2	36.24	75.66	20.62	21.26	42.76	37.8	38.6	72.12	45.0	44.1	28.84	25.71	51.16	39.85	28.02	39.41	48.01	50.01	14.87	52.2	65.19	16.28	57.27	34.13	36.12	58.52	36.72	56.3	29.27	42.01	55.11	52.15	71.2	55.0	71.11	64.41	72.9	63.78	70.46	23.77	44.29	50.96	35.47	9.43	33.29	21.93	36.24	36.06	5.0	44.94	17.69	25.55	5.1	17.69	43.83	14.42	45.28	55.66	21.26	42.19	29.41	14.32	50.33	68.43	40.5	28.28	42.19	20.88	41.15	55.44	25.94	80.0	50.77	12.81	63.06	23.41	15.52	45.49	55.61	35.85	42.19	45.54	70.71	57.45	37.8	32.56	33.24	17.46	36.0	5.1	56.82	32.2	39.0	49.41	35.06	60.42	65.37	67.96	38.83	4.47	27.46	48.17	52.48	96.21	54.23	48.76	13.04	15.56	55.15	24.08	50.25	40.25	63.01	15.23	21.95	32.76	67.2	41.4	70.0	79.2	78.24	31.02	52.89	76.01	38.01	2.0	42.72	34.44	40.8	47.68	9.22	37.22	30.15	54.64	63.29	35.85	34.01	57.25	50.99	38.29	69.78	40.61	57.97	49.65	44.28	61.59	46.82	44.6	51.62	17.26	46.62	58.69	22.8	33.02	51.31	40.16	41.77	38.48	63.35	63.15	33.3	57.87	13.04	
13.42	34.01	14.87	47.51	49.2	55.71	26.17	64.2	44.27	36.01	60.54	23.85	30.15	26.42	38.29	47.54	73.6	20.0	60.73	56.08	14.32	0.0	19.42	19.24	18.68	39.82	77.67	43.0	49.2	55.97	44.72	32.25	22.67	44.1	49.4	38.95	43.01	34.13	60.83	41.05	65.25	33.84	16.16	46.01	9.0	42.01	27.8	32.53	47.2	47.93	41.0	39.12	37.59	50.91	46.82	24.76	52.95	50.54	62.48	6.32	30.08	41.68	26.0	47.17	63.51	53.31	32.28	24.6	38.0	48.1	30.81	36.06	44.41	34.06	39.4	23.54	40.25	59.54	5.1	49.2	38.6	22.8	44.41	40.46	44.78	24.7	29.97	48.04	40.26	64.0	59.67	56.8	56.85	58.59	51.04	64.2	29.83	30.02	36.88	39.0	8.25	46.01	9.49	38.21	33.54	19.24	48.92	18.0	28.0	9.43	6.0	52.55	21.84	42.95	46.14	35.23	54.67	42.43	9.06	51.4	70.43	44.82	35.17	46.1	23.6	55.46	43.97	40.25	66.07	44.6	26.4	55.44	26.4	19.24	34.18	41.77	21.54	39.81	46.4	59.81	46.24	33.62	40.31	44.41	28.6	32.7	10.63	42.54	35.01	41.04	63.51	48.17	53.15	51.11	71.42	38.28	18.03	33.96	34.71	41.44	83.1	48.66	41.73	26.93	17.12	45.71	11.7	36.88	54.56	67.27	1.0	18.03	46.84	71.51	49.77	56.08	65.95	65.73	44.28	45.01	64.4	41.04	16.16	51.87	46.4	52.35	46.07	23.02	50.99	28.84	58.8	57.43	28.28	30.46	48.37	38.28	34.89	59.48	39.85	50.04	63.81	42.05	55.15	38.12	36.06	48.37	31.32	46.17	45.45	24.02	46.53	39.92	41.23	39.92	52.8	61.74	56.01	47.2	46.82	7.0	
32.76	36.06	26.0	65.6	67.94	68.59	17.2	82.88	63.16	49.98	67.36	30.36	48.08	39.05	57.63	40.31	75.39	28.44	69.03	57.58	5.83	19.42	0.0	35.51	31.02	20.62	80.06	60.02	31.3	74.85	33.84	47.42	42.01	54.57	30.81	20.59	61.62	45.54	54.45	59.55	74.01	14.42	17.03	47.43	25.61	24.17	46.67	40.8	65.86	41.04	59.46	33.84	22.09	32.02	45.97	33.73	36.01	31.38	81.34	25.55	23.02	47.27	43.6	39.6	77.79	45.97	47.04	29.15	24.6	56.01	41.59	23.35	42.06	53.41	52.24	17.46	58.01	70.46	21.93	58.19	37.16	41.73	63.82	39.92	62.13	34.71	47.8	60.64	55.01	76.69	57.45	76.06	65.0	77.9	69.53	75.8	20.12	49.4	55.36	32.25	15.26	27.46	27.59	33.6	41.01	2.24	47.85	17.46	23.35	10.0	23.35	44.6	17.72	50.04	57.27	15.81	36.36	23.6	17.12	54.12	71.69	43.38	24.04	45.19	25.18	36.4	58.03	21.19	85.43	50.99	7.07	63.69	27.46	20.02	51.31	61.07	40.71	47.01	49.48	76.54	63.29	37.59	34.21	32.76	12.04	41.11	8.94	61.91	29.41	42.72	44.1	32.76	60.93	70.49	70.71	43.29	1.41	23.41	53.76	58.31	101.91	59.54	49.4	10.77	15.23	60.93	27.89	55.87	35.47	65.51	20.25	22.8	29.07	69.64	42.43	75.43	84.86	84.02	28.64	58.52	81.84	41.44	5.1	43.28	28.64	39.81	52.24	3.61	34.01	35.0	57.31	68.59	37.11	39.2	62.97	56.73	37.74	75.58	38.9	63.6	44.42	49.04	61.72	52.55	50.33	50.61	14.14	44.6	64.35	21.4	30.27	57.14	44.15	40.46	33.84	67.74	68.66	27.8	60.21	16.49	
15.81	51.2	30.81	30.41	33.6	62.63	33.12	48.17	39.32	17.12	45.22	40.26	31.38	37.74	26.68	47.01	61.72	36.14	44.29	45.79	29.68	19.24	35.51	0.0	8.06	53.74	65.07	44.28	66.73	50.01	48.27	13.04	14.56	54.82	61.4	56.08	27.2	45.22	57.71	25.0	48.33	49.04	22.2	37.16	10.44	59.54	14.32	46.52	31.4	47.0	38.33	58.0	56.08	67.42	64.33	39.56	62.18	63.78	47.01	17.26	33.84	29.41	8.6	47.04	44.28	52.04	39.6	41.77	45.19	32.8	43.05	55.08	39.62	23.19	48.1	29.53	22.67	41.48	14.56	60.8	34.23	11.05	33.73	34.71	26.63	12.65	12.81	29.43	46.23	45.1	52.55	48.37	68.6	49.65	34.71	45.71	49.03	23.35	34.79	58.08	20.25	62.97	10.0	57.01	21.1	34.41	42.06	37.12	47.1	26.4	13.34	52.0	27.29	29.0	55.97	50.45	71.87	59.08	28.07	40.5	59.2	39.05	54.34	39.56	22.56	68.25	50.45	53.76	53.23	58.59	42.44	67.2	24.19	22.36	15.81	29.41	20.25	26.25	35.85	41.15	27.78	50.0	40.11	48.76	46.52	19.42	28.23	34.06	54.04	32.89	77.79	55.95	65.46	41.59	61.91	27.29	34.13	53.15	21.19	22.83	67.27	31.02	55.07	38.95	36.35	26.48	24.35	22.85	67.48	59.03	19.1	36.12	57.69	63.06	49.0	43.46	50.61	48.84	52.77	26.08	46.32	34.21	30.81	52.04	64.01	56.52	32.56	38.83	60.42	19.65	51.08	39.29	42.54	17.49	29.15	22.2	51.66	40.5	57.71	31.02	77.83	28.32	68.26	19.0	17.03	64.51	43.28	63.95	30.53	43.05	55.47	21.63	31.78	57.27	65.44	47.01	37.22	62.37	53.91	26.17	
20.81	52.55	32.65	37.01	40.82	68.51	25.81	55.0	47.17	18.97	42.05	42.05	38.08	41.77	34.71	39.0	56.59	38.01	42.06	39.82	25.3	18.68	31.02	8.06	0.0	47.63	60.31	51.26	62.24	58.0	40.26	16.64	22.2	59.4	54.56	51.48	34.48	49.52	50.01	32.25	46.57	43.57	15.62	30.53	10.3	55.15	22.36	49.65	38.59	39.01	45.89	57.56	52.63	62.27	65.46	42.19	54.71	57.28	54.08	19.42	26.0	24.08	16.16	39.01	46.84	44.1	45.0	43.08	37.59	29.55	46.86	52.47	32.02	31.26	53.26	22.2	29.21	41.11	13.6	65.12	26.48	19.0	41.77	27.2	32.53	6.4	20.12	30.15	52.15	46.27	45.62	56.44	72.92	57.71	41.62	46.0	47.04	31.14	42.2	57.22	16.28	58.14	12.04	56.72	15.62	29.55	34.93	36.35	46.27	23.19	13.0	44.01	20.0	24.7	60.88	44.94	67.08	54.12	27.66	34.71	53.76	31.62	52.15	32.31	14.56	61.55	56.3	47.51	60.93	61.85	37.58	71.51	16.12	15.0	22.02	37.36	26.93	21.63	29.83	46.04	33.3	51.89	32.06	40.8	42.72	14.42	25.18	42.11	53.34	25.94	71.51	48.3	69.53	49.65	55.8	21.26	29.73	51.09	29.12	28.32	74.03	30.15	58.6	32.65	35.13	29.97	27.2	30.68	60.83	52.48	18.97	36.69	50.61	56.6	41.01	51.26	57.69	55.23	45.28	27.66	51.86	26.93	26.0	44.01	59.62	48.51	28.02	34.01	53.0	12.53	44.29	39.05	45.49	12.21	31.95	29.53	53.31	44.78	58.52	32.76	71.45	23.85	72.01	21.54	19.31	66.64	36.8	64.85	38.01	42.43	48.02	27.59	25.24	58.52	58.73	43.42	38.21	56.61	59.64	25.5	
53.24	50.45	45.71	84.15	87.11	87.01	23.77	101.86	83.77	65.73	75.95	48.01	68.62	58.31	77.67	38.08	78.52	47.1	78.85	62.01	25.55	39.82	20.62	53.74	47.63	0.0	83.49	80.28	20.62	95.46	28.46	64.2	62.13	72.17	11.05	13.45	80.72	64.01	50.7	78.57	83.95	7.0	32.02	53.15	44.82	16.64	66.22	58.14	84.96	39.05	80.06	42.94	22.02	17.03	56.8	52.01	19.24	10.77	100.57	46.07	27.66	56.75	62.24	37.11	92.59	42.38	66.75	46.1	19.24	66.48	60.01	27.46	45.01	73.5	71.06	26.83	76.38	82.54	41.62	74.81	42.19	61.4	84.06	45.18	80.06	49.4	66.48	74.69	74.55	90.08	58.05	96.6	80.81	98.41	88.41	88.26	29.73	69.84	75.96	40.31	34.21	15.52	47.2	43.38	52.92	20.59	51.04	35.01	36.14	30.41	43.01	40.5	28.65	60.44	75.11	6.08	23.0	12.08	37.36	60.13	74.55	47.0	30.02	49.0	36.67	15.81	77.23	1.41	105.44	66.49	14.32	79.62	37.7	33.29	69.35	81.02	61.27	57.87	56.44	93.6	80.92	52.95	35.06	26.57	18.44	53.71	29.55	82.37	39.4	49.5	24.08	19.85	76.69	90.92	71.59	52.89	21.93	30.41	73.41	75.93	120.97	72.24	65.76	15.0	33.06	77.1	48.38	75.43	14.87	65.73	40.71	41.05	11.66	69.38	39.56	95.44	104.14	102.55	16.64	73.43	99.49	47.27	23.85	38.63	19.31	30.23	61.61	17.09	17.49	47.01	58.69	80.99	55.01	52.33	78.55	75.74	52.39	92.09	50.7	78.29	24.21	59.48	76.66	68.51	66.29	63.32	11.18	55.01	83.74	36.35	16.28	75.07	51.79	53.14	13.34	75.54	82.35	9.49	79.06	37.0	
80.62	111.31	92.42	71.78	78.11	127.56	63.6	84.01	99.48	53.0	22.47	101.51	95.9	102.07	82.76	46.0	5.0	97.65	26.68	22.47	76.56	77.67	80.06	65.07	60.31	83.49	0.0	108.0	103.95	107.35	56.0	57.69	78.24	119.6	82.02	94.73	74.85	109.79	37.36	73.41	27.02	84.53	64.85	32.7	70.43	98.66	74.06	109.81	76.55	45.0	100.4	113.22	100.42	100.32	123.55	102.2	74.43	87.01	85.51	79.65	57.97	36.24	67.2	47.0	52.01	43.29	104.66	102.08	64.28	33.02	107.17	103.09	38.83	81.63	113.14	62.63	68.03	36.35	73.01	125.4	43.01	74.03	88.57	40.16	66.13	53.91	67.96	44.94	111.2	44.0	26.08	102.69	133.21	102.88	76.24	39.0	100.09	85.45	97.65	112.0	71.69	98.86	72.35	112.73	44.69	77.83	32.76	93.06	101.98	77.83	72.8	45.28	62.39	36.07	120.93	85.33	106.38	95.04	85.76	26.42	9.0	37.11	104.06	35.17	55.9	88.2	115.43	82.39	97.51	122.0	83.24	131.8	53.23	61.27	64.5	83.19	85.04	38.9	31.38	65.49	64.51	111.22	48.51	58.0	91.09	46.01	79.61	91.71	108.75	37.58	99.41	68.12	129.83	95.85	14.32	39.41	79.48	103.46	77.03	63.16	97.0	39.4	118.85	73.25	91.24	55.36	87.46	76.94	88.14	19.92	78.24	95.19	77.01	18.36	45.04	91.39	88.12	80.5	69.0	48.85	72.25	38.63	75.77	47.27	102.26	58.55	32.53	80.96	74.24	48.83	25.0	37.66	105.6	48.17	52.5	72.45	112.36	61.4	116.36	48.08	98.51	36.77	132.28	53.71	53.85	125.94	74.33	122.59	78.55	98.84	71.03	64.88	36.72	116.97	86.09	19.7	43.74	92.2	118.93	83.53	
31.58	42.45	34.79	45.19	41.11	21.93	69.07	51.16	14.04	55.32	86.56	36.06	13.34	23.85	28.65	88.84	105.12	34.89	84.17	89.94	56.32	43.0	60.02	44.28	51.26	80.28	108.0	0.0	82.76	20.59	87.37	50.45	30.02	24.74	90.8	74.85	39.36	22.8	100.96	39.45	87.0	73.5	58.31	81.44	43.93	76.49	34.06	30.48	40.85	89.05	9.49	55.87	69.35	86.82	51.62	31.62	95.52	90.96	48.09	37.05	72.44	73.43	40.8	88.65	72.07	94.37	15.0	38.83	81.0	75.0	25.46	64.66	83.17	27.8	17.46	66.19	43.83	77.99	44.28	30.27	77.49	34.13	26.93	78.43	48.02	56.86	40.36	65.8	10.77	77.1	96.77	26.25	36.01	28.46	44.27	80.0	57.8	22.67	10.63	58.05	51.04	81.44	41.0	54.45	65.3	60.67	86.16	46.62	51.31	51.24	43.42	93.94	64.28	72.4	23.19	74.73	88.59	78.92	42.95	84.6	102.93	82.87	62.13	83.57	63.56	96.05	13.04	81.02	42.76	35.47	65.97	35.0	65.97	60.67	44.55	30.46	24.35	69.97	80.06	60.17	50.25	38.95	81.58	87.21	64.26	63.53	51.48	21.84	54.67	77.08	102.18	91.09	35.13	26.02	106.07	71.55	58.86	60.75	32.8	48.6	64.78	70.04	31.78	69.35	48.1	57.01	32.25	33.84	95.08	103.32	42.0	40.72	88.96	107.33	91.01	36.0	50.0	55.44	87.14	61.55	59.91	78.19	58.31	93.56	80.06	95.19	76.01	63.35	93.54	63.69	95.34	75.82	30.48	61.72	60.61	38.83	41.11	62.65	49.04	64.66	102.79	71.87	39.2	55.17	54.56	46.1	73.55	52.7	37.7	48.37	89.27	46.4	76.06	46.4	93.62	88.87	71.22	85.7	16.03	43.57	
61.55	44.72	48.83	96.52	98.41	84.17	42.19	113.41	89.4	81.15	95.26	47.01	73.24	59.03	87.05	58.69	98.99	47.89	97.74	82.22	37.12	49.2	31.3	66.73	62.24	20.62	103.95	82.76	0.0	100.69	49.04	78.72	71.59	68.66	26.4	10.77	92.2	62.63	71.17	90.21	102.83	20.1	47.43	73.01	56.6	7.21	77.01	55.36	96.4	59.67	84.88	33.0	13.42	6.71	46.27	51.48	36.4	21.93	111.66	54.56	47.01	75.54	74.63	57.72	108.85	62.94	67.98	44.38	39.81	85.0	58.87	18.68	65.28	82.81	69.89	44.55	89.04	100.44	52.7	69.58	62.01	72.01	92.63	65.01	93.3	65.46	78.77	91.39	74.85	107.28	78.64	103.23	74.06	105.26	100.21	105.99	25.08	77.79	81.02	30.0	46.53	5.1	58.25	34.01	70.61	32.7	71.34	36.62	31.95	40.5	54.08	61.03	45.89	78.92	71.81	19.03	5.83	9.0	43.14	80.01	95.04	67.19	21.59	69.18	54.13	25.0	76.55	21.84	114.55	60.3	24.7	73.11	55.73	49.73	82.49	90.61	68.62	76.12	76.03	107.82	94.51	48.05	55.44	47.13	20.62	71.06	38.83	89.94	31.26	69.03	23.35	39.36	70.11	98.49	92.2	71.57	32.65	22.8	83.87	89.55	132.28	89.74	60.83	32.25	35.61	92.2	53.91	86.05	24.21	86.35	49.82	42.19	30.02	89.99	60.17	104.66	115.11	114.86	36.77	89.54	113.02	67.0	36.25	59.14	2.83	50.09	80.5	28.23	35.23	64.54	79.25	98.72	53.49	69.38	94.15	87.42	46.69	106.89	42.01	94.58	24.52	77.93	69.0	83.77	81.54	54.08	30.0	44.28	94.64	34.44	35.78	88.32	71.11	45.04	24.76	95.08	99.33	13.6	77.49	43.86	
42.72	62.63	51.87	37.01	31.14	38.01	80.41	35.85	11.7	55.03	84.97	55.17	27.46	43.14	25.0	97.0	105.31	53.26	81.49	92.44	70.23	55.97	74.85	50.01	58.0	95.46	107.35	20.59	100.69	0.0	97.51	50.96	36.12	44.94	105.34	91.92	32.76	43.27	107.47	34.0	83.22	89.05	69.05	85.51	53.76	94.03	36.22	50.8	32.02	97.01	15.81	75.82	87.42	104.1	72.2	50.91	108.67	106.23	32.7	49.65	82.61	76.16	43.42	97.01	63.64	102.04	34.83	58.0	92.76	75.03	45.61	83.24	89.36	27.29	38.01	77.1	39.36	73.5	55.54	50.0	84.15	39.0	18.79	84.38	41.88	62.2	41.0	62.65	31.3	70.18	101.0	7.28	54.74	9.06	33.94	74.03	76.22	27.17	19.72	77.83	63.06	98.79	50.8	74.41	69.05	75.03	91.08	64.07	70.18	65.19	54.34	102.0	74.97	74.04	43.01	90.38	106.51	95.88	58.59	87.09	103.82	88.57	80.92	88.81	72.11	111.23	32.89	96.01	24.08	55.95	81.44	53.94	74.03	70.58	43.32	24.17	34.48	72.28	83.2	49.68	43.83	59.2	90.02	97.74	81.12	67.08	65.92	16.28	74.25	81.88	118.51	103.37	54.57	12.04	108.16	75.31	73.54	79.51	31.05	44.29	46.0	67.98	52.33	82.86	65.19	52.48	47.41	30.68	110.31	106.48	55.03	58.6	102.79	110.16	99.01	20.59	33.53	40.72	99.69	58.59	47.17	83.6	72.11	102.0	97.91	105.68	77.49	78.39	106.74	69.26	99.25	71.56	50.33	65.76	55.76	34.93	61.4	53.08	69.4	60.21	118.97	73.76	58.69	53.85	54.08	66.64	87.28	73.25	29.41	66.84	102.11	42.49	80.23	66.85	108.63	87.66	66.03	101.97	35.17	58.6	
