200
0.0	91.09	84.17	67.01	103.59	72.03	30.36	56.29	63.15	116.1	70.84	36.12	49.4	87.66	10.3	103.48	79.12	41.4	109.62	82.64	18.03	87.32	71.2	18.11	38.01	32.06	114.48	24.08	92.76	25.0	89.45	22.2	55.73	87.0	50.33	80.81	38.33	44.94	70.43	69.2	62.77	55.9	74.0	70.88	65.12	116.82	83.82	90.43	47.76	102.63	61.4	41.01	42.01	119.67	13.0	32.02	107.52	58.31	65.15	92.57	97.08	7.28	43.01	96.63	91.01	20.22	25.3	65.79	88.6	58.42	33.24	41.0	94.87	43.93	3.0	65.6	56.04	23.09	53.24	66.4	69.57	69.89	120.88	71.0	122.44	27.46	122.92	94.02	53.34	63.15	77.41	33.24	81.93	84.31	65.19	72.18	22.56	10.82	65.22	49.04	11.66	67.36	66.73	78.1	52.2	3.16	95.41	81.4	70.46	52.77	84.22	11.05	34.54	55.61	30.81	96.18	64.82	41.19	72.06	60.88	37.64	50.36	16.76	22.2	84.1	91.79	85.87	81.49	104.56	15.3	55.57	59.24	40.61	71.69	93.09	64.88	75.58	44.05	82.01	74.4	85.44	47.51	111.83	95.27	68.03	97.0	82.86	56.01	93.0	17.0	2.83	82.1	112.29	66.61	56.65	40.85	13.0	110.45	93.01	74.67	86.58	78.64	34.53	26.25	5.83	73.24	54.13	30.59	31.62	47.85	39.05	69.03	117.92	90.21	89.68	52.35	58.41	113.0	26.93	40.85	91.02	67.9	36.06	58.05	58.87	79.4	112.07	78.24	57.01	64.13	113.85	51.26	62.37	58.52	76.03	85.09	77.93	11.7	56.59	60.61	
91.09	0.0	40.5	24.52	57.04	19.1	62.2	98.6	102.94	82.15	72.01	55.01	79.63	89.55	86.15	85.16	100.26	75.66	68.03	36.77	94.59	79.16	27.02	73.25	53.08	59.3	76.03	93.3	69.57	73.5	5.39	74.95	101.02	5.66	64.64	64.41	53.01	79.08	75.43	76.69	43.28	50.22	35.0	33.24	70.09	76.01	104.2	20.1	50.16	96.57	75.66	50.25	102.86	84.02	79.01	61.19	83.74	90.14	96.94	21.0	24.33	89.05	52.81	8.6	3.0	71.34	68.07	95.48	84.08	33.14	60.53	50.16	93.04	72.2	91.27	58.8	95.6	69.07	103.17	76.49	98.29	80.92	80.06	117.92	80.16	80.65	82.1	3.61	102.34	30.08	18.44	72.24	102.62	55.15	110.26	70.8	69.58	85.15	77.83	73.24	81.61	24.19	96.18	26.63	90.21	88.05	92.61	80.78	24.19	84.2	67.54	80.06	61.4	60.44	69.57	45.18	59.46	50.64	19.03	64.35	55.44	42.2	75.01	69.35	97.08	95.77	44.27	109.22	62.13	76.32	81.69	90.79	51.09	85.91	8.25	85.56	43.57	73.57	125.94	79.4	53.49	57.31	69.0	102.96	91.24	71.57	39.92	35.36	4.47	93.39	93.02	55.04	75.11	107.81	91.05	86.83	79.51	87.66	86.82	22.02	14.87	110.39	93.11	74.04	88.01	80.6	38.64	91.55	68.62	44.28	53.24	22.8	79.0	92.18	7.28	82.8	74.33	71.0	86.03	56.3	2.0	28.3	55.33	37.16	43.83	80.99	68.01	82.1	34.37	103.59	75.03	89.63	62.94	40.82	122.67	49.04	113.15	80.0	68.77	74.97	
84.17	40.5	0.0	34.48	22.47	36.35	64.44	68.31	70.77	44.91	35.51	55.23	51.62	50.0	83.86	44.91	63.25	52.01	32.31	4.0	79.62	39.12	22.14	67.12	52.4	55.22	39.85	75.66	29.12	60.08	44.64	62.63	71.17	35.44	39.01	24.84	55.15	53.15	39.12	40.82	21.47	28.46	12.21	16.64	35.85	40.85	66.53	21.63	36.72	56.08	42.72	48.84	78.41	47.54	75.8	52.84	44.1	58.52	63.51	22.02	22.8	85.48	41.68	48.85	37.7	64.88	59.03	61.72	44.1	45.19	65.05	49.52	52.84	48.01	83.01	25.71	65.15	68.6	74.46	41.59	63.63	44.94	45.31	85.43	46.1	62.97	47.54	39.81	73.5	48.38	26.0	54.13	65.19	14.76	78.39	33.84	62.18	83.01	43.38	46.17	72.62	42.2	62.18	16.03	60.88	81.86	52.35	41.77	26.93	54.57	27.46	74.71	49.66	33.0	54.41	12.21	26.68	46.86	37.34	32.76	60.88	38.9	72.4	63.13	58.69	56.04	4.0	72.62	26.0	69.32	50.96	58.87	55.23	49.65	34.0	51.43	9.06	49.0	91.59	42.01	13.0	37.36	34.01	63.25	56.44	31.4	1.41	39.12	37.58	78.85	86.82	15.0	38.33	75.15	60.08	62.13	71.18	48.09	46.53	24.19	25.63	74.63	71.0	59.48	83.65	43.6	51.0	71.11	53.45	52.43	58.05	32.98	43.32	52.43	46.57	53.37	42.72	35.85	67.6	43.38	38.63	25.08	52.01	30.48	25.55	42.43	33.54	43.86	38.59	71.18	38.9	60.64	30.81	27.02	89.47	8.54	77.94	76.16	38.64	42.38	
67.01	24.52	34.48	0.0	56.46	5.83	39.29	77.08	82.13	79.31	55.71	31.26	57.98	75.69	62.8	77.01	82.76	52.8	66.73	30.68	70.09	66.91	12.37	49.01	29.07	35.01	74.33	68.95	61.03	49.04	24.17	50.45	79.25	20.02	43.19	52.35	29.61	56.73	58.69	59.51	24.7	29.41	23.19	19.03	52.33	75.27	87.21	26.63	26.63	85.71	56.6	26.0	79.4	82.01	55.33	36.67	77.32	69.53	77.01	28.84	33.84	65.49	28.64	31.38	24.08	47.04	43.57	75.8	71.39	12.04	38.28	26.02	80.6	49.68	67.03	41.79	74.25	45.71	80.92	58.59	79.06	63.51	79.71	96.9	80.41	56.46	81.93	27.17	80.16	13.93	12.21	48.3	85.42	46.1	89.11	55.03	45.18	61.81	59.54	51.62	57.22	8.0	76.61	19.24	68.59	64.03	80.41	66.48	7.62	62.97	56.22	56.04	37.0	40.22	45.31	44.72	42.15	26.17	6.4	45.65	33.24	17.72	51.35	45.04	81.15	82.01	38.33	91.07	60.41	52.04	61.07	70.29	28.16	68.43	26.17	66.57	32.02	51.09	105.76	63.32	45.28	34.71	68.35	88.89	72.4	64.2	33.24	11.0	26.02	68.88	69.07	45.01	72.8	87.11	70.09	63.82	55.15	81.3	74.97	11.4	21.02	91.53	69.35	49.65	64.28	64.08	18.44	67.54	44.38	22.36	30.68	2.24	77.79	78.59	25.06	61.55	54.64	70.23	61.85	32.2	24.19	10.0	31.02	14.14	23.32	66.1	67.78	66.73	10.0	82.88	73.38	67.9	44.72	19.42	101.91	41.59	93.81	56.22	48.83	55.76	
103.59	57.04	22.47	56.46	0.0	57.57	86.28	77.03	77.52	25.18	42.0	77.1	63.95	46.96	104.4	32.65	64.51	67.05	11.0	25.94	96.57	35.85	44.28	87.42	74.28	76.49	19.0	91.71	21.93	78.77	62.0	81.49	80.02	53.04	54.78	28.0	77.23	66.71	45.04	47.04	42.45	48.01	34.67	39.12	45.28	19.24	66.31	37.0	57.49	46.67	52.15	70.77	90.67	27.0	96.4	73.41	29.15	67.01	69.58	36.06	33.54	105.68	62.48	64.38	54.04	85.21	79.06	67.6	40.25	67.54	87.11	71.51	46.62	63.25	102.08	39.22	74.01	89.94	84.0	49.0	68.25	50.25	23.54	90.8	24.04	79.85	25.71	55.23	83.0	70.38	46.57	71.59	65.55	19.92	84.85	40.0	82.42	103.6	51.0	59.91	91.92	63.91	67.74	37.34	71.11	101.55	45.8	41.76	48.85	65.28	27.29	94.87	69.63	48.85	72.95	12.17	40.16	68.59	58.52	45.61	83.1	61.07	93.24	83.6	57.78	51.62	19.21	73.74	5.39	89.31	61.2	67.03	77.47	53.76	49.16	58.14	29.0	63.89	94.56	45.54	18.38	56.08	12.17	58.25	61.66	20.81	23.85	61.59	53.15	96.01	106.33	22.14	18.11	81.05	69.0	75.5	90.74	32.65	40.5	45.54	43.1	76.84	85.15	77.83	103.73	47.52	73.43	86.13	72.07	74.89	80.28	54.78	22.09	48.37	64.0	64.38	53.46	14.14	83.82	63.6	55.04	47.41	73.55	52.8	46.69	43.42	11.4	45.35	61.06	77.65	18.0	71.18	43.68	48.84	93.86	18.6	80.65	96.61	51.42	52.24	
72.03	19.1	36.35	5.83	57.57	0.0	43.57	82.76	87.73	81.22	60.42	36.01	63.66	80.01	67.36	80.1	87.82	58.6	68.15	32.39	75.69	70.83	15.13	54.15	34.01	40.2	75.93	74.67	64.07	54.71	18.38	56.04	84.96	15.13	48.8	56.09	34.13	62.48	63.51	64.41	29.53	34.83	26.08	22.36	57.31	76.66	92.18	24.76	32.45	89.44	61.85	31.14	85.23	83.74	60.07	42.2	80.02	75.07	82.46	26.87	31.83	70.18	34.44	25.63	19.03	52.24	49.03	81.22	75.43	14.87	42.2	31.06	84.65	55.44	72.17	46.52	79.91	50.25	86.68	63.63	84.4	68.48	81.04	102.53	81.61	62.24	83.24	22.0	85.91	14.14	11.18	54.12	90.43	49.04	94.75	59.62	50.49	66.37	64.66	57.28	62.51	7.07	82.01	20.4	74.28	69.01	84.4	70.84	10.2	68.59	59.84	61.01	42.72	45.61	51.08	45.54	46.96	31.58	1.0	50.77	37.11	23.41	56.08	50.25	85.91	86.33	40.31	96.25	61.85	57.22	66.6	75.82	32.39	73.43	21.84	71.85	35.23	56.85	111.29	68.03	48.0	40.46	69.64	93.3	77.67	67.0	35.23	16.28	21.1	74.46	74.0	48.17	74.53	92.7	75.69	69.63	60.41	84.02	78.85	12.17	18.44	96.83	75.18	55.36	69.07	68.88	21.02	73.35	50.16	25.96	34.71	5.0	79.31	82.86	19.24	67.18	60.0	71.57	67.62	38.01	19.0	13.93	36.22	19.85	28.6	70.58	68.96	71.31	15.3	88.46	74.95	73.59	49.74	24.84	107.52	44.05	99.2	61.03	54.2	61.03	
30.36	62.2	64.44	39.29	86.28	43.57	0.0	66.22	73.01	104.01	64.56	9.22	51.09	84.93	24.0	95.34	83.01	42.19	94.49	61.85	40.36	80.65	46.53	15.56	12.04	11.4	100.8	42.64	81.49	25.63	60.0	24.6	67.05	58.69	42.95	69.77	9.85	47.27	65.73	65.31	43.93	39.96	52.63	48.6	58.94	102.62	88.01	65.0	29.68	98.76	58.55	15.62	59.17	107.34	17.46	17.12	97.95	63.39	71.57	67.23	72.09	27.07	25.06	67.03	62.51	15.0	17.72	71.34	83.52	29.07	3.61	15.0	91.68	42.0	31.38	54.13	64.54	7.28	66.48	62.97	75.33	67.74	107.0	85.09	108.23	34.93	109.2	65.38	66.13	33.14	50.92	32.39	86.01	69.4	77.79	65.15	15.65	23.0	62.65	47.04	24.21	38.05	72.34	54.2	59.03	27.2	91.92	76.66	44.38	56.22	73.79	19.7	22.2	45.54	27.29	76.58	53.71	17.69	43.42	52.5	7.28	25.81	13.6	13.89	85.29	90.43	67.18	88.46	88.62	18.44	57.01	64.38	11.18	71.34	65.31	66.03	57.31	43.01	95.82	70.61	69.81	35.11	96.54	95.75	71.01	85.59	63.03	28.79	64.63	38.95	31.78	67.42	98.81	77.62	62.65	49.04	22.02	101.52	87.93	48.85	60.08	86.98	48.76	27.51	26.31	70.21	24.08	45.28	27.17	18.0	9.0	41.48	104.4	87.86	60.03	55.15	55.44	98.08	38.95	25.63	62.39	42.94	13.04	34.41	39.7	75.19	96.43	74.73	29.73	73.98	100.0	58.05	53.14	37.48	90.48	68.01	87.66	18.68	50.99	57.56	
56.29	98.6	68.31	77.08	77.03	82.76	66.22	0.0	7.0	77.49	35.06	62.77	19.1	39.82	64.38	60.54	24.84	25.55	77.52	69.64	39.22	45.61	71.61	53.34	61.74	56.65	78.85	32.57	57.43	40.79	100.12	42.43	3.0	93.01	34.06	49.04	65.39	20.81	32.0	30.0	55.47	48.41	65.76	66.04	32.76	81.79	28.84	86.31	51.09	53.82	25.71	61.29	18.38	80.96	60.0	50.7	66.13	10.05	10.63	87.66	90.08	62.8	51.04	106.83	96.83	52.61	48.51	12.21	44.01	77.2	69.64	62.18	46.32	27.8	53.37	42.72	3.16	62.8	7.28	28.07	14.87	27.17	84.65	20.0	86.59	32.14	86.13	99.86	6.32	83.6	80.21	34.18	27.2	58.55	12.21	37.05	50.99	64.28	26.08	25.5	49.04	82.88	12.81	73.93	8.49	56.72	47.17	38.33	74.65	14.42	50.04	56.01	46.52	38.28	39.22	76.3	41.79	58.67	83.45	35.85	70.23	62.01	60.13	52.95	31.89	41.4	67.19	25.3	75.06	52.09	17.46	10.0	68.03	25.0	95.72	19.1	60.17	26.4	29.97	32.39	60.67	42.45	79.63	42.45	17.46	60.83	67.68	69.66	97.91	39.85	58.69	56.72	76.69	11.4	8.25	17.26	50.0	67.62	47.42	76.61	86.61	22.36	21.84	38.83	60.67	30.41	77.7	25.71	39.56	72.95	69.08	77.83	81.49	41.34	101.41	15.81	25.63	79.91	30.07	47.71	97.42	70.43	58.18	62.94	54.82	36.14	80.5	34.21	70.29	8.0	78.64	9.22	37.7	58.14	25.24	63.35	22.0	59.01	30.41	25.96	
63.15	102.94	70.77	82.13	77.52	87.73	73.01	7.0	0.0	75.71	36.14	69.29	24.41	37.0	71.34	58.24	20.0	31.78	77.03	72.45	45.88	44.28	75.93	60.3	68.15	63.25	77.65	39.29	57.0	47.68	104.74	49.37	7.62	97.31	38.95	49.82	71.87	26.83	32.76	30.81	59.67	53.04	69.34	70.0	34.93	80.62	23.35	89.69	56.61	50.12	28.18	67.54	23.85	79.08	67.0	57.25	64.03	12.81	8.0	90.92	93.02	69.72	56.94	111.29	101.04	59.54	55.32	10.0	41.98	82.93	76.4	68.45	42.95	33.62	60.21	45.65	8.54	69.72	11.4	29.41	10.77	27.29	83.19	15.0	85.16	39.12	84.53	104.02	10.82	89.31	84.5	40.8	21.93	59.91	7.62	38.08	57.87	71.25	27.51	30.61	56.04	88.24	10.05	77.67	14.32	63.64	43.86	37.12	79.25	19.21	50.25	63.01	52.92	42.52	45.88	77.88	44.78	64.85	88.46	39.12	76.84	67.68	67.12	59.84	27.78	37.59	69.29	18.79	75.11	59.08	21.26	12.21	74.46	24.0	99.62	19.65	63.06	32.25	23.85	32.06	62.1	47.8	79.06	37.64	16.0	60.07	70.26	75.21	102.0	46.57	65.51	58.24	75.54	5.0	12.04	24.19	57.0	65.15	44.92	80.92	90.44	15.52	28.64	45.71	67.6	30.07	83.73	32.56	46.17	79.16	75.61	82.76	80.06	38.08	106.1	20.62	28.84	79.16	37.05	53.71	101.67	75.01	64.62	68.01	59.41	35.06	80.02	33.06	75.8	1.0	77.52	15.23	40.82	62.94	19.8	65.15	15.0	66.01	34.21	28.65	
116.1	82.15	44.91	79.31	25.18	81.22	104.01	77.49	75.71	0.0	46.32	95.19	69.97	39.2	118.87	18.0	58.14	75.8	14.32	48.84	105.68	31.95	66.94	101.98	92.44	93.23	6.71	99.86	23.35	91.24	87.05	94.07	80.36	78.01	65.8	35.36	95.88	73.78	47.89	49.65	60.83	64.07	56.32	60.73	51.61	8.49	58.01	62.07	74.33	31.05	56.94	89.19	94.15	3.61	111.2	89.02	12.0	68.35	67.91	61.2	58.69	119.5	79.06	89.56	79.16	99.9	93.51	65.97	33.73	89.49	105.48	90.05	35.06	72.62	114.11	50.99	74.95	106.4	84.77	52.35	65.12	51.08	8.25	86.28	10.2	89.81	9.0	80.4	83.82	93.15	70.58	82.88	58.01	34.89	82.04	44.65	97.08	118.19	54.12	68.01	104.69	87.1	65.73	60.83	73.93	114.59	34.06	39.22	71.81	69.32	31.89	108.93	84.5	60.83	85.56	37.01	51.66	86.61	82.2	55.23	102.08	80.5	108.58	98.6	50.04	41.05	41.0	66.01	20.02	103.28	65.3	68.01	96.65	52.5	74.33	58.87	48.47	72.8	87.09	45.69	34.93	70.29	13.93	45.71	60.17	19.1	46.1	82.64	78.31	105.44	118.93	36.72	7.07	77.93	70.58	81.49	103.95	12.65	31.14	69.05	68.0	70.01	91.3	89.87	117.38	47.54	94.92	93.3	84.85	95.34	99.36	77.88	5.83	39.01	89.05	68.88	59.36	12.08	92.66	79.2	80.16	69.64	90.97	73.01	64.88	41.44	15.23	43.32	82.28	75.5	7.62	74.32	53.76	67.98	88.02	37.95	74.01	111.13	59.82	57.45	
70.84	72.01	35.51	55.71	42.0	60.42	64.56	35.06	36.14	46.32	0.0	57.07	23.71	21.0	74.89	32.65	28.32	29.73	43.42	37.8	59.41	16.64	46.14	58.67	54.74	53.16	46.1	53.54	23.77	46.62	74.89	49.41	38.05	66.4	21.93	14.0	58.69	27.46	3.61	5.39	31.02	28.16	37.01	39.12	5.83	48.85	32.2	55.97	37.05	34.21	10.77	52.35	49.24	49.93	67.74	47.76	36.8	25.02	28.46	56.85	58.25	75.0	40.45	80.6	69.66	56.82	50.54	26.57	18.97	61.0	66.94	53.34	27.29	26.91	68.62	13.93	32.02	65.0	42.0	7.0	28.18	9.43	52.33	50.33	54.13	43.86	54.12	72.35	41.0	66.71	54.08	37.8	30.61	23.77	43.68	2.0	54.12	74.33	9.0	21.93	59.82	63.25	26.93	45.45	29.27	69.66	27.46	12.17	50.54	23.77	15.52	64.9	42.72	19.24	41.34	41.76	13.6	49.37	61.33	12.17	64.94	47.1	65.76	55.9	25.5	27.07	33.54	37.48	40.31	59.36	19.65	25.08	60.41	14.21	67.21	16.49	29.0	26.87	56.08	7.62	25.96	29.61	45.61	33.54	21.02	27.73	35.23	52.77	70.18	59.2	73.66	22.14	43.86	40.16	27.0	35.34	59.41	39.62	23.41	50.77	58.05	39.2	45.19	45.0	72.8	8.6	64.28	47.01	40.82	62.0	62.65	55.54	49.19	24.0	76.55	23.09	13.04	46.17	46.4	39.05	70.43	46.52	52.17	43.17	32.98	11.0	46.32	11.18	52.95	36.4	45.69	29.43	12.0	37.11	54.13	29.15	42.44	67.42	14.42	11.18	
36.12	55.01	55.23	31.26	77.1	36.01	9.22	62.77	69.29	95.19	57.07	0.0	46.1	77.78	31.58	87.09	77.41	37.64	85.43	52.63	42.54	72.8	37.58	18.68	2.83	6.4	91.84	43.42	72.9	24.08	53.34	24.08	63.98	51.09	36.06	61.33	2.83	42.72	58.55	58.31	34.83	31.3	43.42	39.41	51.62	93.6	82.39	56.3	21.02	91.22	52.01	6.4	58.26	98.48	24.08	12.08	89.47	58.69	66.94	58.52	63.32	34.23	16.76	60.53	55.04	17.09	16.28	66.49	75.93	22.36	10.3	5.83	84.34	36.67	36.5	45.88	60.75	14.56	64.01	56.14	70.41	61.07	98.01	82.29	99.2	33.42	100.21	58.01	63.53	27.51	42.45	28.64	80.4	60.46	74.73	57.49	16.12	30.59	56.04	41.3	27.51	31.26	67.47	45.18	55.03	33.06	84.53	69.23	35.74	51.42	65.39	25.08	16.49	37.85	23.71	67.36	45.54	8.6	36.0	44.91	8.0	16.64	20.1	15.23	79.0	83.49	57.98	83.55	79.51	21.84	51.62	59.67	5.66	65.0	57.43	60.21	48.17	37.85	92.7	63.51	60.8	27.46	87.46	89.14	65.49	76.94	53.81	20.4	57.08	41.18	38.01	58.52	89.87	74.09	58.24	46.07	25.3	93.11	80.28	40.16	51.66	82.46	47.63	25.61	33.06	63.29	18.79	44.6	23.26	12.53	6.32	33.38	95.44	80.75	53.6	50.22	49.0	89.02	38.21	18.11	55.01	34.01	5.0	25.24	30.61	67.9	87.32	67.6	21.38	70.23	91.02	54.08	45.35	28.28	87.66	58.9	83.52	25.02	44.1	51.01	
49.4	79.63	51.62	57.98	63.95	63.66	51.09	19.1	24.41	69.97	23.71	46.1	0.0	38.28	55.15	55.32	32.06	9.06	66.73	52.39	36.12	39.05	52.7	40.79	44.64	40.45	69.78	30.0	47.42	27.66	81.06	30.08	21.4	74.06	15.0	36.69	48.51	4.47	22.2	20.62	36.72	29.41	47.54	47.41	18.97	72.5	37.05	68.15	32.2	53.25	13.04	43.66	27.0	73.57	49.04	34.37	60.0	12.65	20.88	69.64	72.42	54.56	32.65	87.8	77.94	39.46	34.06	20.4	39.62	58.52	54.23	44.6	45.49	9.49	46.87	26.08	16.28	49.16	23.71	17.8	24.33	20.62	76.03	38.95	77.82	21.95	77.83	80.99	22.83	64.9	61.29	19.1	35.06	44.28	31.14	25.5	37.22	54.78	16.28	6.4	39.4	63.89	21.38	55.46	10.63	48.76	46.04	32.53	55.61	5.39	39.0	45.54	29.61	19.7	24.02	61.01	25.08	40.85	64.35	19.03	53.94	43.27	48.05	39.2	35.44	42.49	51.16	37.48	63.06	40.52	6.32	13.6	50.96	22.36	77.03	15.81	42.95	8.25	48.26	25.46	46.17	23.43	68.95	46.49	20.1	51.43	50.8	50.8	79.08	36.07	52.15	42.19	67.54	29.41	12.53	11.7	39.56	62.48	43.93	57.69	68.0	36.4	21.54	25.71	52.33	24.08	59.48	23.32	24.0	55.15	52.39	58.73	72.9	40.82	82.33	4.12	10.77	69.64	23.35	29.55	78.49	51.4	41.23	43.84	35.81	30.41	69.57	29.07	51.4	25.24	69.35	10.0	21.02	39.05	44.05	48.0	37.7	48.38	13.04	12.53	
87.66	89.55	50.0	75.69	46.96	80.01	84.93	39.82	37.0	39.2	21.0	77.78	38.28	0.0	93.02	21.38	19.0	46.53	43.17	53.25	73.76	11.4	65.19	77.62	75.54	73.55	42.05	67.27	25.06	64.88	93.02	67.54	42.49	84.12	41.98	25.24	79.51	42.72	19.24	19.65	51.2	49.09	55.04	57.94	26.17	45.04	19.65	71.61	58.03	15.0	26.93	73.25	57.69	42.43	86.41	67.91	27.29	32.02	29.55	72.01	72.25	92.66	61.29	98.11	86.95	75.96	69.89	27.73	6.71	81.74	87.48	74.24	7.21	44.78	85.15	34.37	37.74	84.77	46.96	22.14	26.25	17.89	47.04	47.1	49.04	60.21	48.17	89.36	46.07	87.3	72.5	55.95	19.24	35.47	42.95	21.1	73.39	92.57	22.85	39.4	77.41	83.43	27.31	63.06	38.29	86.95	7.81	9.22	69.89	35.47	22.67	83.19	62.82	40.11	60.17	51.86	34.23	70.26	80.96	33.06	85.71	68.07	84.86	75.27	11.18	6.32	46.86	27.46	43.08	77.88	32.2	31.4	81.3	16.28	83.76	23.35	46.07	44.28	48.66	14.32	37.54	50.36	44.91	13.42	22.47	26.57	50.22	73.55	87.13	73.88	90.43	35.0	40.11	38.83	34.21	48.17	77.37	28.16	8.06	69.46	74.95	31.14	57.28	63.07	90.43	14.87	85.21	60.14	59.81	83.0	83.49	75.29	44.01	3.0	94.81	35.61	30.08	44.55	61.4	59.68	87.82	66.1	72.84	63.79	53.6	10.0	46.1	10.2	73.68	36.69	42.11	38.95	33.0	57.71	49.04	41.87	35.13	85.91	33.96	27.86	
10.3	86.15	83.86	62.8	104.4	67.36	24.0	64.38	71.34	118.87	74.89	31.58	55.15	93.02	0.0	107.42	86.13	46.52	111.29	81.88	27.66	91.53	68.62	17.03	33.96	29.15	116.69	33.14	95.59	28.3	84.0	25.55	64.12	82.49	53.41	83.55	33.24	50.7	74.95	73.93	62.43	56.4	72.9	69.35	69.07	118.87	90.96	87.64	47.17	107.82	66.24	37.36	51.35	122.38	8.06	31.06	111.04	65.25	72.57	89.84	94.56	3.61	42.19	91.02	86.37	19.21	25.5	73.01	93.3	53.04	26.17	37.11	100.18	48.37	13.0	67.9	63.79	17.12	62.0	71.2	76.9	75.13	123.07	80.16	124.52	33.53	125.18	89.27	62.01	57.08	73.98	37.22	89.02	85.8	74.0	76.03	22.02	1.0	70.24	53.71	15.81	62.03	73.98	75.96	59.44	8.25	100.65	86.09	67.19	59.14	87.21	10.0	34.83	58.05	33.6	96.04	67.21	38.28	67.27	64.03	31.06	47.43	11.7	20.81	90.48	97.58	85.98	89.27	105.89	15.62	61.47	66.22	35.06	77.47	88.96	70.94	75.72	48.76	91.2	79.26	86.68	48.84	113.45	101.59	74.63	99.82	82.49	51.97	88.46	26.48	9.9	83.63	114.56	75.11	63.79	48.05	15.65	114.2	97.75	71.57	83.2	86.7	43.01	30.02	4.47	78.29	48.04	39.01	34.21	42.0	33.0	64.94	120.22	95.71	84.02	58.52	63.13	114.77	34.37	40.8	86.28	65.15	32.89	55.71	58.31	84.22	113.57	83.24	52.95	72.34	116.0	58.46	65.3	57.25	85.29	85.8	86.28	7.81	60.46	65.37	
103.48	85.16	44.91	77.01	32.65	80.1	95.34	60.54	58.24	18.0	32.65	87.09	55.32	21.38	107.42	0.0	40.2	62.24	25.24	48.84	91.44	16.28	65.03	90.97	84.5	84.1	21.84	85.28	16.03	79.2	89.5	82.01	63.32	80.28	54.08	25.96	88.26	59.46	33.24	34.71	54.92	55.97	54.04	58.0	38.42	24.74	40.01	65.46	66.13	14.42	42.45	81.6	77.83	21.1	100.12	79.18	6.0	51.88	50.6	65.19	63.98	107.62	70.38	93.3	82.28	89.04	82.68	48.7	16.55	85.59	97.31	82.54	17.12	59.55	101.24	41.23	58.18	96.65	67.78	37.54	47.54	35.23	26.08	68.36	28.07	76.38	27.0	84.12	66.85	90.2	70.58	70.43	40.01	31.06	64.33	31.4	86.28	106.83	39.05	54.49	92.46	85.01	48.38	60.53	57.8	102.3	16.12	23.02	70.03	53.82	21.84	97.42	74.3	50.12	73.82	41.59	41.63	78.77	81.1	43.57	94.58	74.22	97.94	87.98	32.06	23.09	41.0	48.01	27.59	91.84	50.0	51.43	89.49	35.78	78.11	42.54	45.0	59.46	69.12	30.0	32.25	60.37	26.42	28.16	43.08	13.6	45.71	77.93	81.91	91.35	106.3	32.0	20.25	60.21	54.12	66.4	92.01	7.21	13.34	68.26	70.34	52.01	76.03	77.62	105.42	31.62	90.26	78.41	73.24	89.5	92.03	76.01	23.19	21.02	91.44	53.6	45.25	25.5	78.57	69.78	83.24	67.01	82.46	67.9	58.46	25.24	27.78	26.93	77.78	57.97	22.14	58.31	42.54	62.17	70.03	36.5	56.01	99.86	47.01	43.14	
79.12	100.26	63.25	82.76	64.51	87.82	83.01	24.84	20.0	58.14	28.32	77.41	32.06	19.0	86.13	40.2	0.0	41.11	61.81	65.86	63.06	28.86	74.06	72.69	75.66	72.11	61.03	56.36	42.72	59.54	103.0	61.81	26.87	94.64	42.2	39.12	79.63	36.22	24.84	23.6	58.31	53.71	65.3	67.2	30.53	64.03	5.0	84.17	60.44	30.46	26.57	74.15	43.19	61.29	80.6	66.07	46.17	20.88	14.42	84.96	86.05	85.07	62.37	108.85	97.95	71.45	66.12	13.42	25.18	86.38	86.05	75.13	23.77	41.01	76.32	41.62	23.85	81.22	31.14	24.19	10.0	19.42	66.03	28.16	68.03	52.63	67.12	100.66	30.41	92.48	82.2	51.16	3.0	49.93	24.7	29.7	69.26	85.87	23.26	36.12	70.34	89.9	12.53	73.76	26.93	79.06	24.74	22.85	78.23	27.29	38.01	76.9	61.13	43.08	56.08	67.6	41.05	71.2	88.68	37.12	85.38	71.47	79.91	71.25	8.25	18.03	60.8	9.43	61.13	72.18	26.0	19.92	81.88	14.42	95.52	17.26	57.28	40.0	30.08	21.26	52.15	51.66	63.64	17.69	12.0	44.91	63.13	78.19	98.49	63.51	81.71	48.83	59.08	20.62	22.47	38.28	70.83	46.69	27.02	78.82	86.37	12.37	45.65	57.56	82.86	19.8	88.6	49.19	56.04	85.15	83.6	82.86	63.01	19.24	104.62	28.16	29.12	63.39	52.2	59.84	98.72	74.09	72.44	69.35	59.48	21.47	64.78	19.72	78.55	19.42	61.07	27.86	38.08	63.51	30.07	56.04	16.28	79.83	34.79	27.51	
41.4	75.66	52.01	52.8	67.05	58.6	42.19	25.55	31.78	75.8	29.73	37.64	9.06	46.53	46.52	62.24	41.11	0.0	71.11	52.09	30.02	46.01	49.24	31.78	36.4	31.78	74.95	24.7	52.7	18.68	76.55	21.19	27.2	70.24	13.0	41.18	40.16	5.1	29.07	27.8	34.21	26.25	45.89	44.92	24.21	77.52	46.1	66.22	26.25	61.4	20.0	35.78	27.51	79.4	40.16	25.71	66.53	21.21	29.43	67.91	71.2	46.14	25.61	83.53	74.24	30.41	25.02	29.15	47.2	51.86	45.4	36.67	53.71	4.0	39.05	27.89	23.26	40.11	28.28	25.0	33.14	28.65	81.3	45.49	83.01	14.14	83.22	77.37	27.59	58.26	57.7	10.05	44.1	47.13	37.74	31.24	28.16	46.1	23.85	7.81	30.89	58.0	30.15	53.16	17.46	40.5	54.2	40.0	51.48	14.04	44.1	36.77	21.19	19.03	15.0	62.51	26.93	33.12	59.2	21.54	45.35	36.8	39.05	30.15	44.38	51.08	52.24	46.27	66.85	31.62	15.3	22.2	42.72	31.02	73.93	24.74	43.0	3.16	55.47	33.02	48.76	18.36	73.35	55.36	29.15	56.86	51.0	44.55	75.58	29.68	44.2	44.92	72.72	36.67	20.62	11.18	30.87	69.3	51.61	54.13	65.19	44.91	19.03	16.76	43.91	31.91	52.15	19.24	15.03	47.41	43.97	53.82	78.23	49.19	77.67	13.0	17.03	74.24	17.0	22.2	74.71	47.41	32.89	38.83	32.31	38.01	73.82	36.89	45.25	32.7	74.43	16.55	23.41	34.89	50.77	49.82	45.88	39.56	16.12	19.21	
109.62	68.03	32.31	66.73	11.0	68.15	94.49	77.52	77.03	14.32	43.42	85.43	66.73	43.17	111.29	25.24	61.81	71.11	0.0	36.06	101.07	33.14	54.42	94.26	82.62	84.22	8.0	95.75	20.1	84.63	73.0	87.42	80.5	64.03	59.68	30.08	85.8	70.01	45.89	47.85	50.61	55.15	44.28	48.75	47.76	8.54	62.82	48.0	65.12	39.66	54.12	79.2	92.65	16.0	103.39	80.62	20.52	67.74	69.03	47.04	44.41	112.29	70.04	75.33	65.03	92.1	85.8	67.03	36.67	77.47	95.6	80.0	41.23	67.54	107.9	44.1	74.67	97.62	84.72	50.22	67.03	50.36	13.0	89.27	13.89	84.6	15.23	66.19	83.73	80.65	57.27	76.85	62.37	25.5	84.01	41.48	89.27	110.54	52.17	63.56	98.01	74.33	67.01	47.8	72.57	107.8	40.31	40.01	59.14	67.19	27.89	101.53	76.49	54.08	78.82	23.09	44.94	76.84	69.12	49.65	91.84	69.89	100.45	90.61	54.34	46.82	28.64	70.61	6.32	95.9	63.06	67.6	86.27	53.04	60.13	58.42	37.44	67.98	91.78	45.18	24.76	62.48	2.24	52.8	61.03	17.03	33.62	71.12	64.12	100.65	112.41	27.66	7.28	80.02	69.87	78.43	97.01	23.43	35.74	56.04	54.08	74.15	88.26	83.49	110.26	47.17	83.19	89.69	78.01	84.22	89.05	65.15	11.18	43.97	75.0	66.48	55.97	3.61	88.1	70.72	66.03	57.38	81.57	61.91	54.82	42.0	3.0	44.0	70.66	77.01	7.0	72.78	47.89	57.43	91.79	26.63	78.09	103.48	55.04	54.41	
82.64	36.77	4.0	30.68	25.94	32.39	61.85	69.64	72.45	48.84	37.8	52.63	52.39	53.25	81.88	48.84	65.86	52.09	36.06	0.0	78.92	42.54	18.38	65.31	49.82	53.0	43.68	75.24	32.98	58.94	40.8	61.4	72.45	31.62	39.12	28.02	52.4	53.6	41.4	43.01	19.92	27.46	9.22	13.45	37.59	44.6	69.3	18.44	34.93	59.81	44.28	46.23	78.92	51.42	73.82	50.99	48.09	60.01	65.37	19.1	20.59	83.63	39.81	45.19	34.01	63.07	57.38	63.63	47.51	41.59	62.29	46.86	56.36	48.09	81.6	26.93	66.48	66.29	75.58	43.57	65.73	47.2	49.04	87.24	49.77	62.39	51.26	36.24	74.63	44.6	22.0	53.46	67.9	18.38	80.06	36.24	60.42	81.01	45.28	46.69	71.17	38.33	64.14	12.04	61.98	80.23	55.9	44.82	23.09	55.66	30.89	72.92	48.1	33.24	53.37	14.87	27.86	44.41	33.38	33.84	57.98	36.12	70.33	61.27	61.62	59.36	8.0	75.17	29.73	67.62	52.2	60.42	52.33	52.01	30.53	53.34	9.49	49.16	93.74	44.6	16.76	36.5	37.7	66.57	58.52	35.36	3.16	35.81	34.0	78.09	85.23	18.36	42.2	76.94	61.47	62.51	69.64	52.09	50.09	20.22	21.93	77.01	71.11	58.46	81.86	46.1	47.51	71.0	52.39	49.2	55.15	29.12	47.13	55.76	42.72	54.41	44.01	39.56	67.19	41.79	34.93	21.47	49.65	27.59	23.77	45.34	37.16	46.69	35.23	72.9	42.72	61.68	31.95	24.7	91.42	12.37	80.21	74.24	39.56	43.86	
18.03	94.59	79.62	70.09	96.57	75.69	40.36	39.22	45.88	105.68	59.41	42.54	36.12	73.76	27.66	91.44	63.06	30.02	101.07	78.92	0.0	75.17	71.18	24.84	43.38	36.67	104.96	6.71	82.68	21.21	93.96	19.65	38.33	89.82	41.79	71.2	45.28	32.02	58.26	56.73	59.3	51.48	71.25	69.03	54.08	107.54	67.54	90.02	46.04	88.73	49.04	45.31	24.0	109.29	26.42	33.53	96.05	42.72	48.75	92.01	96.02	25.18	42.3	101.24	93.94	25.81	26.93	49.65	75.66	64.08	43.86	45.69	80.92	33.54	15.03	57.38	39.4	33.97	35.51	53.91	53.23	56.57	111.31	53.01	113.02	16.76	113.21	97.08	35.69	69.78	78.64	25.5	65.74	76.69	47.38	61.03	26.42	27.89	52.4	37.74	16.28	72.45	50.54	77.0	36.36	19.42	81.57	68.62	71.7	38.29	74.09	22.47	33.38	47.76	26.0	90.96	56.46	44.27	75.96	51.43	47.01	52.39	28.6	27.46	68.8	77.2	80.52	64.51	96.66	21.93	41.73	43.57	48.02	57.49	95.04	50.45	70.61	33.12	64.0	61.55	78.19	42.43	103.31	79.92	52.7	86.82	78.45	59.48	95.71	1.41	20.02	74.46	102.73	49.03	40.82	25.61	18.38	98.6	79.91	75.43	87.37	61.4	17.46	21.02	23.35	60.11	61.29	13.89	27.0	55.07	47.43	71.81	108.23	76.06	94.56	38.21	46.4	104.24	13.04	39.12	94.15	68.36	40.31	58.42	56.08	66.48	103.75	65.05	60.44	46.84	104.45	35.51	53.23	57.01	58.01	78.75	60.42	25.06	46.14	48.41	
87.32	79.16	39.12	66.91	35.85	70.83	80.65	45.61	44.28	31.95	16.64	72.8	39.05	11.4	91.53	16.28	28.86	46.01	33.14	42.54	75.17	0.0	55.79	75.29	70.34	69.29	33.38	69.03	13.93	63.25	82.86	66.03	48.51	73.82	38.47	14.87	74.22	43.19	16.97	18.44	43.05	42.43	45.22	48.51	22.47	36.35	30.46	60.75	52.17	19.0	26.17	67.68	62.24	35.47	84.38	64.08	21.1	36.4	36.35	61.03	61.07	91.61	56.04	87.66	76.48	73.43	67.12	34.37	5.0	74.03	82.86	68.66	13.93	43.42	85.04	27.29	43.01	81.44	52.89	21.26	34.01	19.24	39.05	56.14	41.0	60.14	40.52	78.77	51.92	79.23	62.63	54.41	29.73	24.41	51.04	15.65	70.71	90.97	22.8	38.29	76.4	74.81	34.23	52.92	42.05	86.21	13.6	7.28	60.64	37.74	11.66	81.54	59.09	35.11	57.98	40.46	27.46	64.76	71.81	28.23	80.52	61.29	82.37	72.47	21.93	17.03	35.81	37.95	32.28	76.01	33.84	36.06	75.71	20.62	73.06	26.93	36.06	43.28	58.94	13.89	26.4	45.54	35.06	24.21	28.44	16.12	39.45	66.0	76.54	75.07	90.14	24.19	31.26	47.01	38.63	50.22	76.03	23.43	8.06	59.77	64.41	41.23	59.91	61.61	89.4	15.65	78.06	62.2	57.45	76.53	78.1	66.29	35.9	13.45	84.69	37.44	29.0	35.0	62.29	55.03	77.37	57.07	68.01	56.01	46.01	9.49	36.12	11.4	66.01	44.18	33.24	42.49	27.51	50.0	58.69	30.81	45.12	84.06	31.06	26.87	
71.2	27.02	22.14	12.37	44.28	15.13	46.53	71.61	75.93	66.94	46.14	37.58	52.7	65.19	68.62	65.03	74.06	49.24	54.42	18.38	71.18	55.79	0.0	53.15	34.93	39.56	61.98	68.88	49.01	50.04	29.07	52.0	74.06	21.4	37.74	41.0	36.72	52.35	49.4	50.48	16.28	23.32	11.0	7.28	43.6	62.97	78.23	19.24	25.18	74.33	48.84	31.38	76.69	69.64	60.73	39.32	65.12	63.13	70.01	21.38	25.96	70.88	29.0	35.38	25.24	50.99	46.27	68.59	60.44	23.32	46.32	31.78	69.64	45.62	70.71	32.45	68.6	52.0	76.32	50.0	71.51	54.64	67.42	90.91	68.15	55.9	69.64	28.3	75.47	26.25	8.6	47.07	76.55	34.0	83.24	45.18	48.66	67.68	51.22	46.32	60.41	20.22	69.31	7.81	63.25	68.45	69.38	56.08	5.0	57.2	44.72	60.64	38.0	33.42	45.28	32.76	33.02	30.36	16.12	37.54	41.62	21.19	56.92	49.03	71.59	71.51	25.96	82.8	48.1	55.9	54.67	63.78	36.06	59.64	24.7	58.8	20.1	46.96	99.01	53.71	33.06	31.02	56.08	78.55	64.54	52.04	20.88	18.44	26.42	70.11	73.55	33.06	60.44	80.81	64.03	60.42	58.55	69.12	63.79	5.0	16.28	83.74	67.36	50.16	69.38	54.71	29.41	66.22	44.28	31.83	38.83	11.05	65.46	68.01	30.61	55.8	47.38	57.94	61.19	32.06	25.81	3.61	35.74	13.15	17.0	55.95	55.54	56.8	17.69	76.58	61.03	62.68	36.24	14.56	95.67	29.27	86.37	61.4	41.77	48.1	
18.11	73.25	67.12	49.01	87.42	54.15	15.56	53.34	60.3	101.98	58.67	18.68	40.79	77.62	17.03	90.97	72.69	31.78	94.26	65.31	24.84	75.29	53.15	0.0	20.22	14.0	99.7	27.2	78.75	13.15	71.85	11.0	53.76	69.03	36.89	66.71	21.19	36.5	59.03	58.18	45.65	39.41	56.46	53.14	52.84	101.86	77.65	72.37	30.41	92.2	50.7	23.02	44.28	105.48	9.22	14.32	94.4	52.15	60.03	74.53	79.08	18.36	25.5	79.08	73.06	2.24	8.49	60.13	77.37	41.0	19.1	23.09	84.69	32.89	18.03	50.99	52.09	9.85	52.63	55.54	64.12	59.81	106.08	71.31	107.52	21.21	108.19	76.11	52.39	46.17	59.3	21.84	75.66	68.77	64.33	59.68	5.0	16.28	54.78	38.28	8.94	49.82	61.13	60.17	47.0	15.3	85.09	70.21	52.35	45.4	70.43	7.62	17.8	41.23	17.46	79.26	50.33	23.09	54.23	47.43	22.2	32.25	7.28	4.12	76.16	82.54	69.12	77.03	88.87	3.16	47.07	53.15	23.77	62.64	75.03	56.52	58.83	33.53	82.23	63.56	69.66	31.83	96.43	87.09	60.83	82.98	65.76	38.01	75.03	23.43	20.4	66.6	97.58	64.63	51.04	36.12	6.71	97.65	81.84	56.57	68.47	75.03	34.18	15.13	16.55	62.77	37.34	30.46	17.89	31.02	22.83	51.0	103.24	80.41	72.18	44.55	47.54	97.74	24.35	23.85	73.11	49.82	18.0	40.02	41.59	68.45	96.54	67.62	39.01	61.29	99.01	46.0	48.6	40.85	76.66	68.82	75.24	9.22	44.29	49.77	
38.01	53.08	52.4	29.07	74.28	34.01	12.04	61.74	68.15	92.44	54.74	2.83	44.64	75.54	33.96	84.5	75.66	36.4	82.62	49.82	43.38	70.34	34.93	20.22	0.0	6.71	89.05	43.83	70.21	24.08	51.62	24.41	63.06	49.01	34.0	58.69	4.0	41.44	56.32	56.14	32.02	28.64	40.61	36.62	49.37	90.8	80.62	53.76	18.38	88.84	50.01	3.61	58.05	95.72	26.31	11.4	86.82	57.28	65.52	55.97	60.75	36.5	14.32	58.86	53.0	18.44	16.64	65.0	73.55	20.88	13.04	3.16	82.04	35.17	38.21	43.32	59.62	17.09	63.29	54.04	68.88	59.01	95.21	81.41	96.4	33.24	97.42	56.01	62.77	26.4	40.02	27.78	78.64	57.69	73.79	55.11	17.09	32.98	54.0	39.62	28.86	29.61	65.97	42.49	53.85	35.0	82.2	66.91	33.24	50.0	62.77	27.0	15.23	35.51	23.02	64.54	43.01	5.83	34.06	42.58	10.2	13.89	22.36	16.49	77.03	81.3	55.15	82.0	76.69	23.35	50.01	58.24	6.32	63.03	55.23	58.42	45.34	36.4	91.71	61.29	58.01	25.18	84.65	87.05	63.79	74.24	50.99	18.11	55.01	42.05	40.01	55.76	87.09	73.01	56.92	45.28	26.68	90.47	77.88	37.64	49.24	81.04	47.42	25.46	35.23	61.13	18.03	44.55	22.47	12.04	8.0	31.14	92.66	78.52	51.97	48.76	47.04	86.21	38.21	16.0	53.01	31.38	3.61	22.47	27.8	65.62	84.5	65.38	19.1	69.08	88.23	52.92	42.95	25.46	86.77	56.08	82.22	27.17	42.01	49.01	
32.06	59.3	55.22	35.01	76.49	40.2	11.4	56.65	63.25	93.23	53.16	6.4	40.45	73.55	29.15	84.1	72.11	31.78	84.22	53.0	36.67	69.29	39.56	14.0	6.71	0.0	90.27	37.2	70.49	17.69	58.05	17.8	57.78	55.04	31.58	58.67	9.22	36.88	54.34	53.94	34.06	29.21	43.91	40.25	47.54	92.2	77.1	58.69	19.1	87.36	47.27	9.06	51.86	96.61	21.19	6.08	86.83	52.95	61.19	60.88	65.52	31.32	14.21	65.31	59.08	12.04	10.0	60.83	72.12	27.51	14.04	9.22	80.28	31.14	32.02	42.94	54.71	13.45	57.71	51.62	64.78	56.44	96.54	76.06	97.84	27.02	98.72	62.13	57.25	33.11	45.4	22.47	75.11	58.9	68.54	53.76	10.44	28.23	51.35	36.01	22.36	36.14	61.81	46.82	49.04	29.15	80.52	65.25	38.47	45.71	62.65	21.21	11.0	34.18	17.46	67.42	42.49	9.22	40.31	41.11	13.6	18.44	17.46	10.05	74.11	79.08	57.63	77.93	78.49	17.03	46.17	53.94	12.04	60.13	61.03	55.01	47.51	32.25	86.54	59.23	59.46	23.77	86.31	84.48	60.13	74.63	53.82	24.02	61.03	35.34	34.23	56.85	88.24	68.01	52.39	39.81	20.22	90.35	76.54	42.76	54.59	76.69	41.23	19.21	29.83	58.86	24.7	38.21	17.09	18.6	12.53	37.0	93.86	76.49	58.46	44.55	44.18	87.78	31.83	14.32	59.14	36.14	4.0	26.57	29.83	63.79	86.28	63.35	25.02	64.2	89.5	48.08	41.79	28.3	81.44	58.0	77.62	21.84	39.62	46.27	
114.48	76.03	39.85	74.33	19.0	75.93	100.8	78.85	77.65	6.71	46.1	91.84	69.78	42.05	116.69	21.84	61.03	74.95	8.0	43.68	104.96	33.38	61.98	99.7	89.05	90.27	0.0	99.36	22.36	89.5	81.0	92.31	81.79	72.03	64.2	33.84	92.36	73.36	48.1	49.98	57.14	61.07	51.62	56.08	51.0	3.0	61.4	56.0	71.22	35.85	56.86	85.7	94.87	8.0	108.89	86.37	16.16	69.38	69.72	55.04	52.35	117.52	76.06	83.29	73.03	97.58	91.22	67.74	36.01	84.86	102.08	86.53	38.83	71.56	112.61	48.92	76.16	103.59	86.12	52.55	67.27	51.92	6.4	89.01	8.06	88.75	8.49	74.17	85.15	88.23	65.12	81.4	61.2	31.4	84.29	44.28	94.75	115.97	54.42	67.23	102.94	82.01	67.6	55.54	74.63	112.81	37.85	40.61	66.76	69.64	30.89	106.83	82.04	58.9	83.74	31.06	49.68	83.23	76.9	53.82	98.48	76.66	106.1	96.18	53.15	44.72	36.06	69.35	14.14	101.18	65.55	69.12	92.96	53.94	68.12	59.91	44.29	71.87	90.55	46.57	31.06	67.88	7.28	50.0	61.81	18.38	41.11	78.29	72.11	104.62	117.29	33.42	2.24	80.22	71.57	81.44	102.07	18.03	34.13	63.79	62.07	73.17	91.29	88.24	115.43	48.51	90.47	93.02	82.98	91.24	95.72	72.8	3.61	42.3	83.0	69.08	59.03	5.39	91.92	76.49	74.03	64.85	87.8	68.88	61.29	42.76	8.54	44.72	77.88	77.52	1.0	74.95	52.2	64.14	91.09	33.54	77.16	108.9	58.83	57.27	
24.08	93.3	75.66	68.95	91.71	74.67	42.64	32.57	39.29	99.86	53.54	43.42	30.0	67.27	33.14	85.28	56.36	24.7	95.75	75.24	6.71	69.03	68.88	27.2	43.83	37.2	99.36	0.0	77.03	20.12	93.05	19.42	31.78	88.32	37.11	65.74	46.23	26.08	52.2	50.61	56.0	48.01	68.0	66.12	48.37	102.0	60.84	87.37	43.74	82.22	43.01	45.28	18.25	103.46	30.68	33.12	90.0	36.06	42.05	89.27	93.09	31.0	40.52	100.3	92.44	27.66	27.2	42.94	69.35	64.01	46.23	45.79	74.41	28.46	21.1	52.5	32.7	36.89	29.15	47.8	46.52	50.25	105.68	47.04	107.42	13.04	107.54	95.6	29.27	69.97	76.69	22.02	59.03	71.78	41.11	55.23	27.59	33.24	46.23	32.2	19.7	72.01	43.83	74.24	29.68	25.02	75.07	62.37	69.86	31.83	68.48	26.57	31.95	43.17	23.77	86.68	51.55	43.83	75.03	46.24	48.8	51.26	32.2	29.0	62.13	70.6	76.3	57.87	91.55	24.7	35.38	36.89	49.04	50.99	93.17	43.93	66.61	27.86	58.08	55.32	73.38	39.0	97.99	73.25	46.04	81.12	74.55	58.69	94.11	7.28	26.31	69.57	97.13	42.58	34.13	19.1	21.47	92.46	73.55	73.35	85.16	54.82	10.77	19.31	29.02	53.81	61.85	7.21	24.74	55.8	48.84	70.52	102.58	69.53	93.78	31.83	40.5	98.84	8.06	37.11	92.72	66.29	40.5	56.52	53.08	60.21	98.49	58.73	59.62	40.26	98.88	28.84	48.1	54.45	52.15	74.22	53.94	29.41	40.72	42.44	
92.76	69.57	29.12	61.03	21.93	64.07	81.49	57.43	57.0	23.35	23.77	72.9	47.42	25.06	95.59	16.03	42.72	52.7	20.1	32.98	82.68	13.93	49.01	78.75	70.21	70.49	22.36	77.03	0.0	67.9	73.76	70.72	60.41	64.56	42.45	12.04	73.82	51.0	25.96	27.89	39.56	41.59	38.01	42.01	28.65	25.08	44.38	50.16	51.88	27.29	34.54	67.12	72.8	26.91	87.97	66.03	16.76	47.68	49.0	50.09	49.4	96.18	56.44	77.83	66.73	76.69	70.29	47.0	18.36	69.87	83.19	68.03	25.46	49.41	90.79	27.8	54.59	83.49	64.63	30.36	47.17	30.27	28.65	69.58	30.41	66.61	30.53	68.71	63.64	74.33	54.59	59.55	43.66	15.03	64.07	21.93	73.88	94.92	32.28	44.94	81.34	69.03	47.01	44.55	52.63	91.24	24.76	20.22	54.01	47.43	8.6	85.63	61.4	37.54	62.23	27.66	28.43	64.4	65.07	31.89	80.11	59.14	85.43	75.43	35.85	30.0	25.3	51.87	18.44	79.98	43.32	47.52	74.85	33.0	62.77	38.33	29.02	49.65	72.8	25.08	16.28	47.2	22.2	36.88	41.0	4.24	29.83	62.37	66.48	82.38	95.59	16.03	20.12	60.13	49.82	59.09	80.61	20.62	19.1	52.24	54.71	55.08	68.94	66.53	94.05	27.07	74.73	70.66	61.52	74.33	77.47	60.0	25.55	26.63	75.69	46.82	36.67	22.56	69.64	56.3	67.68	51.04	68.48	52.39	43.32	22.09	23.09	24.08	62.17	57.01	21.93	52.89	30.41	46.84	72.37	20.62	58.94	87.86	36.62	34.93	
25.0	73.5	60.08	49.04	78.77	54.71	25.63	40.79	47.68	91.24	46.62	24.08	27.66	64.88	28.3	79.2	59.54	18.68	84.63	58.94	21.21	63.25	50.04	13.15	24.08	17.69	89.5	20.12	67.9	0.0	73.05	2.83	41.48	68.66	25.46	55.9	26.91	23.35	46.65	45.65	39.05	31.62	50.8	48.26	40.8	91.83	64.5	69.01	25.02	79.61	38.01	25.24	34.21	94.79	21.54	13.04	82.98	39.05	47.0	71.03	75.17	28.43	21.1	80.32	72.78	12.0	8.06	47.04	65.0	43.91	29.15	25.81	72.01	20.12	23.32	40.61	39.32	22.09	40.85	42.94	51.04	47.01	95.9	59.46	97.45	9.43	97.95	75.93	40.5	49.93	57.43	8.94	62.51	59.36	52.2	47.8	10.2	27.78	42.05	25.5	13.45	51.89	48.04	56.08	34.06	23.35	72.45	57.8	50.49	32.25	59.4	18.36	12.17	30.61	5.83	71.87	39.82	23.71	55.03	36.07	30.53	31.32	20.4	12.17	63.06	69.64	61.47	64.0	79.61	13.0	33.96	40.05	29.73	49.65	73.82	43.42	51.26	20.62	70.21	51.0	60.54	22.85	86.84	74.04	47.68	72.14	58.82	38.63	74.53	20.1	27.8	57.14	87.32	52.17	38.0	23.54	12.81	86.05	69.46	54.23	66.19	62.13	23.6	2.0	26.25	50.09	42.01	20.52	6.71	36.12	30.0	50.7	92.96	67.62	73.74	31.4	34.89	88.01	14.14	18.0	73.01	47.17	20.62	37.22	35.51	55.95	87.09	55.01	39.56	48.66	88.87	33.06	37.48	36.06	64.85	60.37	62.51	21.02	32.2	37.12	
89.45	5.39	44.64	24.17	62.0	18.38	60.0	100.12	104.74	87.05	74.89	53.34	81.06	93.02	84.0	89.5	103.0	76.55	73.0	40.8	93.96	82.86	29.07	71.85	51.62	58.05	81.0	93.05	73.76	73.05	0.0	74.33	102.45	9.22	66.07	68.03	51.16	80.21	78.24	79.4	45.28	51.74	38.08	35.81	72.62	81.06	107.07	25.0	50.61	100.57	77.9	49.03	103.45	89.0	77.1	60.44	88.28	91.97	99.01	26.08	29.61	87.02	52.8	7.28	8.25	70.04	67.19	97.62	87.73	31.06	58.08	48.84	96.77	73.24	89.81	61.4	97.19	67.03	104.4	79.03	100.57	83.6	85.15	119.67	85.29	80.62	87.21	8.6	103.6	27.17	20.81	72.45	105.44	59.14	111.95	73.78	68.45	83.0	80.28	74.65	80.41	22.09	98.35	29.97	91.68	86.37	96.38	84.12	25.5	85.8	71.31	78.41	61.1	62.24	69.46	50.04	62.01	49.73	18.03	66.6	53.04	41.79	73.11	68.07	100.17	99.28	48.51	111.83	67.03	74.97	83.49	92.66	49.04	88.6	13.6	87.86	46.96	74.63	127.99	82.38	57.57	58.25	74.03	106.44	93.61	75.93	43.97	34.48	9.85	92.72	91.27	58.87	80.02	109.66	92.76	87.66	78.26	92.23	90.62	24.21	19.24	112.81	93.48	73.74	86.09	83.49	36.06	91.71	68.54	42.0	51.0	22.83	84.02	95.71	2.0	84.39	76.38	76.03	86.01	56.36	7.28	29.73	54.13	37.74	45.34	84.22	73.06	85.23	33.53	105.42	80.0	91.05	65.3	42.01	124.52	53.16	115.43	78.16	70.71	77.16	
22.2	74.95	62.63	50.45	81.49	56.04	24.6	42.43	49.37	94.07	49.41	24.08	30.08	67.54	25.55	82.01	61.81	21.19	87.42	61.4	19.65	66.03	52.0	11.0	24.41	17.8	92.31	19.42	70.72	2.83	74.33	0.0	42.95	70.21	28.28	58.73	26.91	25.71	49.4	48.37	41.48	34.18	53.15	50.49	43.6	94.64	66.75	71.06	27.17	82.3	40.71	25.94	34.67	97.62	18.97	13.93	85.8	41.19	49.04	73.11	77.32	25.61	23.0	81.61	74.33	10.2	7.81	49.16	67.74	44.72	28.18	26.42	74.69	22.83	20.59	43.42	41.11	20.4	42.06	45.65	53.15	49.66	98.72	60.73	100.26	10.44	100.77	77.47	41.76	50.61	59.21	11.66	64.78	62.13	53.6	50.61	8.94	25.06	44.72	28.18	10.63	52.92	50.16	58.22	36.0	20.52	75.13	60.54	52.24	34.53	62.23	15.65	14.0	33.42	8.6	74.46	42.64	24.7	56.32	38.9	30.0	32.76	18.11	10.77	65.52	72.24	64.08	66.03	82.38	10.44	36.4	42.19	29.73	52.2	75.54	45.88	53.85	23.26	71.57	53.71	63.29	25.5	89.63	76.54	50.01	74.97	61.35	39.85	76.12	18.44	25.0	59.91	90.14	53.76	40.05	25.18	10.0	88.87	72.2	56.08	68.07	64.03	24.19	4.47	23.43	52.77	42.44	20.81	9.43	36.4	29.73	52.17	95.78	70.26	74.95	33.73	37.59	90.8	14.42	20.1	74.53	49.04	21.1	39.05	37.85	58.67	89.87	57.71	40.8	50.36	91.68	35.0	40.31	38.21	66.1	63.06	64.28	18.38	35.0	39.82	
55.73	101.02	71.17	79.25	80.02	84.96	67.05	3.0	7.62	80.36	38.05	63.98	21.4	42.49	64.12	63.32	26.87	27.2	80.5	72.45	38.33	48.51	74.06	53.76	63.06	57.78	81.79	31.78	60.41	41.48	102.45	42.95	0.0	95.44	36.4	52.04	66.64	22.67	35.0	33.0	57.98	50.8	68.43	68.6	35.69	84.72	30.61	89.0	53.08	56.3	28.64	62.77	16.4	83.82	60.07	51.89	68.95	13.04	13.04	90.38	92.85	62.39	52.8	109.2	99.3	53.15	49.34	14.76	46.82	79.03	70.52	63.63	48.88	29.73	52.77	45.54	6.08	63.35	4.47	31.06	17.03	30.15	87.56	18.36	89.5	32.56	89.02	102.34	3.61	85.43	82.66	35.34	29.07	61.52	10.77	40.05	51.66	64.07	29.07	27.8	49.01	84.9	15.26	76.54	10.82	56.32	49.74	41.23	77.01	17.0	53.04	56.04	47.89	40.82	40.31	79.25	44.6	60.21	85.63	38.63	71.31	63.89	60.41	53.6	34.21	43.83	70.09	26.4	78.06	52.35	20.25	13.0	69.32	27.89	98.27	22.09	62.97	28.32	28.79	35.36	63.64	44.55	82.61	44.55	20.25	63.79	70.52	71.59	100.4	39.05	58.05	59.68	79.62	11.0	11.18	18.03	50.09	70.38	50.16	79.06	89.19	23.09	21.21	39.56	60.3	33.38	79.32	25.18	40.72	74.43	70.26	80.06	84.4	43.91	103.71	18.36	28.46	82.87	30.02	49.41	99.86	72.8	59.48	65.12	57.2	39.05	83.49	37.11	72.25	8.54	81.58	11.4	40.5	60.44	23.71	66.29	22.2	59.03	33.11	28.86	
87.0	5.66	35.44	20.02	53.04	15.13	58.69	93.01	97.31	78.01	66.4	51.09	74.06	84.12	82.49	80.28	94.64	70.24	64.03	31.62	89.82	73.82	21.4	69.03	49.01	55.04	72.03	88.32	64.56	68.66	9.22	70.21	95.44	0.0	59.08	59.03	49.25	73.57	69.81	71.06	37.64	44.65	29.41	27.59	64.44	72.17	98.6	16.12	44.94	91.42	70.01	46.01	97.51	80.02	75.17	56.57	79.08	84.5	91.29	17.46	21.54	85.29	47.8	14.21	4.12	67.07	63.51	89.83	78.72	29.83	57.27	46.0	87.73	66.73	87.05	53.15	90.0	65.38	97.64	70.84	92.63	75.29	76.32	112.29	76.53	75.58	78.41	7.28	96.8	27.73	12.81	67.07	97.01	49.98	104.64	65.22	65.19	81.5	72.18	67.68	77.23	21.19	90.52	21.1	84.63	84.01	87.32	75.29	18.79	78.6	62.24	76.01	56.52	54.82	64.56	41.0	53.81	46.17	15.3	58.69	52.17	37.48	71.18	65.07	91.53	90.35	39.29	103.59	58.0	72.06	76.06	85.15	47.52	80.28	7.21	79.91	38.08	68.1	120.28	73.82	48.38	51.88	65.12	97.53	85.59	66.71	34.79	31.02	6.0	88.65	89.02	49.77	71.0	102.18	85.43	81.41	75.17	83.02	81.54	16.4	10.05	104.74	87.85	69.12	84.15	75.0	35.74	86.38	63.6	41.0	49.82	18.11	75.11	86.77	11.18	77.2	68.68	67.12	80.96	51.24	4.47	22.83	51.04	31.95	38.28	75.47	64.2	76.55	30.02	97.95	71.03	84.05	57.28	35.36	117.03	43.97	107.49	76.11	63.13	69.31	
