230
0.0	78.64	68.24	96.42	47.3	53.15	94.64	42.72	59.03	90.02	88.87	55.23	30.59	45.54	58.31	78.16	59.36	94.83	103.0	109.2	47.3	72.92	59.46	41.3	91.92	16.64	95.43	76.01	79.62	91.53	84.5	92.61	17.03	95.86	14.14	64.07	106.3	100.9	66.84	58.14	44.28	67.03	67.96	82.2	83.86	65.86	108.24	95.34	65.51	79.21	61.0	40.31	29.15	53.25	27.89	55.87	31.62	50.48	57.31	94.56	70.43	65.52	85.21	109.93	30.02	46.24	15.65	27.29	99.61	55.23	50.64	43.32	82.2	86.38	76.06	56.32	35.0	51.88	94.89	58.73	101.79	79.08	27.2	28.6	37.36	36.12	30.36	88.28	44.38	85.15	49.24	115.83	49.04	90.25	57.04	63.53	63.6	46.04	79.76	6.08	90.82	61.4	43.1	40.02	22.67	99.32	3.16	84.72	77.13	63.41	80.22	60.42	104.32	12.81	109.2	93.23	27.51	50.7	62.23	104.55	101.95	79.08	16.4	62.37	4.47	39.01	48.1	94.2	84.85	56.89	80.66	45.97	22.8	78.01	72.56	76.38	78.45	31.05	59.41	27.29	29.41	57.57	80.6	66.19	38.01	35.81	10.0	21.1	40.02	37.59	54.92	73.08	43.1	60.81	62.13	107.82	61.4	79.85	109.59	7.28	50.01	18.38	46.96	13.6	99.54	77.52	49.66	81.84	48.09	45.88	47.01	75.93	81.02	104.39	57.94	87.05	69.4	103.0	75.58	80.81	35.06	101.02	52.63	88.53	26.68	63.82	31.38	50.8	17.12	6.08	103.23	89.0	92.18	56.08	89.01	75.66	110.39	65.0	98.49	60.03	79.38	109.13	47.17	53.46	61.1	50.21	109.59	76.49	43.05	63.03	28.64	103.1	94.0	102.59	79.2	113.09	96.15	63.01	113.53	6.71	19.8	69.81	92.2	51.88	60.42	30.53	54.59	100.3	84.1	85.45	
78.64	0.0	36.4	18.03	38.28	79.08	20.62	72.92	67.48	14.42	39.46	61.4	74.73	35.36	34.41	32.14	60.96	54.33	26.93	54.56	76.06	45.79	66.03	39.92	57.01	66.76	17.03	52.89	6.0	41.05	20.02	29.61	70.84	25.94	68.0	19.1	28.64	47.17	58.14	66.84	47.8	13.6	34.21	24.19	33.54	80.71	62.64	49.82	14.56	68.31	18.03	62.01	55.15	52.5	86.68	47.8	59.06	52.35	33.29	40.8	73.36	31.76	41.0	39.2	52.24	69.35	88.32	83.74	29.7	36.36	28.07	81.84	60.21	40.11	13.15	24.74	90.05	64.9	16.28	50.33	66.37	3.0	52.04	62.37	72.8	61.29	52.55	26.57	35.01	16.55	37.7	66.31	73.93	23.77	24.19	45.65	57.28	43.08	21.02	80.6	53.04	55.23	91.84	39.01	61.2	34.18	79.31	6.08	28.16	71.56	16.12	94.79	43.01	70.0	48.26	44.05	52.01	29.15	48.08	52.55	31.91	33.84	68.07	43.84	82.39	84.15	33.73	67.07	72.28	22.0	67.72	51.43	89.89	9.0	48.38	67.07	5.1	80.62	46.75	58.69	62.59	35.47	60.64	27.59	83.82	50.22	72.03	85.8	84.63	53.0	80.99	32.02	96.8	48.1	51.11	63.32	33.02	40.2	60.75	85.38	30.08	75.96	37.64	67.03	31.3	1.41	45.28	43.32	94.81	41.05	45.45	8.06	8.54	26.02	39.2	70.41	75.66	26.57	14.32	27.02	44.64	49.65	76.85	70.04	91.39	37.48	68.68	91.44	80.31	72.84	70.26	14.87	34.13	23.09	14.21	49.24	37.48	16.16	58.55	47.71	36.12	62.94	34.71	94.92	24.19	62.97	45.19	24.7	37.0	19.21	74.22	34.66	18.87	24.02	59.91	58.59	53.6	17.49	71.57	82.57	64.12	73.82	21.26	46.69	29.83	52.35	77.9	47.76	26.08	39.81	
68.24	36.4	0.0	50.0	50.99	46.84	37.34	44.05	33.11	50.25	73.54	28.16	50.8	27.29	10.82	63.89	26.4	87.6	61.07	90.55	45.54	10.2	84.53	46.49	89.02	63.78	49.2	80.4	31.83	23.32	24.7	28.0	68.77	34.53	54.38	42.76	50.92	82.76	81.1	32.7	60.17	38.6	2.24	58.6	16.49	98.72	97.58	83.93	26.25	94.01	28.28	72.24	57.8	70.04	64.13	16.0	64.41	68.45	12.53	76.03	94.76	57.43	17.03	46.04	38.42	39.2	82.33	61.19	65.95	13.45	31.58	90.35	88.57	73.39	46.52	23.09	92.8	32.76	46.04	16.49	99.33	34.06	43.14	42.15	46.1	69.35	55.07	62.27	30.87	52.7	19.85	102.0	42.76	28.64	41.01	69.0	21.63	22.2	55.04	72.62	85.44	76.32	97.64	34.48	45.79	34.13	67.42	39.6	60.08	90.61	51.0	107.02	37.0	56.08	84.63	25.0	42.43	26.93	13.0	88.12	39.05	11.4	52.84	9.22	70.49	57.0	24.6	97.86	99.08	29.0	94.05	24.74	86.98	43.91	75.33	92.01	31.89	84.05	13.15	61.06	41.79	56.01	88.36	9.49	57.01	32.45	58.83	83.45	91.07	61.47	48.38	61.61	101.02	13.6	73.11	98.09	56.08	71.31	96.15	73.06	40.45	74.41	22.8	54.64	36.01	36.62	61.0	14.42	101.87	53.37	59.44	28.43	44.65	56.6	60.03	98.33	96.18	60.44	22.63	60.54	46.07	84.97	44.64	98.51	89.83	4.47	45.12	100.65	62.03	64.03	102.88	51.09	25.5	36.0	50.33	14.14	48.04	24.04	92.03	69.12	67.72	97.99	25.06	104.24	17.03	77.88	42.72	14.32	43.01	41.59	51.2	70.94	54.45	53.85	87.28	94.67	87.32	38.64	106.23	74.2	48.88	94.89	57.63	63.79	52.09	37.8	92.03	83.19	20.22	17.2	
96.42	18.03	50.0	0.0	53.85	95.26	17.72	89.89	82.68	9.22	39.85	77.03	92.42	53.34	50.57	37.44	76.01	54.34	11.4	48.37	92.7	58.0	77.1	56.75	58.52	83.95	1.0	59.36	19.31	46.52	27.02	32.31	87.8	24.74	86.01	34.18	15.26	43.01	67.36	82.15	62.61	29.83	48.01	27.46	41.62	91.24	59.0	48.84	32.39	74.95	36.06	76.54	71.84	65.0	104.56	63.53	75.03	65.46	49.77	38.47	82.46	42.64	49.09	32.56	70.26	86.01	105.54	101.61	20.22	52.92	46.01	96.04	65.3	41.79	23.32	42.58	105.6	80.95	4.47	65.51	65.92	18.44	70.01	80.23	90.14	76.49	69.38	25.63	53.04	17.8	55.08	60.53	90.38	26.83	40.52	55.87	71.61	60.44	26.25	98.15	54.41	65.76	106.55	57.0	79.23	33.54	97.19	12.17	34.21	82.04	21.93	107.3	42.3	88.01	40.02	49.24	70.0	47.17	62.68	48.01	28.02	43.93	86.09	58.52	100.24	101.53	51.62	69.26	77.83	40.01	73.93	68.35	106.61	19.7	55.8	74.33	19.92	96.25	61.91	75.29	80.41	48.55	66.24	42.54	101.24	68.07	90.01	102.49	99.36	68.54	97.06	39.7	111.83	62.97	61.52	60.01	45.22	44.78	56.08	103.24	47.07	92.72	55.32	85.01	29.27	19.0	59.17	52.8	109.08	56.46	59.94	23.41	16.55	8.0	51.61	75.15	85.15	10.63	27.78	31.06	61.98	46.04	93.02	74.32	107.84	52.15	86.35	105.12	98.33	90.55	70.04	11.4	38.08	40.45	10.63	60.83	29.12	33.73	57.87	58.8	40.82	59.01	52.61	108.47	41.11	75.8	42.01	36.12	54.13	34.79	91.98	24.74	9.22	6.32	65.86	51.79	52.95	33.96	68.01	100.13	82.15	83.1	15.52	59.91	43.05	70.35	90.27	44.05	33.6	47.71	
47.3	38.28	50.99	53.85	0.0	72.07	58.26	62.13	67.05	45.88	42.05	60.44	57.28	26.17	41.19	31.02	62.59	50.33	58.05	62.61	66.89	60.53	33.54	7.81	48.84	32.06	52.92	34.99	41.87	68.88	52.63	62.8	35.06	62.23	41.68	19.7	66.73	54.13	31.58	66.1	10.0	24.7	49.24	35.13	59.93	47.8	63.41	49.65	30.81	45.35	26.08	24.04	19.0	19.1	65.22	50.36	21.19	17.46	39.2	47.54	44.05	18.38	65.19	76.42	32.8	61.29	53.08	62.8	53.0	40.01	19.42	43.86	42.94	39.82	31.05	28.16	51.88	61.1	53.67	54.33	59.55	40.0	27.59	44.69	59.2	23.02	17.12	41.19	22.2	39.46	35.13	70.46	66.24	58.14	14.21	21.47	62.51	37.85	33.0	47.27	46.69	26.17	53.6	21.19	38.95	68.88	49.04	43.91	29.83	39.62	34.37	58.25	76.61	43.42	61.98	71.59	28.28	24.19	55.04	58.18	68.59	57.01	43.27	52.01	51.66	68.62	28.02	54.38	50.96	23.26	45.88	46.17	53.15	34.18	30.23	42.95	40.46	42.49	52.09	22.09	45.45	10.82	42.05	43.01	67.9	36.24	44.28	49.03	46.4	14.76	74.3	26.0	58.52	54.08	23.77	63.25	14.32	33.84	64.07	54.57	10.77	39.46	32.25	39.82	67.21	36.89	10.05	64.56	56.73	2.83	8.54	39.6	37.34	61.35	12.81	51.26	45.28	58.25	42.8	33.54	14.21	54.59	70.24	52.0	54.12	48.37	52.5	53.76	55.57	41.23	62.01	44.38	65.19	17.2	44.64	64.5	75.29	31.91	54.49	19.92	32.65	64.2	28.07	57.31	34.79	27.31	80.28	49.65	9.49	19.24	55.87	56.14	49.24	60.17	40.72	66.65	51.22	20.81	70.04	49.25	40.61	44.1	46.27	13.0	13.15	33.6	42.06	53.67	55.76	64.62	
53.15	79.08	46.84	95.26	72.07	0.0	84.12	11.05	15.03	93.49	109.04	18.68	22.56	48.92	44.78	97.84	21.1	120.6	105.68	128.69	6.0	43.1	100.28	64.41	120.1	61.07	94.37	107.04	76.06	65.01	71.47	74.15	65.0	81.25	42.01	76.38	97.72	120.22	102.55	15.0	76.69	75.07	48.38	96.21	61.66	111.2	132.77	118.56	65.22	116.47	63.89	82.0	65.0	88.39	30.81	31.78	71.59	85.8	45.79	113.15	111.97	87.2	58.03	91.66	39.92	10.82	68.41	29.15	108.23	42.72	58.8	93.05	115.0	107.81	85.15	56.08	87.69	14.32	91.71	30.36	130.92	77.52	46.49	29.61	16.03	77.67	63.6	101.32	52.01	93.41	42.52	138.77	5.83	75.43	70.94	93.54	27.02	37.48	92.7	59.23	117.41	96.77	95.34	51.31	37.48	79.63	50.45	83.73	94.85	105.77	90.14	111.02	80.01	42.11	124.74	65.03	45.54	54.45	33.96	125.21	85.33	56.89	39.01	37.64	52.2	17.69	48.8	126.4	122.25	61.55	117.27	28.32	75.93	84.2	102.22	113.85	75.66	82.05	33.84	66.29	28.64	81.84	114.06	52.8	18.44	35.85	44.28	74.15	91.02	73.38	2.24	93.86	96.03	33.24	95.27	132.91	84.05	103.41	132.46	53.14	65.8	69.12	43.84	44.0	82.2	78.77	80.53	53.01	100.32	72.9	77.88	72.07	86.02	102.46	84.72	123.0	112.09	105.19	67.54	96.88	59.09	121.7	2.24	123.88	79.83	43.66	23.02	102.02	37.34	53.24	133.69	93.74	70.46	66.53	93.19	43.01	94.2	63.25	125.0	91.68	100.9	133.42	48.1	105.08	54.92	91.21	86.01	61.03	62.77	74.97	24.52	113.0	97.94	99.81	112.71	132.94	121.04	72.84	140.42	59.67	38.12	111.68	99.62	83.67	80.8	39.0	101.12	120.24	66.94	59.08	
94.64	20.62	37.34	17.72	58.26	84.12	0.0	80.41	70.38	24.02	55.44	65.46	85.09	49.24	41.19	50.6	63.69	70.35	28.64	65.92	82.46	43.57	86.61	58.83	73.98	84.58	17.46	72.24	16.4	29.15	12.65	14.76	89.0	7.07	82.57	39.62	13.6	60.13	78.39	70.01	68.01	33.94	35.74	41.23	25.5	101.26	76.16	65.12	29.55	87.85	34.44	82.22	73.93	73.11	98.01	52.63	78.49	72.92	41.05	55.01	93.65	52.15	32.56	18.6	65.92	75.93	105.85	95.01	37.85	44.1	44.78	102.07	79.06	56.89	32.65	38.33	109.55	69.92	13.34	53.76	82.22	18.38	67.45	74.06	81.61	81.22	71.2	41.19	50.29	31.58	48.04	78.09	79.81	9.9	44.05	66.04	58.6	53.0	38.9	97.41	69.87	75.72	111.83	54.71	74.81	16.03	94.83	16.55	46.82	92.09	33.84	115.36	25.0	84.53	57.72	31.76	67.19	43.97	50.33	65.28	11.7	28.84	82.04	46.49	97.98	92.91	46.87	84.53	91.42	38.48	87.09	59.41	108.23	28.18	68.03	86.82	17.8	100.12	50.29	77.52	74.03	56.08	79.71	32.25	92.78	62.2	86.88	104.2	104.64	72.8	85.7	51.48	116.61	50.92	71.56	77.1	53.6	58.52	73.44	100.9	49.09	94.37	49.25	82.0	12.04	22.02	65.76	36.8	114.98	61.07	65.8	19.24	26.0	21.4	59.82	89.19	96.04	27.73	19.24	44.64	62.61	63.07	81.91	88.6	110.06	40.52	79.06	111.8	93.43	89.19	86.28	26.08	20.59	41.88	25.08	45.8	17.03	29.73	74.17	68.24	54.41	76.24	47.85	115.31	34.23	83.55	25.71	23.09	55.57	39.6	85.02	42.45	26.17	18.6	79.12	69.43	69.18	37.54	85.21	99.3	77.93	94.15	32.02	67.27	50.45	65.76	98.49	61.07	18.03	31.14	
42.72	72.92	44.05	89.89	62.13	11.05	80.41	0.0	18.44	87.21	100.42	18.03	12.53	40.46	39.56	89.1	21.93	111.4	99.81	120.42	5.1	42.76	89.49	54.38	110.6	50.04	88.96	97.1	70.58	64.78	67.9	72.03	54.01	78.41	31.06	68.12	93.94	111.87	92.14	17.8	66.21	67.42	45.18	88.24	60.03	100.22	123.84	109.66	58.59	106.02	56.6	71.06	54.12	77.88	23.6	28.07	60.64	75.24	40.16	104.8	101.19	77.99	57.71	90.0	29.53	5.39	58.19	21.26	101.36	37.0	50.33	82.02	104.96	99.01	77.67	48.88	76.94	13.0	86.65	28.07	121.4	71.69	35.85	18.68	5.39	66.71	52.81	93.6	43.14	86.28	35.36	130.11	6.32	72.44	62.24	83.53	27.86	30.02	84.81	48.76	108.07	86.33	84.48	41.87	26.48	78.01	40.16	78.0	86.31	94.92	82.66	100.0	79.63	31.26	117.0	65.31	34.93	46.4	32.14	116.73	83.1	55.01	28.07	35.0	42.15	13.15	40.8	116.5	111.83	53.82	106.89	21.54	65.52	77.18	92.36	103.37	70.01	71.11	31.0	55.32	17.72	72.2	103.94	48.27	13.34	26.25	33.54	63.56	80.06	62.63	13.15	84.9	85.33	31.06	85.0	123.91	74.65	94.26	123.75	43.38	56.64	58.22	36.06	33.02	80.06	72.45	70.24	52.95	89.45	62.77	67.54	66.48	79.26	97.41	74.89	112.71	101.24	99.4	62.64	88.62	48.76	113.17	10.05	113.65	69.38	40.2	12.0	91.05	27.78	42.43	124.04	87.24	69.07	58.14	86.77	43.68	92.09	56.8	115.75	81.49	91.97	124.52	40.0	94.13	48.85	80.36	85.59	57.56	53.01	66.71	14.32	106.0	91.68	94.87	102.58	124.65	111.95	64.82	131.24	49.34	27.07	100.88	92.78	73.36	71.59	28.65	90.09	111.8	64.2	58.55	
59.03	67.48	33.11	82.68	67.05	15.03	70.38	18.44	0.0	81.84	100.44	6.71	30.48	41.63	33.24	89.59	6.71	113.02	93.48	119.33	16.55	28.28	98.01	59.91	113.18	63.15	81.84	101.39	63.82	50.04	57.78	59.67	67.68	67.05	45.88	67.68	83.93	111.04	98.49	1.0	73.35	65.44	34.89	86.68	47.07	110.22	124.54	110.39	54.45	112.36	54.04	81.06	64.01	84.93	42.01	19.8	71.0	82.57	34.66	104.02	109.49	80.06	43.1	76.94	38.0	13.45	74.69	39.7	97.08	31.89	51.0	94.76	109.56	99.57	75.07	46.4	91.76	7.28	78.89	17.2	123.94	65.6	45.0	31.32	23.35	77.01	62.07	91.35	45.31	82.73	33.62	130.0	13.42	61.35	63.13	88.26	12.17	29.55	83.1	64.88	110.15	92.89	98.72	45.88	39.05	64.94	56.82	71.61	86.27	103.82	79.98	112.75	65.03	46.62	114.59	50.01	44.0	46.14	20.12	116.21	70.83	42.45	43.08	24.19	59.17	30.41	40.71	120.42	118.0	52.43	112.93	20.88	81.54	73.54	96.38	109.9	63.6	84.93	20.81	66.03	30.36	75.77	108.85	40.22	30.89	32.14	49.24	79.12	93.56	71.34	16.03	86.09	100.28	19.72	90.8	124.81	77.39	95.88	123.81	60.75	59.09	72.53	35.78	47.43	67.68	67.36	76.4	38.05	103.59	68.41	73.98	60.0	75.01	89.55	79.12	118.27	110.03	92.91	54.92	87.8	55.73	112.8	13.15	118.93	85.23	30.53	27.78	104.39	45.61	57.58	127.02	82.33	55.73	58.31	81.69	28.0	79.62	52.33	117.48	86.98	92.96	125.1	40.25	107.69	43.84	89.45	71.03	47.42	57.57	66.29	32.02	101.98	86.21	86.83	107.56	123.56	113.21	63.82	132.61	65.74	40.8	109.33	88.53	79.56	73.79	37.0	101.0	111.21	52.81	44.18	
90.02	14.42	50.25	9.22	45.88	93.49	24.02	87.21	81.84	0.0	31.58	75.8	88.54	48.76	48.83	28.3	75.29	46.39	13.15	42.72	90.43	59.2	67.94	49.5	50.22	76.79	8.6	50.25	18.44	50.96	30.08	37.48	80.41	31.0	80.4	26.48	24.41	36.35	58.14	81.22	54.23	23.0	48.1	18.36	44.78	82.04	52.35	41.11	28.64	65.86	31.32	67.98	64.33	56.04	100.17	62.2	67.05	56.6	47.71	31.0	73.25	33.6	52.39	40.8	65.31	83.73	98.31	97.27	15.81	50.77	40.45	87.32	56.36	33.24	14.87	38.63	97.31	79.32	11.7	64.66	58.22	16.28	64.28	75.96	86.93	68.15	61.98	17.26	47.85	8.6	51.89	54.82	88.32	31.58	33.24	46.69	71.45	57.27	17.03	91.35	46.1	56.59	97.95	51.48	74.15	40.0	91.01	10.82	25.0	72.84	12.81	98.23	49.01	82.39	35.34	53.85	64.38	42.45	62.29	41.59	35.36	46.14	80.75	58.05	94.0	98.23	47.43	60.88	68.88	34.93	64.88	65.76	98.95	12.04	46.62	65.19	18.38	88.02	61.07	67.68	76.24	39.82	57.25	41.77	97.86	63.89	84.21	94.83	90.79	60.41	95.41	30.48	103.32	62.37	52.35	53.24	36.36	35.78	49.82	97.0	40.11	85.15	51.62	79.23	36.06	14.76	50.54	55.47	100.34	48.38	51.48	21.93	9.0	15.65	42.72	66.31	75.93	13.04	27.66	21.95	55.15	39.2	91.27	65.55	100.0	51.66	82.54	96.25	93.21	84.05	62.29	2.24	42.95	34.01	1.41	62.43	37.7	30.41	50.16	49.68	31.76	52.47	48.38	99.57	38.59	66.85	49.5	37.44	47.17	27.29	87.93	20.81	4.47	15.0	56.82	46.49	45.18	27.02	61.4	93.34	76.94	73.88	8.25	51.11	34.44	65.51	81.22	37.22	36.77	51.08	
88.87	39.46	73.54	39.85	42.05	109.04	55.44	100.42	100.44	31.58	0.0	93.81	97.8	60.14	68.1	11.4	94.58	15.0	34.67	20.59	104.66	83.57	46.49	49.24	18.68	72.8	39.56	23.32	45.4	80.4	59.21	68.0	74.73	62.29	83.65	32.8	54.78	12.08	34.54	99.62	45.12	35.36	71.31	15.3	72.99	58.18	24.19	10.44	47.42	37.48	46.65	55.01	59.77	40.01	106.85	80.99	59.03	42.01	66.37	6.0	47.71	23.71	80.41	72.28	72.8	98.35	92.23	104.31	23.43	68.8	50.25	71.02	26.91	3.16	27.2	54.08	84.21	96.05	43.17	84.38	27.02	42.43	68.8	84.81	98.49	57.22	58.52	14.32	57.28	24.02	67.01	29.73	103.32	62.0	38.18	28.02	92.28	71.7	18.68	88.06	14.56	35.9	82.2	58.9	80.16	71.25	90.82	40.0	14.21	49.66	23.35	77.08	80.31	85.42	21.02	83.38	69.34	54.67	83.24	16.4	66.91	73.01	85.09	79.18	93.3	108.85	60.31	29.41	39.2	48.01	36.07	80.92	90.27	30.59	22.14	37.64	44.55	76.01	81.12	62.1	85.43	31.38	28.28	64.08	108.23	74.33	86.33	86.37	75.66	52.17	111.2	16.12	88.12	82.86	32.39	24.6	27.73	10.05	23.43	96.14	44.05	77.93	65.3	81.84	67.48	38.64	39.81	82.46	83.2	43.08	42.2	47.07	31.14	42.94	31.05	36.06	50.77	35.51	53.37	13.0	55.95	12.81	106.96	34.99	90.05	73.35	92.46	77.88	97.53	82.87	31.0	29.43	73.06	42.52	30.41	87.32	68.96	49.66	19.1	32.02	9.49	24.7	60.96	80.65	57.71	49.5	81.05	63.79	49.09	34.21	96.61	22.8	30.68	43.86	28.32	24.7	14.14	36.62	32.7	89.99	82.15	48.55	24.35	38.33	29.68	73.41	61.03	11.66	65.49	79.25	
55.23	61.4	28.16	77.03	60.44	18.68	65.46	18.03	6.71	75.8	93.81	0.0	28.6	34.93	27.02	82.93	4.24	106.33	87.66	112.81	18.03	25.08	91.66	53.37	106.47	57.97	76.16	94.7	57.98	47.17	52.81	55.58	62.64	62.59	41.59	61.03	79.06	104.48	91.92	5.83	66.91	58.9	29.73	80.16	43.19	104.08	117.89	103.73	48.1	105.77	47.51	75.0	58.03	78.45	41.18	13.6	65.07	76.12	28.32	97.45	103.1	73.36	40.11	73.25	32.14	12.65	70.83	38.59	90.91	25.46	44.29	89.27	102.88	92.91	68.62	39.82	86.98	5.1	73.36	11.7	117.24	59.64	39.12	26.83	21.95	71.03	56.0	84.9	38.63	76.42	26.93	123.41	15.0	56.75	56.44	81.6	9.85	22.85	76.58	60.9	103.45	86.35	93.68	39.29	34.18	61.2	53.25	65.73	79.63	97.51	73.55	107.2	62.13	42.54	108.19	47.52	38.12	39.45	15.3	109.64	66.75	38.33	38.95	18.97	55.8	31.05	34.0	113.72	111.4	45.8	106.32	14.32	77.37	67.21	89.69	103.32	57.69	79.81	15.23	60.21	25.94	69.08	102.18	34.48	31.32	26.0	45.28	74.73	88.29	65.12	20.25	79.4	95.52	14.56	84.2	118.15	70.68	89.19	117.2	57.63	52.39	67.68	29.07	42.95	63.64	61.22	69.86	35.23	98.49	61.85	67.47	54.08	68.77	84.08	72.45	111.63	103.7	87.13	49.24	81.22	49.37	106.21	16.49	112.27	80.96	25.08	24.76	99.04	43.14	53.23	120.31	76.22	52.09	51.62	75.6	25.71	75.66	46.01	110.79	80.36	86.28	118.46	33.54	102.39	37.54	83.22	68.12	42.38	50.96	59.64	29.83	95.78	80.21	81.39	100.9	117.03	106.53	57.2	125.94	61.91	36.25	102.96	82.33	73.01	67.08	31.14	95.05	104.64	48.27	41.05	
30.59	74.73	50.8	92.42	57.28	22.56	85.09	12.53	30.48	88.54	97.8	28.6	0.0	39.92	44.0	86.4	32.8	107.52	101.53	118.22	16.76	51.62	81.44	49.5	106.1	39.81	91.44	91.68	73.35	73.08	73.0	78.52	43.29	84.05	20.4	66.73	98.33	109.62	85.44	29.73	59.64	67.12	51.48	86.95	67.27	91.09	120.42	106.4	60.17	99.13	57.25	62.39	46.07	71.02	13.34	35.17	52.0	68.26	44.05	102.65	93.11	74.52	66.1	96.63	25.0	17.03	45.88	10.44	101.64	41.01	49.19	71.45	99.2	96.05	77.39	50.0	65.28	24.08	89.63	36.4	116.78	73.98	29.73	13.04	7.21	57.94	45.28	92.66	41.59	86.41	37.48	127.14	18.79	78.06	60.21	78.1	38.28	32.25	83.73	36.67	103.95	79.61	73.06	39.12	18.6	84.85	27.89	80.28	84.05	86.54	82.29	89.27	87.56	20.1	115.76	74.0	29.0	46.24	40.5	114.2	89.27	62.17	17.46	42.45	29.73	11.4	41.11	111.04	104.96	53.85	100.17	26.17	53.37	77.62	87.21	96.38	72.57	60.03	38.6	46.62	12.53	67.9	98.01	53.0	10.63	24.7	22.0	51.62	69.07	55.07	24.33	81.84	73.55	39.22	78.82	120.34	70.84	90.69	120.74	30.87	53.82	47.01	37.11	22.56	86.37	74.04	64.2	61.68	78.06	57.38	61.4	69.23	80.06	100.22	70.04	106.23	92.85	101.24	66.37	86.82	43.19	110.6	22.14	107.34	57.27	46.53	6.08	80.06	15.26	31.0	119.1	88.26	76.3	56.82	87.92	53.23	98.25	58.69	111.73	75.6	88.87	121.17	40.16	83.01	51.62	72.09	93.39	63.07	48.92	65.37	2.0	106.02	92.97	97.86	96.61	122.41	108.3	63.95	127.29	37.11	17.89	92.7	93.23	67.2	68.25	24.41	80.52	109.4	70.26	66.76	
45.54	35.36	27.29	53.34	26.17	48.92	49.24	40.46	41.63	48.76	60.14	34.93	39.92	0.0	16.55	48.92	36.69	71.85	61.85	79.98	44.55	35.74	59.08	20.1	71.69	37.64	52.35	59.81	35.01	48.84	39.0	47.51	42.52	50.33	33.38	27.66	61.4	71.45	57.71	40.72	34.13	27.29	26.08	47.8	40.31	72.69	83.87	69.66	21.02	71.39	17.46	45.22	30.53	45.01	51.42	24.19	37.12	43.01	14.76	64.38	70.01	38.59	43.6	64.47	17.0	38.21	57.8	48.51	61.74	14.56	9.9	63.06	68.01	58.9	37.59	11.05	65.95	36.36	51.04	28.16	82.49	35.06	18.38	27.2	39.12	42.15	27.78	53.25	4.0	46.52	9.0	89.87	43.19	44.78	22.02	46.84	36.35	12.08	44.41	48.75	68.8	52.35	70.46	7.21	26.0	54.2	45.61	41.19	45.97	65.12	42.54	79.85	60.0	35.36	76.61	51.09	18.03	6.32	29.02	76.37	56.46	36.12	33.06	26.31	48.76	50.12	2.83	78.79	76.9	13.93	71.81	21.1	61.4	37.7	54.78	69.05	34.0	57.01	26.0	33.84	27.51	34.18	67.36	21.93	49.65	15.23	37.66	57.63	63.81	34.48	51.09	45.0	74.03	28.0	49.82	84.02	35.78	54.64	83.55	51.66	17.46	48.17	6.08	32.76	54.13	34.53	36.06	41.68	74.63	28.02	34.0	31.06	40.16	61.29	37.64	76.92	71.03	61.61	30.08	48.17	18.79	72.84	46.86	77.49	63.89	23.77	34.01	73.36	45.04	40.31	85.48	48.38	47.8	17.69	48.08	39.56	64.85	20.02	76.28	45.89	52.01	84.5	2.24	76.94	15.65	51.62	64.9	31.62	17.0	26.25	39.22	66.19	53.16	59.14	66.1	84.22	72.2	24.41	91.61	50.57	29.02	70.0	53.31	39.12	32.25	17.03	65.25	71.42	39.12	43.42	
58.31	34.41	10.82	50.57	41.19	44.78	41.19	39.56	33.24	48.83	68.1	27.02	44.0	16.55	0.0	57.7	26.91	81.44	60.9	86.4	42.15	19.42	74.67	36.14	82.28	53.08	49.66	72.37	31.3	33.42	29.0	35.17	58.05	40.11	44.72	35.85	54.59	78.24	72.03	32.56	50.01	32.76	9.9	53.82	25.55	88.65	92.28	78.29	21.26	85.29	21.47	61.68	47.01	60.3	57.08	13.45	53.67	58.55	2.0	71.28	85.21	49.73	27.59	53.15	28.3	35.47	72.01	54.08	63.89	3.16	22.0	79.61	80.6	67.54	42.01	14.56	82.01	30.53	47.17	16.4	92.85	32.76	32.56	33.73	40.45	58.69	44.29	58.26	20.25	49.5	9.22	97.35	39.81	34.13	32.76	60.3	24.19	12.65	50.22	62.43	78.92	67.01	86.82	23.71	36.25	41.76	57.71	38.95	54.12	80.75	46.86	96.38	46.07	46.52	81.39	35.38	31.89	17.03	15.23	83.49	45.54	20.81	43.46	11.4	60.83	51.79	13.93	90.52	90.55	20.88	85.48	18.25	76.42	40.31	67.27	83.15	30.89	73.24	13.04	50.25	33.54	47.27	80.23	9.0	51.62	22.85	49.19	72.84	80.26	50.92	46.65	54.78	90.21	14.76	64.03	92.66	47.85	64.62	91.27	63.51	31.0	63.7	12.04	44.78	42.76	34.21	51.24	25.24	91.07	43.42	49.5	27.29	41.77	57.94	51.16	90.09	86.47	60.42	23.09	55.23	35.34	80.16	42.54	90.43	79.2	7.28	38.01	89.89	53.6	53.82	96.21	49.2	34.01	27.66	48.6	23.35	54.45	19.1	85.91	60.03	61.33	92.78	14.32	93.48	10.63	67.68	51.48	19.24	32.76	34.54	44.05	68.77	53.25	55.36	79.08	90.6	81.39	31.78	100.65	64.07	39.4	85.29	55.32	54.15	43.93	27.78	81.61	78.49	26.68	27.59	
78.16	32.14	63.89	37.44	31.02	97.84	50.6	89.1	89.59	28.3	11.4	82.93	86.4	48.92	57.7	0.0	83.86	23.77	35.61	31.91	93.38	74.04	41.34	38.01	25.32	62.37	36.89	21.95	38.12	73.01	52.15	61.66	64.63	57.01	72.45	21.95	52.7	23.32	30.48	88.75	35.13	25.3	61.68	10.0	65.07	54.67	35.0	20.81	37.64	37.59	36.25	46.39	49.24	32.02	95.52	70.33	49.16	33.54	55.9	16.55	45.28	12.65	72.25	68.54	61.4	87.11	82.39	92.96	26.4	58.18	39.05	63.89	28.46	10.0	19.03	43.42	76.12	85.0	39.82	73.82	35.44	35.13	57.45	73.41	87.11	48.04	47.8	13.89	45.97	19.72	56.04	41.01	92.1	55.73	26.91	20.62	81.84	60.61	11.7	77.67	21.59	30.02	75.0	47.51	68.8	65.73	80.01	34.21	4.0	45.61	16.76	72.2	74.73	74.25	31.05	76.01	57.98	43.6	72.92	27.8	62.3	64.5	73.82	68.94	82.57	97.45	49.2	35.0	40.85	37.22	36.67	69.81	81.0	23.19	18.44	36.89	37.05	67.48	70.66	51.79	74.03	20.62	29.15	54.41	96.83	62.97	75.24	77.01	68.15	42.19	100.0	5.1	80.78	72.45	25.94	35.23	16.76	8.06	34.66	85.44	32.65	68.18	54.2	70.68	62.36	31.06	30.02	73.82	76.55	32.28	32.14	39.01	24.74	42.45	21.02	38.6	48.08	36.24	45.1	6.4	44.72	24.21	95.78	38.08	81.1	63.32	81.06	71.69	86.31	72.12	39.05	26.08	66.27	31.4	26.93	77.88	65.74	39.85	28.23	24.35	4.0	35.61	49.82	74.73	47.54	42.38	76.24	55.33	37.74	23.32	85.21	27.89	29.07	42.64	28.64	36.06	23.71	25.94	43.05	79.62	70.83	45.97	23.35	29.07	18.36	62.01	55.47	23.02	58.01	71.18	
59.36	60.96	26.4	76.01	62.59	21.1	63.69	21.93	6.71	75.29	94.58	4.24	32.8	36.69	26.91	83.86	0.0	107.42	86.84	113.23	21.38	22.02	94.34	55.73	107.79	61.68	75.17	96.46	57.2	44.01	51.08	53.15	66.41	60.44	45.65	61.91	77.25	105.0	94.15	6.32	69.46	59.41	28.18	80.6	40.61	107.0	118.73	104.62	48.17	107.94	48.01	78.06	61.2	80.89	45.28	13.6	68.26	78.64	28.43	98.01	105.68	74.73	37.0	70.58	35.51	16.55	74.95	42.72	90.61	25.81	45.69	92.76	104.68	93.81	68.88	40.5	90.82	8.94	72.2	10.63	118.51	59.03	42.43	30.89	26.08	74.17	59.08	85.15	40.52	76.38	28.23	124.04	18.25	54.71	57.7	83.52	6.08	24.74	77.01	65.0	104.66	88.65	97.42	41.59	38.08	58.55	57.43	65.0	80.45	100.24	73.76	110.64	59.01	46.65	108.3	44.18	41.44	40.72	13.42	110.21	64.33	35.9	43.05	17.49	60.0	34.79	35.47	115.32	113.51	46.65	108.42	17.0	81.41	67.21	91.42	105.54	57.01	83.52	14.21	63.51	30.02	70.84	104.04	33.6	35.11	29.15	49.4	78.72	91.92	68.01	22.36	80.53	99.37	13.04	86.35	119.04	72.24	90.35	117.89	61.85	54.08	71.51	30.68	46.96	61.19	60.88	72.18	32.02	102.2	64.13	69.87	53.41	68.59	82.86	74.33	113.6	106.38	86.27	48.26	81.84	52.09	106.83	19.03	114.18	84.97	23.85	29.0	102.61	47.38	57.25	121.67	75.82	49.37	52.77	75.17	22.2	73.16	46.01	111.89	82.46	87.32	119.27	35.11	105.99	37.54	86.05	65.01	40.72	53.15	60.54	34.06	95.52	79.65	80.13	102.79	117.44	107.54	57.98	126.91	66.04	40.25	105.57	82.07	75.31	68.54	34.53	98.18	105.21	46.17	38.01	
94.83	54.33	87.6	54.34	50.33	120.6	70.35	111.4	113.02	46.39	15.0	106.33	107.52	71.85	81.44	23.77	107.42	0.0	47.93	18.68	115.88	97.72	44.0	58.05	5.83	78.26	54.13	20.22	60.3	95.34	74.17	83.0	79.31	77.23	91.61	45.62	68.96	14.87	32.06	112.16	50.61	49.04	85.38	30.15	87.82	52.63	13.42	5.83	61.35	29.15	60.01	57.28	65.86	42.38	115.42	93.94	63.56	44.94	79.62	16.16	41.48	33.42	95.19	86.88	82.73	109.81	95.82	113.07	36.25	81.84	62.13	70.06	18.68	14.32	41.77	67.08	84.48	108.17	57.87	97.49	12.04	57.31	77.9	94.75	108.98	60.41	65.19	29.15	68.6	39.01	79.4	21.19	114.81	77.0	49.93	31.3	105.55	83.76	33.38	93.11	4.12	35.69	81.01	69.53	89.27	86.21	97.13	55.0	27.51	45.4	38.21	72.57	95.26	93.23	25.24	98.33	78.57	66.89	96.66	13.93	81.74	87.66	93.41	92.7	99.3	118.8	72.4	15.81	28.84	60.83	27.31	92.91	92.65	45.4	22.47	30.36	59.41	77.28	94.37	67.54	95.46	39.62	20.62	78.11	118.11	85.15	93.74	89.02	75.17	57.25	122.8	26.93	87.01	96.18	33.53	13.04	36.8	17.2	15.3	101.97	54.82	81.6	77.39	89.63	82.39	53.46	45.28	97.08	81.1	50.61	48.02	61.81	46.1	56.65	37.8	25.0	44.64	48.85	68.07	27.46	64.54	12.21	118.6	23.43	91.78	87.09	102.53	75.24	105.44	89.07	16.0	44.28	88.05	54.71	45.28	101.53	83.43	63.57	4.47	34.93	20.12	14.32	72.95	77.52	71.31	49.65	95.89	78.45	58.69	46.96	106.15	34.13	45.12	57.87	21.38	21.1	2.24	49.66	19.85	94.94	90.91	42.45	38.83	42.94	39.82	83.45	58.14	13.45	80.4	94.05	
103.0	26.93	61.07	11.4	58.05	105.68	28.64	99.81	93.48	13.15	34.67	87.66	101.53	61.85	60.9	35.61	86.84	47.93	0.0	39.01	102.86	69.3	76.84	62.2	52.77	89.45	12.04	56.59	29.68	57.71	38.42	43.38	92.91	35.47	93.54	39.12	22.02	34.93	66.07	92.91	65.8	36.06	59.03	26.08	53.01	90.27	50.49	42.15	41.44	71.7	44.38	79.12	76.79	66.19	113.27	74.09	79.08	67.12	59.94	31.78	80.66	43.86	60.46	41.01	78.45	96.15	110.89	110.35	11.7	63.06	53.6	97.99	61.4	37.2	27.17	51.55	108.78	91.42	15.81	76.28	58.82	28.18	77.41	89.02	99.72	79.7	74.55	21.93	61.0	18.68	64.62	51.01	100.65	38.08	46.04	55.76	82.62	70.01	26.4	104.17	48.76	65.46	108.85	64.63	87.3	43.97	104.04	21.95	33.29	81.22	23.77	107.62	52.39	95.52	30.07	60.37	77.52	55.54	73.6	39.46	37.85	55.32	93.9	69.4	107.02	111.07	60.44	63.51	73.82	48.05	70.43	78.29	111.2	25.02	53.81	71.51	30.02	99.62	72.67	80.06	89.29	50.92	62.63	53.25	110.72	76.92	97.33	107.08	101.77	72.28	107.54	39.12	114.39	73.82	61.29	51.62	47.17	41.73	47.17	110.02	53.01	97.49	64.51	92.35	39.56	27.51	61.68	64.2	110.92	60.42	62.94	33.62	22.09	9.06	53.31	70.72	83.55	1.0	38.6	29.41	68.03	38.08	103.45	69.64	112.06	63.01	95.51	106.47	106.37	97.01	62.94	14.0	49.19	47.1	14.04	72.18	37.01	43.08	50.92	59.17	38.21	50.36	61.4	109.66	50.99	76.94	51.35	47.38	60.03	40.05	100.96	15.03	9.0	11.05	62.48	42.05	46.24	40.01	59.3	106.17	90.09	81.39	12.53	61.85	45.88	78.64	90.74	36.14	45.0	59.08	
109.2	54.56	90.55	48.37	62.61	128.69	65.92	120.42	119.33	42.72	20.59	112.81	118.22	79.98	86.4	31.91	113.23	18.68	39.01	0.0	124.52	100.24	62.2	69.84	24.35	92.97	48.51	38.05	60.01	93.68	72.73	80.05	94.64	72.99	104.24	52.35	61.03	8.6	50.09	118.56	65.15	53.91	88.32	32.65	87.32	71.31	12.53	15.0	65.22	47.76	65.3	73.82	80.06	58.69	127.42	99.64	78.85	61.0	84.81	15.62	60.17	44.29	94.92	80.0	93.23	118.11	111.83	124.87	28.16	87.46	70.09	88.02	37.36	22.85	44.41	73.0	102.08	115.36	52.61	102.8	24.04	57.27	89.36	105.21	118.7	76.49	78.92	28.3	77.34	38.01	86.31	12.17	123.04	74.22	58.26	46.87	110.44	91.22	36.24	108.16	22.36	53.04	99.08	79.2	100.7	81.88	111.23	53.14	34.21	63.95	39.66	91.22	90.67	106.0	9.49	96.57	89.89	74.25	101.26	5.0	76.32	88.24	105.68	97.08	113.65	129.2	79.91	32.45	46.96	67.21	45.88	100.42	109.33	46.65	39.12	49.04	59.51	94.43	99.4	82.22	105.8	51.89	39.29	81.3	128.6	94.49	106.89	105.55	93.0	72.12	130.82	36.72	105.08	101.02	50.25	13.89	48.3	29.41	8.54	116.46	64.4	97.51	84.85	102.42	77.65	54.12	59.77	97.69	99.41	63.56	62.3	62.61	46.07	48.04	51.26	42.94	63.32	40.01	68.88	31.83	76.54	8.25	126.57	41.18	108.78	90.97	112.8	93.65	118.12	103.25	27.66	41.11	85.62	62.29	42.06	103.77	76.03	67.42	18.36	50.8	29.97	12.08	80.62	96.03	75.8	67.07	90.14	79.2	69.64	53.76	117.07	24.0	39.81	50.0	40.02	4.24	16.49	55.87	20.62	110.06	102.73	61.13	34.48	57.97	50.25	93.81	76.53	8.94	79.38	93.64	
47.3	76.06	45.54	92.7	66.89	6.0	82.46	5.1	16.55	90.43	104.66	18.03	16.76	44.55	42.15	93.38	21.38	115.88	102.86	124.52	0.0	43.1	94.56	59.17	115.21	55.08	91.79	101.87	73.41	65.19	69.86	73.33	59.0	80.06	36.01	72.18	96.05	116.0	97.08	16.16	71.18	71.22	46.87	92.2	61.07	105.32	128.22	114.02	61.91	110.98	60.22	76.16	59.2	82.86	26.17	29.83	65.73	80.23	42.95	108.93	106.25	82.46	58.14	91.14	34.44	6.71	62.64	24.21	104.85	39.81	54.45	87.05	109.77	103.32	81.4	52.43	81.74	13.0	89.32	29.15	126.02	74.69	40.85	23.77	10.05	71.81	57.87	97.45	47.42	89.87	38.83	134.38	3.16	74.15	66.48	88.32	27.46	33.6	88.73	53.37	112.61	91.29	89.36	46.4	31.58	79.1	44.64	80.96	90.51	100.0	86.4	105.02	80.16	36.12	120.88	65.49	39.92	50.33	33.06	120.92	84.48	56.14	33.02	36.35	46.49	13.89	44.69	121.26	116.78	57.63	111.83	24.7	70.09	80.71	97.1	108.34	72.92	76.06	32.39	60.42	22.8	76.84	108.78	50.6	14.42	30.81	38.33	68.25	85.02	67.68	8.06	89.27	90.09	32.14	89.89	128.32	79.2	98.72	128.04	47.54	61.07	63.13	39.82	38.0	81.39	75.66	75.13	53.24	94.34	67.6	72.45	69.35	82.68	100.09	79.61	117.62	106.32	102.42	65.19	92.7	53.67	117.38	5.39	118.53	73.98	41.98	17.03	96.02	31.78	47.27	128.71	90.55	70.03	62.24	90.05	43.57	93.43	60.03	120.25	86.35	96.33	128.89	43.93	99.08	51.88	85.44	86.15	59.44	57.69	70.77	18.68	109.55	94.89	97.5	107.42	128.76	116.39	68.77	135.72	53.85	32.14	105.95	96.25	78.26	76.06	33.54	95.19	115.97	65.76	59.08	
72.92	45.79	10.2	58.0	60.53	43.1	43.57	42.76	28.28	59.2	83.57	25.08	51.62	35.74	19.42	74.04	22.02	97.72	69.3	100.24	43.1	0.0	94.05	55.54	99.2	70.46	57.28	90.55	40.8	22.09	31.4	31.62	75.45	39.4	58.8	52.95	56.82	92.57	91.02	28.16	69.43	48.76	12.37	68.54	18.97	108.06	107.54	93.98	36.4	104.04	38.47	80.96	65.8	79.63	64.85	17.2	72.62	77.93	21.38	85.91	104.48	67.6	15.03	48.66	44.05	37.48	87.69	62.03	75.0	21.19	41.19	98.49	98.73	83.49	56.46	33.0	99.86	30.15	53.81	15.23	109.48	43.27	49.65	45.22	45.88	77.83	63.16	72.01	39.56	62.27	27.31	111.8	40.05	34.0	51.09	79.03	16.12	28.02	65.0	77.78	95.6	86.15	105.19	42.72	50.25	36.67	71.7	48.41	70.21	100.13	60.84	115.52	37.05	60.31	94.03	22.56	48.83	36.35	11.18	97.94	42.72	14.76	56.85	10.63	74.65	55.9	33.24	108.06	109.17	39.05	104.12	27.2	92.96	53.67	85.48	102.0	41.05	91.42	13.6	68.88	44.65	66.01	98.51	19.65	56.09	37.54	63.13	89.64	98.84	70.21	44.28	71.81	108.23	12.53	83.02	108.08	66.19	81.49	106.02	77.01	50.16	81.02	30.46	59.41	39.56	46.14	70.58	10.2	109.59	62.8	68.88	37.74	54.2	64.03	70.0	108.46	105.8	68.59	31.62	70.58	54.42	94.85	41.05	108.66	96.05	12.17	46.52	108.75	64.5	69.31	113.05	60.22	27.46	46.04	59.41	4.0	51.42	34.21	102.14	79.03	77.88	107.94	33.53	112.31	27.17	87.1	43.05	21.93	52.17	51.79	52.39	80.0	63.25	61.22	97.42	104.32	97.41	48.84	116.25	79.21	53.15	104.58	66.85	73.44	62.2	43.28	100.96	93.04	25.55	16.0	
59.46	66.03	84.53	77.1	33.54	100.28	86.61	89.49	98.01	67.94	46.49	91.66	81.44	59.08	74.67	41.34	94.34	44.0	76.84	62.2	94.56	94.05	0.0	39.01	39.12	43.6	76.38	24.19	71.02	101.59	83.65	93.94	42.45	91.81	61.77	47.51	91.93	55.9	12.17	97.02	25.0	53.34	82.76	50.8	92.7	14.76	56.32	47.27	62.77	20.25	58.52	19.42	35.47	14.56	85.15	83.0	29.53	16.12	72.69	52.2	11.7	34.71	98.37	105.21	60.64	89.99	55.76	83.53	67.6	73.33	52.95	26.17	26.48	43.32	54.56	61.61	41.0	91.41	78.52	87.0	46.57	68.51	53.85	70.84	85.44	23.85	36.69	55.23	55.08	59.55	68.07	64.38	94.64	88.68	45.31	21.26	95.02	70.03	51.09	55.9	40.01	11.4	37.01	53.01	63.32	99.48	62.37	70.43	43.6	6.08	55.17	30.89	107.82	62.77	66.49	104.4	54.82	57.71	88.09	57.22	97.91	90.14	64.41	85.29	63.66	92.57	61.2	37.34	25.61	56.32	21.95	77.41	50.99	58.9	24.35	17.49	69.64	34.93	85.05	34.89	71.78	30.89	24.52	76.4	91.68	65.92	62.13	47.89	31.4	26.93	102.49	37.8	43.01	87.05	15.62	55.44	33.02	36.77	59.08	65.76	44.15	42.64	65.03	59.54	97.1	64.64	23.54	97.98	37.22	31.26	25.18	69.84	61.62	83.1	26.93	28.3	12.04	77.42	74.25	47.43	42.3	54.45	98.76	30.02	49.4	81.88	78.19	31.58	74.06	54.82	46.82	65.86	97.08	49.65	66.53	98.01	103.23	64.26	46.17	18.44	39.36	57.31	61.13	34.21	68.15	9.43	110.79	82.28	42.11	47.89	79.62	68.45	69.66	82.88	23.35	65.03	46.01	50.54	58.94	57.38	63.56	11.4	64.4	20.88	36.36	61.61	14.56	54.74	87.73	97.72	
41.3	39.92	46.49	56.75	7.81	64.41	58.83	54.38	59.91	49.5	49.24	53.37	49.5	20.1	36.14	38.01	55.73	58.05	62.2	69.84	59.17	55.54	39.01	0.0	56.64	27.29	55.79	42.72	42.54	66.04	51.66	61.52	31.05	62.01	34.44	23.09	68.54	61.29	38.6	58.94	14.04	26.93	44.94	41.0	57.14	52.61	71.06	57.2	29.83	52.5	24.84	25.94	15.23	25.18	57.69	44.01	19.85	23.02	34.21	54.56	50.09	25.55	61.72	76.4	25.0	53.67	48.84	55.22	58.31	34.53	15.81	45.0	50.61	47.17	35.06	24.7	50.8	53.76	55.97	48.01	67.36	41.15	19.85	36.88	51.4	23.6	12.65	47.07	16.12	44.0	29.07	78.01	58.59	57.38	16.28	29.15	56.08	31.14	38.47	42.01	54.45	32.98	53.74	14.14	31.24	67.9	42.76	45.88	36.4	45.04	39.01	60.83	75.07	36.25	68.71	68.6	20.52	19.7	49.09	65.51	68.41	53.71	35.85	46.39	45.54	60.83	22.36	62.13	58.19	21.21	53.14	39.05	49.98	37.48	38.01	50.0	41.18	41.4	46.04	18.79	37.64	18.44	49.65	39.36	60.11	28.64	37.34	45.88	46.69	15.26	66.65	33.12	58.14	48.04	31.02	70.94	21.63	41.4	71.61	48.51	9.85	36.06	26.02	32.7	66.71	38.63	16.49	60.54	57.38	8.54	14.14	39.66	40.61	64.54	20.62	58.69	51.0	62.29	41.77	39.85	6.71	61.91	62.61	59.51	51.48	43.42	44.69	55.22	48.3	35.23	69.81	48.26	63.25	17.0	48.37	59.44	75.72	30.41	62.24	27.31	39.96	71.84	22.2	58.82	31.38	31.58	79.2	47.2	3.61	22.2	48.1	61.81	53.24	63.06	48.3	73.93	58.9	22.8	77.79	44.01	33.02	50.04	51.01	19.65	19.7	25.81	45.54	60.9	53.91	61.29	
91.92	57.01	89.02	58.52	48.84	120.1	73.98	110.6	113.18	50.22	18.68	106.47	106.1	71.69	82.28	25.32	107.79	5.83	52.77	24.35	115.21	99.2	39.12	56.64	0.0	75.29	58.24	16.16	63.01	98.05	77.0	86.15	76.03	80.75	89.5	46.49	73.39	20.62	27.46	112.29	48.01	50.45	86.83	33.06	90.27	47.07	17.26	11.31	62.82	23.41	61.03	53.49	63.25	38.91	113.45	94.43	60.42	41.59	80.41	21.1	35.9	33.12	97.51	90.96	81.57	109.29	92.11	111.2	41.18	82.46	62.18	65.28	13.15	17.12	44.1	67.78	79.91	108.05	61.85	98.09	10.82	60.01	76.38	93.51	107.94	56.86	62.8	32.98	68.26	42.43	79.61	25.32	114.28	80.16	50.09	28.6	106.23	83.73	36.0	89.89	4.12	31.62	76.11	68.82	87.68	89.68	94.34	58.22	29.27	40.11	41.01	67.08	98.73	91.05	31.06	101.04	77.1	67.08	97.5	19.7	85.51	89.81	91.44	93.64	96.38	117.46	72.47	10.77	23.02	61.47	21.54	92.78	88.6	48.01	19.42	24.74	62.03	73.01	95.08	64.66	94.26	38.42	15.13	79.56	116.73	84.4	91.4	85.07	70.46	54.38	122.32	27.51	82.1	96.93	29.97	16.49	36.06	17.72	20.0	98.98	54.38	78.0	77.41	87.46	85.99	56.04	42.8	99.14	76.01	48.8	45.61	64.2	49.04	61.33	36.07	19.21	39.05	53.67	70.35	30.0	62.94	18.03	118.15	17.69	87.56	88.23	101.32	70.06	103.23	86.28	13.93	48.05	91.02	55.04	49.03	103.08	87.64	65.0	7.07	31.91	21.38	18.25	72.95	72.25	72.42	45.35	99.64	80.62	57.63	47.76	104.66	39.41	49.34	62.39	16.03	26.48	8.06	50.6	21.63	91.68	89.14	36.88	43.01	40.22	39.45	82.33	53.01	19.21	83.05	96.42	
16.64	66.76	63.78	83.95	32.06	61.07	84.58	50.04	63.15	76.79	72.8	57.97	39.81	37.64	53.08	62.37	61.68	78.26	89.45	92.97	55.08	70.46	43.6	27.29	75.29	0.0	82.98	59.36	68.71	86.28	75.8	84.88	5.0	86.83	19.42	50.36	95.19	84.77	50.33	62.17	27.86	54.13	62.97	67.19	77.9	51.62	91.68	78.92	55.04	62.97	50.16	24.21	13.15	36.62	41.68	54.59	15.0	33.84	51.62	78.59	54.92	49.82	80.66	101.21	26.83	52.09	21.59	40.25	85.02	50.33	39.81	32.0	65.6	70.21	62.29	47.17	29.53	55.9	82.97	58.14	85.15	67.68	20.81	32.14	45.18	19.85	15.0	73.25	35.23	71.11	43.93	99.32	56.0	81.63	43.57	46.96	64.62	42.44	65.03	15.3	74.24	44.82	35.74	30.81	24.19	91.53	19.21	72.8	61.66	48.02	66.07	50.01	97.62	19.92	93.39	88.39	21.63	41.34	60.9	88.26	93.15	73.55	22.36	59.91	21.1	50.29	40.46	77.62	68.68	46.1	64.35	45.69	23.85	64.78	55.95	60.14	67.42	21.84	57.8	10.77	33.14	41.77	64.03	59.55	49.34	33.54	18.79	20.0	30.41	21.02	63.13	57.27	38.01	59.54	45.49	91.24	45.71	63.57	93.11	23.71	36.88	10.63	41.04	17.26	91.07	65.52	33.24	78.1	40.52	30.27	30.68	65.39	67.9	91.78	41.76	70.71	54.2	89.56	66.24	65.49	22.14	84.76	60.01	72.14	26.25	59.67	38.05	41.3	30.53	11.31	86.61	75.54	85.43	43.68	75.66	73.78	101.07	55.01	81.88	43.42	63.32	92.57	39.7	44.55	53.01	34.21	102.42	69.2	29.83	49.5	37.85	88.2	80.5	90.24	62.63	96.8	79.62	50.01	96.9	17.26	23.0	54.38	78.06	35.34	45.18	27.73	40.8	84.12	76.61	80.62	
95.43	17.03	49.2	1.0	52.92	94.37	17.46	88.96	81.84	8.6	39.56	76.16	91.44	52.35	49.66	36.89	75.17	54.13	12.04	48.51	91.79	57.28	76.38	55.79	58.24	82.98	0.0	58.83	18.38	46.1	26.4	31.95	86.83	24.52	85.01	33.24	15.81	43.0	66.71	81.3	61.72	28.86	47.2	26.93	41.05	90.55	59.01	48.66	31.4	74.43	35.06	75.66	70.88	64.2	103.58	62.65	74.09	64.64	48.85	38.33	81.84	41.87	48.55	32.76	69.26	85.09	104.56	100.62	20.4	52.0	45.01	95.19	64.85	41.44	22.47	41.59	104.69	80.06	4.12	64.66	65.76	17.46	69.01	79.25	89.19	75.58	68.41	25.3	52.04	17.2	54.12	60.67	89.47	26.4	39.56	55.15	70.8	59.48	25.61	97.16	54.12	65.05	105.68	56.0	78.23	33.38	96.19	11.18	33.6	81.34	21.21	106.53	42.19	87.01	40.26	48.85	69.0	46.17	61.85	48.04	28.0	43.28	85.09	57.69	99.25	100.58	50.64	68.96	77.37	39.01	73.43	67.42	105.65	18.79	55.22	73.78	18.97	95.34	61.06	74.33	79.43	47.71	65.76	41.68	100.28	67.08	89.01	101.53	98.49	67.62	96.18	39.05	110.94	62.13	60.81	60.0	44.41	44.29	56.14	102.24	46.1	91.76	54.34	84.01	29.15	18.0	58.31	52.2	108.23	55.54	59.06	22.47	15.65	9.0	50.8	74.73	84.5	11.31	26.93	30.53	61.0	46.01	92.13	73.93	106.89	51.31	85.38	104.29	97.33	89.56	69.87	10.82	37.7	39.46	10.0	60.14	29.41	32.76	57.71	58.05	40.31	59.03	51.62	107.65	40.16	75.0	42.05	35.38	53.15	33.84	91.01	25.0	9.06	7.28	65.37	51.97	52.77	32.98	68.03	99.14	81.15	82.46	15.3	59.08	42.19	69.35	89.5	44.01	33.02	47.17	
76.01	52.89	80.4	59.36	34.99	107.04	72.24	97.1	101.39	50.25	23.32	94.7	91.68	59.81	72.37	21.95	96.46	20.22	56.59	38.05	101.87	90.55	24.19	42.72	16.16	59.36	58.83	0.0	58.69	92.78	72.57	82.46	59.94	78.43	74.28	38.0	74.63	31.78	12.04	100.46	32.56	43.1	78.31	31.91	84.38	34.89	33.24	23.09	55.0	15.65	52.15	37.34	47.63	22.83	98.31	83.52	44.42	25.55	70.41	28.64	24.41	23.02	91.14	90.38	67.68	96.25	75.96	96.17	46.1	72.03	50.96	50.0	8.25	20.25	39.85	57.87	64.28	95.75	61.77	87.36	25.81	55.79	62.01	79.4	94.05	40.72	47.42	34.71	56.08	41.68	68.31	41.23	101.21	76.66	39.62	13.6	95.6	71.87	33.54	73.82	16.12	15.52	61.03	55.9	73.11	86.98	78.49	55.71	25.5	26.57	38.48	54.08	95.88	75.74	42.45	95.75	62.8	56.04	87.32	33.06	83.93	83.05	76.37	83.74	80.45	103.08	61.03	19.42	19.42	51.62	14.87	80.62	72.53	44.27	5.1	15.0	57.49	57.07	84.65	48.83	80.21	25.63	8.0	71.18	102.3	71.2	75.93	68.96	55.04	38.6	109.27	20.88	67.03	86.59	13.89	32.57	24.52	14.87	35.51	83.01	42.38	61.85	65.79	72.18	83.82	51.66	27.59	92.0	61.4	34.41	30.41	58.86	46.24	64.03	22.36	18.0	27.46	57.31	64.5	28.3	48.6	30.27	105.19	18.11	71.59	78.92	87.2	55.73	87.86	70.46	27.59	48.02	86.68	44.72	48.88	94.53	87.66	57.01	23.09	16.28	18.6	34.21	61.35	58.25	63.39	29.43	97.74	74.17	44.29	39.01	90.14	46.04	50.8	64.4	7.07	41.01	22.09	42.01	37.59	75.59	74.33	25.24	44.82	24.76	28.44	68.51	38.64	30.59	77.93	90.2	
79.62	6.0	31.83	19.31	41.87	76.06	16.4	70.58	63.82	18.44	45.4	57.98	73.35	35.01	31.3	38.12	57.2	60.3	29.68	60.01	73.41	40.8	71.02	42.54	63.01	68.71	18.38	58.69	0.0	35.06	14.04	23.77	73.01	20.81	68.26	23.6	26.68	52.81	63.56	63.25	51.66	17.8	29.7	30.15	27.66	85.76	68.41	55.73	14.14	74.04	18.68	65.86	57.71	57.2	85.71	44.42	62.13	56.85	30.46	46.57	78.72	37.16	35.17	34.66	52.01	66.71	90.14	82.73	34.21	33.62	29.12	85.7	66.1	46.1	19.1	24.0	93.19	61.77	16.28	46.62	72.34	3.0	52.61	61.4	70.88	64.82	55.01	32.28	35.36	22.14	35.9	71.87	71.11	18.03	27.66	50.99	53.15	41.23	27.02	82.01	59.03	60.42	95.43	39.62	61.01	28.64	80.06	7.81	34.13	76.66	22.09	99.25	37.34	70.26	53.34	38.05	52.47	29.15	44.05	58.19	27.02	28.23	68.07	39.82	83.19	82.28	33.02	73.06	78.1	22.8	73.5	49.04	92.2	15.0	54.12	72.73	1.41	83.76	43.01	61.29	61.52	40.22	66.49	23.6	82.01	49.25	72.44	88.14	88.24	56.4	77.9	37.85	100.21	44.2	56.36	69.12	38.08	46.17	66.41	86.15	32.76	78.29	36.35	67.48	26.08	7.07	49.58	37.7	98.6	44.69	49.5	4.12	14.32	26.93	44.1	76.3	80.95	29.15	9.22	33.02	46.62	55.36	73.82	75.95	93.91	33.42	67.27	95.48	80.01	73.98	76.24	19.42	28.16	25.55	18.6	44.1	33.42	15.0	64.5	52.84	42.11	68.68	34.01	99.01	21.84	67.48	39.82	19.24	39.36	23.43	72.99	39.2	22.63	24.52	65.73	63.98	59.54	21.21	77.37	83.93	64.03	79.16	26.08	51.22	34.67	52.0	82.46	53.45	20.1	33.96	
