220
0.0	41.4	43.1	75.17	73.74	29.0	51.88	97.06	50.8	39.36	48.75	58.22	81.32	71.17	93.01	76.94	91.02	40.61	79.4	90.27	72.24	49.19	93.06	20.52	70.61	78.0	42.58	84.08	85.73	81.0	66.84	48.26	42.01	73.06	48.17	67.01	35.51	59.54	67.48	107.06	84.5	97.86	39.62	105.69	42.94	43.42	80.65	95.52	33.24	90.26	18.87	44.72	99.82	80.52	92.01	38.59	90.01	48.8	29.21	68.01	12.04	57.43	76.92	46.67	48.09	107.19	87.92	21.93	45.97	96.25	33.24	19.65	105.38	87.71	24.35	51.0	15.81	64.2	86.05	88.46	67.94	119.21	38.91	78.59	75.33	51.92	91.71	105.69	65.95	66.76	101.53	69.92	47.43	113.17	53.6	20.0	73.05	83.17	87.28	38.83	18.03	80.52	94.15	60.14	72.56	71.28	63.25	77.88	96.61	118.81	93.34	85.76	55.04	84.69	103.23	11.66	66.07	97.02	123.0	63.13	82.49	58.86	5.39	81.61	47.93	58.52	90.27	104.81	98.62	56.89	97.42	59.14	52.35	39.82	88.32	76.22	29.07	59.03	57.04	26.31	31.38	10.05	44.72	18.6	21.02	106.15	34.06	86.01	76.53	27.31	64.9	72.24	71.47	61.68	31.95	95.71	40.01	64.66	83.24	75.43	4.47	97.08	79.43	51.66	25.5	91.83	53.85	78.49	86.53	57.31	70.26	88.28	43.14	95.08	18.36	96.21	81.58	72.56	51.2	43.93	27.51	27.86	26.08	18.36	73.43	83.49	41.59	87.46	114.62	51.86	91.92	75.11	92.05	27.66	48.3	88.87	3.0	39.81	78.52	7.28	122.92	91.98	72.92	74.95	16.76	76.66	50.01	82.2	117.92	56.85	13.6	106.78	73.17	59.2	81.71	70.21	76.69	78.64	50.64	80.36	
41.4	0.0	24.17	35.78	36.01	54.23	22.85	62.17	34.66	18.03	11.7	39.05	53.94	35.23	51.61	68.01	72.92	1.0	38.01	76.32	34.06	11.4	58.05	49.24	37.36	62.43	43.46	50.25	57.56	65.0	25.5	16.16	36.24	60.0	11.05	41.62	28.79	42.2	26.17	67.12	54.08	88.01	4.47	68.35	7.07	2.24	51.35	70.83	21.0	80.0	51.24	34.79	59.64	54.57	75.13	53.6	72.45	10.05	51.04	26.63	51.97	22.0	72.92	8.0	42.72	70.52	50.6	36.4	8.06	75.61	16.03	33.11	64.44	47.17	25.08	12.04	57.2	54.45	70.83	75.72	27.02	79.32	18.87	73.55	52.8	20.25	56.89	74.11	24.76	41.44	60.21	43.97	15.62	72.62	22.47	58.6	36.01	54.45	67.23	3.16	39.81	74.95	62.07	19.42	63.03	30.02	27.17	73.59	55.22	80.06	52.63	49.48	46.1	45.71	64.01	41.79	54.56	73.5	84.12	21.93	70.8	29.15	44.42	40.22	23.6	24.02	70.01	68.68	62.36	38.6	68.12	33.42	47.43	58.31	60.67	47.68	66.13	37.48	36.12	29.83	60.67	34.71	19.85	50.0	59.09	65.8	23.02	54.01	56.36	59.67	23.71	42.43	35.13	61.29	14.32	70.61	37.16	23.35	55.9	40.45	40.82	87.8	71.51	20.81	16.12	52.77	58.6	41.48	49.34	50.45	73.25	68.15	6.71	63.07	42.95	54.82	73.66	51.74	22.02	18.87	34.71	23.02	24.04	38.01	39.12	54.33	7.21	56.0	76.03	15.0	64.78	46.96	87.0	27.07	10.44	47.51	39.66	8.54	56.4	44.55	83.22	83.24	31.89	40.79	57.45	55.95	21.93	59.14	78.23	19.24	54.38	69.08	50.0	36.24	51.09	28.84	37.58	71.45	37.12	52.95	
43.1	24.17	0.0	54.33	34.71	66.22	47.01	83.02	58.01	40.61	18.03	17.0	77.62	30.81	61.06	91.4	97.08	24.6	48.75	100.34	33.94	19.03	79.01	59.03	28.64	86.45	63.41	72.17	81.02	89.07	40.02	40.31	57.31	83.76	34.79	24.08	48.92	66.04	41.0	82.54	77.1	111.77	27.78	87.13	17.72	25.63	74.73	94.64	10.05	103.73	59.41	11.05	74.95	78.45	99.28	69.78	96.61	33.24	64.2	38.9	55.15	45.12	95.59	31.62	64.35	89.81	70.26	25.94	31.95	99.72	12.53	25.3	77.39	51.74	40.31	21.1	57.27	77.62	94.89	99.64	43.57	94.34	41.23	96.43	33.53	13.04	78.0	96.19	40.61	65.55	71.2	68.01	12.17	86.41	13.45	63.07	33.42	77.88	91.39	21.95	50.96	97.95	84.29	38.01	86.4	40.31	49.5	96.33	64.35	96.84	67.07	70.03	68.77	46.1	80.78	49.5	78.01	97.42	100.58	38.33	94.58	16.55	48.01	50.54	47.51	47.3	94.15	88.46	82.3	62.43	91.08	16.03	69.3	73.54	84.17	71.31	72.01	16.76	14.87	18.38	71.2	33.24	43.57	58.55	64.03	80.41	9.06	76.53	80.53	68.47	34.79	65.97	31.4	82.81	15.26	94.37	57.49	38.64	79.56	34.0	45.01	111.5	94.81	12.21	27.78	70.41	78.6	62.01	69.18	72.92	94.37	92.31	30.87	85.29	53.6	65.0	97.01	31.38	10.63	6.0	20.81	40.22	17.03	29.55	61.4	77.67	17.09	78.64	93.15	38.33	88.29	32.02	110.11	44.1	19.0	59.03	43.0	15.65	37.0	42.2	98.43	106.83	47.3	33.11	59.54	80.11	9.22	83.22	93.64	41.59	56.44	87.48	31.05	60.37	74.15	40.5	56.32	94.64	13.04	76.66	
75.17	35.78	54.33	0.0	36.89	79.18	27.31	29.27	40.61	38.01	36.35	62.65	33.42	40.71	26.08	63.89	58.01	36.24	18.03	65.0	34.99	35.36	25.5	77.1	46.52	53.31	57.97	21.1	34.66	54.56	15.3	27.8	50.29	54.41	27.02	58.82	48.3	41.05	14.32	31.89	29.07	78.39	36.06	32.98	38.6	33.54	29.07	48.92	55.36	71.55	80.21	65.19	24.76	35.81	61.03	73.05	58.25	26.63	75.13	18.03	84.17	18.87	72.03	28.84	52.77	35.51	16.0	72.09	29.41	57.31	50.92	68.88	31.38	31.76	53.26	33.24	90.55	54.45	59.54	65.76	11.05	44.05	38.83	71.57	69.08	43.01	24.74	43.68	14.04	30.81	30.08	30.68	42.19	38.29	44.1	89.5	38.59	31.83	51.61	38.91	68.01	72.12	32.7	16.76	59.91	19.72	13.93	72.28	29.0	44.29	19.24	16.49	51.04	37.64	28.3	72.35	52.77	52.4	48.37	16.03	63.16	47.85	77.08	19.24	32.7	18.79	53.41	34.13	28.02	39.01	41.18	53.94	55.23	78.43	37.54	28.3	95.44	59.84	59.54	65.19	86.35	69.89	33.62	78.82	89.64	31.14	57.01	26.63	44.28	87.13	21.59	24.17	39.82	67.03	49.77	48.27	52.81	16.03	34.71	44.94	73.55	78.77	67.36	44.01	50.0	17.0	69.35	9.43	15.03	55.0	78.31	52.2	32.2	33.62	71.03	27.07	68.95	69.89	46.01	48.37	69.89	49.82	59.62	73.79	14.76	31.11	39.85	28.84	40.25	23.35	41.23	59.03	82.08	52.43	35.51	20.02	72.92	42.06	72.09	79.4	47.8	75.58	9.43	46.65	89.83	43.38	47.0	42.44	42.8	18.38	86.98	33.53	66.48	33.0	26.87	17.89	2.0	68.01	65.01	32.8	
73.74	36.01	34.71	36.89	0.0	90.2	49.24	64.62	64.62	51.79	25.5	32.89	69.43	5.1	29.61	95.19	93.35	37.01	21.59	99.36	2.24	25.32	61.33	84.85	11.0	86.4	77.67	57.98	71.22	88.24	23.35	44.27	69.86	85.98	38.33	25.08	63.64	69.35	24.04	55.01	65.8	112.45	40.01	64.13	31.58	35.01	65.3	85.6	42.19	105.0	86.49	42.2	48.04	71.45	96.21	89.27	93.38	36.14	87.05	19.8	85.38	41.68	102.0	36.67	75.29	67.47	51.08	60.22	37.66	93.51	40.72	58.83	47.52	17.89	61.07	24.08	89.16	83.19	93.72	99.64	27.59	65.49	52.77	102.08	33.54	22.47	60.84	79.71	25.5	62.8	40.02	63.89	26.4	56.72	21.4	92.72	2.0	68.25	86.98	37.22	75.54	103.08	69.35	29.15	90.55	17.2	42.01	102.47	32.28	70.01	40.11	52.77	76.69	11.4	55.23	76.69	82.37	89.02	73.11	25.81	96.02	19.42	77.79	22.2	53.14	43.57	89.11	67.19	61.98	66.19	78.03	24.17	79.38	94.13	74.2	63.66	100.9	29.73	30.46	52.43	96.52	64.88	50.96	85.33	93.41	52.09	42.44	63.51	78.1	95.19	18.03	58.69	4.12	93.05	41.79	85.0	71.39	24.21	70.94	8.06	74.33	112.61	98.79	23.02	50.8	47.54	92.18	46.32	50.57	81.15	105.11	87.68	39.32	70.24	78.64	33.73	100.7	35.13	24.21	31.06	55.44	59.0	49.24	63.51	50.33	67.62	32.76	65.73	67.03	38.63	78.01	22.8	114.28	63.01	26.31	30.0	72.73	34.21	36.14	74.69	69.58	108.81	27.46	9.85	90.48	77.34	25.61	77.78	65.28	37.59	87.32	63.79	31.26	61.4	63.41	19.21	38.59	99.13	38.95	68.68	
29.0	54.23	66.22	79.18	90.2	0.0	51.97	93.34	42.43	41.79	65.01	82.86	72.8	89.01	102.18	56.72	74.63	53.24	89.19	71.39	88.28	65.03	89.83	8.49	90.14	61.68	26.08	80.66	77.2	64.51	76.24	52.0	31.11	55.97	55.36	90.03	30.89	48.6	76.54	109.55	77.99	76.03	50.49	104.14	59.0	55.44	73.76	83.19	56.32	69.26	11.18	70.77	103.25	71.03	74.73	13.04	73.38	57.01	4.24	78.59	22.85	60.37	54.0	55.54	33.29	104.69	87.8	50.22	54.57	80.99	54.13	47.17	110.54	100.44	29.15	66.12	30.08	46.82	68.41	69.05	75.61	121.02	40.85	56.01	99.72	71.25	88.41	98.01	74.63	59.46	108.75	62.37	66.19	116.81	73.33	20.02	90.09	75.43	72.62	53.04	15.3	58.01	87.97	68.31	53.37	82.46	65.37	55.0	105.69	118.56	98.41	84.65	39.82	99.85	104.62	18.03	49.4	83.67	122.79	72.12	63.15	79.63	24.08	91.39	46.65	60.42	75.39	101.83	96.26	47.51	88.48	81.58	35.34	11.7	79.06	69.43	19.7	82.97	81.04	52.77	7.21	37.44	45.62	10.82	19.0	109.6	57.87	80.66	63.53	9.85	76.69	67.18	89.02	39.12	51.79	83.65	28.28	74.04	74.4	94.01	24.84	75.01	58.31	71.34	40.11	93.74	30.02	79.06	86.4	39.92	44.72	73.54	52.17	88.73	12.65	104.55	60.21	97.42	71.57	64.94	55.23	31.58	50.33	47.01	72.01	76.06	58.01	81.47	114.34	57.58	81.84	97.32	68.26	27.89	64.03	96.93	27.02	57.08	103.16	35.47	124.2	70.03	80.41	94.05	25.5	64.01	70.71	70.33	119.4	61.85	25.3	105.65	97.27	52.33	75.74	80.78	80.13	57.22	76.32	72.01	
51.88	22.85	47.01	27.31	49.24	51.97	0.0	45.18	15.52	12.53	32.02	61.29	32.02	50.61	51.79	46.86	50.09	22.47	40.01	53.82	47.01	31.24	41.18	50.45	54.64	40.0	31.26	32.2	36.01	42.44	28.28	6.71	23.35	38.18	12.81	62.24	21.1	20.62	28.16	57.8	33.54	65.95	19.65	54.2	29.53	21.47	30.15	48.51	42.95	58.05	53.81	57.58	51.31	32.25	52.35	45.88	49.65	14.87	47.89	31.58	59.2	9.06	53.0	15.81	27.07	55.47	36.8	55.15	15.26	52.81	37.85	51.24	58.59	53.15	28.02	30.41	66.29	34.13	48.26	53.41	26.0	69.53	13.04	53.25	73.55	41.23	39.82	54.57	26.17	18.68	57.25	21.38	37.44	64.9	43.28	63.66	50.09	33.06	44.38	25.3	41.73	54.41	42.72	20.62	42.01	35.51	13.42	53.54	55.11	67.94	46.52	34.21	27.51	55.54	53.15	46.86	33.6	50.99	72.18	24.52	48.84	49.52	52.7	42.05	5.39	8.54	47.17	53.0	46.87	17.2	47.27	54.67	30.59	51.24	39.0	26.02	68.88	59.41	58.25	50.04	59.17	49.04	7.21	52.4	63.64	57.69	45.12	34.48	33.54	60.22	31.62	21.21	50.12	43.97	35.51	48.37	25.71	26.48	34.01	55.95	49.4	65.86	50.45	42.01	29.43	42.01	44.18	27.59	35.38	31.95	55.97	45.31	16.16	43.68	44.6	53.6	52.5	73.0	43.6	41.59	55.04	24.41	44.05	55.58	21.63	33.14	29.97	36.14	63.7	10.82	43.01	66.07	66.07	26.17	30.61	46.1	49.24	31.38	77.08	57.38	72.92	61.52	30.15	56.94	64.82	33.11	43.83	36.4	68.01	12.17	62.2	55.44	70.72	13.6	30.59	33.38	28.18	50.61	59.93	31.02	
97.06	62.17	83.02	29.27	64.62	93.34	45.18	0.0	50.91	57.71	65.01	91.92	23.41	68.95	43.14	57.87	43.29	62.37	43.38	52.15	62.97	64.01	4.12	93.72	74.95	45.71	68.12	13.04	20.4	45.28	44.55	49.4	62.23	49.73	51.66	87.8	64.2	45.8	43.57	25.5	16.55	64.78	61.13	12.37	66.37	60.02	20.59	29.12	82.87	60.07	97.45	94.01	25.06	26.25	46.39	83.87	44.18	52.17	89.1	47.07	104.01	40.8	67.08	54.34	61.22	11.66	13.6	98.23	54.57	39.29	78.09	94.64	33.62	54.41	73.06	62.0	111.31	54.63	48.0	54.04	40.31	32.39	58.18	65.76	97.72	72.17	5.39	15.26	43.29	34.06	39.12	31.4	71.0	33.24	73.33	107.8	66.48	20.25	38.01	65.31	85.8	65.49	9.06	45.01	55.79	48.08	35.17	66.91	43.93	26.93	29.0	13.0	56.3	62.43	19.65	91.53	52.0	32.57	30.87	45.1	54.15	77.1	97.75	43.42	49.4	39.22	38.21	8.6	5.1	46.1	17.46	83.19	61.29	89.02	21.02	24.41	111.95	89.11	88.81	91.98	100.42	93.78	52.35	96.05	107.62	28.16	84.72	13.04	37.36	102.59	50.8	26.17	68.01	68.54	76.49	28.16	65.05	45.28	22.8	72.62	94.51	65.62	60.53	73.17	73.74	18.44	74.3	21.02	14.32	58.67	77.2	38.05	57.01	9.22	88.41	41.11	61.29	98.76	75.17	77.03	96.88	69.46	86.12	99.33	23.77	19.31	67.48	13.0	23.09	47.54	22.2	87.32	72.03	70.72	64.03	38.42	94.41	69.58	100.57	102.46	34.21	64.12	38.08	74.46	109.55	36.4	76.11	31.4	30.41	42.95	107.07	14.32	95.21	41.01	18.03	46.57	27.29	61.66	94.13	23.77	
50.8	34.66	58.01	40.61	64.62	42.43	15.52	50.91	0.0	17.49	45.45	73.66	31.3	65.74	66.19	33.42	41.59	33.97	55.08	43.08	62.39	44.82	47.42	43.27	69.46	29.41	17.89	38.29	35.78	32.28	43.74	20.59	11.31	25.94	26.93	75.93	15.3	9.06	43.57	68.43	35.81	53.85	30.48	61.85	41.73	33.97	31.62	44.72	51.88	45.79	47.17	67.74	62.77	30.08	43.17	33.62	40.79	29.15	38.18	47.07	55.15	24.19	38.42	29.41	12.17	62.29	46.14	60.02	28.6	46.04	47.01	55.9	70.84	68.47	27.02	44.41	62.97	19.8	37.95	42.05	41.19	79.4	17.0	38.95	87.21	54.56	46.01	56.44	41.59	17.2	70.61	20.25	50.21	76.06	56.73	57.8	65.39	33.62	37.05	36.24	36.25	40.31	45.8	36.14	28.43	50.99	27.07	39.05	69.35	76.4	59.2	42.72	12.08	71.06	63.13	42.72	20.0	46.27	80.6	40.02	36.72	63.25	50.0	57.04	11.66	23.02	40.05	59.41	53.91	6.08	47.42	67.94	15.13	38.95	38.08	27.2	61.22	72.14	70.77	56.61	49.52	51.01	14.87	45.79	57.45	68.94	54.12	38.29	26.0	51.74	47.13	24.76	65.31	28.46	44.29	44.91	14.14	41.98	33.11	71.11	47.3	53.54	36.88	55.23	34.48	52.8	29.0	38.08	44.78	16.55	40.5	38.05	28.32	46.62	38.47	67.6	39.05	86.31	56.59	53.26	61.4	24.02	50.92	59.41	30.41	34.13	41.77	39.2	72.2	26.0	41.44	80.45	52.35	23.19	44.05	60.3	47.85	42.64	90.79	57.43	82.38	48.83	45.01	72.01	60.42	26.02	56.57	31.4	77.7	27.66	58.31	63.41	84.39	9.9	33.42	48.84	41.0	36.8	71.03	30.41	
39.36	18.03	40.61	38.01	51.79	41.79	12.53	57.71	17.49	0.0	29.53	56.57	43.29	51.92	60.41	50.8	58.24	17.2	47.54	60.42	49.65	29.07	53.71	39.12	54.78	46.62	25.96	44.72	47.52	49.4	34.71	10.3	18.38	43.42	14.04	59.64	12.0	26.0	34.93	69.43	45.61	71.34	13.6	66.61	25.0	17.89	41.98	59.01	34.44	63.29	42.2	50.25	62.63	43.05	60.08	38.05	57.57	16.0	37.95	37.34	46.86	19.21	55.15	15.13	24.7	67.96	49.04	44.05	14.14	61.98	29.53	40.01	69.34	59.41	15.62	29.15	53.82	37.01	55.15	59.48	33.84	81.34	1.0	55.9	70.8	38.28	52.35	66.76	32.98	29.02	67.08	32.06	33.6	76.22	40.5	51.66	52.17	44.72	53.15	19.1	30.0	57.38	55.03	26.68	45.8	41.3	24.76	55.87	63.91	80.16	57.14	46.62	28.28	60.03	65.05	34.66	37.44	61.13	84.39	30.59	54.2	47.17	40.22	49.73	9.06	19.8	56.09	65.51	59.36	22.47	59.03	51.4	29.41	43.19	50.36	37.66	57.43	55.23	53.76	39.81	48.85	36.88	5.39	40.8	51.74	69.03	36.67	46.82	41.98	49.24	36.01	33.24	51.66	43.27	26.83	59.0	19.65	32.56	45.28	57.28	36.89	71.02	54.2	38.83	18.03	53.76	40.85	39.7	47.63	32.56	55.23	54.13	12.65	55.97	33.02	62.77	56.4	69.66	40.0	36.07	44.72	12.04	33.96	44.05	34.13	44.91	24.84	48.38	75.93	15.81	54.23	64.88	69.53	14.42	28.18	55.15	36.72	25.46	74.4	44.94	84.85	66.29	38.63	57.87	52.5	41.77	39.82	46.17	79.91	20.12	49.82	67.8	68.01	22.09	42.72	39.46	39.2	54.04	53.6	42.3	
48.75	11.7	18.03	36.35	25.5	65.01	32.02	65.01	45.45	29.53	0.0	29.53	60.75	24.0	46.01	78.49	81.63	12.65	32.8	85.8	23.77	1.0	61.0	59.41	25.71	72.01	55.15	54.33	63.89	74.4	22.47	25.5	47.85	70.09	19.21	30.48	40.5	52.35	23.41	65.39	59.67	97.95	16.16	69.23	6.08	11.66	57.57	77.83	20.25	90.03	61.0	29.0	57.78	61.85	84.06	65.12	81.3	17.2	62.03	21.95	60.17	28.23	83.87	16.28	54.2	71.85	52.24	38.42	16.97	83.63	16.97	36.07	61.06	39.12	36.06	3.16	64.41	65.19	80.21	85.43	25.71	77.39	30.41	84.39	41.77	9.22	60.01	78.31	22.8	49.74	55.61	51.88	6.08	69.84	11.31	67.36	25.18	60.73	75.66	12.04	50.16	85.7	66.48	20.0	73.55	24.21	32.02	84.5	49.52	79.38	50.09	52.01	57.2	36.06	63.25	51.2	65.07	80.78	83.22	20.4	80.81	17.8	52.55	34.83	33.97	30.46	78.29	70.46	64.28	48.8	73.55	22.67	58.83	69.72	67.05	54.42	75.43	27.46	26.42	30.81	71.18	40.5	30.61	59.84	68.01	63.51	21.47	58.86	65.19	69.72	18.03	49.04	24.02	72.72	17.2	77.49	48.85	20.88	62.63	29.07	49.04	97.84	82.04	10.0	25.32	52.63	70.26	44.0	51.16	61.61	84.72	76.54	17.2	67.48	53.24	49.68	84.15	41.04	11.66	12.04	34.99	34.37	26.17	41.04	43.74	60.44	7.28	61.0	75.58	21.95	71.17	35.36	97.62	38.47	1.41	43.01	47.54	8.94	45.34	50.48	81.44	93.43	29.73	29.27	65.39	64.66	12.08	67.08	76.56	24.35	62.24	69.63	38.95	45.61	56.75	23.85	38.33	82.07	29.61	59.81	
58.22	39.05	17.0	62.65	32.89	82.86	61.29	91.92	73.66	56.57	29.53	0.0	90.08	27.86	62.36	107.06	111.14	39.7	52.35	115.11	33.24	30.41	88.12	75.43	22.83	101.26	80.21	82.46	93.05	103.73	47.38	54.64	73.88	99.02	48.55	10.82	65.6	81.22	48.37	86.83	88.54	127.0	43.19	94.01	32.02	40.0	86.73	107.15	26.57	119.02	75.5	14.32	79.51	91.29	113.53	86.76	110.79	46.65	80.99	45.1	70.11	57.7	111.72	45.49	80.81	97.05	78.52	38.21	46.04	113.15	29.53	39.0	80.05	50.7	57.31	31.78	71.11	93.43	109.55	114.62	51.62	97.86	57.28	112.45	17.12	20.62	87.3	106.1	48.66	79.26	72.8	81.41	23.85	89.27	18.97	78.16	31.02	89.89	105.19	37.48	67.68	113.9	94.59	48.08	102.07	45.01	61.1	112.43	65.15	101.71	71.45	79.08	84.85	42.94	86.21	65.73	93.61	110.17	105.08	47.07	109.81	15.0	63.39	53.6	62.63	59.93	107.82	96.19	90.35	77.62	102.2	9.06	85.7	90.47	96.21	83.77	87.28	3.16	3.16	32.02	87.56	48.17	58.9	74.73	79.23	84.17	25.0	87.36	94.67	84.53	41.19	78.39	28.79	99.36	32.25	106.78	74.2	46.69	91.92	28.3	60.67	126.82	110.54	19.7	44.78	77.01	95.44	71.39	77.65	89.11	111.04	106.07	45.61	95.57	70.21	66.48	112.7	14.56	17.89	20.52	32.25	57.14	32.76	42.19	72.42	89.54	31.89	89.56	98.41	51.48	100.3	19.24	125.99	61.06	30.89	61.98	58.55	31.11	20.4	56.04	101.98	122.29	54.15	26.63	74.0	94.15	17.49	96.6	97.49	53.71	71.01	94.01	15.0	74.89	85.7	46.01	64.63	110.45	8.54	89.16	
81.32	53.94	77.62	33.42	69.43	72.8	32.02	23.41	31.3	43.29	60.75	90.08	0.0	72.62	56.86	35.06	24.7	53.76	51.4	32.31	67.36	59.81	21.38	74.43	78.01	23.0	46.86	15.3	4.47	23.19	46.23	38.21	42.19	26.48	42.95	88.68	46.24	24.21	45.45	47.1	7.07	45.69	51.35	35.74	59.91	52.17	4.47	17.09	74.67	39.56	78.39	88.53	44.18	3.0	27.78	62.24	25.06	44.38	68.6	49.68	86.41	32.57	44.18	46.1	39.7	34.93	26.48	87.05	45.89	24.08	69.58	83.1	53.24	64.9	57.01	58.31	94.15	31.3	27.2	33.53	41.87	55.54	43.42	43.05	99.64	69.46	20.22	25.24	44.2	14.56	56.52	11.4	66.73	55.15	71.18	89.07	70.94	3.16	18.36	56.72	67.54	43.0	15.81	42.54	32.56	52.35	29.07	44.1	58.87	50.33	44.64	22.56	33.97	71.06	41.11	73.93	28.64	20.12	54.23	44.65	32.25	76.48	80.99	52.43	34.23	30.36	20.0	31.78	27.89	25.55	16.16	82.29	38.95	67.18	7.07	6.32	92.09	87.73	86.93	82.05	79.65	80.06	38.12	77.03	88.68	49.0	76.79	11.05	14.14	82.42	52.2	11.7	71.84	45.19	67.36	16.76	44.94	45.8	2.0	77.34	78.11	46.24	38.0	70.38	61.13	34.53	51.31	24.7	25.71	35.81	53.85	18.87	47.52	16.4	69.77	56.3	39.05	99.85	72.24	71.84	87.05	53.6	76.06	87.28	19.1	4.12	60.64	10.44	46.49	39.29	11.0	90.44	50.99	53.76	59.46	50.99	78.45	62.37	102.93	87.56	57.57	43.68	42.45	78.87	91.71	13.15	72.8	9.49	53.6	36.4	89.55	37.64	96.9	22.14	7.28	50.25	32.2	39.01	90.14	1.0	
71.17	35.23	30.81	40.71	5.1	89.01	50.61	68.95	65.74	51.92	24.0	27.86	72.62	0.0	34.71	97.08	96.21	36.22	26.31	101.91	6.08	24.02	65.55	83.29	6.08	88.73	77.88	61.77	74.63	90.69	26.4	45.19	70.21	88.01	39.0	20.02	63.56	71.02	27.2	60.03	69.34	114.87	39.46	68.88	30.02	34.53	68.6	89.05	38.91	107.3	84.72	37.64	53.01	74.52	99.01	88.81	96.18	36.77	86.02	23.02	82.97	43.6	103.59	37.0	75.96	72.18	55.36	56.6	37.95	96.67	37.95	55.47	52.61	22.85	60.03	23.19	86.38	84.72	96.26	102.07	30.81	70.58	52.89	103.77	28.86	19.31	65.0	83.93	28.43	65.19	45.12	66.48	23.77	61.81	17.89	90.47	3.16	71.61	89.87	36.01	74.11	104.85	73.35	31.24	92.36	21.02	44.55	104.1	37.36	75.03	45.04	56.86	77.82	15.62	60.13	74.81	84.06	92.42	78.16	28.28	98.23	14.87	75.43	27.07	54.13	45.61	92.1	71.81	66.48	67.74	81.88	19.24	80.23	93.54	77.67	66.71	98.84	24.7	25.5	48.88	95.13	62.03	51.62	83.6	91.22	57.14	38.95	67.23	80.66	93.54	20.52	61.62	1.0	94.02	39.29	88.48	71.57	26.91	74.2	5.39	72.03	114.98	100.69	19.7	49.16	52.17	92.66	50.12	54.78	82.29	106.1	90.61	39.29	74.25	77.16	38.83	102.65	30.27	20.59	27.73	51.61	58.22	46.1	60.03	53.6	71.03	31.06	69.46	72.01	39.82	81.54	18.38	116.25	62.29	25.02	35.01	70.34	32.25	31.62	71.69	74.67	111.04	31.3	6.4	87.93	79.93	21.95	80.72	70.35	39.41	84.77	68.59	26.48	63.25	66.85	22.83	42.49	100.96	34.13	71.84	
93.01	51.61	61.06	26.08	29.61	102.18	51.79	43.14	66.19	60.41	46.01	62.36	56.86	34.71	0.0	89.5	81.39	52.43	13.6	89.16	29.12	45.28	41.11	98.9	40.45	78.45	83.02	42.06	56.82	79.38	26.42	50.29	75.13	80.05	47.01	54.59	71.84	67.12	25.94	26.48	51.0	102.55	53.85	38.47	50.93	49.65	52.39	69.89	66.07	96.21	101.52	70.21	20.62	59.62	84.53	97.51	81.86	45.62	98.35	25.0	103.46	42.76	97.86	47.41	78.31	42.06	31.62	84.39	48.3	79.4	62.97	82.07	18.03	13.15	74.25	43.14	108.81	80.5	83.93	90.25	26.57	36.06	61.35	97.29	62.0	48.02	41.23	58.14	27.73	56.72	10.44	56.29	50.0	27.17	47.89	109.77	31.58	54.56	75.15	54.2	89.47	97.74	50.45	34.01	85.7	21.93	39.12	98.06	3.61	41.3	14.21	34.99	77.0	22.2	28.23	92.66	78.77	73.5	44.05	30.41	88.23	48.1	95.96	11.4	57.07	43.42	76.48	42.72	39.05	65.01	59.67	53.45	81.06	102.84	59.17	52.81	116.73	59.2	59.77	76.69	109.2	85.8	57.01	100.18	110.15	23.19	67.01	47.51	69.26	109.25	28.32	49.48	33.73	93.09	62.94	69.07	77.47	28.65	57.7	36.06	92.36	103.08	92.89	48.88	67.68	24.76	95.13	32.57	31.91	81.02	104.39	75.58	51.0	51.09	92.61	4.12	94.37	64.07	50.61	56.04	80.6	71.18	72.18	87.05	40.02	53.67	52.35	49.4	38.83	44.6	62.13	51.0	107.21	74.46	45.97	6.08	91.26	54.45	64.07	95.78	40.11	100.3	21.84	38.05	109.0	68.31	51.97	66.31	36.0	40.52	105.95	37.58	60.03	59.03	49.66	22.8	26.31	93.62	67.78	56.46	
76.94	68.01	91.4	63.89	95.19	56.72	46.86	57.87	33.42	50.8	78.49	107.06	35.06	97.08	89.5	0.0	20.52	67.36	81.34	14.87	92.96	77.79	56.32	62.07	101.4	12.17	34.37	50.01	37.48	13.0	72.47	53.08	36.4	9.49	59.46	108.93	44.78	26.25	72.01	82.15	42.11	21.19	63.89	70.21	75.07	67.21	39.0	34.13	84.91	13.34	66.12	100.96	79.03	32.06	19.42	43.74	19.1	61.62	53.34	76.06	77.0	53.54	9.22	62.24	29.41	68.88	61.07	90.82	61.52	27.59	80.16	86.73	88.05	95.27	56.65	77.16	85.01	13.89	13.45	12.37	68.88	90.26	50.22	8.0	120.24	87.68	55.23	54.13	70.24	33.24	90.67	33.24	83.49	90.2	89.81	76.42	96.25	38.12	21.95	69.66	59.3	8.25	49.24	66.04	5.0	79.61	53.67	9.06	91.98	84.4	78.64	57.08	23.26	99.74	76.16	66.27	13.45	32.8	88.06	69.46	6.71	96.21	74.33	82.87	44.55	51.62	23.6	65.73	62.65	29.73	44.38	101.12	24.74	46.84	37.11	37.22	75.93	105.48	104.14	88.57	61.85	80.08	48.17	65.07	75.54	84.02	87.13	46.1	21.0	66.29	77.18	40.02	96.52	18.03	77.39	34.99	37.64	71.2	35.23	102.34	72.69	20.62	3.61	88.39	66.65	69.12	27.2	57.07	60.13	19.92	20.81	22.47	61.55	49.48	60.07	89.63	5.66	119.5	89.83	86.68	93.11	54.63	83.19	89.49	49.48	39.12	75.17	45.28	80.81	57.63	37.34	112.93	19.21	52.2	77.08	83.43	73.98	76.06	123.79	84.17	91.98	15.65	71.31	103.47	81.1	22.0	89.87	26.48	88.28	57.69	80.01	72.18	117.41	33.84	42.0	77.37	63.32	4.12	104.4	35.01	
91.02	72.92	97.08	58.01	93.35	74.63	50.09	43.29	41.59	58.24	81.63	111.14	24.7	96.21	81.39	20.52	0.0	72.5	76.03	9.06	91.22	80.78	42.95	78.85	101.32	13.15	49.82	39.4	24.7	10.2	70.01	56.8	49.01	18.68	62.65	111.02	56.14	32.56	69.31	68.73	30.46	21.59	69.46	55.04	79.61	71.55	29.15	15.3	92.36	17.12	82.98	107.54	67.19	22.2	3.16	62.03	1.41	64.5	70.88	73.55	93.06	53.82	28.6	65.76	43.29	53.01	50.33	101.61	65.3	7.07	87.32	97.49	76.16	89.59	68.26	79.61	101.12	27.89	7.07	11.4	65.8	75.0	57.97	26.63	122.2	90.74	42.2	35.9	67.88	31.91	80.32	30.0	87.32	76.53	92.65	93.62	94.75	26.83	6.4	75.24	74.43	25.55	34.23	65.3	21.95	76.49	51.74	28.02	83.26	68.18	68.71	46.62	36.22	95.6	62.8	81.39	25.5	13.0	71.45	67.94	14.21	98.47	89.27	77.1	49.98	51.61	5.1	50.0	48.37	35.9	27.07	104.01	39.81	65.8	22.8	29.83	94.24	109.08	108.05	97.98	80.41	92.35	54.08	81.79	92.89	71.2	94.58	34.18	16.55	84.43	75.69	34.66	95.48	37.74	84.76	16.28	51.09	69.31	23.71	101.12	87.09	22.36	21.4	91.59	75.93	58.19	46.53	49.4	49.77	34.93	41.11	5.83	66.21	34.13	75.8	80.62	21.1	122.07	93.3	91.68	102.84	65.49	92.18	100.98	43.42	27.73	80.06	32.57	65.03	59.68	21.1	113.57	29.15	64.12	80.26	75.59	88.02	81.44	125.6	98.0	76.11	21.02	66.84	102.55	97.67	17.0	93.65	15.62	73.0	58.01	96.18	57.04	119.4	36.77	31.76	74.33	56.86	22.8	110.02	25.24	
40.61	1.0	24.6	36.24	37.01	53.24	22.47	62.37	33.97	17.2	12.65	39.7	53.76	36.22	52.43	67.36	72.5	0.0	38.83	75.8	35.06	12.37	58.25	48.27	38.33	61.91	42.54	50.36	57.43	64.5	26.25	15.81	35.36	59.41	11.0	42.44	27.86	41.62	26.91	67.68	54.04	87.42	3.61	68.71	7.81	2.83	51.24	70.61	21.02	79.4	50.29	35.11	60.22	54.34	74.69	52.61	72.01	10.2	50.04	27.46	51.11	22.02	72.18	8.06	41.88	70.84	50.92	36.06	8.0	75.27	16.0	32.7	65.12	48.1	24.08	13.04	56.4	53.76	70.33	75.17	27.66	79.88	18.03	72.84	53.6	21.1	57.07	74.17	25.46	41.11	60.96	43.68	16.4	73.25	23.32	57.7	37.01	54.33	66.85	3.0	38.83	74.25	62.13	20.0	62.37	30.89	27.29	72.86	56.04	80.53	53.26	49.73	45.34	46.69	64.5	40.85	53.91	73.25	84.6	22.63	70.21	30.02	43.57	41.05	23.02	24.0	69.64	68.96	62.64	38.01	68.07	34.21	46.62	57.31	60.53	47.52	65.19	38.18	36.8	29.61	59.68	34.06	19.21	49.04	58.18	66.4	23.09	54.04	55.95	58.69	24.6	42.3	36.12	60.46	14.14	70.41	36.25	24.08	55.73	41.44	39.96	87.2	70.84	21.63	15.26	53.24	57.7	41.76	49.65	49.68	72.4	67.78	6.32	63.13	41.98	55.61	73.0	52.5	22.8	19.42	34.53	22.02	23.77	37.58	39.2	54.23	7.81	56.01	76.48	15.03	64.63	47.85	86.31	26.08	11.4	48.27	38.83	8.94	57.2	43.86	83.76	82.62	32.56	41.77	56.6	55.54	22.67	58.82	78.77	19.42	53.54	69.46	50.8	35.78	51.04	29.68	38.01	70.77	37.59	52.77	
79.4	38.01	48.75	18.03	21.59	89.19	40.01	43.38	55.08	47.54	32.8	52.35	51.4	26.31	13.6	81.34	76.03	38.83	0.0	83.01	20.22	32.02	40.31	85.62	32.39	71.11	71.18	38.21	52.4	72.47	13.0	37.66	63.2	71.87	33.84	46.1	59.23	57.27	12.65	34.53	46.69	96.38	40.31	42.58	37.48	36.06	47.01	66.47	53.01	89.47	88.14	58.52	27.17	53.82	79.06	85.16	76.28	32.31	85.44	11.4	89.89	31.0	89.19	34.01	67.01	45.89	30.02	71.22	34.93	75.17	49.68	68.77	28.64	13.93	60.93	29.83	95.21	71.06	77.52	83.73	14.04	45.88	48.51	88.87	55.11	35.85	39.96	58.59	14.56	48.1	22.8	48.33	37.22	37.7	36.06	96.25	23.54	49.68	69.63	40.61	76.16	89.54	48.83	20.88	77.16	8.6	28.44	89.49	17.2	49.37	19.1	32.2	66.48	19.8	34.0	79.18	69.64	70.01	52.77	17.09	80.96	37.48	82.38	2.24	45.1	32.06	71.4	45.61	40.5	54.74	57.8	43.29	70.18	90.43	55.17	46.32	103.32	49.25	49.5	63.6	96.14	72.25	44.55	86.82	96.65	32.02	54.08	43.86	62.18	96.01	14.87	42.06	25.32	82.87	49.52	65.76	65.38	15.23	52.63	29.41	78.77	96.75	84.86	36.77	54.08	25.96	84.05	26.91	29.68	70.71	94.54	70.21	37.58	49.65	79.31	16.97	86.54	56.57	38.63	43.42	67.68	57.94	58.9	73.76	32.76	48.92	38.9	46.01	46.1	31.78	58.69	44.38	99.81	61.35	32.65	10.3	77.67	41.04	57.72	82.22	50.0	93.48	10.2	31.32	95.41	61.29	39.92	60.46	45.35	28.16	92.36	42.3	52.77	49.03	44.69	9.22	19.21	85.44	56.75	50.8	
90.27	76.32	100.34	65.0	99.36	71.39	53.82	52.15	43.08	60.42	85.8	115.11	32.31	101.91	89.16	14.87	9.06	75.8	83.01	0.0	97.19	85.0	51.62	76.42	106.78	13.89	48.0	47.43	32.98	11.4	76.06	60.46	48.66	17.46	66.61	115.75	56.52	34.44	75.43	77.52	38.6	13.42	72.56	64.01	83.22	75.17	36.77	24.33	94.85	8.06	80.5	110.48	75.71	29.55	6.32	58.46	8.0	68.6	67.9	79.65	91.14	58.73	21.26	69.63	42.19	62.03	58.52	102.62	69.07	15.23	89.9	98.49	84.72	96.75	68.66	84.02	99.18	26.08	5.66	2.83	72.01	84.01	60.01	19.1	127.02	95.0	50.8	44.91	73.88	36.77	88.6	35.47	91.26	85.38	97.01	90.93	100.66	34.79	14.32	78.39	73.01	17.69	43.1	70.72	18.11	82.8	57.38	20.52	91.18	77.23	76.84	54.71	35.36	102.34	71.57	80.01	24.33	21.84	80.5	73.66	8.25	103.08	88.02	84.22	52.84	56.59	14.0	59.01	57.22	38.01	36.12	108.41	38.01	61.68	31.4	36.72	90.71	113.23	112.07	99.62	76.66	92.57	56.82	79.4	90.09	79.91	97.08	42.45	21.26	81.02	81.47	41.05	101.24	32.89	87.24	25.32	50.36	75.17	31.62	106.96	86.15	13.93	14.42	95.8	77.49	66.48	42.06	56.8	57.87	33.02	34.06	14.14	69.64	43.05	74.03	88.6	13.45	126.66	97.42	95.19	104.36	66.22	93.98	101.64	50.25	35.74	83.53	41.0	74.06	64.03	30.02	118.83	20.1	64.33	84.4	83.26	87.28	84.72	130.48	97.42	85.15	12.0	73.5	108.3	95.43	22.02	97.65	22.85	82.01	62.97	94.19	66.01	124.2	40.22	39.56	80.6	64.01	15.81	113.37	32.7	
72.24	34.06	33.94	34.99	2.24	88.28	47.01	62.97	62.39	49.65	23.77	33.24	67.36	6.08	29.12	92.96	91.22	35.06	20.22	97.19	0.0	23.54	59.62	83.02	12.17	84.2	75.5	56.08	69.2	86.05	21.21	42.06	67.68	83.76	36.14	26.0	61.52	67.12	21.93	54.08	63.82	110.26	38.0	62.8	29.83	33.0	63.25	83.6	41.05	102.8	84.72	41.88	47.0	69.35	94.07	87.21	91.24	33.96	85.09	17.69	83.82	39.45	99.76	34.53	73.08	66.1	49.4	59.2	35.51	91.44	39.36	57.69	46.87	18.03	59.14	22.2	87.73	80.95	91.55	97.45	25.5	64.78	50.64	99.85	34.93	21.4	59.09	78.0	23.35	60.61	39.56	61.72	25.06	56.09	20.52	91.09	3.61	66.22	84.85	35.36	73.68	100.85	67.54	26.93	88.32	15.26	39.82	100.24	31.95	69.07	39.01	50.99	74.46	12.53	54.08	74.95	80.13	87.01	72.25	23.6	93.81	19.24	76.22	21.02	50.92	41.34	87.0	65.73	60.44	63.95	76.16	24.35	77.16	92.09	72.2	61.55	99.2	30.08	30.68	51.4	94.64	63.51	48.76	83.55	91.76	51.24	41.4	61.59	75.93	93.38	15.81	56.57	5.1	90.82	40.31	83.01	69.23	22.02	68.88	10.0	72.73	110.42	96.57	22.02	49.03	46.1	89.99	44.42	48.85	78.92	102.88	85.56	37.22	68.43	76.79	33.24	98.48	36.35	23.35	30.0	54.56	57.01	48.02	62.43	48.27	65.6	31.05	63.81	66.0	36.4	76.03	24.35	112.06	61.0	24.52	29.07	71.17	32.57	37.64	73.36	68.88	106.61	25.55	11.66	88.96	75.17	24.76	75.66	64.5	35.36	85.8	62.51	32.56	59.17	61.4	17.2	36.72	96.9	38.91	66.6	
49.19	11.4	19.03	35.36	25.32	65.03	31.24	64.01	44.82	29.07	1.0	30.41	59.81	24.02	45.28	77.79	80.78	12.37	32.02	85.0	23.54	0.0	60.0	59.54	25.96	71.22	54.78	53.34	62.94	73.6	21.54	24.76	47.42	69.35	18.44	31.14	40.16	51.62	22.47	64.47	58.69	97.19	15.81	68.25	6.32	11.18	56.61	76.9	21.1	89.27	61.19	30.0	56.86	60.93	83.22	64.94	80.45	16.4	62.01	21.1	60.54	27.31	83.24	15.56	53.71	70.86	51.24	39.2	16.28	82.73	17.69	36.8	60.21	38.59	36.01	2.24	64.88	64.54	79.4	84.65	24.74	76.49	29.97	83.74	42.45	10.0	59.01	77.32	21.84	48.88	54.82	51.0	7.07	68.96	12.04	67.68	25.08	59.77	74.79	12.0	50.25	85.04	65.49	19.0	72.86	23.43	31.05	83.87	48.8	78.43	49.19	51.01	56.61	35.74	62.3	51.42	64.38	79.85	82.28	19.42	80.06	18.44	52.92	34.06	33.3	29.55	77.41	69.46	63.29	48.08	72.57	23.43	58.31	69.58	66.1	53.49	75.69	28.3	27.29	31.62	71.25	41.05	30.0	60.02	68.31	62.61	22.36	57.87	64.35	69.87	17.2	48.1	24.0	72.2	17.8	76.55	48.47	19.92	61.68	29.15	49.4	97.08	81.34	10.82	25.5	51.66	69.86	43.0	50.16	61.03	84.22	75.66	16.64	66.48	53.34	48.92	83.45	41.77	12.53	13.04	35.85	34.23	26.91	41.77	42.76	59.48	7.62	60.02	74.63	21.1	70.21	35.85	96.94	38.33	1.0	42.2	47.93	9.43	46.01	51.04	80.53	92.7	28.79	29.43	65.8	63.81	13.0	66.19	75.64	23.41	62.65	68.66	39.62	44.82	55.79	23.02	37.34	81.39	30.59	58.87	
93.06	58.05	79.01	25.5	61.33	89.83	41.18	4.12	47.42	53.71	61.0	88.12	21.38	65.55	41.11	56.32	42.95	58.25	40.31	51.62	59.62	60.0	0.0	90.03	71.51	44.18	64.82	9.22	19.0	44.01	40.79	45.31	58.73	47.85	47.54	84.2	60.44	42.72	39.81	26.02	14.32	64.54	57.01	14.76	62.29	55.9	18.03	29.55	78.77	59.41	93.72	90.0	24.35	24.33	46.1	80.6	43.74	48.05	85.59	43.42	100.12	36.69	65.49	50.22	58.01	14.87	10.3	94.11	50.45	39.56	73.98	90.52	33.24	51.86	69.12	58.01	107.38	52.2	47.17	53.34	36.5	34.21	54.2	64.28	94.24	68.26	1.41	18.38	39.46	30.81	38.01	28.3	67.01	34.0	69.46	104.02	63.16	18.25	37.34	61.19	82.01	64.12	9.43	41.0	53.94	44.6	31.05	65.38	42.2	29.53	27.2	9.06	53.34	59.64	20.02	87.66	49.65	33.11	33.62	41.19	53.0	73.35	93.81	40.5	45.49	35.11	37.85	12.04	6.71	42.8	18.6	79.43	58.31	85.8	20.22	21.47	108.3	85.33	85.0	87.86	96.94	89.69	48.37	92.31	103.86	28.28	80.62	10.44	35.51	99.01	47.07	22.67	64.62	66.13	72.37	28.64	61.55	41.44	21.1	69.35	90.55	65.31	59.14	69.26	69.64	16.4	71.55	17.0	10.77	55.9	75.19	37.48	52.89	10.0	84.65	39.41	60.03	95.21	71.25	73.01	92.76	65.51	82.0	95.21	19.7	17.26	63.39	11.05	25.5	43.42	22.14	83.93	71.25	66.85	60.01	36.07	90.43	65.49	97.14	98.41	36.4	63.51	34.48	71.18	105.68	34.53	72.17	30.02	32.28	38.83	103.17	16.55	91.71	37.54	15.23	43.01	23.54	60.21	90.2	21.59	
20.52	49.24	59.03	77.1	84.85	8.49	50.45	93.72	43.27	39.12	59.41	75.43	74.43	83.29	98.9	62.07	78.85	48.27	85.62	76.42	83.02	59.54	90.03	0.0	84.01	65.73	29.12	80.81	78.89	68.66	72.62	49.4	32.25	60.21	51.89	83.02	29.7	50.54	73.01	108.23	79.06	82.1	45.88	103.97	53.34	50.7	74.89	86.16	49.03	75.0	4.12	62.97	101.61	72.95	79.25	19.65	77.67	53.31	9.49	74.67	15.3	58.25	60.3	51.62	36.06	104.8	87.05	41.88	50.7	84.9	47.27	38.95	108.45	96.17	24.7	60.83	23.09	50.99	72.99	74.24	72.45	119.97	38.28	62.2	92.42	65.0	88.62	99.64	71.18	60.46	106.07	63.51	60.01	115.21	67.01	14.87	84.59	76.85	76.24	47.68	9.49	64.2	89.05	64.88	58.31	78.43	63.6	61.29	102.46	118.11	96.25	84.15	43.01	94.92	103.59	9.85	53.37	86.98	122.35	68.54	68.26	73.11	15.62	87.85	45.34	58.6	79.12	102.07	96.26	48.88	90.43	74.67	39.05	19.72	81.01	70.46	18.44	75.71	73.76	44.78	12.17	29.15	43.6	3.0	14.32	108.0	50.45	81.4	66.48	10.44	72.42	67.62	83.38	45.1	45.1	86.54	29.53	70.38	76.16	88.14	16.4	81.15	64.0	65.01	34.13	92.46	36.35	77.99	85.63	43.93	51.92	77.2	48.1	89.87	6.32	101.52	66.01	89.99	65.07	58.22	47.01	27.73	42.72	38.6	71.42	77.39	52.24	82.42	113.86	54.59	84.08	90.55	74.97	24.7	58.55	93.91	18.6	51.09	95.8	27.02	123.33	76.11	77.37	88.05	19.03	66.85	64.12	73.01	118.44	59.17	18.11	105.36	90.03	53.01	76.61	76.9	78.24	63.01	68.62	73.57	
70.61	37.36	28.64	46.52	11.0	90.14	54.64	74.95	69.46	54.78	25.71	22.83	78.01	6.08	40.45	101.4	101.32	38.33	32.39	106.78	12.17	25.96	71.51	84.01	0.0	93.43	80.65	67.54	80.16	95.48	31.91	48.88	73.16	92.46	42.54	14.14	66.1	75.21	32.76	66.01	74.95	119.6	41.76	74.97	31.4	37.0	74.06	94.58	37.64	111.95	85.15	33.97	59.03	79.81	104.06	90.8	101.24	40.31	87.37	28.65	82.57	48.17	107.62	40.25	79.2	78.26	61.35	54.56	41.15	102.0	37.48	53.85	58.42	28.16	61.52	25.63	85.44	88.75	101.12	106.83	36.36	76.42	55.71	107.9	22.8	19.03	70.94	89.89	33.84	70.01	50.8	71.45	24.0	67.6	17.12	90.26	9.0	77.1	95.02	37.66	75.03	109.04	79.2	36.07	96.61	26.93	49.58	108.17	42.95	81.01	51.09	62.77	81.49	20.12	66.19	75.17	88.23	97.91	84.1	33.42	102.83	12.08	75.13	33.14	57.8	50.25	97.31	77.88	72.53	71.85	87.66	14.87	83.63	95.35	83.22	72.01	98.86	19.72	20.81	47.01	96.01	61.13	55.01	84.1	91.08	63.07	37.34	72.95	85.56	94.09	25.81	66.84	7.07	97.49	39.2	94.03	74.33	32.2	79.63	5.66	71.85	119.67	105.0	19.1	50.04	58.25	95.63	55.9	60.75	85.96	109.57	95.78	42.15	80.11	78.01	44.55	107.0	24.19	19.42	26.68	49.24	60.02	44.92	58.18	59.08	76.55	32.25	75.18	78.03	43.83	87.13	12.53	120.6	64.13	26.93	41.0	70.04	33.06	25.63	70.52	80.5	115.62	37.16	4.47	87.32	84.86	20.62	85.91	76.24	43.93	84.17	74.67	20.4	67.62	72.4	28.64	48.33	105.21	29.83	77.2	
78.0	62.43	86.45	53.31	86.4	61.68	40.0	45.71	29.41	46.62	72.01	101.26	23.0	88.73	78.45	12.17	13.15	61.91	71.11	13.89	84.2	71.22	44.18	65.73	93.43	0.0	36.67	38.12	25.32	3.0	63.25	46.62	36.01	5.83	52.8	102.07	43.42	20.62	62.68	70.06	30.02	26.17	58.67	58.05	69.34	61.29	27.07	23.35	81.02	18.6	69.86	96.6	67.12	20.0	14.04	49.24	12.04	54.82	57.87	66.85	79.91	45.28	21.38	55.8	30.15	56.75	49.25	89.27	55.22	19.31	76.06	85.15	76.16	85.0	55.58	70.29	87.97	14.87	8.54	13.45	59.36	78.09	46.24	20.1	113.36	81.22	43.1	42.54	61.03	23.6	79.08	22.83	77.42	78.1	83.24	80.52	87.62	26.02	11.4	64.5	61.29	20.0	37.11	57.49	10.82	70.18	44.41	21.21	80.78	72.28	67.08	45.28	23.09	90.05	64.07	68.26	12.37	22.8	75.96	60.61	9.85	89.38	76.16	72.5	38.95	43.19	13.89	53.6	50.49	24.17	32.65	94.64	26.68	53.24	25.0	25.71	81.34	99.4	98.23	86.02	67.62	79.63	42.94	68.66	79.81	72.0	83.26	34.01	9.22	71.51	68.41	29.15	88.09	26.17	73.41	24.08	38.01	62.2	23.09	93.86	74.03	26.25	15.0	82.01	63.89	57.31	34.41	45.88	48.37	21.84	32.2	12.21	55.76	37.36	62.65	78.34	16.12	112.93	83.6	81.3	90.8	52.95	80.32	88.46	38.63	27.02	69.64	33.14	68.66	50.33	25.5	105.36	28.79	51.35	70.6	72.42	75.0	70.83	116.85	85.02	79.83	22.47	61.29	95.13	84.53	10.2	83.82	14.32	76.12	49.52	83.02	60.02	110.54	26.4	30.07	67.96	52.55	16.03	99.48	23.02	
42.58	43.46	63.41	57.97	77.67	26.08	31.26	68.12	17.89	25.96	55.15	80.21	46.86	77.88	83.02	34.37	49.82	42.54	71.18	48.0	75.5	54.78	64.82	29.12	80.65	36.67	0.0	55.8	51.22	39.62	59.0	34.06	8.0	31.26	39.46	84.6	14.76	22.67	59.01	86.31	52.33	55.32	39.0	79.4	50.09	43.66	48.08	57.27	55.17	47.68	33.24	71.42	80.62	45.0	50.36	15.81	48.66	41.59	21.95	62.03	43.29	40.31	34.93	41.0	7.21	79.65	64.01	57.71	40.02	55.79	51.09	53.71	88.6	84.0	24.21	55.03	51.35	22.09	44.18	46.04	57.14	97.25	25.0	36.4	95.52	63.51	63.41	72.01	57.01	34.06	88.06	36.8	58.59	93.94	65.74	43.97	78.1	49.58	47.13	43.83	25.02	38.28	62.24	51.01	30.07	66.03	44.15	35.85	86.31	94.05	76.84	60.54	13.93	85.48	81.01	32.02	24.33	57.94	98.23	55.01	40.05	72.45	40.05	73.25	26.08	39.62	50.0	76.69	71.4	22.02	62.43	76.16	10.05	21.1	53.01	43.86	45.65	79.32	77.67	56.61	32.8	46.24	27.07	32.02	43.32	86.82	57.28	55.23	37.58	35.85	61.29	42.2	77.62	20.25	48.27	57.7	6.32	57.01	48.41	83.24	38.33	54.57	36.88	63.95	36.07	70.68	15.26	55.95	62.65	15.03	31.11	48.08	38.6	62.97	26.08	84.72	39.05	94.03	64.88	59.91	60.75	23.35	51.86	55.95	48.3	50.25	49.65	55.87	89.87	40.05	55.76	90.38	50.16	19.85	53.85	77.28	39.62	49.74	99.13	49.82	100.17	49.48	61.4	83.82	47.85	38.01	64.5	44.29	95.52	43.05	46.39	81.02	92.78	27.46	50.25	64.01	58.52	36.14	75.82	46.1	
84.08	50.25	72.17	21.1	57.98	80.66	32.2	13.04	38.29	44.72	54.33	82.46	15.3	61.77	42.06	50.01	39.4	50.36	38.21	47.43	56.08	53.34	9.22	80.81	67.54	38.12	55.8	0.0	14.76	38.47	35.85	36.69	49.58	41.05	39.46	79.48	51.22	34.0	34.93	32.56	8.94	60.75	48.84	23.6	55.0	48.17	11.05	28.32	71.18	54.82	84.5	83.22	29.02	18.25	42.54	71.61	39.92	40.2	76.42	38.91	90.97	28.44	59.01	42.3	49.09	24.04	11.18	85.91	42.43	37.44	66.27	82.23	38.05	51.09	60.03	51.48	98.27	44.38	42.45	48.76	31.38	42.15	45.18	58.01	89.96	62.17	7.81	24.02	34.18	21.95	41.23	19.7	60.41	40.61	63.56	94.81	59.68	12.65	33.24	53.34	72.8	58.08	12.17	34.53	47.1	40.82	23.09	59.0	43.86	38.28	29.41	7.28	44.72	58.0	26.68	78.49	41.98	31.89	42.44	35.44	47.52	68.01	84.72	38.9	36.36	26.68	34.44	21.26	15.62	33.84	20.12	74.04	49.65	76.84	17.2	13.34	99.09	79.81	79.31	79.91	87.78	80.99	39.36	83.1	94.64	34.13	73.11	5.66	29.02	89.81	42.15	13.6	60.9	58.24	64.5	27.59	52.4	36.06	15.81	66.04	81.49	61.35	53.08	63.15	61.03	19.24	63.16	11.66	10.44	47.54	67.9	33.62	44.72	13.15	75.43	41.23	54.23	90.62	65.12	66.19	84.85	56.44	73.98	86.83	11.18	11.7	56.01	7.81	34.13	35.36	20.52	80.06	66.29	57.69	53.24	36.36	81.41	58.03	93.04	89.55	44.72	58.94	30.53	67.74	96.52	28.02	65.92	24.74	40.31	31.06	94.03	25.24	87.32	28.43	8.06	38.95	19.42	54.04	83.86	15.13	
85.73	57.56	81.02	34.66	71.22	77.2	36.01	20.4	35.78	47.52	63.89	93.05	4.47	74.63	56.82	37.48	24.7	57.43	52.4	32.98	69.2	62.94	19.0	78.89	80.16	25.32	51.22	14.76	0.0	25.02	48.26	42.05	46.65	29.41	46.53	91.24	50.7	28.6	47.43	45.01	5.83	46.17	55.15	32.76	63.35	55.73	6.32	14.42	78.41	40.61	82.86	91.98	42.76	6.4	27.86	66.53	25.3	47.85	73.01	51.61	90.87	35.9	46.69	49.65	44.05	31.62	25.63	91.14	49.5	22.8	73.33	87.21	51.79	65.6	61.4	61.35	98.62	34.99	28.28	34.53	43.83	52.77	47.68	45.4	102.08	72.45	18.03	20.81	46.32	18.97	55.66	15.81	69.92	53.0	74.09	93.54	72.8	3.16	18.68	60.41	72.01	45.18	12.08	45.19	35.44	54.04	31.95	46.53	58.6	47.13	44.01	21.93	38.18	72.18	39.01	78.39	32.25	17.8	50.92	47.01	34.0	79.2	85.44	53.26	38.47	33.73	19.7	28.46	25.18	30.02	11.7	85.09	43.14	71.42	3.16	10.0	96.52	90.62	89.89	86.01	84.02	84.34	42.3	81.49	93.15	47.17	80.5	9.49	17.09	86.84	54.38	15.13	73.82	48.76	71.18	13.89	49.4	48.02	2.83	79.2	82.54	46.84	40.2	73.39	65.28	33.53	55.22	25.5	25.08	39.82	56.92	18.97	51.24	12.53	74.24	55.95	41.05	102.42	75.27	75.19	91.01	57.97	80.01	91.44	21.1	3.61	64.13	8.06	43.42	42.76	7.28	92.65	52.35	58.19	62.64	51.11	82.86	65.92	105.31	91.92	54.57	44.72	43.93	80.8	96.18	16.16	75.89	11.05	50.8	39.56	94.02	34.71	99.36	26.57	7.81	52.01	33.24	41.3	93.41	5.39	
81.0	65.0	89.07	54.56	88.24	64.51	42.44	45.28	32.28	49.4	74.4	103.73	23.19	90.69	79.38	13.0	10.2	64.5	72.47	11.4	86.05	73.6	44.01	68.66	95.48	3.0	39.62	38.47	25.02	0.0	65.0	49.09	39.01	8.54	55.22	104.35	46.39	23.41	64.4	70.0	30.07	24.21	61.29	57.56	71.87	63.81	27.46	21.4	83.77	17.0	72.78	99.28	67.36	20.22	11.05	52.0	9.06	57.2	60.73	68.6	82.87	47.38	22.14	58.25	33.14	56.09	49.65	92.2	57.69	16.55	78.79	88.07	76.42	86.31	58.55	72.62	90.93	17.72	5.83	11.4	61.03	77.65	49.04	20.62	115.62	83.6	43.0	41.15	62.8	25.5	79.62	24.41	79.88	78.01	85.6	83.43	89.5	26.08	9.22	67.12	64.28	20.22	36.5	59.46	12.73	71.85	46.23	21.84	81.61	71.59	67.68	45.71	26.08	91.59	64.0	71.25	15.3	20.52	75.19	62.48	9.06	91.68	79.16	73.79	41.59	45.25	11.4	52.95	50.16	26.93	31.38	97.01	29.61	55.9	24.33	26.57	84.15	101.83	100.69	88.89	70.38	82.61	45.62	71.59	82.71	72.06	86.01	34.06	10.3	74.33	70.29	30.41	90.03	28.43	76.16	22.2	41.01	64.03	23.02	95.78	77.03	24.41	15.3	84.4	66.76	57.71	36.89	46.82	48.84	24.74	33.62	9.9	58.31	36.67	65.62	79.12	16.03	115.26	86.02	83.86	93.68	55.9	83.17	91.41	39.81	27.07	72.2	33.0	68.07	52.63	24.35	107.49	27.89	54.33	73.01	73.39	78.0	73.43	119.1	88.02	79.25	21.02	62.77	97.08	87.48	11.18	86.27	14.0	75.66	51.62	85.99	59.54	112.81	28.84	30.41	69.63	53.71	16.49	102.08	23.35	
66.84	25.5	40.02	15.3	23.35	76.24	28.28	44.55	43.74	34.71	22.47	47.38	46.23	26.4	26.42	72.47	70.01	26.25	13.0	76.06	21.21	21.54	40.79	72.62	31.91	63.25	59.0	35.85	48.26	65.0	0.0	25.08	51.0	63.13	20.88	43.66	46.53	47.17	1.0	42.95	43.05	89.2	27.46	47.27	26.08	23.43	42.2	62.68	42.49	81.84	75.15	50.64	35.34	48.17	72.86	72.56	70.04	19.31	72.53	3.61	77.1	19.65	79.71	21.02	55.33	50.09	31.14	60.21	21.93	70.29	38.59	57.43	39.2	25.0	47.93	19.31	82.62	61.1	70.43	76.4	4.47	55.01	35.69	79.62	54.13	28.07	40.02	58.94	2.24	39.66	34.71	40.61	27.89	47.71	29.0	83.35	24.76	45.22	63.64	28.28	63.16	80.5	47.76	8.06	67.98	7.28	18.87	80.11	30.02	56.92	27.78	31.78	55.54	27.51	40.8	66.24	60.01	66.03	60.75	4.12	72.95	32.56	69.63	15.23	33.06	21.19	65.8	49.0	43.05	44.27	55.95	38.64	58.86	77.78	51.31	40.36	90.34	44.55	44.28	52.84	83.17	60.11	32.06	73.82	83.73	41.18	43.86	41.15	54.82	83.01	6.32	35.36	25.61	72.03	38.01	62.13	53.04	2.24	47.8	31.14	66.03	89.4	76.06	29.07	41.4	30.41	72.44	24.35	30.27	59.91	83.93	64.35	24.6	48.7	66.31	29.41	77.9	54.78	31.06	34.21	57.25	44.94	47.71	62.43	27.2	44.65	27.46	43.38	53.16	19.1	55.23	44.42	91.42	48.38	21.93	22.02	65.0	29.68	57.25	70.01	59.03	85.7	7.28	32.65	82.66	54.04	32.14	54.45	54.13	16.12	79.63	47.52	51.48	39.0	40.5	5.1	17.26	76.48	50.04	45.45	
