220
0.0	63.41	87.66	24.0	59.54	65.8	36.88	21.54	83.01	73.82	60.02	57.71	64.5	60.41	58.69	44.64	53.08	16.28	44.64	19.7	23.77	28.43	55.23	28.64	34.93	40.85	14.56	29.97	36.8	92.07	52.47	34.06	60.46	57.08	76.66	18.97	18.38	14.32	36.89	81.22	35.81	51.92	42.72	76.06	32.76	34.0	59.08	103.08	16.97	83.43	71.59	31.38	69.31	63.51	26.08	52.09	61.55	48.66	108.91	67.68	41.77	29.43	28.43	32.65	21.59	29.12	42.76	43.84	34.99	83.49	71.45	24.6	81.99	9.85	9.0	50.99	91.71	16.12	15.62	94.76	55.57	77.83	85.43	59.03	97.14	49.65	46.53	95.27	92.07	90.35	8.6	37.48	28.44	47.54	62.27	20.62	81.04	75.43	68.48	65.6	63.07	89.02	56.4	104.81	54.01	51.08	67.18	43.74	73.44	77.41	24.19	57.31	78.92	19.8	42.0	75.93	39.12	82.42	39.41	70.88	33.96	30.48	25.46	94.05	55.57	22.56	85.48	81.84	83.82	52.2	37.0	22.0	60.14	6.71	35.36	32.56	87.13	80.78	91.55	55.32	44.72	76.06	76.58	47.68	33.54	68.88	18.03	4.12	35.01	69.81	46.96	11.66	66.48	21.4	9.43	72.95	27.66	49.65	90.02	63.7	95.34	67.42	51.16	43.01	49.48	22.85	50.57	36.22	107.38	28.18	51.62	93.62	69.58	37.85	34.01	71.28	43.01	94.05	77.99	67.6	62.43	73.01	61.59	14.0	50.54	78.55	43.01	32.02	67.9	61.81	25.08	57.01	63.41	42.54	24.41	88.77	39.81	22.2	73.16	75.31	93.13	33.73	42.54	82.8	91.53	74.65	78.75	52.63	82.49	91.92	54.57	5.0	34.93	51.0	24.41	62.2	46.57	45.54	9.22	40.61	
63.41	0.0	66.57	46.87	47.85	6.32	34.01	61.03	19.72	82.61	29.41	112.68	34.01	47.07	115.38	62.13	14.0	47.43	27.89	56.86	46.82	63.51	13.15	36.12	34.89	100.77	72.95	34.71	70.58	48.02	46.04	65.55	90.43	106.89	63.69	79.91	70.6	71.12	26.87	90.09	27.66	109.62	28.46	49.4	74.69	42.15	37.11	41.11	67.62	36.36	86.09	62.8	11.18	93.21	88.41	36.06	10.0	31.06	103.79	22.02	69.64	48.75	68.88	36.4	75.0	59.03	32.02	72.53	76.06	96.63	51.48	72.4	82.71	68.6	56.59	78.64	31.26	71.11	48.26	51.62	11.18	19.24	80.65	38.08	83.73	14.21	43.57	82.76	67.01	61.72	61.52	35.47	56.09	27.29	70.11	58.19	67.12	12.04	72.69	79.03	98.72	39.4	85.51	43.01	105.12	19.24	8.25	31.78	52.33	41.11	86.28	111.14	72.73	68.71	39.81	60.93	47.0	88.65	75.96	26.17	92.46	33.02	38.28	68.25	89.74	75.8	46.1	18.79	20.59	110.21	96.54	78.87	80.22	70.0	77.39	90.43	25.0	66.21	80.96	111.77	47.38	17.26	13.6	103.73	91.21	33.29	71.22	66.71	88.75	94.26	60.53	63.06	34.89	42.01	72.8	75.31	86.56	22.09	54.49	5.0	46.62	97.02	47.54	40.61	27.07	72.67	60.13	45.22	104.39	64.54	77.28	73.5	51.62	33.62	43.08	79.51	63.03	49.74	90.45	50.92	75.01	82.49	72.03	74.95	16.76	17.12	20.52	90.91	32.76	31.02	43.08	108.71	78.0	84.69	87.05	79.71	81.94	50.48	68.41	34.66	61.52	83.86	33.0	90.43	28.64	11.31	90.55	26.02	43.86	48.55	111.5	62.29	95.59	87.93	66.76	89.94	27.46	35.23	72.47	75.27	
87.66	66.57	0.0	64.29	28.46	72.72	55.9	101.02	68.68	36.77	38.9	103.08	33.3	27.86	107.7	114.91	75.07	80.41	51.87	68.59	89.44	64.01	75.93	66.64	57.7	103.16	102.18	66.19	61.81	31.4	35.44	60.21	61.59	92.14	12.37	92.01	79.0	101.64	66.29	39.66	68.51	105.3	53.54	17.2	69.87	54.71	33.6	69.07	102.2	37.34	43.86	108.26	77.03	62.43	100.12	39.45	76.03	45.49	38.83	44.78	56.09	58.25	68.18	84.6	81.1	104.22	50.61	56.75	69.23	47.17	17.49	75.17	28.3	97.29	78.85	56.08	60.21	103.08	81.34	30.08	58.9	55.66	21.93	33.02	17.72	63.64	101.04	17.26	5.83	9.85	79.91	54.13	101.52	49.41	34.93	98.23	9.43	69.46	30.53	41.05	71.28	40.0	59.06	69.18	92.7	53.76	74.43	49.74	15.81	26.57	98.08	100.32	18.38	104.69	47.17	12.0	100.12	36.36	64.76	41.15	95.35	73.06	76.48	7.62	65.76	81.15	26.02	66.76	68.41	106.25	99.64	86.15	48.37	93.06	70.41	93.21	64.13	8.94	17.03	104.75	42.95	56.3	72.62	98.67	93.38	33.29	80.0	87.97	86.88	57.38	44.18	95.88	32.02	75.24	94.76	28.43	92.54	82.02	19.42	71.56	38.64	64.03	106.53	45.88	47.8	77.1	40.2	51.66	40.31	107.54	53.85	7.07	18.79	55.01	54.41	35.47	114.74	31.78	43.42	20.62	39.82	37.48	37.58	101.43	57.28	61.03	66.07	95.04	33.84	36.8	85.88	95.75	42.19	72.42	100.04	17.46	71.57	65.51	20.59	33.24	13.89	80.6	88.87	38.59	68.73	69.86	42.8	46.1	26.31	30.41	105.34	83.19	101.12	68.03	106.63	59.08	50.22	92.96	92.54	62.82	
24.0	46.87	64.29	0.0	35.9	51.0	14.42	37.74	65.19	56.08	36.69	65.86	40.79	36.67	68.51	56.08	40.8	17.69	22.47	10.0	29.21	18.11	43.01	12.17	12.81	54.45	38.21	13.34	27.02	68.45	28.86	22.09	50.99	60.75	53.85	34.99	24.04	37.48	21.19	64.03	21.59	62.8	20.81	52.09	28.86	10.0	35.13	83.24	37.95	60.41	55.76	46.23	55.46	54.13	43.91	28.16	48.47	25.3	89.02	45.65	28.86	7.07	22.8	30.36	28.32	42.52	19.7	31.78	30.59	67.96	47.68	25.55	62.37	33.24	15.0	39.29	71.4	38.83	18.44	71.02	36.88	57.63	64.64	35.06	75.13	32.76	49.04	73.36	68.45	66.48	17.72	14.32	40.31	25.06	43.14	35.23	58.31	58.6	48.84	48.83	57.08	66.13	46.1	84.81	58.69	30.48	52.77	20.62	49.65	53.6	41.68	64.41	57.45	40.5	18.0	52.81	44.29	64.44	32.02	48.33	45.97	20.02	18.97	70.41	48.17	29.07	61.66	63.7	65.86	63.41	50.21	32.56	45.62	30.15	31.78	43.86	67.94	57.94	69.84	64.9	21.54	56.08	60.46	56.86	44.6	45.35	24.76	25.32	41.88	58.19	27.66	31.62	42.76	14.76	32.39	53.15	40.36	41.19	66.03	48.76	72.12	58.25	54.78	19.03	26.83	25.81	30.41	12.65	87.97	44.65	38.9	70.52	45.89	15.26	10.05	53.15	55.23	70.41	61.85	43.93	45.0	55.44	43.28	38.0	31.14	59.41	27.31	44.55	44.38	38.33	26.93	62.24	46.87	39.62	42.94	67.23	36.67	3.61	51.62	51.92	69.18	37.12	39.62	65.3	72.84	58.01	62.43	29.97	58.69	68.25	64.64	20.22	49.68	45.0	42.94	51.66	24.19	43.93	30.81	32.02	
59.54	47.85	28.46	35.9	0.0	54.13	28.02	72.62	57.56	35.01	19.0	83.82	16.76	1.41	87.92	87.42	52.33	52.0	25.61	41.0	61.4	38.33	53.71	38.59	29.68	79.85	73.98	38.28	38.95	38.83	7.07	35.85	48.88	74.41	19.21	65.76	52.77	73.35	39.6	42.3	41.73	84.22	26.91	17.72	46.52	26.25	11.0	67.08	73.76	35.61	39.32	80.06	59.03	51.0	74.33	13.04	55.66	19.42	58.6	30.41	34.41	30.15	43.32	57.49	55.54	76.06	23.35	36.24	46.53	49.04	12.0	50.0	35.11	69.05	50.64	39.05	55.54	74.73	52.92	40.31	37.64	45.12	34.13	10.0	41.23	40.25	74.97	39.7	32.56	31.0	52.09	26.08	73.43	23.85	23.54	69.86	23.6	55.0	25.02	32.76	58.52	41.11	44.65	68.0	74.03	30.46	56.09	22.63	14.0	24.08	72.18	81.4	26.08	76.24	18.79	17.49	73.11	40.79	43.27	29.41	71.51	45.61	48.55	34.53	50.61	55.79	31.06	55.58	57.71	85.09	75.96	60.64	36.25	65.19	47.89	69.29	56.04	23.02	36.77	84.6	15.0	44.72	58.01	77.52	69.64	21.02	53.76	60.13	63.98	49.65	21.4	67.45	17.46	46.96	67.07	27.46	67.72	57.98	32.57	52.39	44.69	54.13	80.66	17.46	22.83	51.66	18.38	23.35	58.52	79.2	37.01	34.93	10.05	27.2	25.96	32.0	87.09	40.5	43.0	8.06	29.12	35.0	25.96	73.44	34.01	49.65	40.8	70.84	20.62	18.11	57.98	77.47	32.28	52.2	73.98	34.71	50.48	37.34	21.02	26.63	34.13	57.7	63.03	42.58	61.4	55.01	43.01	22.47	28.6	38.28	84.91	55.23	76.84	50.93	78.19	47.41	24.41	67.36	65.01	41.62	
65.8	6.32	72.72	51.0	54.13	0.0	38.9	61.33	19.42	88.81	35.74	116.85	40.31	53.37	119.36	60.03	13.42	49.58	33.38	60.9	47.41	68.15	11.7	39.66	39.56	104.2	74.33	38.28	75.58	53.01	52.15	70.52	96.03	111.49	70.01	82.98	74.33	72.4	30.23	96.34	30.61	113.44	33.73	55.57	79.31	47.13	43.42	41.59	68.48	41.4	92.2	62.1	5.0	98.86	91.29	42.19	6.0	37.0	110.07	28.02	74.95	53.49	73.41	36.67	78.77	58.52	37.48	77.88	80.78	102.83	57.78	76.54	89.02	70.21	59.55	84.17	33.06	72.2	50.33	56.61	17.0	22.85	86.98	44.38	89.94	18.38	41.01	89.01	73.01	67.62	64.66	40.52	55.66	33.06	76.24	58.6	73.41	11.18	78.92	85.09	104.14	43.91	91.08	43.57	109.59	25.02	2.0	37.34	58.6	47.01	89.2	115.41	79.06	69.32	45.4	67.23	45.4	94.92	80.96	32.02	96.02	35.36	40.36	74.2	95.13	79.61	51.62	19.1	20.4	113.99	100.0	82.42	86.09	72.25	82.08	94.05	26.02	72.5	87.24	115.76	53.15	21.02	11.18	107.7	94.87	39.45	74.89	69.3	92.78	100.12	66.27	64.35	41.15	44.55	75.07	81.58	90.0	20.4	60.11	2.24	51.0	102.7	44.41	46.27	33.0	76.66	66.03	50.45	110.69	64.2	82.87	79.61	57.94	38.6	48.08	85.71	61.13	54.64	96.63	57.25	81.06	88.68	78.1	76.61	22.2	19.42	23.85	94.4	38.95	37.34	43.91	113.16	84.02	89.54	89.83	86.01	86.73	54.59	74.73	40.46	67.27	88.12	31.58	96.69	28.64	10.2	96.75	32.14	49.52	53.6	115.43	65.12	98.86	93.15	66.85	95.63	33.14	33.06	74.97	80.36	
36.88	34.01	55.9	14.42	28.02	38.9	0.0	45.61	51.4	56.36	23.19	79.06	28.0	28.3	82.01	59.41	31.0	25.32	8.06	24.08	33.54	29.53	33.02	10.77	2.0	68.68	50.16	10.3	36.69	55.33	21.93	31.62	58.03	72.9	47.2	49.4	38.29	49.04	13.0	64.4	14.76	76.58	6.4	41.48	40.71	8.25	23.54	68.88	48.17	46.57	57.87	52.39	43.68	61.01	58.31	16.76	37.48	12.0	85.63	31.3	36.35	14.76	34.99	29.7	42.45	48.33	6.0	39.32	42.05	69.64	38.48	39.05	60.22	45.18	28.16	46.04	57.01	50.0	26.31	58.14	23.32	43.28	60.88	23.77	69.2	20.62	47.8	67.62	59.24	56.32	31.78	2.24	45.62	10.77	42.95	42.72	51.61	45.28	47.51	50.6	65.62	52.2	53.04	70.43	71.2	16.28	40.8	7.0	40.31	41.0	56.08	77.39	53.04	50.36	10.0	45.49	45.28	64.01	42.06	34.18	60.14	17.69	20.59	61.1	56.57	43.14	49.01	49.82	52.01	77.23	64.44	46.86	49.65	43.42	43.38	58.0	53.74	51.04	64.54	78.41	17.89	41.77	47.41	70.43	58.69	32.14	39.05	38.9	55.44	63.39	29.61	42.05	30.0	19.65	45.88	51.31	54.67	33.96	54.33	36.69	58.46	65.0	53.6	11.4	12.65	39.62	30.68	12.0	85.15	51.87	45.0	62.65	37.12	1.0	9.22	53.23	59.08	57.31	63.32	35.36	46.49	55.95	44.01	50.64	17.49	45.28	17.03	58.8	31.14	25.08	30.02	74.79	49.04	50.7	57.31	62.29	47.93	17.8	47.42	38.47	58.46	50.22	36.36	65.3	58.73	44.78	63.69	15.81	46.01	55.23	78.24	33.84	64.03	54.34	51.42	58.01	9.85	40.82	44.6	41.48	
21.54	61.03	101.02	37.74	72.62	61.33	45.61	0.0	80.41	92.7	67.6	77.01	72.99	73.16	77.23	23.35	47.93	20.62	51.62	38.21	14.32	48.41	49.66	34.93	43.68	58.42	17.09	35.69	57.43	99.18	65.8	54.04	81.63	77.78	91.24	38.05	39.92	14.87	39.0	100.42	37.01	70.26	49.65	87.09	54.12	46.52	69.12	102.14	8.94	89.0	91.29	9.85	63.53	84.72	42.43	62.36	55.9	57.27	126.61	72.03	61.85	44.65	49.4	24.7	43.01	8.0	51.42	64.2	56.36	103.39	83.82	46.1	99.81	16.03	26.25	71.61	91.92	13.42	19.7	102.31	56.57	78.64	102.34	69.38	112.77	49.65	30.02	111.02	104.68	101.92	29.15	47.13	8.54	54.59	80.28	3.0	95.71	72.24	86.21	84.85	84.58	94.05	77.39	104.04	74.55	55.0	62.17	52.39	85.7	85.84	41.19	77.03	95.19	8.49	53.85	89.96	21.95	101.24	60.54	76.0	53.0	31.0	26.08	106.57	76.94	43.97	93.65	79.71	81.34	70.35	55.15	42.76	80.16	23.09	56.8	52.04	86.02	95.27	107.54	74.11	59.06	76.69	72.5	67.0	53.04	76.53	39.56	25.0	55.73	90.7	64.66	10.2	74.97	25.96	25.0	90.6	47.04	41.68	99.64	59.62	101.0	88.68	33.24	55.15	56.57	44.38	67.8	50.12	125.42	7.07	72.01	107.54	82.28	46.57	46.96	89.94	21.59	101.18	97.62	80.41	81.34	91.97	80.06	20.88	53.08	77.88	43.29	51.0	75.54	69.72	18.25	77.32	82.73	64.08	40.45	104.96	61.33	37.8	89.36	82.22	104.05	55.08	31.4	101.86	89.54	71.31	98.31	59.41	90.67	99.25	73.17	25.94	52.35	72.45	6.0	83.22	53.6	32.53	27.07	61.59	
83.01	19.72	68.68	65.19	57.56	19.42	51.4	80.41	0.0	92.27	38.83	130.43	41.11	56.44	133.41	79.23	32.57	67.12	44.1	75.17	66.31	80.71	31.05	55.23	52.63	119.55	92.66	53.81	86.83	42.44	57.97	81.99	104.36	123.82	69.35	99.09	89.2	90.82	46.23	99.05	47.2	127.91	45.22	52.77	91.81	59.08	46.69	22.2	87.24	32.2	96.88	81.49	19.03	106.9	107.71	48.38	25.32	45.19	107.45	27.17	85.0	66.03	86.27	55.71	93.51	77.88	48.02	87.73	92.96	106.17	57.14	90.43	90.09	88.32	75.93	93.05	15.23	90.79	67.96	45.8	28.32	13.15	86.58	47.68	86.4	33.42	60.07	85.87	67.42	61.47	80.72	52.43	75.0	42.54	81.05	77.62	71.85	8.25	82.3	90.26	113.3	32.2	99.62	24.19	122.33	35.23	19.1	47.51	57.31	42.2	105.55	128.71	79.23	88.24	55.01	66.37	64.78	97.0	92.18	29.02	111.13	52.7	57.98	68.15	104.55	94.26	43.86	2.0	1.0	128.55	115.31	97.62	92.89	89.63	94.34	109.04	7.62	70.86	84.93	129.81	61.47	13.0	9.06	121.82	109.79	38.01	89.87	86.21	106.83	106.73	74.33	82.76	41.01	61.61	92.42	84.05	105.38	39.81	52.33	20.88	38.21	110.44	63.03	55.46	41.59	90.91	73.08	61.4	108.68	83.52	91.42	74.95	58.03	50.8	59.91	89.36	80.4	43.6	100.32	58.0	86.49	92.35	83.36	94.67	34.06	8.0	40.0	109.66	38.0	39.46	62.65	125.94	89.63	101.21	106.4	84.34	98.62	68.77	76.01	35.69	59.93	101.61	50.99	99.01	9.22	9.22	100.24	39.4	42.72	43.27	129.63	81.69	114.55	103.37	86.03	103.45	43.05	52.35	92.01	91.24	
73.82	82.61	36.77	56.08	35.01	88.81	56.36	92.7	92.27	0.0	54.01	70.41	51.16	36.0	75.31	112.16	85.44	73.66	57.57	54.67	85.28	45.49	87.09	64.66	57.25	75.17	87.66	65.0	38.48	64.88	36.88	39.96	26.93	58.69	26.93	70.58	59.03	87.92	69.35	8.06	71.11	74.33	58.19	43.08	45.54	50.25	46.01	99.33	90.6	66.41	7.21	101.82	93.77	26.93	76.92	46.69	89.82	52.39	36.06	65.12	32.65	49.04	46.96	84.91	59.24	98.31	54.08	31.38	43.97	14.04	36.69	53.31	11.18	83.49	66.71	26.48	88.53	89.87	74.33	64.66	72.01	79.51	18.03	45.01	32.28	73.5	103.59	30.36	42.45	46.1	65.22	54.13	96.26	56.75	13.42	90.52	27.66	90.01	10.0	8.54	35.85	70.94	26.08	99.93	60.02	64.33	90.8	53.76	37.34	53.76	75.29	67.47	18.38	93.41	46.62	29.53	99.86	8.6	38.6	63.51	68.73	73.06	74.06	43.93	32.39	58.87	57.7	90.27	92.35	75.33	72.44	63.57	16.12	77.18	44.64	66.91	90.09	28.43	26.57	72.84	38.48	79.31	93.02	68.12	66.75	54.59	59.93	72.4	59.54	20.81	28.43	84.65	51.35	70.6	77.9	8.94	67.91	89.89	54.08	86.98	72.01	27.78	109.42	45.31	56.29	55.54	26.08	45.79	34.01	99.76	24.74	37.44	35.17	55.95	49.4	3.16	111.29	65.86	8.06	34.71	11.4	1.0	12.81	85.59	67.68	84.29	72.45	69.05	54.45	53.01	82.8	62.59	10.77	43.19	77.49	23.77	43.57	55.17	17.89	58.69	50.33	53.94	92.59	9.22	95.35	90.02	8.0	56.72	56.46	64.01	73.68	68.82	74.81	36.06	97.19	24.04	57.01	97.06	75.18	36.69	
60.02	29.41	38.9	36.69	19.0	35.74	23.19	67.6	38.83	54.01	0.0	96.17	5.83	18.03	99.76	77.88	36.24	48.01	16.03	45.19	54.34	47.01	37.2	33.02	25.18	88.75	73.33	32.06	50.99	32.14	19.31	46.67	65.92	88.09	34.44	71.18	59.06	72.17	29.41	61.2	31.62	95.13	18.03	22.02	57.31	27.31	8.0	50.8	71.01	23.77	58.22	73.25	40.52	68.35	80.11	10.63	38.01	11.4	74.71	12.08	48.01	34.0	52.63	47.54	62.77	69.12	17.26	50.48	57.98	68.03	22.47	58.25	53.37	68.36	51.2	55.01	38.83	73.06	49.01	35.01	20.25	26.93	51.26	9.0	55.22	24.76	62.68	54.08	40.61	36.36	54.41	22.56	66.22	13.04	42.3	64.63	38.08	36.0	44.01	51.48	75.15	29.55	61.33	52.01	87.11	15.0	37.64	16.28	23.6	18.25	77.88	94.07	43.32	73.06	20.25	31.76	62.61	59.54	56.08	12.73	80.16	37.11	41.59	42.2	66.65	63.29	26.08	36.88	39.05	95.9	84.6	67.6	54.12	66.49	59.4	77.94	38.08	37.22	51.97	96.26	24.21	26.25	39.01	88.62	78.49	9.0	59.94	61.85	74.03	67.91	36.24	65.01	7.62	42.05	68.88	46.27	75.29	43.14	32.28	34.18	35.44	71.78	68.01	20.0	11.05	59.36	34.54	27.46	75.15	73.35	53.23	45.97	22.36	22.2	27.73	51.0	78.0	34.13	62.0	21.54	47.68	54.0	44.55	73.82	18.44	31.05	27.78	79.08	8.0	2.24	50.45	90.69	50.8	65.3	79.31	50.54	63.03	39.56	39.05	15.3	37.58	68.12	50.48	61.4	43.46	36.01	62.01	8.25	23.09	32.06	96.33	56.75	84.72	66.04	73.55	64.85	14.04	54.41	67.45	54.82	
57.71	112.68	103.08	65.86	83.82	116.85	79.06	77.01	130.43	70.41	96.17	0.0	97.74	85.21	5.0	100.04	106.02	71.84	86.4	55.95	81.39	49.82	108.26	77.37	77.94	19.92	61.2	78.71	45.34	122.64	78.87	49.5	43.57	12.0	90.87	39.12	43.08	63.13	86.77	73.33	86.76	8.6	85.21	100.7	38.95	71.4	90.69	146.58	69.07	118.44	63.79	86.05	121.24	44.18	35.36	85.56	114.04	86.45	103.02	107.56	49.41	64.4	44.2	89.29	38.63	85.01	82.62	47.71	38.18	70.0	93.81	40.31	81.58	61.0	59.77	47.01	134.54	65.19	71.57	123.98	102.34	121.38	88.29	90.03	102.61	98.62	104.24	100.66	108.85	110.46	54.41	78.01	85.09	88.24	68.15	77.1	93.78	124.26	73.05	63.32	36.0	124.2	44.64	147.92	10.44	95.21	118.6	83.24	95.52	107.8	36.12	3.0	86.33	71.18	76.49	92.14	96.75	76.53	40.61	108.89	24.02	83.38	79.71	110.69	38.08	37.7	114.86	128.81	131.02	9.22	22.2	36.14	55.36	54.08	36.77	25.18	132.28	94.15	96.77	4.24	72.18	120.1	126.25	10.05	24.19	102.73	42.72	53.6	24.17	52.04	62.43	67.07	99.25	74.67	52.01	76.24	30.15	104.75	115.25	114.61	128.41	45.0	108.78	76.42	89.5	40.25	65.73	69.53	100.0	82.1	49.24	105.95	91.59	79.63	70.6	70.09	98.08	124.28	68.26	89.89	63.57	69.43	65.55	57.22	96.52	124.02	93.06	26.02	101.98	96.9	82.23	8.0	61.68	31.62	37.34	93.86	33.42	62.27	82.64	109.22	114.49	28.84	99.46	75.33	137.44	123.71	69.26	92.2	112.41	122.07	5.66	55.54	25.5	35.11	77.16	46.53	87.62	102.84	50.09	42.2	
64.5	34.01	33.3	40.79	16.76	40.31	28.0	72.99	41.11	51.16	5.83	97.74	0.0	15.52	101.53	83.67	41.77	53.15	21.38	48.7	59.91	49.4	42.64	38.21	30.0	91.42	78.1	37.34	52.4	27.66	19.21	48.41	65.3	89.14	29.73	74.67	62.24	77.03	35.11	58.0	37.34	97.2	23.35	16.28	59.2	31.05	7.07	50.61	76.11	20.81	55.9	78.85	44.94	67.54	83.57	13.0	43.05	16.0	69.78	14.0	48.84	37.34	54.92	53.31	65.74	74.73	22.0	51.09	59.67	65.07	17.46	60.9	49.5	73.11	55.58	54.92	38.91	78.0	54.15	30.27	25.61	28.44	46.84	7.81	49.93	30.48	68.51	48.88	34.83	30.53	58.46	27.07	71.84	18.44	40.26	70.04	33.11	39.32	41.19	49.48	74.79	26.63	60.9	51.62	88.39	20.81	42.15	21.0	18.36	13.0	81.34	95.52	39.05	78.23	23.41	26.93	68.43	56.08	57.28	12.65	82.86	42.72	47.07	36.4	66.57	66.19	21.02	39.12	41.19	98.01	87.32	70.68	52.92	70.86	61.07	80.62	39.29	32.2	46.96	98.08	25.61	28.16	42.43	90.6	81.12	5.0	63.16	66.1	76.28	66.41	36.4	70.03	2.0	47.27	73.16	43.0	78.26	48.84	26.68	38.91	31.78	70.77	73.82	22.85	16.49	62.18	34.13	30.46	70.38	78.85	53.0	40.36	17.72	27.0	31.32	48.26	83.77	29.61	59.21	17.26	45.88	51.24	42.72	78.41	24.21	33.14	33.62	81.88	4.24	3.61	56.04	91.92	49.04	66.47	82.87	45.69	64.38	43.42	35.23	11.66	31.78	70.21	56.3	58.03	44.64	39.46	59.14	13.93	18.03	27.46	98.23	61.0	87.66	66.4	78.92	63.98	19.42	60.22	71.59	55.87	
60.41	47.07	27.86	36.67	1.41	53.37	28.3	73.16	56.44	36.0	18.03	85.21	15.52	0.0	89.31	87.66	51.88	52.55	25.5	42.01	61.77	39.56	53.23	38.95	30.02	81.15	74.81	38.59	40.31	37.44	8.0	37.16	50.25	75.82	19.1	66.91	53.94	74.15	39.62	43.19	41.77	85.59	26.87	16.49	47.85	26.93	10.05	65.74	74.46	34.21	40.45	80.5	58.25	52.35	75.5	12.81	55.03	19.21	58.82	29.27	35.81	31.06	44.6	57.63	56.75	76.48	23.43	37.64	47.89	50.01	11.05	51.24	35.74	69.87	51.48	40.46	54.23	75.5	53.49	38.95	37.0	43.93	34.48	9.06	41.11	39.82	74.95	39.62	31.78	30.02	53.04	26.42	73.82	23.6	24.74	70.38	23.43	54.01	26.0	33.96	59.91	39.7	46.04	66.65	75.43	29.97	55.32	22.67	13.04	22.67	73.35	82.8	26.42	76.92	19.31	17.2	73.25	41.59	44.65	28.16	72.8	45.8	48.88	33.73	52.01	57.01	29.68	54.45	56.57	86.45	77.25	61.85	37.58	66.12	49.24	70.58	54.82	22.8	36.8	85.98	16.03	43.57	57.04	78.89	70.94	19.7	54.92	61.07	65.31	50.92	22.8	68.15	16.16	47.42	68.03	28.28	68.96	57.69	31.32	51.66	43.28	55.46	80.62	18.03	22.47	52.89	19.8	24.19	58.83	79.71	38.42	34.44	9.22	27.46	26.68	33.02	87.37	39.12	44.01	7.28	30.36	36.01	27.2	74.33	33.54	48.51	40.61	72.11	19.31	17.03	58.31	78.87	33.53	53.6	75.13	34.83	51.87	38.21	21.54	25.24	33.06	59.03	62.97	43.42	60.17	54.04	44.0	21.93	27.2	36.89	86.28	56.14	78.11	52.35	78.77	48.76	24.21	67.27	66.0	43.01	
58.69	115.38	107.7	68.51	87.92	119.36	82.01	77.23	133.41	75.31	99.76	5.0	101.53	89.31	0.0	100.02	108.24	73.39	89.5	58.52	82.46	53.08	110.48	79.76	80.8	19.03	61.0	81.12	49.2	126.75	82.8	53.15	48.51	17.0	95.46	39.81	45.18	63.01	89.19	78.31	89.07	7.0	88.24	104.96	42.45	74.52	94.49	149.97	69.03	122.29	68.73	86.02	123.66	49.16	35.0	89.2	116.36	89.83	108.02	111.02	53.54	67.48	47.42	90.76	40.71	85.21	85.8	51.97	41.87	75.0	98.11	43.01	86.49	61.2	61.47	51.62	137.93	65.0	73.05	128.16	105.21	124.65	93.17	93.86	107.49	101.24	105.12	105.54	113.46	114.97	56.08	81.06	85.48	91.44	72.8	77.52	98.43	127.06	77.79	68.15	41.0	128.06	49.48	151.35	15.3	98.23	121.08	86.45	99.85	111.83	36.06	8.0	91.09	71.0	79.91	96.66	97.49	81.5	44.65	112.49	24.74	85.43	81.54	115.32	42.95	39.82	118.98	131.82	134.01	7.07	22.09	37.7	60.17	54.59	40.46	26.25	135.47	98.79	101.64	3.61	75.93	123.33	128.97	11.66	25.3	106.53	44.72	54.57	26.63	57.04	66.57	67.48	103.08	76.56	52.35	81.04	31.05	106.62	119.57	117.14	132.41	50.0	109.49	79.91	92.76	42.72	69.97	72.86	105.0	82.01	53.85	110.68	95.88	82.62	73.76	74.95	98.01	128.41	73.25	94.15	68.31	74.33	70.23	57.0	99.4	127.14	95.52	26.68	105.76	100.57	83.52	13.0	66.48	35.85	37.0	98.72	37.44	64.9	87.32	113.07	118.97	31.89	100.88	80.31	140.58	126.49	74.24	95.52	116.5	126.19	4.12	56.92	25.0	39.85	77.0	51.48	90.79	104.12	50.64	46.32	
44.64	62.13	114.91	56.08	87.42	60.03	59.41	23.35	79.23	112.16	77.88	100.04	83.67	87.66	100.02	0.0	48.17	38.6	63.13	59.17	26.91	69.84	49.04	49.04	57.8	81.06	39.05	49.2	79.18	107.0	81.22	75.29	103.75	101.12	106.61	61.29	62.94	37.01	48.76	120.1	46.53	93.02	61.4	99.3	76.69	62.97	81.49	101.4	31.0	95.8	111.61	14.0	60.41	106.89	65.03	75.47	54.04	69.46	144.36	78.85	83.01	63.13	71.59	30.41	66.22	15.52	64.35	85.59	78.92	123.81	97.42	68.95	118.09	39.12	47.85	93.15	93.0	35.06	38.01	110.44	61.85	81.3	119.67	81.99	128.6	55.08	19.24	127.0	117.72	114.04	51.62	61.4	16.55	65.76	99.16	24.04	111.02	71.11	104.69	104.81	107.34	100.02	99.3	103.39	97.87	63.32	60.13	65.19	99.13	95.63	64.0	100.18	112.04	29.07	69.03	104.86	15.52	120.51	82.76	83.24	76.11	41.88	39.05	119.47	99.4	67.19	102.79	79.1	80.22	93.05	78.0	66.1	100.96	46.39	79.48	75.24	86.05	110.44	123.85	97.0	75.74	79.31	70.35	90.09	76.24	86.16	62.64	48.27	79.08	112.38	83.74	33.54	85.49	41.73	48.17	108.9	70.26	40.05	109.93	59.0	107.28	110.92	17.89	70.43	67.54	67.36	86.37	67.18	143.56	18.03	93.3	121.79	96.25	60.22	63.66	109.22	2.24	108.93	117.8	94.58	101.04	111.52	99.36	43.05	60.41	79.03	50.33	74.11	85.23	80.11	29.73	100.6	102.8	86.98	63.03	121.51	84.15	57.2	106.3	90.76	115.45	78.34	29.27	121.38	88.36	70.11	118.41	69.78	99.96	107.28	96.01	48.7	75.03	95.08	23.09	105.12	64.88	27.0	50.36	83.63	
53.08	14.0	75.07	40.8	52.33	13.42	31.0	47.93	32.57	85.44	36.24	106.02	41.77	51.88	108.24	48.17	0.0	36.8	27.89	50.33	34.0	58.69	2.24	28.79	31.06	92.36	61.03	27.51	66.91	60.42	48.7	61.81	89.02	101.51	70.18	70.8	63.06	59.08	19.65	93.3	19.31	102.08	27.46	58.0	69.64	39.05	42.72	54.57	55.07	48.85	87.86	49.03	16.28	92.01	78.87	39.4	8.49	33.24	110.45	32.76	67.19	44.55	63.6	23.26	67.54	45.35	31.58	70.18	71.31	99.2	58.6	65.92	87.32	57.01	47.43	77.03	45.18	58.83	37.48	63.98	16.28	33.14	86.35	43.57	91.4	12.08	29.83	90.21	76.38	71.59	52.7	33.02	42.45	28.79	72.28	45.19	74.06	24.35	75.89	80.6	96.42	52.5	84.02	56.52	99.37	21.95	14.42	31.78	59.82	51.4	76.84	104.79	78.29	55.9	39.46	67.68	33.0	92.36	72.18	37.22	84.38	23.02	27.66	77.83	87.37	68.43	57.45	32.02	33.53	102.58	88.2	70.83	80.4	59.4	72.53	82.49	38.64	73.24	87.92	104.66	47.68	31.14	24.6	96.6	83.35	42.52	63.53	56.73	81.86	94.26	60.3	51.04	43.14	32.2	62.23	79.12	78.23	8.25	65.46	11.7	59.77	96.0	34.18	40.61	29.55	65.8	60.83	43.0	110.64	50.96	76.0	82.13	58.25	31.02	40.05	82.28	49.04	62.24	92.89	57.14	76.49	85.16	73.76	63.41	18.36	31.06	14.04	82.68	41.77	38.29	30.53	102.88	79.25	80.28	77.34	86.28	77.37	44.27	73.35	45.49	72.01	77.62	19.0	93.92	41.76	23.41	93.15	30.02	54.92	60.84	104.24	52.8	86.84	84.85	53.49	89.01	28.46	21.38	62.29	71.85	
16.28	47.43	80.41	17.69	52.0	49.58	25.32	20.62	67.12	73.66	48.01	71.84	53.15	52.55	73.39	38.6	36.8	0.0	32.0	21.19	12.08	31.95	38.95	15.0	23.35	56.36	26.25	16.03	41.44	80.02	45.19	37.16	66.13	69.46	70.66	34.48	29.27	24.74	21.54	81.57	20.12	66.85	30.0	66.71	40.45	25.94	48.84	87.66	23.0	70.46	73.01	28.6	53.04	69.29	42.2	41.98	45.28	37.22	106.67	53.94	44.72	24.76	34.71	17.46	33.54	24.84	31.26	47.42	42.58	85.21	63.25	34.0	80.06	21.54	12.17	55.04	76.56	25.32	1.0	83.0	40.31	62.77	82.2	49.03	92.28	34.0	34.23	90.55	84.12	81.49	17.46	26.68	22.63	35.0	60.81	17.89	75.13	59.41	66.53	66.22	70.83	75.8	61.47	89.44	66.75	36.88	50.93	32.25	65.15	66.12	40.22	71.06	74.89	25.08	33.24	69.35	28.16	82.07	45.61	57.56	48.85	14.42	9.22	86.02	62.36	34.53	74.06	66.04	67.96	67.23	52.33	35.74	62.43	22.67	43.42	47.17	71.59	74.69	87.13	69.89	38.59	60.93	60.44	61.98	48.1	57.01	29.43	20.0	48.05	74.25	45.28	17.12	55.15	6.08	25.5	70.84	42.54	33.62	79.63	47.51	82.49	73.39	39.62	34.54	37.0	33.06	48.1	29.68	105.65	27.29	55.01	86.93	61.68	26.31	26.42	70.77	37.64	82.02	79.2	59.81	62.48	73.0	60.88	27.73	35.74	63.06	27.29	47.01	56.01	50.04	11.05	70.04	64.2	51.35	40.61	84.6	48.37	18.6	69.07	63.03	83.74	45.18	27.66	82.88	75.8	58.6	79.81	40.01	71.06	80.01	69.29	16.55	50.61	58.46	26.25	67.23	34.0	31.26	25.5	46.17	
44.64	27.89	51.87	22.47	25.61	33.38	8.06	51.62	44.1	57.57	16.03	86.4	21.38	25.5	89.5	63.13	27.89	32.0	0.0	32.02	38.6	36.62	29.61	17.0	9.85	76.58	57.56	16.03	42.95	48.04	21.02	38.01	62.65	79.76	44.55	57.45	46.23	56.32	14.42	65.46	16.64	84.22	2.0	36.25	47.71	15.0	18.36	60.96	55.0	38.83	60.02	57.57	38.33	65.49	66.37	12.73	33.02	6.4	84.2	23.26	41.76	22.02	42.2	32.76	50.33	53.45	4.12	44.64	48.88	71.31	34.41	46.69	59.94	52.61	36.06	50.8	49.04	57.14	33.0	51.0	16.76	35.38	59.64	18.87	66.48	16.12	49.52	65.05	54.59	51.08	39.81	8.49	50.6	3.0	44.38	48.66	48.8	38.48	48.1	52.77	70.83	44.38	57.71	62.48	78.23	8.94	35.36	4.0	36.06	34.23	64.14	84.63	51.61	57.04	12.04	42.45	48.26	64.62	48.33	26.25	68.01	21.54	25.71	56.36	61.85	50.99	42.11	42.44	44.65	84.9	72.35	54.82	53.01	51.24	50.25	65.86	46.01	48.1	62.29	85.91	20.02	33.94	40.85	77.99	66.53	25.02	47.01	46.82	63.03	67.0	33.02	49.04	23.35	26.02	53.76	51.48	62.63	32.65	48.05	31.26	50.8	69.35	55.15	13.0	5.0	47.38	33.14	17.46	84.05	57.49	49.5	58.82	33.42	7.21	15.81	54.41	63.06	50.04	65.0	31.89	48.66	57.28	45.89	58.25	11.18	37.64	15.26	66.71	24.02	18.11	34.79	81.84	51.48	57.25	65.37	60.31	54.59	25.81	46.32	31.06	52.81	57.63	37.48	66.13	51.09	38.08	65.25	8.06	39.12	48.01	85.8	41.79	72.01	60.08	57.56	62.29	2.0	41.77	52.55	47.54	
19.7	56.86	68.59	10.0	41.0	60.9	24.08	38.21	75.17	54.67	45.19	55.95	48.7	42.01	58.52	59.17	50.33	21.19	32.02	0.0	33.24	10.77	52.55	21.54	22.63	44.6	34.18	22.85	20.25	76.24	34.01	16.12	44.94	51.24	57.27	26.0	14.21	34.01	30.87	62.29	31.02	52.8	30.48	58.22	20.02	17.89	42.45	92.96	36.06	68.94	53.08	47.63	65.3	48.1	34.93	35.74	58.18	34.0	89.36	54.92	23.85	11.4	14.0	37.12	18.38	44.41	28.84	26.42	22.0	65.19	53.0	15.65	62.43	29.55	12.04	34.0	81.06	35.78	21.54	78.59	46.86	67.36	65.74	42.2	77.49	42.72	55.11	75.61	73.25	72.0	11.4	23.6	42.72	34.41	42.72	36.24	61.61	68.6	48.88	46.69	49.82	74.73	40.31	94.49	49.04	40.31	62.65	29.68	55.0	61.13	32.7	54.56	59.24	38.83	25.3	56.72	49.34	63.25	24.52	57.31	36.07	28.44	26.0	75.24	41.23	19.1	69.12	73.66	75.82	53.41	40.36	22.8	42.01	24.52	23.02	33.94	77.79	61.39	71.87	54.92	26.0	65.86	70.46	46.87	34.66	53.49	15.0	19.42	31.91	53.24	27.29	30.0	50.6	21.02	26.17	53.34	30.61	50.01	72.69	58.67	80.41	52.2	60.64	25.96	36.06	15.81	30.87	18.44	87.92	45.28	34.13	74.33	51.01	24.84	17.46	52.01	57.98	78.16	59.41	49.01	43.28	53.91	42.2	32.98	41.11	69.3	37.12	34.71	52.55	46.62	32.02	52.55	44.55	31.02	34.18	69.08	28.02	6.4	53.49	60.17	75.06	27.31	47.01	63.78	82.73	68.01	60.11	39.12	66.22	75.96	54.64	14.87	40.0	37.48	42.52	46.1	33.6	51.09	24.02	25.0	
23.77	46.82	89.44	29.21	61.4	47.41	33.54	14.32	66.31	85.28	54.34	81.39	59.91	61.77	82.46	26.91	34.0	12.08	38.6	33.24	0.0	44.01	35.85	22.83	31.76	64.51	27.59	23.26	53.49	85.48	54.92	49.24	78.19	80.06	80.45	42.72	40.01	25.5	25.18	93.24	23.09	75.69	36.69	74.67	52.17	36.24	56.65	87.92	21.1	75.06	84.88	18.97	49.93	81.34	49.24	50.16	42.19	44.6	117.59	58.01	56.8	36.24	46.57	10.82	44.01	14.87	39.0	59.51	54.34	97.08	72.01	45.28	91.22	24.21	23.19	67.12	77.62	25.0	11.7	88.68	42.3	64.33	92.96	57.01	102.34	35.36	23.02	100.69	92.7	89.54	28.02	35.36	12.08	41.48	72.25	11.4	84.91	58.18	77.79	78.01	82.71	80.0	73.54	89.81	77.16	41.11	48.37	39.92	73.82	72.57	47.54	80.89	85.43	21.93	42.72	78.89	16.28	93.61	57.57	62.07	57.72	17.26	13.0	94.54	74.33	45.01	80.23	65.55	67.23	75.96	60.73	45.4	74.43	28.64	55.11	56.29	71.78	84.38	97.42	79.08	49.04	62.37	58.59	71.39	57.27	63.15	40.0	27.89	58.22	86.33	56.85	17.69	61.85	14.87	31.3	82.02	51.42	28.43	86.59	45.62	87.02	85.44	28.07	44.1	43.42	44.1	59.46	40.36	116.73	19.1	67.08	96.18	70.66	34.44	36.88	82.33	26.17	87.46	91.02	68.88	74.2	84.65	72.47	30.48	39.0	63.6	29.07	55.79	62.17	56.52	4.0	80.31	76.03	62.97	47.42	95.0	60.02	30.53	79.65	68.59	91.39	56.01	19.42	94.49	75.39	57.27	91.61	46.1	77.28	85.59	78.34	26.08	58.52	70.34	20.22	79.31	40.52	21.93	32.31	58.19	
28.43	63.51	64.01	18.11	38.33	68.15	29.53	48.41	80.71	45.49	47.01	49.82	49.4	39.56	53.08	69.84	58.69	31.95	36.62	10.77	44.01	0.0	60.88	30.27	28.64	42.06	42.19	31.4	9.49	76.06	31.95	5.66	34.18	43.38	52.04	28.0	15.03	42.44	39.05	52.8	39.62	48.17	35.51	56.04	11.18	21.63	42.54	96.9	45.34	70.18	43.19	58.01	72.8	37.34	36.22	36.62	66.1	36.77	80.95	58.0	13.45	14.76	5.66	47.52	17.26	54.92	32.8	15.81	12.65	55.15	50.01	11.7	54.13	38.01	22.2	23.32	84.86	44.41	32.31	78.0	52.84	71.59	58.19	42.06	70.83	49.77	65.73	68.88	69.12	68.73	19.85	28.3	53.34	38.42	34.54	46.62	56.14	74.79	40.85	37.2	39.32	76.01	29.55	98.29	41.68	45.49	70.01	33.42	51.97	60.84	34.13	48.01	52.39	48.17	26.91	52.01	60.08	54.08	14.04	59.67	33.54	38.01	36.22	71.11	30.59	17.46	68.54	79.06	81.27	48.92	38.01	22.36	31.83	31.76	13.93	31.3	82.46	56.08	65.0	49.52	24.17	70.29	76.94	41.73	31.76	54.38	16.03	26.93	27.02	42.54	20.22	39.6	51.11	31.4	32.7	45.31	29.41	59.3	70.88	65.92	81.01	41.44	71.31	27.02	39.7	13.34	24.19	19.8	79.26	55.44	23.6	69.12	47.85	30.02	20.81	43.05	68.6	77.88	49.58	45.89	34.13	44.65	33.54	40.25	47.01	74.2	44.92	32.7	53.54	48.01	42.72	45.28	35.0	21.59	36.06	62.1	18.68	15.0	46.87	61.06	72.18	21.21	57.22	54.41	87.62	74.3	50.33	42.45	65.8	75.64	49.5	23.43	38.63	27.07	52.35	35.34	37.8	61.4	30.08	14.32	
55.23	13.15	75.93	43.01	53.71	11.7	33.02	49.66	31.05	87.09	37.2	108.26	42.64	53.23	110.48	49.04	2.24	38.95	29.61	52.55	35.85	60.88	0.0	31.02	33.14	94.58	63.01	29.73	69.05	60.37	50.29	63.95	91.05	103.73	71.34	73.01	65.3	61.03	21.84	94.92	21.54	104.32	29.27	58.8	71.84	41.11	43.91	53.15	56.94	48.75	89.63	50.45	14.21	94.02	81.06	40.85	6.4	34.79	111.65	33.02	69.26	46.69	65.8	25.06	69.77	46.84	33.38	72.25	73.5	100.9	59.64	68.15	88.77	59.03	49.65	79.06	44.05	60.75	39.62	63.95	17.03	32.39	87.66	44.78	92.42	13.6	30.41	91.26	77.08	72.18	54.92	35.0	43.97	30.36	73.98	46.96	75.17	22.8	77.49	82.38	98.51	52.2	86.05	55.11	101.59	23.26	12.53	33.54	60.8	51.86	79.03	107.02	79.61	57.71	41.3	68.8	34.06	93.92	74.33	37.44	86.61	25.24	29.83	78.49	89.45	70.66	57.69	30.59	32.02	104.81	90.43	73.06	82.3	61.52	74.73	84.72	37.34	74.33	89.04	106.89	49.5	30.41	22.85	98.84	85.59	43.14	65.76	58.9	84.1	96.19	62.2	53.01	43.93	34.41	64.35	80.65	80.45	9.0	65.8	10.2	59.46	98.01	34.48	42.43	31.02	68.03	62.65	45.01	111.89	52.5	78.01	82.98	59.36	33.0	42.11	83.93	50.0	62.17	94.59	58.31	78.26	86.83	75.5	65.44	19.7	30.0	16.12	84.91	42.43	39.2	32.45	105.11	81.05	82.46	79.51	87.46	79.56	46.49	74.73	45.8	72.47	79.85	20.1	95.51	40.26	21.84	94.83	31.3	55.22	60.83	106.47	55.0	89.05	86.98	55.15	91.0	30.08	22.09	64.44	73.98	
28.64	36.12	66.64	12.17	38.59	39.66	10.77	34.93	55.23	64.66	33.02	77.37	38.21	38.95	79.76	49.04	28.79	15.0	17.0	21.54	22.83	30.27	31.02	0.0	8.94	64.66	40.79	1.41	39.01	65.03	32.2	34.0	62.51	72.73	57.69	43.86	34.67	39.46	9.43	72.72	9.49	73.78	15.0	52.2	41.0	14.42	34.21	74.63	38.0	55.58	65.31	41.63	43.91	65.62	52.5	27.51	36.67	22.36	95.46	39.29	40.31	17.26	34.93	20.25	39.12	37.58	16.49	43.29	42.76	77.37	49.24	37.16	69.53	35.9	20.81	50.64	63.13	40.2	16.0	68.0	27.2	49.24	70.72	34.48	79.63	21.93	38.95	78.01	70.01	67.05	25.5	12.53	34.89	20.0	51.31	32.02	62.13	48.1	56.4	58.14	69.01	61.0	57.56	76.32	70.58	22.47	41.34	17.46	51.08	51.16	50.33	76.06	63.03	40.05	20.0	56.08	35.47	72.67	44.1	42.76	56.4	8.54	10.0	71.87	60.03	39.96	59.08	53.91	55.97	74.33	60.44	42.8	55.97	35.34	43.93	54.41	58.82	61.59	74.81	76.16	26.91	47.51	49.68	68.1	55.22	42.01	35.23	31.38	53.24	69.12	36.67	32.06	40.2	9.06	38.01	60.44	50.45	29.07	64.78	37.44	67.6	69.72	44.78	21.4	22.0	37.12	38.59	18.87	94.79	41.11	50.01	73.36	47.85	11.7	15.26	61.59	48.6	67.03	71.12	46.07	54.12	64.14	51.97	41.76	21.95	50.22	15.81	54.82	41.01	35.06	19.42	74.09	56.36	51.79	51.22	72.47	48.84	15.52	57.31	48.04	69.12	48.85	28.46	73.78	63.41	47.42	71.59	25.02	56.08	65.01	75.8	26.63	59.46	57.04	40.79	62.97	19.0	32.89	37.22	44.01	
34.93	34.89	57.7	12.81	29.68	39.56	2.0	43.68	52.63	57.25	25.18	77.94	30.0	30.02	80.8	57.8	31.06	23.35	9.85	22.63	31.76	28.64	33.14	8.94	0.0	67.21	48.17	8.6	36.14	57.31	23.43	31.05	58.0	72.01	48.83	47.71	36.8	47.04	12.37	65.3	13.93	75.29	8.06	43.42	39.81	8.0	25.5	70.43	46.17	48.51	58.52	50.57	44.27	61.01	56.6	18.68	37.85	14.0	87.0	33.11	36.12	13.93	34.0	28.32	41.01	46.52	8.0	39.12	41.23	70.38	40.31	37.8	61.4	43.19	26.25	46.0	58.6	48.0	24.33	60.13	24.41	44.82	62.24	25.71	70.8	21.19	46.62	69.2	61.1	58.24	29.97	3.61	43.83	12.65	43.83	40.8	53.25	46.32	48.55	51.26	65.38	54.12	53.0	72.01	70.24	17.69	41.44	9.0	42.15	43.0	54.38	76.32	54.45	48.37	11.31	47.17	43.84	65.0	41.48	36.06	58.69	16.28	18.87	62.97	56.32	41.73	51.01	51.09	53.26	75.93	62.97	45.34	50.01	41.48	42.54	56.57	55.17	52.7	66.07	77.2	18.87	43.28	48.37	69.2	57.28	34.13	37.54	37.0	54.2	63.64	30.08	40.05	32.0	17.72	43.97	52.43	53.15	33.54	56.32	37.34	60.42	65.03	52.43	12.73	14.56	38.29	31.38	12.17	86.45	49.98	45.04	64.41	38.91	3.0	9.0	54.12	57.43	59.3	64.08	37.12	47.17	56.8	44.78	48.66	18.6	46.67	17.03	57.31	33.14	27.07	28.3	73.82	49.65	49.98	55.57	63.78	47.17	16.28	48.8	40.45	60.42	49.09	35.36	66.24	60.11	45.79	64.47	17.72	48.01	57.22	77.01	31.95	62.48	53.94	49.48	58.08	11.7	39.82	42.72	41.0	
40.85	100.77	103.16	54.45	79.85	104.2	68.68	58.42	119.55	75.17	88.75	19.92	91.42	81.15	19.03	81.06	92.36	56.36	76.58	44.6	64.51	42.06	94.58	64.66	67.21	0.0	42.01	66.07	41.48	118.07	73.82	44.01	50.45	26.17	90.8	21.93	30.41	44.05	74.03	79.91	73.6	12.04	75.07	97.5	33.53	62.01	84.6	137.54	50.09	112.16	69.58	67.07	108.23	52.2	16.03	78.55	100.69	78.01	110.32	99.2	47.07	55.0	36.67	73.41	26.25	66.37	73.25	46.53	33.96	78.34	91.08	30.53	86.05	42.43	44.94	49.0	125.61	46.01	55.9	119.92	91.24	111.95	92.01	84.12	106.08	86.56	86.83	104.08	108.68	109.2	39.66	68.12	66.75	78.87	69.35	58.86	94.37	112.7	75.17	67.03	46.1	117.99	49.5	139.05	22.63	84.9	105.8	74.03	92.97	102.86	17.26	21.02	88.36	52.01	68.51	91.44	79.08	82.61	38.47	101.26	8.6	69.34	65.0	110.63	44.15	25.61	110.49	118.11	120.24	12.0	4.24	21.93	59.08	36.14	32.76	10.82	122.38	94.54	100.08	16.28	66.19	110.45	114.34	11.4	10.3	96.38	29.7	36.77	16.28	60.44	59.48	48.84	93.15	60.21	33.73	79.06	14.21	89.94	112.36	102.0	123.07	54.42	91.01	68.8	80.43	29.41	63.32	61.29	107.69	63.03	51.01	107.2	88.87	69.43	61.4	74.03	79.03	119.87	75.13	86.98	66.03	74.17	67.19	38.01	85.56	113.86	80.43	9.9	95.52	89.89	65.92	23.6	65.01	32.02	18.03	97.08	32.06	50.93	83.73	103.08	112.93	22.56	83.38	81.88	127.29	112.04	76.12	83.41	107.79	117.63	15.13	39.82	6.08	39.62	58.01	53.37	78.1	86.38	32.28	40.45	
14.56	72.95	102.18	38.21	73.98	74.33	50.16	17.09	92.66	87.66	73.33	61.2	78.1	74.81	61.0	39.05	61.03	26.25	57.56	34.18	27.59	42.19	63.01	40.79	48.17	42.01	0.0	41.98	49.82	105.48	66.91	47.71	72.25	63.32	91.21	23.41	29.7	2.24	47.76	94.87	46.24	54.0	55.58	90.27	44.55	48.17	73.01	113.64	8.25	96.34	85.0	25.08	77.2	75.17	26.0	66.01	69.4	62.13	123.07	80.05	55.22	43.93	41.23	38.29	31.4	24.74	56.14	57.01	46.69	96.67	85.84	36.07	96.18	5.0	23.35	63.78	102.69	4.0	25.3	108.3	66.48	88.96	99.81	73.03	111.66	60.01	46.96	109.79	106.53	104.69	22.85	51.04	25.63	60.53	76.48	18.36	95.6	84.72	82.73	79.32	73.5	101.79	68.59	115.45	59.91	63.06	75.45	57.14	87.82	91.09	25.08	61.52	93.41	10.0	56.14	90.47	38.91	96.25	51.62	83.55	37.48	40.31	34.93	108.5	66.84	32.2	99.13	91.71	93.54	54.01	39.05	29.53	73.41	10.63	46.75	36.88	97.51	95.34	106.04	58.03	59.23	87.09	85.44	51.35	37.85	82.3	29.0	15.26	41.79	82.04	61.33	10.0	80.1	32.28	10.82	87.21	32.02	55.97	104.02	72.4	108.34	78.87	50.33	57.22	62.51	33.97	65.0	50.64	121.43	21.02	64.66	108.17	84.01	51.16	48.26	85.23	37.01	107.47	91.4	82.04	76.32	86.82	75.66	4.0	61.98	89.05	53.31	35.51	81.3	75.24	30.61	62.37	77.1	53.01	24.0	103.25	50.61	36.67	87.66	88.57	107.38	42.54	46.75	96.52	101.53	83.86	92.2	65.62	96.13	105.39	57.01	19.31	36.0	62.01	16.0	74.28	59.54	48.6	13.6	53.08	
29.97	34.71	66.19	13.34	38.28	38.28	10.3	35.69	53.81	65.0	32.06	78.71	37.34	38.59	81.12	49.2	27.51	16.03	16.03	22.85	23.26	31.4	29.73	1.41	8.6	66.07	41.98	0.0	40.05	64.01	32.02	35.01	63.39	74.0	57.43	45.28	36.06	40.61	8.06	73.06	8.25	75.17	14.04	51.55	42.2	14.76	33.53	73.25	39.01	54.45	65.8	42.15	42.54	66.48	53.91	26.93	35.34	21.59	95.46	38.08	41.19	18.11	36.14	20.0	40.5	38.08	15.81	44.18	43.93	77.82	48.75	38.48	69.66	37.11	22.2	51.48	61.77	41.3	17.03	67.01	25.81	47.89	70.71	33.84	79.4	20.52	38.59	77.8	69.46	66.41	26.91	12.21	35.34	19.03	51.62	32.76	61.85	46.69	56.61	58.6	70.0	59.84	58.42	74.95	71.87	21.19	39.96	16.76	50.57	50.25	51.74	77.39	62.97	41.01	19.85	55.76	35.38	72.95	45.18	41.59	57.8	8.06	10.3	71.31	61.01	41.34	58.14	52.5	54.56	75.72	61.85	44.2	56.61	36.67	45.12	55.8	57.43	61.29	74.65	77.52	27.02	46.14	48.27	69.46	56.61	41.05	36.62	32.76	54.59	69.86	37.16	33.14	39.32	10.0	39.36	60.61	51.86	28.02	63.95	36.06	66.48	70.58	44.42	21.26	21.02	38.47	38.95	19.24	94.85	41.76	50.8	72.95	47.41	11.18	15.65	61.91	48.83	66.01	71.55	45.65	54.56	64.5	52.35	43.01	20.59	48.83	14.42	56.22	40.05	34.13	19.72	75.39	56.86	52.95	52.63	72.35	50.01	16.76	57.28	47.01	68.41	50.16	27.86	74.09	62.01	46.01	72.01	24.0	55.15	64.0	77.18	28.02	60.88	58.08	41.59	63.79	18.03	32.31	38.59	45.04	
36.8	70.58	61.81	27.02	38.95	75.58	36.69	57.43	86.83	38.48	50.99	45.34	52.4	40.31	49.2	79.18	66.91	41.44	42.95	20.25	53.49	9.49	69.05	39.01	36.14	41.48	49.82	40.05	0.0	77.7	33.6	5.1	24.7	37.2	49.5	32.28	20.59	50.33	47.38	45.28	48.17	45.28	42.15	56.36	8.06	28.46	45.34	101.67	53.76	73.11	35.23	67.12	80.36	27.86	39.32	40.36	73.98	41.88	74.46	62.63	6.08	22.36	8.6	56.89	20.88	64.14	38.91	7.21	7.62	46.86	49.77	14.87	48.08	46.01	31.38	14.21	89.64	52.4	41.79	79.26	59.62	76.84	52.95	44.69	66.37	57.28	75.19	64.38	67.27	67.72	28.43	35.11	62.65	44.29	29.27	55.76	53.24	81.44	35.51	29.97	30.07	78.87	20.12	102.94	36.12	51.89	77.49	39.36	51.62	62.68	37.48	43.14	48.09	56.59	31.91	50.01	69.57	46.96	5.39	63.7	33.54	47.04	45.54	69.23	21.21	20.62	69.97	85.09	87.32	46.14	37.85	25.5	23.6	39.2	8.94	31.4	87.92	53.34	60.41	45.8	26.87	75.72	83.77	38.59	31.58	57.38	21.47	34.71	25.3	33.29	18.03	48.27	53.91	40.79	39.66	39.81	31.0	68.07	71.18	73.38	83.23	31.95	80.78	31.62	45.28	17.09	21.84	25.5	72.5	64.4	14.87	66.19	47.54	37.0	27.51	36.4	77.9	79.4	41.62	45.69	27.51	37.58	27.66	47.43	53.85	79.92	52.95	33.24	56.64	51.62	52.2	39.7	27.73	14.42	39.62	57.43	12.04	24.19	43.0	63.89	71.47	18.97	66.48	47.01	93.19	81.02	42.44	47.71	67.42	77.18	46.04	31.89	39.32	18.03	61.07	25.94	43.83	70.71	36.89	5.0	
92.07	48.02	31.4	68.45	38.83	53.01	55.33	99.18	42.44	64.88	32.14	122.64	27.66	37.44	126.75	107.0	60.42	80.02	48.04	76.24	85.48	76.06	60.37	65.03	57.31	118.07	105.48	64.01	77.7	0.0	44.29	74.3	85.7	113.07	38.01	102.14	89.54	104.31	60.3	69.46	62.39	122.97	50.04	22.67	85.09	58.69	33.84	38.05	103.02	11.66	71.34	104.09	56.08	87.32	111.0	40.52	57.98	43.42	69.07	28.16	73.24	64.85	81.39	77.47	92.85	99.98	49.37	75.0	85.23	77.08	29.73	87.73	58.52	100.5	83.19	77.16	30.68	105.17	81.02	3.61	45.22	31.11	52.89	34.18	48.0	51.92	89.89	48.04	28.0	22.02	86.12	54.59	97.02	45.04	58.26	96.19	38.28	45.97	56.3	66.61	95.59	10.3	82.04	38.0	112.8	44.41	54.2	48.37	28.43	15.23	108.78	120.21	47.54	105.0	50.96	35.36	91.48	66.48	82.1	23.77	109.59	68.26	73.11	28.07	88.39	93.23	7.81	40.8	41.88	123.82	114.06	97.86	72.35	98.48	86.61	107.35	36.24	37.34	48.37	123.42	51.89	32.56	48.84	116.28	107.79	23.19	90.48	93.74	102.47	84.05	60.22	97.08	25.71	74.01	100.81	55.95	105.31	68.54	12.04	52.7	7.28	89.81	94.54	50.29	43.05	89.16	57.01	57.87	71.0	104.58	75.01	36.0	31.83	54.33	58.94	62.77	107.45	2.0	72.45	33.24	64.03	65.37	61.07	105.93	46.87	36.12	57.07	108.75	24.19	30.27	81.5	116.21	67.01	91.02	110.37	48.84	89.31	71.06	47.01	17.0	19.1	96.25	78.11	68.71	39.92	46.67	72.01	40.01	10.3	1.0	123.71	88.65	114.63	89.27	105.17	83.74	46.04	81.34	99.25	80.45	
