240
0.0	77.28	106.55	95.01	97.27	75.96	120.93	59.48	101.18	132.97	93.09	71.25	88.46	99.32	65.37	72.92	72.9	128.5	90.52	103.37	116.85	55.66	123.6	71.51	115.43	96.57	18.25	105.48	81.58	10.05	29.0	9.49	22.02	6.0	118.6	50.61	124.46	35.01	62.2	9.49	57.69	65.6	64.2	100.62	112.79	50.12	83.6	75.93	112.29	139.52	69.57	104.1	127.31	136.56	100.72	100.6	46.14	92.01	127.28	96.61	104.56	112.7	68.88	109.29	101.71	28.64	126.48	5.0	120.1	109.42	57.7	90.14	21.02	107.54	57.8	103.41	110.68	114.28	38.42	77.93	95.52	98.49	106.0	64.29	73.03	85.48	95.57	87.2	87.82	93.09	82.0	68.41	108.47	88.84	131.53	87.09	53.15	51.01	126.49	71.81	106.83	91.01	115.45	113.65	81.5	125.87	50.36	54.71	104.29	108.56	47.17	64.41	112.0	100.57	91.98	104.81	67.91	69.0	44.94	77.16	99.3	18.44	82.28	113.23	88.68	58.86	75.31	89.32	86.98	4.0	92.14	94.53	72.47	128.08	119.82	106.79	114.53	93.0	72.12	65.46	17.12	117.17	100.0	90.43	101.4	111.36	63.41	53.08	47.76	68.03	65.19	133.54	61.03	129.0	84.63	75.43	124.34	106.32	85.88	112.87	122.3	50.36	65.46	75.8	56.29	60.42	78.64	2.24	77.1	86.95	90.93	73.76	102.02	56.72	64.5	13.04	135.79	112.02	111.66	103.04	96.54	110.44	69.18	56.65	70.35	46.1	137.3	84.97	72.99	84.31	129.96	143.63	99.81	117.62	49.04	126.72	61.59	125.26	112.92	114.59	111.45	39.66	109.29	57.04	50.64	90.02	24.76	114.76	151.09	90.92	70.38	42.95	89.45	57.71	116.25	84.85	70.03	96.43	24.08	90.27	129.73	43.46	117.52	84.48	48.01	85.07	88.01	55.58	116.25	100.44	144.59	109.17	72.44	70.06	127.99	79.31	41.4	82.46	110.17	68.36	
77.28	0.0	41.63	111.76	21.1	75.17	48.8	62.63	55.04	64.82	45.18	20.62	11.18	73.68	26.17	41.34	66.71	60.8	89.05	26.25	90.03	70.72	64.26	48.01	85.33	86.35	73.11	29.27	89.2	80.65	77.47	67.9	59.0	76.42	81.15	59.17	75.8	43.66	53.08	82.28	33.29	35.38	15.0	34.01	36.25	33.53	25.0	84.15	45.28	75.8	12.81	78.16	75.71	82.57	107.2	67.68	59.03	20.62	77.28	43.05	75.19	43.83	23.43	50.0	78.11	71.39	62.65	79.63	79.0	34.41	26.4	16.64	61.47	82.01	30.02	105.95	99.81	54.08	54.41	89.81	73.16	22.47	78.59	76.06	12.37	24.7	18.79	38.47	69.77	19.72	101.98	35.61	33.6	32.0	81.58	14.87	48.55	28.18	90.09	6.32	70.71	21.21	44.69	40.36	23.54	76.94	27.2	70.18	27.73	81.49	32.14	62.97	40.36	26.87	95.0	109.86	10.2	93.81	39.29	42.49	22.09	69.86	83.87	75.24	30.02	18.44	28.07	20.25	13.89	76.66	26.93	18.44	37.74	75.19	86.58	63.03	47.17	22.02	77.78	73.0	60.21	94.11	115.43	30.15	33.97	42.44	51.62	25.5	67.54	17.89	87.42	89.45	21.93	61.61	61.27	37.12	59.17	30.53	26.0	86.35	55.76	78.71	55.87	34.44	33.42	77.42	41.63	77.93	43.83	68.88	98.72	79.91	30.53	30.48	26.91	64.76	82.97	37.95	57.07	119.0	48.04	76.94	89.81	68.24	9.22	79.71	72.4	72.72	26.31	33.54	86.28	88.87	66.71	48.6	67.12	54.49	57.38	72.78	41.04	65.38	35.23	43.74	39.66	24.84	34.06	18.44	59.14	37.64	92.61	31.14	70.72	72.62	100.57	61.4	81.5	94.85	17.09	49.09	54.41	25.24	74.33	64.47	73.06	96.9	39.56	13.0	19.21	21.84	39.12	23.41	87.46	38.59	7.21	96.83	77.47	21.21	44.38	55.46	39.05	10.63	
106.55	41.63	0.0	103.37	27.02	68.68	18.44	66.01	25.5	26.42	22.14	62.03	36.5	51.22	41.18	39.12	61.39	21.95	76.48	31.05	61.61	76.01	22.8	45.01	56.04	69.34	96.21	43.68	81.93	112.61	95.8	97.25	84.97	103.75	48.3	68.47	37.48	78.57	56.04	113.74	49.24	42.72	55.23	7.62	28.02	56.44	62.8	79.12	6.08	34.83	40.36	53.76	36.01	41.59	94.15	42.52	71.02	51.01	38.12	15.81	49.5	8.25	37.74	10.44	55.32	90.25	21.4	107.33	44.38	21.1	49.09	47.1	95.9	56.59	48.76	90.97	78.57	13.04	72.42	84.77	53.25	26.08	53.04	76.66	53.85	61.52	30.0	23.0	54.56	48.0	97.72	40.26	20.59	18.03	42.01	48.37	59.23	66.07	56.08	42.72	41.87	53.04	12.65	17.03	62.17	38.33	62.97	76.0	27.2	55.23	60.22	63.2	12.81	19.1	83.19	95.41	45.0	94.54	61.72	36.0	36.35	104.48	75.03	43.57	17.89	54.67	68.68	21.47	27.86	104.66	15.62	42.01	37.48	35.01	55.07	31.4	8.25	52.0	73.98	72.69	90.97	67.01	105.55	16.12	61.52	7.62	54.04	63.25	77.32	59.51	88.96	51.62	62.77	22.47	47.17	34.37	18.38	23.77	20.81	59.03	15.81	87.02	56.04	32.76	74.43	80.31	34.0	106.47	37.01	54.13	88.57	75.43	54.74	71.34	42.06	95.96	42.3	53.49	18.97	108.71	21.47	47.8	89.63	73.01	50.54	90.2	31.83	60.01	67.36	23.54	49.03	47.54	41.87	12.04	76.24	23.02	60.0	33.02	13.6	28.79	45.69	67.08	62.1	64.9	73.82	50.09	83.26	33.02	50.99	15.65	67.27	84.59	91.79	66.01	50.25	87.09	58.69	22.83	87.62	59.08	33.38	76.94	37.7	89.89	59.09	28.64	53.24	58.14	41.34	30.41	45.88	60.17	48.75	97.67	38.05	60.64	65.8	42.72	11.31	51.48	
95.01	111.76	103.37	0.0	118.0	36.88	121.46	50.48	79.38	120.78	81.39	124.04	118.26	55.11	85.63	71.7	45.34	117.44	27.2	125.43	58.42	45.69	102.18	64.54	62.07	36.35	77.1	135.87	22.67	105.0	66.01	92.54	82.98	89.01	72.0	57.25	88.2	102.53	58.9	104.02	79.81	76.38	111.02	103.83	128.28	84.06	134.47	27.66	108.46	117.1	99.09	55.33	93.26	101.02	13.93	63.79	60.01	132.23	91.14	87.66	59.54	111.49	88.39	96.8	52.47	67.36	110.11	91.02	77.03	121.43	87.8	127.99	105.91	55.04	83.41	19.31	37.36	99.62	69.64	22.2	51.66	118.22	57.22	37.59	118.85	134.95	119.02	83.01	48.85	130.83	13.04	76.38	120.57	91.27	93.01	126.59	65.73	107.42	73.55	106.22	67.9	132.97	115.95	119.85	132.44	89.14	102.58	46.62	123.15	57.04	90.05	49.04	115.83	114.28	20.62	16.64	103.59	26.02	81.01	72.2	126.66	109.77	28.84	71.25	93.19	103.47	132.31	104.4	108.71	91.01	100.4	127.48	75.17	95.34	67.19	77.13	109.93	133.65	34.06	39.66	94.73	53.94	5.0	94.87	145.67	110.98	60.21	106.68	52.81	119.04	30.59	86.37	115.12	117.18	56.36	76.84	111.13	121.79	94.63	57.08	112.27	45.54	55.9	79.65	120.77	38.63	73.82	93.0	70.8	49.24	14.87	31.89	141.48	118.6	84.96	97.02	99.01	146.35	91.48	8.25	81.94	65.19	26.68	46.96	113.07	49.16	117.71	43.38	129.53	85.7	84.15	106.04	64.03	114.02	52.2	125.0	54.82	93.54	116.73	85.51	140.6	80.53	150.7	113.02	114.93	130.12	79.08	132.92	116.04	94.34	41.04	53.94	11.66	52.15	68.0	17.03	120.21	80.62	100.17	136.69	99.5	57.87	80.4	14.87	78.03	107.17	130.91	103.46	139.79	123.0	110.0	149.34	113.57	25.08	92.14	129.63	77.82	61.4	114.04	111.83	
97.27	21.1	27.02	118.0	0.0	81.27	28.6	72.62	48.33	45.65	40.5	38.6	11.4	71.85	37.66	46.65	72.95	42.05	92.76	7.62	85.43	81.93	49.25	53.85	80.11	87.78	91.27	18.6	95.44	101.24	94.09	87.8	77.78	95.9	73.68	71.57	64.38	64.47	62.24	102.79	46.53	44.6	36.06	20.4	15.52	50.01	36.69	91.27	28.44	57.94	28.16	75.47	63.03	68.26	111.13	64.14	72.57	24.08	65.12	35.78	71.69	25.96	33.73	37.22	76.28	88.05	45.61	99.25	70.34	13.45	42.0	20.4	82.35	78.89	44.18	108.89	99.4	40.0	70.18	97.1	72.62	1.41	75.29	85.43	31.14	35.17	3.16	36.12	71.42	21.02	109.93	43.46	12.73	27.66	69.03	22.14	60.88	49.24	82.01	25.63	65.31	26.17	25.5	20.0	36.4	65.28	47.93	81.6	7.07	77.9	50.64	71.55	21.02	8.06	99.25	113.15	29.41	103.79	56.01	45.8	9.85	90.8	89.2	68.35	25.5	39.0	43.83	13.6	11.05	96.32	18.6	15.0	43.42	62.0	80.06	55.71	29.83	25.02	85.23	81.84	80.36	90.35	121.04	24.21	34.71	24.74	60.42	46.53	80.52	37.48	97.58	78.52	42.64	42.95	62.94	41.34	41.76	9.43	23.43	82.3	37.95	91.48	63.95	38.59	53.76	87.85	44.2	97.74	47.2	70.71	103.86	87.13	28.16	50.99	38.64	85.07	69.12	29.21	45.54	124.47	42.06	71.59	99.28	79.12	30.0	93.39	54.23	75.74	43.05	32.56	75.8	73.82	63.29	30.08	79.81	34.06	66.71	60.03	21.47	55.11	22.67	61.07	36.25	45.8	55.0	23.35	77.32	18.0	75.96	25.0	78.03	86.68	106.4	71.87	75.03	101.02	36.12	43.42	75.03	32.25	60.13	78.45	63.79	103.47	55.08	13.04	26.68	42.54	22.47	5.0	71.59	34.44	27.8	106.93	65.07	35.34	61.0	57.31	20.25	31.62	
75.96	75.17	68.68	36.88	81.27	0.0	87.09	18.0	47.04	89.2	46.57	88.68	81.39	29.07	49.2	34.83	8.49	85.38	16.12	88.75	43.14	20.59	72.06	27.66	43.42	20.62	58.18	99.02	14.21	85.7	49.93	70.34	57.87	70.38	50.12	27.07	62.64	72.44	23.26	85.44	44.29	39.82	75.66	68.15	92.13	49.98	98.47	10.44	74.22	88.36	62.63	32.45	67.19	76.24	32.65	35.17	31.26	95.52	65.8	52.89	34.89	76.92	51.74	63.64	29.41	47.85	79.03	73.41	53.71	85.43	52.35	91.24	80.4	34.83	47.89	32.57	34.93	67.27	41.11	16.16	24.6	81.54	34.67	13.45	82.93	98.81	82.2	47.01	17.72	94.05	29.15	39.62	84.53	55.01	68.95	89.94	32.02	74.0	55.8	69.81	41.11	96.33	81.32	84.5	96.52	63.89	68.95	21.47	86.61	36.4	56.61	14.32	80.65	77.9	20.62	35.85	67.42	27.07	48.27	35.51	89.81	86.31	8.94	46.62	56.82	68.43	97.13	67.68	71.84	72.24	64.01	90.61	38.29	68.88	48.6	47.38	75.93	96.94	6.32	10.82	69.72	42.2	40.31	58.59	108.98	76.24	24.19	72.8	28.23	83.73	22.8	66.24	80.53	85.29	22.09	40.0	79.23	85.48	57.98	39.62	79.63	29.7	19.72	42.8	87.6	18.44	37.22	74.46	34.13	17.46	23.6	7.0	104.66	85.09	48.6	73.35	74.63	109.48	60.01	43.86	47.85	41.59	22.09	19.31	77.1	34.66	88.09	12.08	94.41	49.24	63.06	82.54	34.93	80.05	26.93	91.22	19.92	66.49	81.6	56.57	103.81	49.37	113.86	78.92	82.28	93.43	53.94	96.65	92.05	58.14	6.0	34.13	25.46	20.0	46.65	19.85	84.72	46.69	73.06	100.26	72.37	32.57	54.41	22.2	44.64	70.29	94.37	68.94	103.25	86.27	85.44	112.49	77.42	30.02	66.76	93.74	46.39	25.96	78.77	76.01	
120.93	48.8	18.44	121.46	28.6	87.09	0.0	84.15	42.54	17.72	40.52	67.2	40.0	68.26	56.32	57.01	79.83	15.03	94.43	27.86	76.37	94.13	28.64	63.2	70.71	86.83	112.09	38.47	100.24	126.13	112.61	111.49	99.96	118.68	61.72	86.09	47.51	90.43	74.03	127.46	65.0	59.54	63.7	21.21	19.1	71.17	64.4	97.53	13.0	31.26	51.97	70.21	44.28	46.32	111.83	59.36	88.36	50.7	46.96	34.21	65.8	10.2	52.5	25.24	72.11	106.89	21.59	122.2	57.01	15.65	63.32	47.85	108.23	72.62	63.89	108.41	95.0	24.04	88.84	103.16	70.71	27.2	69.2	95.04	59.67	62.65	31.62	41.19	72.62	47.54	116.09	57.31	16.12	35.06	49.77	50.12	76.42	76.22	68.24	52.01	57.63	52.92	6.0	8.6	64.41	47.89	74.06	94.09	24.17	71.06	73.82	81.5	8.94	21.93	101.13	112.87	55.22	112.97	76.84	54.15	34.54	116.81	93.3	57.98	34.23	65.22	72.2	31.76	35.61	119.4	29.12	41.63	55.04	42.54	68.77	47.01	11.66	51.26	92.42	91.08	104.65	82.04	123.48	32.25	57.87	11.05	72.03	73.41	95.05	65.95	107.35	60.84	70.71	16.03	65.46	52.01	17.72	20.12	35.9	74.33	13.93	105.02	74.24	50.09	82.07	98.62	52.15	121.08	55.23	72.24	106.62	93.86	50.8	79.21	57.28	109.57	47.8	46.01	32.56	126.57	39.56	63.03	108.06	91.14	57.98	108.02	27.29	78.19	71.56	41.01	59.06	50.36	58.83	7.81	94.02	5.83	78.1	41.59	8.06	41.77	38.0	82.22	56.04	73.59	82.81	50.57	98.67	23.02	50.16	32.14	85.7	102.18	109.93	84.05	64.38	105.34	64.66	40.85	100.34	58.87	39.22	94.34	50.45	108.17	74.73	37.2	54.13	68.82	31.26	29.07	47.04	54.04	55.87	116.1	46.52	63.63	81.32	61.13	10.77	59.41	
59.48	62.63	66.01	50.48	72.62	18.0	84.15	0.0	49.65	89.81	45.4	73.6	70.49	40.46	36.62	27.29	13.42	85.59	34.06	80.23	57.45	10.0	75.0	21.0	56.4	37.85	42.44	89.07	29.15	68.94	36.12	53.14	40.26	54.2	60.83	9.22	69.97	54.59	10.44	68.88	29.7	28.18	60.61	63.51	85.44	33.62	84.29	23.26	72.0	91.76	49.82	45.0	73.82	83.24	49.34	43.42	13.6	83.24	73.06	51.16	46.01	74.06	39.96	63.64	42.44	32.65	80.6	57.45	63.25	79.31	37.54	79.2	62.51	48.26	33.24	50.01	52.61	68.07	23.19	28.3	36.4	73.16	47.01	13.45	68.68	84.9	72.92	43.01	28.6	82.2	39.62	29.15	78.34	49.5	76.85	77.47	15.26	57.27	68.01	56.73	49.82	83.74	78.16	79.91	82.22	71.34	52.33	10.05	78.77	49.41	39.81	5.0	76.53	70.88	37.85	52.89	53.76	31.38	31.02	30.02	80.06	68.66	26.31	56.08	50.8	53.01	81.84	59.46	62.17	55.95	57.49	79.61	29.83	75.13	61.07	52.77	74.01	84.65	17.09	10.82	51.97	57.7	54.71	52.77	96.54	73.11	12.37	56.36	13.6	68.6	25.06	76.58	64.66	85.71	27.2	32.56	79.91	78.45	50.7	53.54	79.4	21.21	10.05	34.93	70.77	15.23	32.02	58.18	29.0	27.8	39.56	19.31	93.01	68.45	35.81	55.79	81.99	99.13	62.36	58.31	47.85	52.33	27.2	7.0	62.97	25.0	90.71	25.5	79.06	43.42	73.11	90.05	42.8	78.0	12.21	89.02	6.08	72.45	77.52	61.74	94.37	31.58	102.2	62.65	65.19	81.06	36.4	89.49	98.84	52.61	12.0	21.1	40.25	2.0	58.0	34.44	69.81	47.07	55.08	87.0	77.88	16.4	62.13	35.85	27.73	60.37	81.47	53.0	95.08	77.47	92.13	101.02	63.64	34.48	73.93	79.4	28.64	27.31	74.55	61.62	
101.18	55.04	25.5	79.38	48.33	47.04	42.54	49.65	0.0	42.19	10.2	75.06	54.57	25.81	40.72	28.28	41.19	38.47	52.2	54.2	37.12	59.2	25.5	30.53	31.78	44.29	87.42	66.65	59.03	108.93	84.12	92.63	79.21	97.19	26.17	55.01	23.85	80.13	41.59	109.6	45.22	36.4	64.78	28.84	53.15	54.08	79.51	57.22	29.68	42.2	47.68	28.28	26.17	35.38	69.32	17.03	58.67	70.34	26.4	12.65	24.08	33.02	39.22	17.46	29.83	79.4	32.0	100.77	24.08	46.1	49.19	65.97	95.44	31.24	46.65	65.86	53.08	20.4	63.41	62.51	28.18	47.85	27.66	57.43	67.01	78.77	50.7	17.46	30.81	67.72	75.13	33.6	45.45	23.09	30.81	66.29	48.6	71.78	35.06	53.15	17.0	72.03	37.44	42.52	78.31	25.24	67.42	59.48	50.77	30.0	60.03	45.61	38.29	41.68	58.87	70.33	53.6	74.0	57.63	24.04	58.18	103.6	51.97	20.4	25.18	61.13	83.0	37.11	43.93	98.49	30.36	62.3	29.21	26.91	32.02	8.0	30.89	71.57	53.0	53.46	87.97	42.19	81.15	25.5	82.54	32.8	39.82	69.26	62.77	71.25	69.12	35.74	72.18	38.33	25.0	26.63	32.25	48.01	29.07	34.13	32.98	70.6	39.92	27.29	83.2	61.81	22.67	100.57	24.08	30.59	64.51	54.04	76.32	80.05	41.15	92.85	34.66	77.03	13.04	84.17	7.0	23.26	69.0	56.32	62.13	74.63	41.44	36.67	81.02	22.36	32.28	42.45	16.4	34.89	61.47	45.69	44.38	24.08	39.05	13.45	69.64	62.37	84.58	73.01	80.65	68.88	76.49	58.14	50.22	24.52	47.17	70.38	68.01	50.33	26.93	63.79	71.11	6.08	86.84	77.67	28.84	63.95	18.68	66.71	53.91	43.57	71.39	63.89	66.22	52.77	43.6	82.76	61.03	77.01	27.02	76.16	60.14	22.56	36.8	62.29	
132.97	64.82	26.42	120.78	45.65	89.2	17.72	89.81	42.19	0.0	44.41	84.06	56.94	65.8	67.6	64.03	83.0	4.47	93.62	45.54	69.64	99.72	19.24	69.05	64.14	84.77	122.38	56.09	101.12	138.97	121.46	123.66	111.36	130.14	54.08	93.39	37.64	104.48	80.41	140.13	75.58	68.71	79.4	32.8	36.67	82.86	81.94	99.41	20.81	14.04	65.95	66.48	33.24	32.25	109.73	57.01	96.3	68.35	36.07	38.83	62.03	21.21	64.14	26.17	68.95	116.06	10.77	133.72	48.83	33.24	75.47	65.39	122.0	68.03	75.18	105.69	90.34	22.0	98.43	104.69	69.12	44.29	65.0	99.05	76.28	80.23	48.76	47.8	72.84	65.19	117.24	66.13	33.62	44.28	37.64	67.54	84.77	91.22	58.8	67.21	53.49	70.58	20.25	26.0	81.86	37.54	88.53	99.85	41.79	66.21	86.53	86.37	24.7	38.28	100.17	110.14	70.01	116.07	88.12	60.42	52.2	130.6	94.05	51.88	44.29	79.93	89.47	45.97	51.09	131.06	41.4	59.24	62.94	31.11	61.03	43.68	18.6	68.95	95.08	95.05	117.35	75.47	122.12	42.54	75.5	22.63	78.45	88.39	101.98	82.42	111.0	49.04	86.68	4.12	67.12	59.77	10.0	37.7	47.17	68.48	10.77	111.02	79.76	58.52	98.23	103.17	58.46	132.88	61.19	72.69	105.99	96.19	68.45	95.27	68.48	122.33	34.13	63.13	29.43	124.92	42.11	57.7	111.07	96.75	74.03	114.59	10.05	78.77	88.68	49.4	48.1	34.79	56.75	16.28	100.81	14.0	84.01	31.24	24.19	35.85	55.23	93.48	73.33	89.27	98.41	68.15	109.59	40.2	33.02	42.06	89.0	109.44	109.66	90.09	57.45	105.72	81.27	43.05	113.81	76.55	26.91	102.11	43.05	108.67	85.43	52.4	71.69	83.49	48.01	46.62	30.81	71.34	72.01	119.1	35.36	80.95	92.14	64.01	25.81	75.29	
93.09	45.18	22.14	81.39	40.5	46.57	40.52	45.4	10.2	44.41	0.0	65.01	45.54	31.4	30.89	20.59	39.46	40.2	54.71	47.01	45.54	55.33	30.89	24.74	40.52	48.27	80.26	59.08	59.81	100.45	78.0	84.29	71.06	89.4	36.01	49.34	33.54	70.49	36.14	101.24	36.12	27.59	54.59	22.8	47.63	44.82	69.87	57.01	27.66	47.42	37.48	34.99	35.23	44.05	72.67	23.71	52.55	61.35	35.85	6.32	31.3	30.36	29.15	18.25	35.81	72.92	35.44	93.01	34.23	40.61	39.45	56.92	86.21	38.47	37.2	69.81	59.03	22.8	56.08	62.64	32.53	40.22	34.89	55.08	57.01	69.23	42.54	7.28	32.76	58.87	75.58	24.76	39.82	13.6	40.31	57.01	41.59	61.68	45.0	43.05	25.71	62.94	34.79	38.47	68.59	34.89	57.38	55.44	43.93	37.58	50.48	42.05	34.44	34.71	61.4	74.2	43.42	72.69	48.8	16.55	50.25	94.49	52.92	30.07	15.81	50.96	73.03	28.23	34.79	90.6	21.95	53.71	20.62	35.61	41.44	18.11	29.43	62.63	51.97	51.09	79.21	50.16	83.73	16.55	73.93	29.73	34.21	59.14	57.72	61.13	67.27	45.88	61.98	40.31	25.08	17.69	34.53	41.73	19.42	42.15	34.06	66.61	35.36	17.8	73.01	59.0	14.76	92.62	17.09	32.25	66.65	53.37	67.98	69.86	31.38	84.15	43.6	69.63	18.6	86.95	3.61	32.02	67.74	52.35	52.04	70.21	45.88	38.01	71.0	12.17	42.45	51.09	22.83	33.54	56.52	44.72	39.62	32.8	35.34	22.83	62.63	53.76	76.54	62.82	70.52	59.77	68.6	52.5	58.05	15.65	45.4	65.25	69.78	45.71	36.35	65.0	61.03	4.12	77.62	68.41	36.77	58.19	28.86	67.78	45.28	34.21	62.1	53.76	60.11	45.22	51.62	74.79	51.0	75.8	36.36	66.37	51.74	20.62	32.65	52.15	
71.25	20.62	62.03	124.04	38.6	88.68	67.2	73.6	75.06	84.06	65.01	0.0	27.2	91.78	40.5	57.57	80.53	80.26	103.75	41.04	108.9	79.98	84.76	63.32	104.48	102.53	72.11	37.58	102.08	72.11	79.16	62.65	57.58	72.01	101.0	67.94	96.34	36.35	65.51	74.06	44.42	49.77	13.04	54.42	51.66	40.36	12.65	96.52	65.31	95.71	28.44	96.51	96.32	103.16	121.31	86.58	66.48	22.14	97.86	63.39	93.9	63.53	39.29	70.6	96.1	73.36	82.76	74.67	99.13	51.86	36.36	21.95	52.09	100.45	40.82	120.75	116.69	74.63	59.2	101.83	90.71	40.0	97.16	86.83	8.25	14.32	35.61	58.01	86.33	24.17	113.07	50.92	51.22	52.24	102.18	18.87	58.41	21.19	110.0	22.02	90.14	20.62	63.81	58.6	10.44	97.49	24.19	79.25	43.86	100.13	35.47	75.17	59.36	45.79	109.18	124.35	22.56	103.28	44.6	59.67	34.83	59.54	97.62	95.01	50.36	20.62	8.54	40.8	34.18	71.7	47.54	28.02	54.12	95.8	106.12	83.05	67.08	22.8	90.14	84.4	54.59	112.61	128.14	50.64	30.15	62.18	64.5	20.12	75.01	5.0	96.94	109.9	10.77	81.12	78.16	54.34	79.16	47.51	46.27	105.08	75.59	85.8	68.96	51.97	17.09	87.11	59.23	72.44	60.88	85.38	112.16	92.36	31.26	15.3	40.85	58.22	103.58	41.77	77.67	131.75	68.07	96.25	99.9	77.99	13.04	85.6	92.18	88.39	6.08	53.01	106.68	109.42	85.59	68.1	74.97	72.62	69.34	93.39	59.91	85.84	43.08	47.2	38.05	14.56	21.1	20.62	59.09	51.4	112.92	51.62	83.53	78.41	113.44	72.01	101.08	107.62	4.12	69.03	47.17	19.03	94.92	70.94	93.34	109.29	46.69	33.53	17.72	21.26	49.65	38.9	107.91	38.0	14.04	106.08	98.06	8.06	49.04	72.53	58.31	13.34	
88.46	11.18	36.5	118.26	11.4	81.39	40.0	70.49	54.57	56.94	45.54	27.2	0.0	76.03	34.0	46.67	72.92	53.24	94.26	15.23	91.08	79.18	59.23	53.76	86.02	90.44	84.02	18.97	95.59	91.76	87.97	79.08	70.03	87.57	80.6	68.03	73.0	54.71	60.46	93.41	42.15	42.44	25.5	29.15	25.55	43.74	26.31	90.91	38.9	68.94	21.84	80.11	72.17	78.09	112.61	69.08	68.35	15.81	74.06	41.98	76.69	36.77	30.53	46.1	80.5	81.88	56.3	90.8	77.78	24.76	36.14	11.4	72.45	83.77	39.22	110.89	103.08	49.5	64.54	96.67	76.16	12.81	80.23	83.76	19.8	25.08	8.49	39.81	73.82	13.42	109.2	42.01	24.08	31.95	78.16	12.0	57.27	39.0	89.27	17.0	71.17	17.46	36.72	31.4	25.71	74.01	38.33	78.71	17.2	83.01	43.01	70.21	32.25	18.79	100.5	114.98	21.0	101.87	49.65	46.86	11.0	80.78	89.81	74.95	29.73	29.61	32.7	17.46	10.77	87.82	24.33	9.22	43.14	71.34	86.59	62.37	40.5	17.09	84.65	80.45	71.39	95.63	121.66	29.12	28.65	35.47	58.82	36.4	76.69	26.17	95.52	87.02	31.62	54.12	65.22	41.77	52.55	20.52	26.4	87.66	48.85	87.85	62.8	38.95	42.52	85.59	45.61	89.11	48.27	73.01	104.65	86.68	23.43	39.82	34.89	75.93	78.77	28.65	54.0	125.18	47.8	77.49	97.64	76.54	19.24	89.2	65.31	77.47	31.76	35.36	84.1	83.95	68.15	41.15	76.16	45.45	64.9	69.18	32.76	63.13	24.74	54.33	32.56	34.99	44.1	14.32	70.03	26.57	86.65	30.08	77.47	82.22	106.83	69.46	81.49	101.24	24.76	49.04	65.52	23.19	69.87	74.0	71.45	103.48	49.48	11.66	17.03	32.98	28.02	12.53	82.01	31.11	17.0	104.96	74.11	24.35	54.74	59.41	31.3	21.02	
99.32	73.68	51.22	55.11	71.85	29.07	68.26	40.46	25.81	65.8	31.4	91.78	76.03	0.0	52.15	35.01	27.59	62.63	28.16	78.41	18.44	47.51	47.07	31.4	16.12	18.97	82.8	90.44	37.22	108.41	76.38	92.18	78.71	94.3	21.1	48.83	34.37	86.88	37.58	108.56	52.24	44.01	79.76	53.76	78.49	60.67	98.67	37.36	55.47	62.2	63.35	5.1	39.2	47.85	44.01	8.94	53.25	91.71	37.48	36.8	5.83	58.82	52.61	43.05	4.47	73.11	55.08	97.65	24.7	71.42	59.01	87.24	99.02	9.06	55.08	40.25	27.66	45.19	61.29	41.59	4.47	71.61	6.71	42.19	84.4	98.35	73.78	36.24	12.04	89.44	53.04	42.01	70.71	44.42	40.26	86.93	47.54	83.02	27.59	70.09	13.0	93.11	63.25	68.25	97.12	35.51	78.06	48.17	75.29	9.49	67.6	35.47	64.03	66.07	34.53	44.72	69.23	55.08	61.85	32.25	81.54	106.23	30.41	17.72	46.65	74.17	100.22	59.17	65.3	95.96	53.25	84.6	38.12	41.11	20.62	22.14	56.6	93.04	35.34	38.83	89.55	21.02	56.32	47.71	104.66	58.6	36.77	81.0	53.76	87.3	51.62	37.22	86.37	62.3	15.52	37.48	56.3	72.92	49.65	14.32	57.78	58.01	34.0	39.81	96.02	47.17	32.56	98.18	31.14	12.73	40.45	35.47	98.98	93.05	52.09	93.94	46.1	101.02	36.77	59.14	30.41	12.53	50.29	45.28	78.85	62.8	62.65	17.0	97.86	40.72	34.0	53.85	9.43	60.54	52.35	71.12	37.74	39.01	64.82	30.41	94.02	65.15	107.7	86.09	92.05	89.96	75.18	83.44	63.56	46.87	32.2	60.83	44.28	42.01	17.8	41.0	87.66	29.0	90.76	98.23	45.01	56.85	26.17	44.0	57.72	64.4	91.92	76.03	91.29	76.61	57.07	106.0	78.34	57.72	38.47	94.64	62.3	20.02	62.48	78.45	
65.37	26.17	41.18	85.63	37.66	49.2	56.32	36.62	40.72	67.6	30.89	40.5	34.0	52.15	0.0	17.26	40.8	63.13	63.63	45.12	70.0	45.18	59.4	22.85	66.12	62.03	55.79	52.8	63.13	71.61	57.08	56.08	43.86	62.65	64.54	34.18	64.41	39.66	26.91	72.67	9.0	9.43	27.89	35.47	52.09	15.26	49.4	58.0	46.96	74.65	13.45	57.08	66.04	74.63	81.54	48.17	34.93	46.75	66.73	32.65	55.01	47.54	4.0	44.6	56.32	51.16	61.4	66.21	63.89	47.04	8.6	42.64	55.9	61.07	7.62	80.62	76.24	49.58	33.06	63.64	50.64	38.47	58.01	50.0	34.0	49.65	37.36	23.85	45.88	45.61	75.82	10.44	46.04	23.6	71.2	41.04	23.41	31.58	73.55	20.62	52.77	47.38	50.6	49.82	47.51	65.76	26.93	44.72	44.41	61.01	19.85	36.8	47.54	38.01	69.34	84.38	18.36	67.96	20.62	20.0	44.01	64.35	58.01	58.46	23.32	22.02	49.04	26.02	26.68	63.51	27.2	43.05	14.04	66.29	68.59	48.1	49.19	48.17	51.62	46.86	50.0	73.17	89.38	25.06	60.14	46.24	25.46	29.27	43.01	35.74	61.59	76.32	34.23	63.63	37.85	15.13	59.08	45.04	20.62	66.01	56.94	54.08	29.73	13.6	44.05	51.62	20.1	65.3	21.02	44.92	72.8	53.76	56.4	41.01	1.0	55.0	74.33	62.65	48.41	92.96	34.48	58.42	63.82	42.54	28.18	55.79	72.2	47.93	46.49	19.85	72.8	81.61	47.17	52.39	42.38	61.98	31.24	63.51	48.51	53.71	58.31	26.0	65.6	34.0	40.61	44.6	42.38	55.44	87.86	25.55	44.6	49.03	74.52	35.51	63.79	68.77	36.4	34.89	47.38	51.09	67.01	40.79	59.24	70.77	18.44	24.74	45.28	24.08	59.91	42.2	81.69	64.4	28.3	71.02	67.23	44.78	25.0	32.39	45.61	27.31	
72.92	41.34	39.12	71.7	46.65	34.83	57.01	27.29	28.28	64.03	20.59	57.57	46.67	35.01	17.26	0.0	26.4	59.67	47.8	54.2	53.08	37.22	51.48	7.21	49.5	45.19	59.68	64.2	49.04	80.66	57.58	64.35	50.93	69.03	49.04	29.43	51.86	53.49	17.03	81.32	18.03	9.22	45.12	36.22	58.52	26.93	65.74	44.65	45.18	67.98	29.55	40.0	54.45	63.66	66.07	31.78	32.28	61.22	54.56	25.3	38.21	47.01	18.38	38.28	39.12	52.39	55.71	72.62	49.19	52.2	24.08	56.85	67.74	44.0	20.4	64.64	59.14	43.08	35.51	50.48	33.38	47.01	41.05	39.22	50.7	65.76	47.43	16.28	28.79	59.55	63.29	7.0	51.24	22.2	58.9	55.8	21.02	48.09	57.87	36.67	37.0	62.2	51.01	52.61	63.98	53.26	43.19	37.12	52.33	44.05	33.53	25.3	49.25	44.01	53.91	68.6	35.11	57.58	29.68	4.24	55.0	75.72	43.14	43.08	23.54	39.2	66.1	33.12	37.01	70.29	30.36	55.87	3.61	55.17	52.39	34.41	47.27	62.63	38.59	35.47	59.82	56.04	75.01	25.5	74.65	46.0	15.03	46.01	38.21	52.89	51.55	62.27	51.48	59.91	20.62	5.39	54.41	51.62	23.77	49.04	53.37	48.01	17.72	8.06	61.01	42.2	5.83	72.35	4.47	27.86	57.98	40.5	70.04	58.03	17.12	64.66	62.94	74.65	39.12	78.52	23.85	42.2	52.92	34.23	44.94	51.09	66.31	31.38	63.6	16.12	58.67	70.72	30.81	51.16	37.12	62.03	21.21	52.35	50.25	41.73	69.07	34.21	79.21	51.09	57.14	59.2	48.27	62.77	78.24	25.32	31.38	45.54	60.21	27.07	47.8	54.67	53.45	23.6	59.17	66.57	56.85	38.08	45.49	57.01	25.81	35.47	60.46	41.01	68.88	51.62	71.7	77.78	44.78	60.75	55.23	61.33	31.89	15.13	47.27	44.27	
72.9	66.71	61.39	45.34	72.95	8.49	79.83	13.42	41.19	83.0	39.46	80.53	72.92	27.59	40.8	26.4	0.0	79.03	23.41	80.45	44.1	20.0	66.61	19.21	43.28	25.08	55.76	90.6	22.67	82.35	48.84	66.48	53.45	67.6	48.41	22.47	59.09	66.03	15.52	82.29	36.25	31.4	67.54	60.41	84.1	42.45	90.14	18.36	67.08	83.19	54.2	31.89	63.32	72.62	40.82	31.76	26.93	87.05	62.24	45.71	33.3	69.63	43.28	57.08	29.21	45.8	73.11	70.83	51.31	77.47	44.28	82.76	75.31	35.0	39.81	40.31	40.05	61.0	36.14	24.19	23.35	73.25	33.97	16.28	74.63	90.44	73.82	39.22	15.56	85.56	37.12	31.14	76.56	47.01	65.74	81.47	25.08	66.48	55.15	61.4	38.08	87.86	73.98	76.84	88.2	60.42	61.4	20.62	78.39	36.24	49.24	8.54	73.08	69.77	28.65	43.83	59.08	33.24	41.3	27.29	81.4	81.74	17.2	44.1	48.75	60.42	89.01	59.36	63.41	69.35	55.9	82.13	29.83	64.85	48.1	42.72	68.88	88.46	12.65	12.37	65.0	44.28	48.8	50.57	100.5	68.88	16.16	65.15	26.25	75.59	28.0	64.4	72.62	79.01	16.49	31.62	73.0	77.37	49.74	40.22	73.11	30.89	11.7	34.41	80.08	20.88	29.07	71.59	25.94	14.87	32.02	14.32	96.18	77.49	40.22	68.96	71.18	101.04	54.23	52.35	41.11	39.82	28.28	17.69	68.8	35.51	82.61	12.08	86.31	41.15	61.03	79.2	31.3	72.99	24.84	84.17	13.0	62.3	74.04	51.92	95.44	43.0	105.38	71.17	74.95	84.96	49.65	88.55	88.39	50.16	6.0	33.24	33.94	15.23	45.34	28.32	76.54	40.05	67.6	91.83	68.01	29.68	50.99	30.61	37.48	61.85	85.91	61.1	95.02	77.94	81.71	104.0	69.07	36.35	63.16	85.44	40.0	19.03	71.17	67.74	
128.5	60.8	21.95	117.44	42.05	85.38	15.03	85.59	38.47	4.47	40.2	80.26	53.24	62.63	63.13	59.67	79.03	0.0	90.25	42.45	67.42	95.52	17.03	64.78	61.85	81.6	117.92	53.46	97.49	134.53	117.05	119.2	106.89	125.67	52.01	89.05	36.07	100.12	76.12	135.68	71.11	64.26	75.29	28.43	34.13	78.39	78.55	95.63	16.4	16.28	61.62	63.56	32.02	32.31	106.63	53.76	91.92	65.15	34.83	34.53	59.09	17.03	59.68	22.02	65.92	111.63	8.49	129.25	46.86	30.08	71.02	62.03	117.61	65.3	70.71	102.69	87.71	18.11	93.98	100.98	65.8	40.72	62.17	95.01	72.4	76.9	45.19	43.42	69.23	61.98	113.6	61.68	30.36	39.81	36.89	64.08	80.36	86.98	57.28	63.03	50.57	67.36	16.55	22.8	78.39	36.12	84.22	95.63	38.6	63.53	82.1	82.22	21.02	34.48	96.84	107.15	65.76	112.16	83.65	56.09	49.04	126.21	90.43	49.4	39.82	75.66	85.87	41.73	47.01	126.59	37.01	55.97	58.52	30.0	59.03	40.5	14.21	65.8	91.2	91.01	112.9	73.24	118.9	38.08	72.84	18.44	74.15	84.15	97.67	78.49	107.02	48.26	82.62	1.0	63.29	55.36	6.32	34.48	42.72	66.04	6.32	106.79	75.54	54.08	94.2	99.08	54.13	128.41	56.89	69.05	102.62	92.35	65.76	91.21	64.01	117.89	34.01	61.0	25.96	121.76	38.01	55.07	107.17	92.54	70.0	110.32	12.37	75.13	85.0	44.94	47.01	35.69	53.45	12.21	96.51	12.65	79.76	29.73	20.62	33.12	53.01	89.01	71.06	85.15	94.26	64.85	105.12	38.0	35.13	37.59	85.02	105.12	106.23	85.84	55.22	102.18	77.39	39.0	109.4	73.38	26.08	97.74	40.8	105.12	80.96	48.27	68.35	79.21	46.1	43.32	32.14	69.07	68.01	115.21	34.21	77.39	87.66	60.01	21.95	71.22	
90.52	89.05	76.48	27.2	92.76	16.12	94.43	34.06	52.2	93.62	54.71	103.75	94.26	28.16	63.63	47.8	23.41	90.25	0.0	100.0	35.34	34.93	75.13	41.05	37.64	10.44	72.42	111.04	11.4	100.42	63.16	85.51	73.44	84.77	46.69	43.0	62.03	88.57	38.9	100.0	59.62	54.2	90.8	77.39	102.08	65.8	113.02	15.26	81.44	90.35	76.85	29.07	67.01	75.24	18.38	36.67	47.04	109.02	65.07	60.9	33.0	84.53	65.73	69.64	26.02	61.98	82.98	87.6	51.35	95.13	67.62	104.64	96.19	29.61	63.16	17.0	20.59	72.42	57.01	16.4	24.52	92.85	31.14	26.25	97.62	113.21	94.07	57.01	21.95	107.3	25.5	53.54	94.3	65.44	67.36	103.6	48.05	89.84	49.98	84.06	41.11	110.0	89.0	93.15	111.14	63.07	84.77	35.9	97.45	31.58	72.53	30.41	89.07	88.41	6.71	20.81	81.99	30.81	64.33	47.42	101.83	101.83	8.25	45.04	67.48	83.77	112.26	79.25	84.17	86.68	74.65	103.39	51.4	69.0	43.01	50.01	82.86	110.42	18.44	25.32	85.38	32.45	29.07	69.03	122.44	84.08	39.56	88.54	42.95	98.84	29.73	62.1	96.01	89.99	30.0	52.5	83.93	95.8	69.35	32.89	85.07	41.59	35.11	55.32	103.45	30.46	48.8	88.89	46.01	22.47	12.37	16.76	117.69	100.88	63.13	88.81	73.33	121.63	64.29	32.25	55.01	39.12	26.91	34.37	91.79	46.53	90.8	17.03	109.59	60.21	59.44	80.75	36.88	86.93	41.77	97.86	35.9	67.03	89.94	58.55	115.43	65.49	126.81	94.58	98.23	107.0	69.46	106.83	90.67	68.41	22.09	47.76	16.12	36.06	42.76	13.34	99.73	53.67	89.01	114.28	73.03	47.68	54.0	16.28	60.64	82.81	108.23	84.5	114.02	97.74	84.38	125.32	91.92	32.76	66.07	108.41	62.51	35.47	87.32	90.82	
103.37	26.25	31.05	125.43	7.62	88.75	27.86	80.23	54.2	45.54	47.01	41.04	15.23	78.41	45.12	54.2	80.45	42.45	100.0	0.0	91.3	89.54	52.04	61.4	85.88	94.76	98.08	12.65	102.9	106.9	101.24	93.94	84.38	102.26	78.92	79.12	68.45	69.89	69.86	108.52	53.94	52.2	40.72	25.5	10.63	57.04	36.72	98.79	31.06	58.69	35.0	81.84	66.61	71.01	118.34	70.46	80.05	22.85	68.88	41.88	77.94	28.0	41.23	41.48	82.8	95.19	47.27	105.55	75.27	12.37	49.09	20.25	87.66	85.15	51.48	116.0	106.04	43.57	77.41	104.62	79.4	7.21	81.54	93.04	34.41	34.89	8.0	43.14	78.52	19.7	117.48	51.08	12.17	34.66	72.56	22.8	68.41	54.23	86.98	31.58	71.2	25.08	26.31	19.65	36.89	69.23	53.45	89.2	4.0	84.06	57.22	79.16	22.09	12.53	106.53	120.28	35.51	111.4	63.03	53.25	6.71	96.01	96.61	73.82	32.56	44.64	45.0	21.1	18.44	102.59	25.46	13.89	51.0	65.38	85.49	61.27	32.0	23.41	92.78	89.44	86.35	96.38	128.41	31.11	31.0	27.02	68.03	51.62	88.06	40.8	105.19	82.57	46.65	43.42	70.09	48.88	43.29	8.06	30.81	88.32	39.32	99.04	71.55	46.14	57.2	95.46	51.61	103.94	54.64	77.83	111.21	94.67	24.02	54.64	46.1	90.96	72.06	22.83	50.0	131.82	48.26	77.41	106.89	86.73	34.44	100.9	54.82	82.98	44.69	39.82	80.05	76.11	69.63	31.26	87.36	32.65	74.32	63.64	22.2	59.77	15.62	68.0	31.05	50.12	59.17	22.83	84.1	11.4	77.28	31.83	85.59	94.15	113.81	79.48	80.53	108.47	39.2	49.65	80.65	31.02	63.07	85.91	68.62	110.94	62.29	20.4	26.42	48.08	14.87	3.0	73.44	29.12	32.2	114.54	68.73	36.4	68.07	64.54	22.0	36.25	
116.85	90.03	61.61	58.42	85.43	43.14	76.37	57.45	37.12	69.64	45.54	108.9	91.08	18.44	70.0	53.08	44.1	67.42	35.34	91.3	0.0	63.25	50.48	49.82	5.66	25.06	99.86	103.77	46.53	126.13	92.62	110.02	96.66	111.65	15.65	66.24	32.7	105.32	55.71	126.18	70.58	62.2	97.25	65.86	89.63	79.08	114.98	48.83	64.54	62.39	80.5	13.34	37.7	43.93	45.04	22.36	70.71	106.89	35.11	49.66	15.03	68.12	70.11	51.86	15.23	89.87	59.08	114.91	21.02	82.66	77.16	102.46	117.32	9.49	73.33	40.0	22.2	52.33	79.2	51.48	21.54	84.97	12.04	56.57	101.27	114.48	87.73	51.66	29.07	104.4	60.41	60.07	82.1	59.14	35.9	102.49	65.79	101.18	15.13	86.98	20.12	108.47	72.25	78.24	113.56	33.24	96.25	64.03	87.82	9.06	85.99	52.48	74.03	78.77	39.85	44.05	86.47	65.86	80.28	50.0	95.27	124.42	41.05	18.38	61.35	92.01	117.24	73.74	80.32	113.37	67.23	99.16	56.01	39.92	9.22	30.23	65.12	108.17	48.84	53.81	107.7	5.83	58.03	62.03	119.4	68.25	55.03	99.08	70.21	104.58	63.82	28.02	104.08	66.85	33.96	55.04	61.4	84.91	64.85	4.12	63.89	72.84	52.0	57.14	114.02	61.52	50.04	115.6	49.01	29.97	45.61	48.27	113.32	111.0	70.01	112.0	41.77	114.13	43.86	60.01	43.46	13.89	61.59	61.4	95.89	77.79	63.98	32.2	114.98	56.52	26.08	48.17	23.35	68.59	68.82	77.99	55.46	38.91	74.65	34.71	106.68	83.52	121.67	104.0	110.22	105.3	93.04	94.63	58.14	61.1	47.63	76.84	49.73	59.17	12.21	48.47	104.81	42.15	109.11	113.89	44.38	73.78	26.63	51.26	76.16	79.7	107.56	94.02	102.9	89.89	52.47	119.87	95.19	68.0	36.06	111.2	80.65	38.33	72.8	95.63	
55.66	70.72	76.01	45.69	81.93	20.59	94.13	10.0	59.2	99.72	55.33	79.98	79.18	47.51	45.18	37.22	20.0	95.52	34.93	89.54	63.25	0.0	84.65	31.0	62.94	41.15	37.7	97.94	27.02	65.52	29.41	50.64	39.0	49.98	68.41	12.04	78.71	56.92	20.22	65.15	37.44	37.34	67.18	73.44	95.08	39.62	91.24	21.0	82.0	101.39	57.98	51.62	82.76	92.14	47.27	51.62	14.32	91.26	81.84	61.13	53.26	84.05	48.75	73.55	48.8	27.31	90.43	52.92	71.28	89.05	44.82	87.37	62.03	54.49	40.8	49.0	55.03	77.93	24.04	24.52	43.19	82.54	53.76	9.0	75.74	92.02	82.08	53.01	35.47	90.43	33.62	38.6	88.07	59.41	85.48	85.45	22.2	62.13	75.01	64.64	57.98	91.61	88.14	89.81	89.11	80.06	57.43	1.0	88.23	55.87	45.0	13.6	86.47	80.52	37.05	51.16	61.4	23.35	35.81	40.01	89.05	67.19	26.68	64.07	60.67	59.41	87.97	68.96	71.31	51.87	67.27	88.19	39.62	84.17	67.9	61.85	84.01	92.66	16.49	9.85	51.0	62.68	50.33	62.65	104.4	83.1	22.2	61.61	8.06	75.01	16.97	84.4	70.43	95.63	35.78	42.43	89.81	88.06	60.42	59.55	89.36	11.4	20.02	44.72	75.29	7.21	42.01	54.08	39.0	34.83	37.22	18.25	101.24	73.25	44.29	54.15	90.79	107.82	72.03	53.85	57.71	59.82	20.0	3.0	70.18	15.65	100.44	31.14	85.15	53.34	81.02	98.84	51.11	88.0	7.0	99.02	16.03	81.54	87.46	70.94	103.37	34.89	110.39	68.01	69.35	89.05	35.0	99.04	107.84	62.51	15.62	13.6	36.88	10.2	65.3	31.4	76.38	56.89	55.44	94.49	87.09	13.0	70.71	32.02	33.3	69.46	89.2	58.9	104.4	86.73	101.13	109.29	71.06	26.25	82.73	86.28	32.25	36.69	84.48	68.68	
123.6	64.26	22.8	102.18	49.25	72.06	28.64	75.0	25.5	19.24	30.89	84.76	59.23	47.07	59.4	51.48	66.61	17.03	75.13	52.04	50.48	84.65	0.0	55.15	44.94	65.97	111.14	64.28	83.22	130.6	108.75	114.63	101.61	120.1	35.0	79.85	19.21	98.6	66.48	131.5	66.07	58.01	77.37	30.36	46.1	74.33	85.51	82.0	21.0	16.76	61.59	47.43	15.65	19.03	90.8	38.47	83.26	73.33	18.36	27.02	43.01	24.08	56.64	15.0	50.0	103.75	8.6	123.71	29.83	40.31	67.9	69.58	115.28	48.85	66.53	86.65	71.11	10.3	86.95	87.05	50.64	48.17	45.88	82.87	76.55	84.17	52.35	36.4	55.04	70.26	99.32	55.22	40.2	36.24	21.19	71.02	72.47	87.37	40.36	64.85	34.48	75.43	26.68	33.73	84.93	19.42	83.82	84.9	48.04	47.01	79.21	71.06	30.27	41.19	81.58	91.08	66.73	99.13	78.87	47.41	58.01	123.75	76.16	32.65	37.2	76.01	91.48	44.01	50.6	121.25	37.58	64.2	51.31	13.93	42.01	25.18	20.1	74.24	78.16	78.92	109.12	56.3	103.32	36.06	83.02	25.02	64.62	84.6	87.92	82.08	94.43	32.2	84.97	16.4	50.25	48.26	11.4	44.1	41.05	49.24	14.76	96.05	65.15	47.8	96.6	87.3	45.65	123.22	47.85	55.01	87.48	79.06	76.06	93.48	60.11	114.11	20.02	73.16	12.65	106.04	27.73	38.48	94.13	81.74	73.01	100.0	16.03	61.03	90.14	39.62	30.53	24.74	38.33	21.84	86.65	28.6	69.57	13.04	30.41	16.76	65.12	84.02	82.61	86.83	95.52	72.56	99.3	50.7	28.84	35.23	72.56	95.52	91.24	75.58	38.28	87.57	81.34	28.23	106.78	81.5	11.05	88.77	23.85	90.55	75.6	51.26	75.8	79.32	59.2	52.01	23.26	80.62	71.31	102.08	17.89	83.43	82.2	48.05	30.07	73.82	
71.51	48.01	45.01	64.54	53.85	27.66	63.2	21.0	30.53	69.05	24.74	63.32	53.76	31.4	22.85	7.21	19.21	64.78	41.05	61.4	49.82	31.0	55.15	0.0	46.84	39.22	57.01	71.4	41.87	79.81	53.67	63.41	49.82	67.18	47.89	24.7	53.08	55.54	11.4	80.28	21.0	13.6	50.6	42.76	65.55	29.27	72.07	37.44	51.0	71.87	35.85	36.5	56.22	65.6	59.2	29.97	28.18	68.12	55.97	30.27	35.44	53.08	24.7	42.95	35.13	48.88	60.17	70.72	48.83	59.14	28.28	63.78	68.45	40.45	24.08	57.98	53.6	47.54	33.24	43.27	29.02	54.2	37.85	32.28	56.8	72.2	54.64	22.02	23.35	66.53	56.08	12.53	58.19	28.86	60.14	62.63	18.38	52.09	56.36	43.05	35.85	69.03	57.22	59.23	70.24	54.49	47.04	31.02	59.48	40.79	36.22	18.44	55.73	51.08	47.01	61.85	41.15	50.6	30.68	9.06	62.2	76.06	36.07	42.19	30.36	44.15	71.87	40.31	44.2	68.59	37.34	62.97	10.63	57.2	50.33	35.38	53.01	69.53	31.38	28.46	59.68	52.15	67.9	32.28	81.57	52.15	9.49	50.25	32.98	58.52	44.64	62.2	56.52	64.94	16.03	12.53	59.23	58.69	30.87	45.71	58.55	42.11	11.05	15.26	65.38	35.51	11.05	70.72	8.0	22.36	50.93	33.29	77.08	62.51	22.47	64.35	64.66	81.84	42.54	71.42	27.51	40.31	45.88	28.0	50.99	45.54	70.52	25.08	69.29	22.8	58.6	72.62	29.07	57.0	31.78	68.03	15.03	54.41	56.72	43.6	76.28	34.44	86.27	55.73	61.03	66.07	46.75	69.86	80.71	32.02	24.19	40.52	53.08	21.1	46.1	47.51	59.24	26.93	60.01	73.24	59.36	33.62	46.01	49.82	26.57	42.64	67.2	45.54	76.06	58.83	74.06	84.86	51.0	53.76	56.73	67.54	31.76	11.7	53.76	50.16	
115.43	85.33	56.04	62.07	80.11	43.42	70.71	56.4	31.78	64.14	40.52	104.48	86.02	16.12	66.12	49.5	43.28	61.85	37.64	85.88	5.66	62.94	44.94	46.84	0.0	27.2	98.81	98.39	48.47	124.53	92.1	108.3	94.83	110.39	10.44	64.9	27.51	102.36	53.67	124.68	67.27	58.69	93.05	60.42	84.05	75.93	110.22	50.12	58.9	57.25	76.16	11.4	32.57	39.32	49.04	18.0	69.34	101.83	30.08	44.38	11.4	62.48	66.0	46.23	14.14	89.02	53.54	113.72	15.81	77.1	73.55	97.42	114.95	8.6	69.87	44.18	26.93	46.67	77.41	53.31	20.0	79.62	9.43	56.85	96.75	109.66	82.46	46.87	27.8	99.3	63.06	56.44	76.55	54.12	31.26	97.53	63.56	97.51	12.53	82.49	14.87	103.45	66.6	72.62	108.85	28.16	92.66	63.66	82.37	7.07	82.76	51.4	68.41	73.36	42.76	48.37	82.15	67.54	77.49	46.17	89.96	122.25	42.49	12.73	56.32	88.05	112.75	68.62	75.29	112.06	62.03	93.98	52.24	34.79	5.39	24.7	59.46	103.09	49.41	53.81	105.6	11.4	62.03	56.92	114.23	62.63	52.8	95.34	69.53	100.24	65.0	24.52	100.0	61.29	31.38	51.04	55.8	79.4	59.91	5.0	58.26	73.0	50.12	53.0	110.16	61.85	46.04	114.28	45.28	28.6	48.66	49.09	108.08	107.12	66.19	110.02	37.22	108.71	38.21	64.2	38.28	8.54	63.06	60.88	91.44	77.9	58.69	31.83	110.55	51.79	22.09	44.0	19.0	62.94	68.12	72.35	53.85	33.62	69.03	29.07	101.21	80.99	116.36	100.08	106.57	100.28	91.3	89.05	54.0	55.97	47.38	76.42	52.77	58.01	6.71	50.96	100.4	37.0	106.63	108.93	39.22	72.8	21.1	53.85	73.38	74.73	102.62	90.2	97.35	84.53	48.09	114.54	90.67	69.86	31.05	106.53	78.19	35.17	67.2	91.27	
96.57	86.35	69.34	36.35	87.78	20.62	86.83	37.85	44.29	84.77	48.27	102.53	90.44	18.97	62.03	45.19	25.08	81.6	10.44	94.76	25.06	41.15	65.97	39.22	27.2	0.0	78.79	106.3	21.47	106.28	70.33	90.8	78.1	91.0	36.35	47.07	52.01	91.0	40.05	106.04	59.44	52.81	89.81	71.06	95.9	66.61	110.92	24.08	73.93	80.75	74.73	19.03	57.04	65.07	25.08	27.86	51.42	105.69	55.0	54.2	23.19	77.18	63.56	61.72	16.12	68.45	74.04	94.02	41.11	88.87	67.19	101.24	100.28	19.24	62.82	21.63	15.0	64.08	61.0	26.42	16.12	87.73	21.0	33.29	95.85	110.91	89.38	51.66	16.64	103.73	35.9	51.62	88.09	60.14	57.14	100.5	50.0	90.43	39.56	81.86	31.58	106.85	81.63	86.27	109.17	53.0	85.33	42.05	91.93	21.21	73.55	33.38	82.1	82.76	16.0	26.08	80.23	40.82	66.07	43.91	97.19	106.51	16.28	35.01	62.29	83.24	111.07	74.52	80.0	92.85	69.31	99.4	48.75	59.08	32.57	41.11	75.18	107.07	25.24	31.3	89.82	22.67	37.36	63.66	118.98	76.85	40.2	88.84	48.85	97.74	39.05	51.66	95.6	81.27	25.24	49.24	75.27	89.94	64.66	22.47	76.69	49.41	36.06	51.97	103.94	38.01	44.94	95.08	42.54	17.49	22.0	24.21	113.81	101.2	61.68	93.62	63.13	116.93	55.71	40.16	48.01	29.0	36.62	39.92	90.08	54.41	81.39	14.32	108.5	55.44	49.03	70.46	28.23	79.18	47.54	89.9	38.05	57.22	82.93	49.24	110.34	68.03	122.8	94.59	99.14	103.77	74.22	100.77	80.4	62.94	26.25	54.59	26.02	39.81	32.39	23.77	98.43	46.62	92.66	111.51	63.2	53.14	44.1	26.68	62.13	78.82	105.31	84.4	108.3	92.7	74.17	121.21	89.96	42.94	56.0	106.51	65.03	31.06	80.45	89.32	
18.25	73.11	96.21	77.1	91.27	58.18	112.09	42.44	87.42	122.38	80.26	72.11	84.02	82.8	55.79	59.68	55.76	117.92	72.42	98.08	99.86	37.7	111.14	57.01	98.81	78.79	0.0	102.31	63.35	28.28	11.4	16.16	14.56	12.37	102.73	34.06	109.99	37.22	46.69	27.66	47.13	53.71	62.37	91.09	106.57	41.44	84.76	57.72	102.18	127.53	63.13	87.42	113.23	122.61	82.49	84.9	29.73	90.61	112.93	84.53	88.24	103.09	59.67	97.49	84.88	10.44	114.93	15.23	104.66	102.26	49.5	87.97	31.38	90.7	48.27	85.16	92.7	102.42	24.19	59.68	78.82	92.35	89.4	46.17	71.81	86.33	90.09	75.13	71.03	91.08	64.07	56.36	101.27	78.19	117.03	85.16	38.83	50.92	110.26	67.03	91.24	90.03	106.32	105.54	82.54	111.4	48.51	36.77	98.33	91.84	41.01	47.43	103.32	93.21	73.76	86.58	63.03	51.09	35.51	63.81	95.02	33.24	64.2	97.62	78.43	55.58	77.88	81.39	80.4	14.32	82.97	91.35	59.94	114.2	103.41	92.31	104.4	91.78	54.08	47.54	21.26	99.85	82.1	80.32	101.65	101.83	48.17	52.2	29.97	68.01	47.04	118.11	61.35	118.31	68.68	63.06	113.22	99.72	76.24	95.96	111.62	32.14	49.52	63.98	60.03	42.2	65.51	16.49	63.51	70.21	72.69	55.66	101.0	59.48	54.82	21.47	121.66	110.17	98.79	85.21	83.53	94.37	51.04	38.91	67.9	28.0	125.67	67.74	75.24	73.01	114.56	129.63	84.17	107.84	31.3	117.72	45.34	111.4	104.29	100.6	108.3	30.27	109.14	57.58	53.71	88.46	14.0	109.22	137.64	80.65	52.77	24.74	71.25	40.8	100.12	66.61	69.92	83.22	29.0	90.52	116.25	26.08	102.65	66.27	37.36	78.41	87.1	52.95	112.0	95.08	131.02	108.68	69.72	52.35	113.7	80.01	30.81	67.21	101.39	65.92	
105.48	29.27	43.68	135.87	18.6	99.02	38.47	89.07	66.65	56.09	59.08	37.58	18.97	90.44	52.8	64.2	90.6	53.46	111.04	12.65	103.77	97.94	64.28	71.4	98.39	106.3	102.31	0.0	113.23	107.87	106.71	96.25	88.09	105.08	91.55	86.93	81.02	70.86	78.89	109.66	61.1	60.9	41.3	38.08	19.42	62.59	29.73	108.81	43.42	69.72	40.8	94.03	79.08	83.15	129.42	82.68	87.32	15.81	81.39	54.2	90.21	40.2	49.19	54.12	94.87	100.62	59.01	108.17	87.92	24.02	55.08	15.81	88.07	97.42	58.19	127.31	118.0	56.09	83.43	114.62	91.21	18.87	93.81	102.22	32.98	27.59	16.97	54.67	89.87	13.42	127.31	60.21	24.08	46.23	85.0	18.97	76.16	54.74	99.62	35.51	83.65	17.8	38.0	31.02	30.61	81.79	55.15	97.51	16.49	96.38	61.4	88.51	34.06	25.08	117.46	131.53	39.46	120.44	68.45	63.78	9.22	96.05	107.17	86.41	44.05	47.0	39.2	31.83	27.2	105.17	37.2	11.0	60.8	77.78	98.09	73.82	44.18	15.62	102.65	98.79	88.36	108.78	139.05	42.8	19.42	39.32	77.18	52.47	95.63	38.9	114.13	95.13	45.61	54.45	81.34	59.03	55.01	20.22	41.73	100.72	51.01	106.78	80.99	56.22	54.63	104.24	62.29	106.3	65.19	89.14	121.92	104.62	12.37	52.55	53.71	92.66	84.29	10.63	62.64	142.52	60.54	89.89	116.11	95.26	35.13	108.17	65.76	94.05	39.66	50.93	92.65	88.0	81.84	43.0	95.08	42.45	83.35	76.12	34.01	72.42	6.0	72.99	18.44	49.48	57.87	17.0	88.36	16.55	88.57	43.6	95.44	101.19	124.33	88.12	93.11	118.85	37.0	61.91	81.88	22.67	75.33	92.97	81.27	121.21	68.41	28.84	20.25	50.04	12.21	13.89	85.09	16.49	33.06	123.55	81.22	31.06	73.55	75.66	34.23	37.12	
