230
0.0	82.73	77.08	47.01	56.61	57.63	73.05	71.56	51.97	22.02	28.3	2.83	58.01	44.27	20.1	69.35	65.07	22.0	47.54	15.13	34.23	67.23	68.35	82.1	56.8	58.31	63.89	60.14	48.55	31.78	34.54	45.19	62.94	62.2	32.28	73.39	69.07	77.79	22.47	51.01	53.14	60.46	34.01	51.62	30.41	60.54	8.0	39.82	57.8	44.05	28.84	52.09	39.05	73.82	42.38	24.6	71.28	48.8	25.63	60.11	36.88	19.0	76.48	66.76	56.46	49.65	45.04	91.08	94.85	81.94	51.16	48.01	58.86	16.0	13.04	19.8	34.48	80.11	55.11	79.63	57.25	59.46	100.44	13.04	86.98	64.76	17.09	58.22	20.62	74.06	53.85	35.01	51.74	39.45	46.17	65.51	57.04	26.17	97.08	47.04	71.18	29.73	28.65	86.47	61.66	80.8	13.6	63.15	13.45	36.24	61.2	58.31	52.24	62.39	9.43	64.03	74.4	21.63	34.06	68.26	26.25	51.31	52.63	48.38	62.27	16.64	70.09	65.55	34.13	44.15	5.39	39.05	32.7	50.0	67.27	79.51	30.02	62.2	81.1	29.15	77.34	21.93	53.94	48.85	53.85	76.94	46.57	35.01	75.96	35.9	74.65	65.79	45.54	56.61	36.4	71.7	31.89	54.45	77.83	31.4	77.39	58.55	84.77	20.02	36.4	58.55	51.35	25.63	26.63	87.32	85.59	65.95	66.57	54.2	53.25	70.94	46.49	49.24	60.83	73.08	42.06	24.6	59.48	14.04	17.03	42.19	69.0	72.86	7.07	48.37	64.2	44.2	68.03	59.44	49.82	51.48	57.25	45.0	64.85	86.01	89.16	62.77	56.57	36.77	51.0	72.72	40.11	48.88	59.55	56.08	32.76	61.4	65.44	77.28	62.2	39.7	31.78	37.7	42.01	13.42	86.61	50.0	86.01	59.41	86.58	79.91	38.47	73.0	75.17	9.22	
82.73	0.0	21.95	105.95	118.43	57.2	37.34	35.61	95.02	87.46	68.25	80.5	57.01	40.11	62.65	48.75	68.8	61.0	72.01	97.42	50.29	33.24	39.36	37.7	34.01	24.52	22.47	52.63	76.42	54.08	97.29	41.77	37.2	113.57	75.69	19.1	37.54	15.26	103.04	33.24	43.19	61.85	49.48	109.29	111.83	28.64	90.67	55.76	51.22	100.4	104.06	101.04	88.54	29.41	100.28	106.3	37.01	52.33	107.87	51.22	87.66	63.95	48.08	19.7	87.0	104.4	38.08	19.42	75.95	44.55	34.44	89.05	99.72	98.62	71.11	68.07	76.85	44.91	96.26	3.16	124.53	53.41	69.0	73.25	40.0	19.42	98.13	28.84	102.77	37.44	53.08	84.48	55.57	57.14	101.51	82.42	26.57	64.5	75.54	98.81	43.46	67.54	102.53	20.4	21.1	40.72	90.0	101.14	74.73	68.31	26.4	65.0	99.49	26.83	89.05	60.21	59.24	75.77	83.24	52.77	62.29	114.56	92.76	103.12	82.62	98.06	72.07	40.82	90.92	44.29	81.58	77.83	103.47	34.13	46.69	78.39	56.14	106.1	7.07	88.55	45.28	103.94	35.81	106.57	115.43	49.04	77.82	86.4	13.45	87.13	43.27	94.49	86.05	60.22	111.43	23.71	108.78	50.77	48.76	107.22	45.61	113.41	14.04	102.49	47.01	24.19	31.4	106.02	104.08	32.56	54.59	72.4	53.71	58.52	55.9	74.3	38.21	48.27	22.02	15.62	54.64	78.29	25.71	86.68	72.42	40.61	17.03	67.54	81.1	110.44	58.83	111.61	16.64	97.58	47.42	39.56	34.44	38.6	124.62	10.77	24.0	42.44	51.04	57.97	102.8	85.23	94.03	42.38	62.2	56.04	106.4	103.97	60.54	6.71	59.55	69.4	79.76	82.1	116.62	70.18	63.15	59.54	23.19	57.2	21.38	71.51	44.28	14.21	17.46	75.17	
77.08	21.95	0.0	90.93	121.66	38.08	54.04	14.21	101.4	87.2	56.32	74.46	68.35	33.12	58.18	63.79	81.27	57.45	54.82	90.44	50.25	13.6	54.45	16.28	20.62	27.29	14.87	33.11	84.06	54.49	84.02	31.95	50.22	119.33	62.01	5.39	16.64	6.71	94.59	36.89	52.39	42.06	48.27	113.15	107.42	16.55	84.5	60.8	62.63	103.95	102.4	106.53	73.55	7.81	85.59	101.64	15.62	36.22	102.69	31.78	91.24	60.03	65.07	13.04	95.52	88.65	38.21	15.0	94.01	63.13	39.45	72.28	107.07	92.03	64.26	59.2	80.72	63.03	103.23	21.54	126.37	34.01	88.68	70.49	60.02	17.0	90.25	37.34	97.69	15.62	63.16	70.18	38.08	62.2	86.15	93.62	31.3	54.13	94.02	103.39	59.3	70.01	101.24	41.79	23.26	18.97	81.25	109.29	72.4	54.04	36.4	45.62	105.26	14.76	84.97	73.08	74.81	76.06	69.12	67.27	52.63	99.85	99.62	87.48	93.04	93.52	85.44	54.92	93.38	48.83	77.37	62.51	103.23	28.02	25.81	93.17	47.43	113.23	27.86	90.03	23.32	99.01	43.86	91.24	100.28	66.07	60.88	72.17	9.22	90.52	21.4	104.24	92.01	41.23	110.14	40.0	106.68	32.98	66.03	105.48	63.01	118.26	11.18	95.51	41.18	25.55	31.24	97.29	94.2	13.93	73.06	84.76	67.68	40.16	65.8	87.64	30.89	56.36	22.83	9.06	60.46	79.4	19.1	84.38	71.03	38.95	30.07	82.0	73.68	95.75	71.84	98.13	28.16	105.39	32.02	26.48	20.4	39.7	128.7	32.65	12.08	55.54	32.57	45.18	107.71	97.74	97.59	29.43	73.74	37.34	105.39	111.25	73.76	16.76	39.45	75.0	82.73	86.45	115.66	63.69	81.01	42.2	8.94	68.95	42.72	87.13	40.8	30.07	35.23	68.35	
47.01	105.95	90.93	0.0	97.02	55.04	110.6	79.1	98.37	68.01	38.95	46.07	101.41	67.54	56.59	110.34	110.44	59.41	37.01	41.19	70.84	77.52	106.67	87.05	72.28	85.43	83.52	60.01	95.29	70.71	12.53	64.62	100.42	105.93	30.46	89.82	76.11	94.92	35.06	82.68	92.1	53.46	68.88	94.64	57.56	77.62	44.38	82.22	99.72	88.65	67.07	97.51	17.46	84.38	5.83	54.08	78.06	54.74	52.24	61.0	83.49	57.38	116.85	86.4	103.47	5.0	76.01	105.8	139.18	120.88	84.31	20.62	105.08	43.1	46.86	43.93	81.39	119.33	101.53	103.41	94.26	59.01	142.84	58.31	124.04	86.65	37.12	90.74	51.0	80.01	96.26	21.54	53.15	82.33	5.1	112.29	86.35	44.1	141.11	92.42	110.63	75.17	68.18	117.17	86.93	84.15	33.84	109.48	59.54	37.64	93.3	49.5	97.98	79.56	52.89	107.94	117.52	68.43	22.85	110.32	46.87	9.0	99.3	5.0	109.13	52.24	115.68	104.35	80.08	81.57	52.39	28.44	73.25	73.01	69.03	125.36	53.0	107.71	107.34	75.29	78.31	52.01	89.4	2.0	9.49	117.52	31.06	19.7	94.59	82.54	77.1	112.72	92.48	52.09	72.06	104.45	67.03	58.22	118.26	68.0	117.03	101.6	101.61	42.01	63.29	84.58	79.18	34.37	28.16	95.0	126.67	111.77	108.93	52.0	96.43	116.76	68.94	89.81	85.62	91.68	84.29	71.59	80.32	59.77	62.77	72.4	97.94	117.61	41.18	5.1	107.81	11.31	96.18	105.95	59.23	66.48	72.03	77.1	105.0	113.09	101.32	102.07	59.08	48.1	95.9	119.47	85.87	63.6	104.02	55.0	71.03	107.2	109.34	99.33	56.44	85.76	78.79	84.69	76.32	48.27	129.45	49.09	98.41	102.83	117.62	124.81	67.96	101.55	105.55	45.22	
56.61	118.43	121.66	97.02	0.0	112.29	91.08	120.74	27.17	36.72	84.31	59.14	67.05	90.03	67.12	80.78	62.39	66.61	104.06	56.04	71.42	115.62	86.38	131.24	104.24	96.05	106.83	113.88	44.92	67.18	86.09	93.24	84.58	14.42	88.89	116.78	118.85	119.85	62.13	86.21	76.06	115.83	73.55	9.49	41.23	106.1	54.74	62.68	71.51	18.03	30.02	20.1	94.2	121.02	94.05	43.29	120.88	102.22	45.54	113.53	30.81	64.9	87.1	109.04	39.05	101.0	83.55	132.91	87.57	94.37	84.4	103.58	27.29	54.01	67.12	74.73	41.62	92.42	28.0	115.38	9.49	113.37	99.08	54.71	102.11	105.65	60.01	89.59	46.04	123.69	68.15	90.8	106.07	61.29	98.05	51.04	92.8	80.96	90.55	20.25	85.73	51.74	29.15	112.4	100.26	130.87	65.62	30.08	52.48	92.48	92.11	114.13	22.09	107.49	47.54	68.45	77.65	46.23	90.03	77.13	80.06	97.62	30.15	100.02	48.0	45.1	64.03	83.57	28.28	74.4	52.55	95.6	24.33	94.07	119.54	68.36	81.3	23.41	113.88	32.02	128.81	45.1	82.68	99.02	100.6	86.88	103.16	90.43	117.15	31.4	125.8	39.81	33.84	111.8	25.5	98.39	30.27	107.7	87.86	29.07	89.5	9.85	125.88	55.08	82.46	97.31	90.69	63.39	69.18	134.38	91.66	60.13	75.19	109.13	65.55	63.0	92.1	70.71	100.12	114.87	63.81	42.52	102.55	43.08	52.43	82.73	101.55	70.11	63.6	96.25	69.63	89.56	101.79	30.27	101.79	100.42	105.0	82.22	8.25	116.76	133.12	80.78	109.93	90.82	17.26	55.58	24.41	98.6	63.79	110.54	26.0	25.0	69.23	115.21	117.18	49.24	39.05	36.36	22.85	66.64	87.05	105.1	130.23	67.72	112.0	74.03	81.39	104.96	104.24	64.62	
57.63	57.2	38.08	55.04	112.29	0.0	76.49	24.74	99.46	75.59	29.7	54.82	79.76	31.58	45.88	81.91	92.44	47.13	18.03	66.71	49.04	24.6	74.46	32.02	25.0	44.78	36.07	5.1	86.58	52.24	50.7	26.48	68.35	114.59	30.41	38.59	21.84	43.42	67.96	48.38	64.54	5.39	46.04	105.6	86.31	29.73	62.94	64.01	75.31	96.77	86.4	102.46	38.47	30.68	50.25	80.62	23.54	11.05	80.72	6.32	85.7	48.1	86.16	38.21	98.01	52.04	43.93	52.2	114.18	87.21	51.24	35.13	106.23	68.77	45.49	38.01	77.37	86.33	102.11	55.44	114.28	4.12	112.81	57.7	87.13	40.36	65.0	54.63	76.38	25.18	73.68	36.4	6.32	65.03	50.01	101.02	47.85	31.62	115.11	98.08	79.48	66.49	86.02	73.59	43.83	29.15	55.61	109.66	59.93	23.02	55.9	7.81	101.83	31.11	67.01	86.15	92.18	67.42	35.74	83.93	32.25	64.03	98.72	51.01	99.13	73.59	97.62	73.39	85.62	55.44	60.46	27.89	89.59	33.24	14.0	107.06	31.62	111.4	60.88	81.02	23.54	77.79	57.57	55.0	64.01	87.09	24.0	38.33	44.1	84.76	22.09	107.91	90.47	3.16	94.02	65.19	89.5	7.62	87.46	89.02	85.09	112.0	49.24	71.22	35.01	43.05	41.79	69.97	65.3	40.05	95.85	95.26	83.43	3.61	75.43	99.5	31.05	65.62	42.44	41.62	65.01	71.51	35.0	69.64	60.54	41.44	55.8	96.51	51.66	60.07	85.33	63.79	53.6	105.54	14.32	21.93	24.21	45.89	120.31	66.6	47.07	72.42	6.4	21.47	102.53	107.02	91.18	20.88	84.48	2.0	90.21	109.9	87.3	50.61	5.1	75.66	77.49	82.97	99.64	45.79	101.84	7.81	44.38	80.89	74.33	103.16	39.05	58.26	63.41	48.6	
73.05	37.34	54.04	110.6	91.08	76.49	0.0	63.64	64.88	68.03	72.25	71.87	24.17	46.62	55.47	12.04	33.24	52.77	85.0	87.93	40.31	59.03	5.0	70.01	52.2	31.95	43.74	73.54	46.24	41.63	99.3	51.31	10.3	83.19	81.39	49.0	64.13	48.26	95.52	29.21	19.92	81.86	41.88	81.6	96.52	48.76	80.65	34.37	19.65	73.76	85.0	71.69	94.92	59.14	104.81	91.92	64.78	67.23	94.2	72.24	62.17	55.46	11.05	43.29	54.71	110.75	35.38	56.61	40.01	10.82	26.91	99.04	68.1	88.32	65.76	66.85	52.35	9.85	65.3	35.44	98.76	73.93	36.4	60.44	13.93	39.46	90.14	21.95	89.44	66.48	23.35	90.03	72.07	35.23	107.3	47.42	28.64	66.71	40.2	70.84	6.4	47.17	83.01	22.67	33.96	72.11	84.58	68.51	60.88	76.42	20.62	83.65	69.86	48.27	75.71	24.84	21.93	57.31	88.62	16.28	63.89	117.89	62.17	109.34	48.41	84.34	35.61	8.0	66.75	29.53	69.64	86.28	82.22	43.42	71.57	41.15	58.05	74.43	30.46	66.19	74.67	90.26	21.26	111.83	119.62	12.04	89.5	91.55	45.18	61.98	71.85	60.44	57.25	78.71	91.14	14.14	90.0	68.88	12.0	88.01	9.06	84.17	50.45	92.44	48.08	33.84	34.99	98.68	99.01	67.36	19.65	36.77	17.69	76.06	25.71	37.8	46.32	24.33	35.17	45.01	32.25	58.03	42.72	70.71	57.49	38.9	24.0	30.53	74.73	114.04	23.43	112.68	26.02	65.51	62.65	54.56	53.14	33.94	95.85	30.23	60.42	11.0	70.26	65.95	74.09	49.04	67.91	55.95	28.3	74.69	86.09	72.2	24.76	38.64	80.62	43.42	56.22	56.09	95.43	64.41	27.02	74.95	58.86	23.71	22.02	34.18	43.14	24.33	19.92	68.88	
71.56	35.61	14.21	79.1	120.74	24.74	63.64	0.0	102.96	84.86	47.43	68.8	74.15	30.81	54.49	72.01	87.3	54.45	42.3	83.63	50.25	5.39	63.13	10.63	16.64	33.06	20.02	19.65	86.93	54.38	73.33	27.59	58.0	120.11	51.62	16.64	3.0	20.52	86.73	41.0	57.87	28.23	47.71	112.8	101.87	16.49	78.39	63.16	68.73	103.6	98.72	107.38	62.0	6.4	74.01	96.04	1.41	25.5	96.75	18.44	91.26	56.59	74.43	20.4	98.62	76.42	39.92	27.51	103.48	73.55	43.93	59.68	109.13	85.42	58.52	52.35	81.3	73.16	105.12	34.67	124.48	20.62	99.46	67.21	71.47	24.19	82.86	44.05	91.92	3.16	68.45	59.14	26.0	64.47	74.17	98.49	37.12	46.52	103.82	103.73	68.18	70.18	97.84	54.59	30.02	10.3	73.54	111.83	69.31	43.57	44.01	31.95	106.33	16.12	80.21	79.63	83.0	74.52	58.22	75.03	45.65	88.09	101.53	75.33	97.42	88.2	91.92	63.01	92.62	51.87	72.8	51.01	100.45	27.73	11.66	100.4	41.62	115.0	40.82	88.73	11.05	93.3	49.5	79.23	88.28	75.43	48.37	61.13	22.2	90.44	8.25	107.91	93.54	27.89	106.53	50.22	102.62	21.02	75.54	101.67	72.69	118.46	25.24	88.57	38.29	31.06	34.21	89.2	85.44	16.49	83.19	90.61	75.11	27.29	70.83	94.05	28.84	60.88	29.0	20.59	63.32	78.24	22.2	80.81	68.62	39.36	40.02	89.27	67.12	84.05	78.52	87.09	37.85	107.79	22.47	20.52	15.81	41.79	128.23	46.04	22.36	63.03	20.02	36.4	108.17	103.37	97.42	22.8	79.43	24.33	102.07	113.18	80.5	29.68	25.5	76.92	82.66	87.13	112.16	58.25	90.55	30.02	19.65	74.97	55.47	95.05	39.66	41.11	46.49	62.43	
51.97	95.02	101.4	98.37	27.17	99.46	64.88	102.96	0.0	30.36	75.17	53.6	40.72	72.45	53.94	54.08	35.23	52.39	95.34	58.6	52.77	97.62	60.37	113.02	86.35	74.52	86.61	99.93	18.87	48.75	86.13	76.56	59.36	18.6	82.01	96.21	101.53	98.6	66.65	64.66	51.86	103.81	55.46	18.0	52.33	87.13	54.08	40.61	45.65	13.89	37.48	7.07	90.8	102.08	94.11	51.22	103.35	88.6	54.04	99.3	15.13	51.79	60.17	88.41	12.04	101.39	63.51	111.07	61.39	67.45	62.37	99.41	7.0	57.25	58.01	65.12	22.14	65.52	3.16	92.1	36.0	99.62	72.34	44.01	75.29	84.65	62.65	66.48	51.87	106.07	42.72	86.47	93.15	39.2	97.98	24.52	70.84	70.46	64.33	8.94	59.24	33.24	35.38	86.83	78.75	113.25	64.56	11.18	42.0	83.29	68.68	102.96	5.1	88.2	45.54	41.48	50.49	33.06	85.38	50.29	68.73	101.39	3.0	100.17	21.21	48.37	37.01	57.71	18.38	52.63	46.69	89.01	31.14	75.29	104.0	42.2	67.91	12.08	89.81	23.09	112.26	51.61	59.41	100.28	104.18	59.91	96.02	86.7	95.67	16.12	109.12	16.28	9.43	99.69	38.83	73.5	41.11	93.61	60.88	38.95	62.64	19.31	104.0	60.03	65.92	76.06	70.21	68.96	73.35	114.86	64.5	33.02	48.38	96.77	39.96	36.12	74.24	46.75	78.87	93.72	41.11	29.02	82.66	38.6	40.11	63.63	77.99	43.01	58.69	99.02	42.72	93.62	78.57	7.62	86.98	83.67	87.24	61.85	31.02	92.09	112.16	55.07	95.82	78.64	10.0	30.08	13.04	82.46	37.0	97.53	35.47	10.44	42.2	92.63	104.55	26.4	22.2	16.49	40.25	57.04	60.0	93.17	109.48	41.23	86.35	47.27	63.51	81.06	79.63	57.08	
22.02	87.46	87.2	68.01	36.72	75.59	68.03	84.86	30.36	0.0	48.08	24.02	47.54	54.56	30.61	61.0	50.61	30.41	68.15	28.84	37.59	79.91	63.03	95.46	68.62	63.51	72.67	77.18	31.4	33.54	55.79	57.28	59.08	40.45	53.6	82.66	82.81	86.28	37.2	54.23	49.16	79.2	39.12	30.36	29.12	71.06	23.77	34.13	49.5	22.2	17.12	30.07	61.07	85.7	63.79	25.5	84.9	65.51	28.18	76.85	15.65	28.43	68.25	75.17	36.62	71.06	50.12	99.64	80.78	74.81	53.14	70.0	37.11	27.8	30.68	38.28	17.89	72.84	33.53	84.31	39.62	76.66	88.64	18.03	81.3	72.2	32.76	59.48	24.41	87.73	45.4	57.0	69.35	33.06	67.68	47.38	60.93	44.38	83.35	25.02	64.38	21.1	15.3	85.99	67.54	94.85	34.21	41.48	15.81	56.32	62.36	77.62	30.27	72.62	15.23	52.2	62.97	11.7	56.01	58.69	43.38	71.18	31.38	69.86	43.86	19.85	54.92	60.03	12.17	43.68	17.03	60.53	16.12	59.2	83.01	63.41	44.65	40.2	84.12	7.28	92.46	24.7	53.37	69.92	73.93	68.45	67.9	57.04	83.86	14.76	89.5	45.18	25.24	75.15	24.04	71.02	22.09	71.02	69.43	20.22	69.87	37.11	92.78	31.14	46.69	64.41	57.31	39.82	43.57	99.25	75.96	50.48	56.75	72.45	43.74	55.22	56.73	44.05	67.12	81.3	36.06	10.0	68.24	8.25	16.28	48.55	71.47	59.06	29.0	68.71	52.81	63.51	71.17	37.95	65.22	64.38	69.31	49.19	44.72	88.06	99.05	57.04	73.25	54.12	29.02	54.49	18.11	62.37	47.17	73.82	18.97	39.46	53.49	83.19	80.5	26.25	13.89	18.38	29.15	30.08	74.85	68.45	96.02	48.76	85.84	65.51	46.4	75.29	75.93	28.64	
28.3	68.25	56.32	38.95	84.31	29.7	72.25	47.43	75.17	48.08	0.0	25.55	66.24	28.79	22.56	73.25	77.08	25.0	20.22	37.2	33.84	44.15	68.59	57.38	36.01	46.62	46.27	32.8	65.92	34.89	29.12	26.48	62.24	88.29	9.22	54.01	44.6	59.0	39.4	43.83	54.67	32.2	31.4	78.45	56.64	41.01	33.24	47.42	63.51	70.09	57.14	76.94	22.67	51.2	33.12	50.93	46.82	22.36	51.09	33.02	60.41	24.33	79.31	49.25	76.32	38.6	37.2	71.25	103.77	82.76	45.61	27.78	82.15	39.2	17.46	10.05	54.04	81.32	78.1	65.51	85.48	32.02	105.89	31.26	85.43	48.84	35.85	51.87	46.69	49.4	60.54	17.8	24.21	47.93	35.23	82.23	47.41	5.83	105.39	72.18	72.86	44.55	56.94	78.29	48.38	55.46	26.42	86.05	33.38	8.25	54.38	30.02	76.66	43.01	37.74	72.95	81.54	42.11	16.4	73.82	8.6	47.01	75.03	37.2	79.62	43.93	82.46	66.48	59.23	44.05	31.78	15.23	60.83	34.48	40.82	92.31	14.21	86.58	68.96	54.34	51.11	48.1	50.99	39.96	48.3	80.06	21.21	19.42	58.08	59.41	48.76	86.28	67.0	28.43	64.64	65.51	60.0	27.78	80.72	59.64	79.21	85.16	66.01	41.88	24.41	45.88	40.25	41.79	38.08	63.89	89.27	79.12	72.67	26.17	61.29	83.93	30.36	53.25	47.13	55.08	49.19	46.17	42.58	41.23	35.06	33.6	59.09	83.19	22.02	42.95	72.56	43.42	57.38	82.02	25.0	30.02	36.06	38.42	92.48	74.63	67.9	64.44	29.68	11.18	76.49	89.02	65.12	27.02	69.78	28.32	61.06	85.38	74.3	61.81	34.06	55.11	53.04	59.01	70.21	18.25	93.01	21.93	64.78	67.6	78.72	90.35	29.21	62.77	66.64	19.7	
2.83	80.5	74.46	46.07	59.14	54.82	71.87	68.8	53.6	24.02	25.55	0.0	57.63	41.76	18.0	68.6	65.19	20.1	44.94	17.0	32.56	64.5	67.23	79.32	54.13	56.14	61.4	57.31	49.24	30.36	33.54	42.54	61.68	64.38	29.83	70.84	66.29	75.29	23.77	49.09	52.0	57.69	32.14	53.94	33.12	57.94	10.2	39.12	57.14	46.17	31.62	54.01	37.22	71.12	41.23	27.29	68.51	45.97	28.23	57.28	38.47	17.12	75.66	64.29	57.58	48.47	43.0	88.54	94.76	80.96	49.37	46.01	60.53	18.11	10.3	16.97	35.34	79.16	56.72	77.41	59.94	56.64	100.0	12.73	85.8	62.37	18.44	56.44	23.26	71.28	53.25	33.02	48.92	38.83	44.94	66.24	55.0	23.35	96.94	49.0	70.21	29.73	31.38	84.72	59.41	78.01	13.45	64.78	13.6	33.54	59.41	55.57	54.08	59.81	12.21	63.78	74.03	22.36	32.0	67.68	23.43	50.8	54.13	47.17	63.06	19.42	70.29	64.47	36.01	42.72	7.0	36.67	35.34	47.54	64.44	79.81	27.29	64.07	79.03	31.02	74.52	24.6	52.39	47.85	53.25	76.16	44.15	33.14	73.5	37.48	71.84	67.05	46.84	53.82	39.2	70.04	34.71	51.62	77.03	34.21	76.48	60.83	82.28	22.02	33.96	56.32	49.16	26.93	27.29	84.6	84.91	66.22	66.03	51.4	52.8	71.22	43.97	48.3	58.55	70.6	41.34	25.63	57.01	16.28	17.03	40.05	67.03	72.84	5.1	47.71	63.89	43.93	66.0	61.0	47.01	48.76	54.56	43.05	67.36	84.01	86.54	61.74	53.74	33.94	53.04	73.43	42.01	46.14	59.41	53.26	35.51	63.2	65.19	74.97	59.41	40.0	32.89	38.9	44.82	10.77	86.21	47.2	83.38	59.03	84.85	79.93	36.22	71.03	73.33	6.4	
58.01	57.01	68.35	101.41	67.05	79.76	24.17	74.15	40.72	47.54	66.24	57.63	0.0	48.26	45.0	14.04	13.15	42.2	83.22	71.69	32.7	68.88	19.72	82.71	59.14	41.48	54.82	78.23	22.14	31.38	89.2	53.34	19.85	59.06	75.29	62.97	73.68	63.98	79.92	33.24	16.28	85.0	35.47	57.57	76.66	57.71	64.66	19.21	5.83	50.01	63.79	47.54	87.92	71.31	95.9	72.73	74.97	69.05	75.27	77.16	39.05	44.05	21.02	55.66	30.81	102.62	36.06	74.95	37.8	28.02	30.27	94.02	44.1	71.59	54.56	58.25	30.27	26.02	41.18	54.41	74.95	78.31	42.44	45.0	35.36	51.55	74.63	31.02	70.94	77.28	6.08	82.93	74.15	19.1	99.02	25.55	37.36	60.42	39.7	46.84	18.68	28.65	61.66	46.32	45.22	83.95	71.06	44.82	44.65	72.5	32.2	85.7	45.69	58.05	58.14	6.71	16.4	38.48	81.54	11.18	57.71	107.49	38.01	101.21	25.61	65.92	18.0	17.2	44.0	24.33	53.54	81.41	60.13	48.01	79.06	27.29	53.31	50.48	50.99	44.28	84.85	71.51	24.74	102.94	109.66	21.1	86.41	84.05	60.84	39.01	81.74	37.54	33.24	81.22	69.18	33.94	68.73	72.44	22.09	66.61	23.02	60.01	68.1	75.59	45.61	43.42	40.2	83.01	84.63	82.28	28.46	16.49	9.22	78.26	5.0	20.02	49.09	14.14	45.88	59.62	17.2	37.95	51.97	52.0	41.05	38.33	40.5	17.09	61.62	104.0	6.4	101.18	41.68	41.62	65.49	59.03	60.13	34.06	71.69	52.4	77.37	14.87	74.33	63.57	49.98	29.41	44.41	59.21	5.39	77.78	64.28	48.26	8.06	56.08	84.59	21.38	34.37	33.02	73.01	53.15	28.6	75.93	75.15	1.41	45.79	24.17	41.0	42.8	40.31	56.57	
44.27	40.11	33.12	67.54	90.03	31.58	46.62	30.81	72.45	54.56	28.79	41.76	48.26	0.0	25.06	50.7	61.07	24.41	38.42	58.25	19.7	25.61	43.91	41.23	14.21	17.89	19.65	30.02	57.28	23.71	57.87	5.1	37.59	89.36	37.12	29.15	29.15	33.53	63.29	17.49	32.98	36.88	17.0	82.01	74.46	16.64	51.92	33.73	43.74	72.8	69.34	76.66	50.61	31.14	61.74	68.71	31.06	21.19	69.89	29.0	60.46	26.93	55.47	22.56	68.96	66.73	12.37	46.82	82.87	57.43	20.12	53.26	78.79	59.67	31.78	28.0	50.61	56.3	74.73	37.22	94.07	30.07	82.37	37.44	58.73	21.02	58.55	24.84	64.85	33.84	42.19	46.07	26.25	34.93	63.53	70.46	19.21	24.52	83.93	72.95	48.76	39.45	68.24	49.65	19.65	41.05	50.09	81.71	39.41	30.81	26.87	37.95	75.66	18.36	51.89	54.59	60.73	43.86	44.72	52.5	22.2	75.77	71.18	65.37	68.88	60.54	66.19	42.49	61.85	24.02	44.28	40.8	70.43	6.0	32.02	75.54	16.03	84.53	40.26	58.05	39.81	66.13	26.4	68.43	76.97	56.36	43.14	47.85	31.78	59.64	36.67	78.59	63.07	33.24	77.1	37.64	73.57	24.19	56.82	72.4	54.71	87.66	40.52	63.35	8.06	17.09	12.04	66.19	64.01	44.69	65.37	64.01	51.92	30.36	44.05	68.12	2.24	34.13	18.44	28.86	34.37	47.51	15.3	51.31	38.29	10.0	30.41	64.94	41.59	71.69	53.76	72.12	28.64	77.62	17.26	11.4	15.0	14.32	97.45	45.88	45.18	41.23	26.08	20.0	77.39	76.11	66.61	11.0	53.08	29.61	72.42	82.76	55.73	34.0	36.35	46.82	51.87	56.44	82.66	31.05	70.77	28.64	42.06	49.37	50.12	71.59	8.94	34.01	38.08	35.9	
20.1	62.65	58.18	56.59	67.12	45.88	55.47	54.49	53.94	30.61	22.56	18.0	45.0	25.06	0.0	53.91	55.01	2.83	42.05	35.0	15.23	49.68	51.11	65.12	38.6	38.21	44.38	46.96	43.42	14.21	44.6	27.02	45.18	68.71	31.02	54.13	52.33	58.31	41.44	31.14	36.06	50.0	14.32	59.94	49.65	41.68	28.07	25.81	43.14	50.99	44.41	56.61	43.05	55.8	50.99	43.97	54.45	35.34	45.35	46.53	39.85	2.24	60.61	47.17	54.04	57.63	25.0	71.69	82.8	65.19	31.58	49.77	60.83	36.06	10.3	13.42	32.14	63.51	56.72	59.54	70.18	46.52	86.28	12.73	69.32	44.92	36.22	38.64	40.26	57.28	39.7	38.08	39.56	26.08	54.04	59.67	37.0	17.12	84.65	52.2	54.64	22.09	43.42	66.91	41.59	64.35	29.41	64.5	14.87	30.15	41.59	49.03	56.04	43.42	26.93	51.61	60.96	21.54	36.72	53.74	15.0	63.13	53.46	56.22	57.07	35.74	60.37	48.55	39.81	25.94	19.31	37.64	45.97	30.46	52.43	70.21	14.32	65.73	61.03	35.36	61.85	41.48	35.11	58.05	65.12	61.22	43.74	39.12	56.3	38.9	58.9	64.03	45.28	45.88	52.2	52.39	48.55	40.71	62.01	47.43	61.03	66.21	65.19	40.01	17.0	38.47	31.26	44.55	43.97	69.4	70.29	56.86	52.35	43.01	40.0	61.74	27.29	33.3	40.79	53.49	27.8	25.63	39.92	26.4	14.76	22.09	49.04	61.59	19.65	59.46	51.4	57.43	48.0	60.41	34.67	33.97	39.2	25.08	74.95	66.01	70.24	46.04	42.94	24.74	56.65	66.48	45.31	31.83	48.02	44.01	47.63	64.33	53.01	57.27	50.92	32.56	31.78	37.48	57.8	8.94	72.86	39.29	67.12	46.4	67.08	68.8	18.44	53.04	55.44	13.6	
69.35	48.75	63.79	110.34	80.78	81.91	12.04	72.01	54.08	61.0	73.25	68.6	14.04	50.7	53.91	0.0	21.26	51.09	88.19	83.67	39.62	67.07	9.49	79.31	58.86	39.12	52.0	79.56	35.9	39.7	98.49	55.71	14.04	72.09	82.46	58.55	72.11	58.46	91.68	33.53	18.6	87.28	41.87	71.31	90.03	56.22	76.49	29.53	11.7	63.95	77.52	61.03	95.67	68.12	104.66	85.87	73.03	71.87	88.32	78.34	53.08	53.41	7.28	52.09	43.38	111.04	38.48	67.78	32.28	14.0	30.68	100.8	56.8	83.77	64.03	66.47	44.1	12.0	54.23	46.62	88.84	79.81	32.65	56.36	21.38	48.04	86.31	28.16	83.82	75.0	15.81	90.69	76.9	29.97	107.49	35.47	35.23	67.48	33.24	60.64	5.66	41.11	75.43	34.66	42.0	81.1	81.84	56.94	56.36	78.49	28.0	88.6	59.14	56.08	70.58	13.04	11.05	51.24	89.27	4.24	64.66	117.03	51.26	109.62	36.62	78.75	23.6	9.0	58.01	29.21	65.31	88.01	74.06	48.76	78.77	29.73	59.41	63.06	42.06	58.14	83.02	84.48	24.35	111.73	119.0	7.62	92.11	92.02	55.32	53.04	80.06	48.6	47.07	83.82	83.1	25.08	82.49	74.33	8.54	80.4	9.0	73.39	61.35	87.85	50.25	41.11	40.26	94.81	95.88	77.47	16.4	24.76	5.83	80.99	17.26	25.81	50.92	20.62	43.01	54.74	27.29	51.2	50.16	64.85	52.8	41.59	33.96	18.79	72.11	113.36	11.66	111.21	35.69	54.12	67.68	60.17	59.84	36.67	85.09	42.2	71.17	9.49	75.96	68.6	63.6	37.01	58.42	61.03	17.09	80.01	78.16	60.83	12.81	49.34	86.4	35.13	48.17	47.04	87.0	62.63	20.12	79.31	69.38	13.15	33.97	23.35	45.28	35.11	31.3	66.61	
65.07	68.8	81.27	110.44	62.39	92.44	33.24	87.3	35.23	50.61	77.08	65.19	13.15	61.07	55.01	21.26	0.0	52.33	94.92	77.47	44.38	82.04	29.83	95.8	72.25	54.57	67.91	91.09	19.92	42.38	98.01	66.12	31.76	52.2	85.91	75.89	86.83	76.69	85.91	46.39	29.43	97.62	47.3	53.15	79.2	70.86	70.84	29.73	18.68	47.1	65.19	42.3	98.01	84.4	105.12	76.06	88.12	81.61	78.77	90.05	38.6	53.71	25.94	68.68	23.54	112.06	49.0	87.24	30.23	33.11	43.42	104.69	36.69	77.01	63.81	68.43	32.76	31.3	34.71	66.37	71.11	91.14	38.6	52.5	41.15	64.56	80.81	43.97	74.95	90.43	19.03	93.06	86.7	29.15	108.45	14.21	50.45	71.31	32.76	43.0	26.91	35.47	62.97	55.9	58.24	97.08	78.57	36.25	51.66	83.82	44.94	98.15	40.31	71.2	63.41	8.6	15.3	43.93	91.71	17.03	68.71	115.88	32.25	110.68	15.65	70.18	5.39	28.02	43.97	37.05	60.11	92.31	60.44	61.07	92.14	15.23	64.85	42.72	62.43	45.69	98.01	75.29	37.85	112.07	118.23	25.5	97.74	94.02	73.54	38.9	94.89	27.46	30.27	93.77	69.38	45.22	69.89	85.21	26.4	67.68	28.65	54.13	80.5	80.8	57.87	56.52	53.34	88.87	91.29	95.19	29.27	3.61	15.56	90.8	17.03	7.07	62.01	27.0	58.94	72.45	28.16	42.2	65.12	56.61	48.17	51.09	52.77	8.54	69.66	112.61	10.0	109.12	54.13	33.84	78.23	72.0	73.25	47.0	65.73	63.13	89.96	26.42	87.14	75.43	45.18	16.55	42.58	72.06	8.0	90.45	64.85	40.5	8.49	68.43	97.33	25.5	36.72	33.24	72.37	62.43	25.32	88.28	87.85	12.37	55.23	15.0	53.46	54.71	51.61	65.22	
22.0	61.0	57.45	59.41	66.61	47.13	52.77	54.45	52.39	30.41	25.0	20.1	42.2	24.41	2.83	51.09	52.33	0.0	44.18	37.05	12.65	49.52	48.37	65.05	38.29	36.5	43.38	47.93	41.19	11.4	47.42	26.87	42.49	67.62	33.62	53.24	52.4	57.27	43.74	29.02	33.29	51.42	12.04	59.17	50.96	41.05	30.0	23.02	40.31	50.12	44.94	55.36	45.79	55.44	53.81	45.35	54.49	36.4	46.87	47.42	38.63	3.0	57.8	46.1	52.0	60.44	23.09	70.68	80.0	62.43	29.27	52.39	59.23	38.0	13.04	16.12	30.41	60.75	55.11	57.87	70.04	47.54	83.45	13.04	66.64	43.66	38.47	36.35	41.77	57.31	36.88	40.82	40.8	23.32	56.85	57.27	35.06	19.42	81.84	51.08	51.87	20.0	43.83	64.63	40.02	64.44	31.95	62.8	15.0	32.39	39.32	50.64	54.71	42.72	28.16	48.83	58.14	20.59	39.45	50.91	17.12	65.95	51.79	59.03	54.74	37.11	57.7	45.79	38.95	23.26	20.62	40.16	46.1	29.53	53.0	67.54	15.52	64.29	59.14	34.67	62.2	42.95	32.57	60.88	67.94	58.41	46.1	41.88	55.15	37.7	59.2	62.0	43.57	47.3	52.7	50.01	49.24	41.63	59.2	48.02	58.25	65.3	64.08	42.01	16.4	36.88	29.61	46.87	46.49	69.03	67.48	54.23	49.52	44.38	37.2	59.09	26.63	30.48	39.29	52.39	25.0	24.6	38.91	26.93	14.21	20.4	47.0	58.83	22.14	62.29	48.6	60.22	46.04	58.69	35.36	33.97	38.95	23.0	74.33	64.01	69.46	43.27	43.86	26.31	55.54	64.03	44.28	32.02	45.28	45.22	48.01	62.82	50.22	55.79	52.2	30.27	30.36	35.9	58.25	11.66	70.04	40.79	66.37	43.6	64.78	66.04	17.09	51.0	53.24	16.16	
47.54	72.01	54.82	37.01	104.06	18.03	85.0	42.3	95.34	68.15	20.22	44.94	83.22	38.42	42.05	88.19	94.92	44.18	0.0	53.41	50.6	41.23	82.1	50.04	38.08	55.17	49.74	23.0	85.38	52.63	33.24	33.97	75.72	108.47	15.81	54.42	39.32	59.46	53.08	55.8	69.77	17.09	47.76	98.49	73.41	43.42	51.11	65.25	79.71	90.24	76.03	97.16	20.62	47.85	32.25	68.01	41.19	19.72	67.62	24.02	80.62	44.01	93.49	52.35	96.08	34.13	49.93	69.43	119.87	95.8	58.25	17.46	102.31	55.61	37.66	30.27	74.01	94.63	98.25	69.84	104.69	22.0	120.42	51.48	97.08	53.54	50.99	63.25	63.82	43.05	77.25	19.24	16.76	65.97	32.0	101.27	57.31	25.0	121.2	92.4	86.82	64.12	76.06	86.21	55.44	47.17	42.01	106.17	53.6	12.04	65.19	13.42	96.88	45.18	56.86	89.89	97.51	62.29	18.87	89.44	27.07	46.01	95.13	33.06	98.86	61.91	100.28	80.45	79.43	59.51	51.55	10.82	80.23	42.43	32.02	110.06	30.08	106.79	74.63	74.53	41.44	65.22	64.35	37.01	46.04	94.34	6.08	21.02	59.62	79.63	40.11	106.08	87.05	15.13	83.24	75.66	78.39	21.84	94.87	78.29	92.91	105.26	65.8	57.38	38.01	53.81	50.33	54.67	49.41	58.01	103.46	97.27	88.57	15.03	78.43	101.92	38.95	69.46	54.04	56.86	66.76	66.37	47.43	61.03	55.23	46.65	67.36	100.3	40.72	42.05	89.32	45.89	65.3	102.12	24.7	33.02	37.59	51.62	112.27	80.45	64.63	78.89	22.36	19.7	96.69	107.87	85.33	30.61	87.28	18.03	80.06	105.57	91.18	65.3	19.92	74.43	73.17	79.1	88.68	38.47	108.3	12.65	61.81	84.5	86.83	107.34	42.94	70.43	75.17	39.56	
15.13	97.42	90.44	41.19	56.04	66.71	87.93	83.63	58.6	28.84	37.2	17.0	71.69	58.25	35.0	83.67	77.47	37.05	53.41	0.0	49.37	79.71	83.17	93.94	69.89	73.11	77.88	70.0	59.41	46.87	30.07	58.52	77.88	64.78	37.64	87.09	80.95	91.68	8.49	66.07	68.01	68.59	49.09	53.46	20.0	74.04	7.28	54.23	72.01	47.8	26.02	56.92	39.22	86.54	38.01	14.76	83.19	59.36	14.21	70.21	44.42	34.06	90.87	80.81	65.46	45.01	60.0	104.81	107.62	96.57	66.27	48.7	65.0	2.24	26.48	31.38	45.25	94.7	61.74	94.34	54.13	69.2	114.06	27.51	101.83	79.08	4.12	73.33	10.77	85.88	67.98	36.67	61.4	53.71	42.01	75.93	72.0	37.12	110.0	51.87	85.8	43.05	27.02	101.6	76.32	92.28	11.4	69.46	27.31	43.86	76.32	65.8	57.58	75.96	14.14	77.39	87.98	33.6	36.24	82.3	38.08	43.01	59.94	44.0	72.47	11.05	82.22	80.32	40.25	59.23	18.38	43.27	32.06	64.13	77.94	91.24	43.01	67.05	96.02	35.85	88.2	12.08	69.05	43.19	45.88	91.29	50.77	35.85	90.03	43.57	85.76	73.93	54.08	65.12	31.78	86.83	26.68	64.9	92.2	27.29	91.92	60.41	98.72	5.1	50.64	73.25	66.12	11.4	14.76	99.81	99.73	77.9	80.53	63.13	67.12	82.81	60.42	63.91	75.43	87.1	56.46	35.38	73.55	21.26	30.87	57.04	84.02	85.6	16.76	41.0	77.7	35.11	83.0	66.21	61.29	64.26	70.23	60.03	64.12	101.0	102.46	77.49	66.85	47.51	55.08	83.1	45.69	61.47	72.67	65.44	30.07	66.73	78.77	91.79	70.77	52.01	41.77	47.01	36.69	27.29	100.17	58.9	99.3	73.06	101.71	92.46	53.15	88.02	90.27	22.36	
34.23	50.29	50.25	70.84	71.42	49.04	40.31	50.25	52.77	37.59	33.84	32.56	32.7	19.7	15.23	39.62	44.38	12.65	50.6	49.37	0.0	44.94	36.06	60.46	33.62	26.0	35.47	48.51	37.85	4.24	59.2	24.04	30.02	69.89	43.01	45.45	48.76	48.83	56.29	17.26	21.26	54.0	3.0	63.03	61.81	34.83	42.19	15.03	29.68	53.81	53.85	57.14	56.08	49.82	65.12	56.44	50.61	38.01	58.22	47.68	41.23	15.52	46.01	37.8	49.48	71.42	12.53	62.13	69.97	50.22	17.0	61.59	59.09	50.16	25.5	26.91	31.06	48.6	55.04	47.13	76.22	48.37	72.25	23.19	54.12	34.67	50.99	24.02	53.15	53.34	26.83	51.09	43.0	16.0	67.88	52.0	23.77	28.02	71.56	53.6	39.82	20.0	52.39	52.24	29.97	60.54	44.6	62.03	24.52	39.81	27.02	54.15	56.08	36.12	39.2	39.4	47.71	26.08	49.68	40.0	25.24	77.8	51.48	70.01	50.09	48.26	49.73	33.6	43.14	10.82	32.02	48.88	53.71	22.8	51.55	59.48	20.62	64.85	47.68	39.82	59.51	54.23	19.92	72.18	79.65	46.69	53.71	52.4	46.32	40.46	56.36	59.23	43.38	50.01	61.33	37.48	58.52	42.3	47.42	57.01	46.23	68.41	55.23	54.23	14.04	26.83	19.72	59.44	59.14	63.03	55.87	46.87	38.83	47.01	27.86	51.42	21.47	19.42	29.53	43.83	16.28	29.21	31.14	36.4	22.14	11.31	35.23	49.77	34.79	74.03	38.91	72.4	34.53	57.94	35.36	31.02	34.48	11.7	78.57	52.24	61.85	31.24	44.41	31.05	58.01	58.14	47.51	30.08	36.69	47.04	56.36	63.07	40.72	45.69	54.08	27.2	32.65	36.89	66.64	24.17	59.2	44.18	58.9	34.01	52.35	56.86	10.77	39.2	41.01	28.79	
67.23	33.24	13.6	77.52	115.62	24.6	59.03	5.39	97.62	79.91	44.15	64.5	68.88	25.61	49.68	67.07	82.04	49.52	41.23	79.71	44.94	0.0	58.31	15.62	11.4	28.0	15.3	19.72	81.54	49.09	71.03	22.67	53.04	114.83	49.09	14.21	5.1	18.87	83.17	35.69	52.61	28.84	42.44	107.62	97.62	11.18	74.24	57.78	63.51	98.41	94.02	102.08	60.21	7.07	72.25	91.79	6.08	23.0	92.59	18.36	86.02	51.74	69.72	16.16	93.23	75.13	34.54	28.28	98.73	69.12	38.64	58.69	103.77	81.44	54.2	48.33	76.01	68.66	99.76	31.89	119.5	20.59	95.08	62.37	67.42	19.65	79.12	39.0	87.71	8.54	63.15	57.01	24.52	59.09	72.69	93.15	32.02	42.72	99.14	98.47	63.39	64.9	93.09	51.31	25.18	15.65	69.89	106.45	64.44	41.05	39.12	32.25	101.02	11.0	75.72	74.43	78.03	69.43	56.0	70.0	41.63	86.47	96.18	73.98	92.05	83.86	86.7	58.08	87.46	46.49	68.24	49.16	95.59	22.36	13.6	95.26	37.22	109.66	37.8	83.63	16.03	89.07	44.28	77.78	86.83	70.71	47.3	59.01	19.85	85.21	13.0	102.53	88.19	27.73	101.83	45.88	98.01	19.42	70.86	97.01	68.07	113.23	24.7	84.69	33.24	26.0	28.86	85.73	82.23	20.12	78.64	85.33	70.03	26.57	65.51	88.81	23.6	55.54	24.08	17.69	57.94	73.11	17.03	76.06	63.64	34.0	35.74	84.15	63.07	82.39	73.33	85.01	33.53	102.42	19.24	15.81	10.63	36.4	123.07	43.28	24.02	58.0	18.97	32.98	102.9	98.06	92.2	18.36	74.15	23.77	97.31	107.82	75.33	26.91	26.4	71.55	77.42	81.84	107.45	53.85	85.84	28.64	21.0	69.72	52.15	90.01	34.41	37.16	42.54	58.18	
68.35	39.36	54.45	106.67	86.38	74.46	5.0	63.13	60.37	63.03	68.59	67.23	19.72	43.91	51.11	9.49	29.83	48.37	82.1	83.17	36.06	58.31	0.0	70.11	50.7	30.59	43.1	71.78	41.63	37.12	95.21	48.76	6.4	78.77	77.78	49.25	63.39	49.03	90.82	26.42	15.23	79.85	37.8	76.9	91.55	47.68	75.89	29.43	14.87	68.96	80.0	67.12	91.24	59.01	100.9	86.98	64.2	64.85	89.27	70.52	57.27	51.0	11.7	43.0	50.48	106.96	32.2	58.31	40.45	14.21	23.85	95.67	63.81	83.52	61.4	62.8	47.38	12.73	60.9	37.16	93.96	72.11	38.47	55.66	18.68	39.01	85.44	19.92	84.53	66.07	18.44	86.31	69.78	30.27	103.48	43.86	26.93	62.97	41.0	66.13	5.1	42.19	78.01	26.63	33.14	72.01	80.06	64.4	56.04	73.11	19.24	81.44	65.31	47.38	70.83	21.26	20.4	52.35	84.9	13.42	60.14	113.81	57.71	105.55	44.6	79.43	32.76	3.0	61.81	25.24	64.85	82.88	77.23	41.23	70.41	39.22	54.45	70.18	32.76	61.2	74.17	85.33	17.8	107.94	115.6	12.65	86.4	87.78	45.89	57.07	71.25	56.64	52.55	76.56	86.15	15.65	85.0	66.85	13.0	83.01	10.82	79.62	51.87	87.64	44.69	32.56	32.7	93.98	94.43	68.07	21.47	33.42	14.42	73.82	20.88	34.99	43.83	19.42	34.23	45.4	27.29	53.04	41.59	65.76	52.63	35.61	24.52	28.23	70.21	110.0	19.85	108.45	26.31	61.29	60.42	52.55	51.66	30.61	91.29	33.3	61.68	6.0	68.35	62.8	69.46	46.04	63.06	53.71	24.21	72.62	81.1	67.96	21.4	39.85	78.77	38.47	51.24	51.2	90.45	60.03	27.66	72.47	59.91	19.42	26.08	32.76	39.7	25.63	21.95	64.41	
82.1	37.7	16.28	87.05	131.24	32.02	70.01	10.63	113.02	95.46	57.38	79.32	82.71	41.23	65.12	79.31	95.8	65.05	50.04	93.94	60.46	15.62	70.11	0.0	27.02	41.23	27.89	27.07	96.61	64.64	82.2	38.18	65.49	130.36	60.88	21.02	13.04	22.8	96.77	49.98	66.48	34.23	58.01	123.23	112.36	25.94	88.84	72.9	77.13	114.02	109.34	117.6	70.35	11.4	82.22	106.53	10.82	35.11	107.19	26.17	101.61	67.21	81.0	27.29	108.26	84.01	49.65	24.08	110.02	79.31	52.81	67.03	119.08	95.77	69.07	62.77	91.53	79.16	115.1	37.64	135.07	28.07	104.94	77.83	76.3	31.4	93.04	51.97	102.4	8.06	77.2	67.9	34.71	74.24	82.02	107.52	45.35	56.82	110.11	114.04	75.06	80.45	108.47	57.87	37.66	3.61	83.67	121.66	79.93	52.89	51.48	38.21	116.5	25.08	90.8	87.86	90.35	85.04	67.08	82.61	56.08	96.05	111.51	83.0	106.63	98.74	100.22	70.35	103.08	61.33	83.41	59.54	111.07	37.74	18.03	108.34	52.2	125.03	43.97	99.25	9.85	103.77	57.97	87.01	96.0	82.0	56.01	69.87	25.5	100.8	10.05	117.39	103.59	35.0	117.15	56.08	113.23	30.08	82.01	112.29	79.03	128.81	24.7	98.84	48.84	39.29	43.46	99.16	95.19	8.54	89.2	99.2	82.87	35.13	79.7	102.39	39.2	69.89	36.88	25.08	72.92	88.73	31.02	91.44	79.21	49.4	46.01	97.16	77.52	92.09	86.68	95.63	44.0	117.65	32.65	31.14	26.25	51.43	138.68	48.47	17.8	70.71	28.64	46.52	118.46	112.09	107.8	33.42	88.06	32.14	112.7	123.17	88.65	32.98	31.26	86.83	93.01	97.35	122.79	68.82	97.02	38.47	16.28	83.43	58.82	102.59	50.0	46.27	51.48	72.95	
56.8	34.01	20.62	72.28	104.24	25.0	52.2	16.64	86.35	68.62	36.01	54.13	59.14	14.21	38.6	58.86	72.25	38.29	38.08	69.89	33.62	11.4	50.7	27.02	0.0	20.25	11.66	21.47	70.58	37.74	64.38	11.66	44.91	103.46	42.43	18.0	15.23	23.02	73.98	26.0	43.01	30.23	31.06	96.21	87.21	5.39	64.08	46.82	54.01	87.01	83.01	90.74	54.82	17.2	66.71	81.39	17.0	18.36	82.35	20.12	74.63	40.61	62.36	14.32	82.28	70.52	23.77	35.36	91.01	62.77	29.0	55.04	92.57	71.51	43.86	38.6	64.66	62.03	88.55	31.76	108.19	21.95	88.6	51.22	62.27	15.62	69.64	30.81	77.39	19.72	53.24	50.99	22.02	48.1	67.72	82.76	23.77	33.54	91.68	87.09	55.79	53.54	82.01	48.8	18.87	26.93	60.64	95.34	53.26	34.71	31.62	32.65	89.69	7.28	65.0	65.01	69.58	58.05	49.82	61.4	32.02	81.02	84.97	69.26	81.49	73.36	77.1	50.01	76.06	35.9	57.45	43.97	84.39	11.4	20.02	86.0	26.93	98.41	36.62	72.25	26.25	78.72	35.06	72.8	81.74	63.32	43.83	52.95	22.36	73.82	23.09	91.71	76.94	27.66	90.8	40.31	87.09	17.69	63.6	86.02	61.03	101.83	30.0	74.95	21.93	18.38	19.0	76.69	73.68	30.81	71.78	75.43	61.2	25.46	55.44	79.16	12.21	45.4	17.49	19.42	47.13	61.72	10.0	65.0	52.35	22.85	30.81	75.03	53.14	76.9	64.0	78.64	28.6	91.29	13.42	6.0	1.0	25.71	111.66	42.44	32.57	49.5	18.6	25.02	91.53	87.97	80.8	9.0	64.28	23.43	86.21	96.6	66.0	27.31	28.65	60.42	66.03	70.49	96.4	43.38	78.34	25.81	29.41	60.07	49.5	81.22	23.02	33.3	38.42	47.93	
58.31	24.52	27.29	85.43	96.05	44.78	31.95	33.06	74.52	63.51	46.62	56.14	41.48	17.89	38.21	39.12	54.57	36.5	55.17	73.11	26.0	28.0	30.59	41.23	20.25	0.0	13.34	41.63	56.86	29.97	75.61	21.4	25.08	92.7	55.01	21.95	33.02	24.08	79.03	9.9	25.3	50.12	25.0	87.21	87.32	17.12	66.27	33.97	35.9	78.1	79.85	79.93	68.48	29.83	79.62	81.79	34.01	36.24	83.36	40.31	65.3	39.46	42.2	14.32	68.26	84.6	13.6	36.88	71.02	42.54	12.21	70.8	80.0	74.24	47.01	44.72	54.56	41.79	76.22	21.38	101.51	42.05	68.35	48.76	42.44	10.3	74.0	11.0	78.26	36.12	36.06	63.95	40.8	35.38	81.41	66.48	4.12	42.06	71.59	77.1	35.69	44.41	78.39	31.76	4.24	42.58	66.19	82.1	50.29	48.55	11.4	52.15	78.57	17.0	64.54	46.69	50.04	51.88	62.61	42.0	39.56	93.62	72.62	83.24	65.8	73.55	59.03	30.15	68.01	21.93	57.07	58.52	79.61	12.81	39.81	67.36	33.24	86.21	23.09	65.19	44.01	79.43	16.76	86.31	94.85	43.17	60.31	65.74	21.21	64.66	41.0	76.94	65.19	47.17	87.32	20.62	84.5	37.22	43.42	83.01	40.8	91.93	29.83	78.16	23.35	2.0	7.0	82.05	80.5	41.15	51.55	57.97	42.05	44.65	38.63	61.19	16.64	29.07	4.47	19.21	33.42	54.71	11.05	62.3	48.1	16.12	12.53	56.22	57.01	89.55	45.54	89.81	10.77	78.24	31.4	23.02	21.19	14.32	102.73	28.44	37.64	30.0	38.47	37.74	81.32	70.88	71.7	24.84	46.84	43.05	82.35	84.2	47.52	19.7	48.75	48.17	57.01	60.14	92.61	46.0	58.25	44.05	35.0	42.2	32.25	62.01	20.0	16.16	20.25	51.0	
63.89	22.47	14.87	83.52	106.83	36.07	43.74	20.02	86.61	72.67	46.27	61.4	54.82	19.65	44.38	52.0	67.91	43.38	49.74	77.88	35.47	15.3	43.1	27.89	11.66	13.34	0.0	32.02	69.46	39.7	75.13	20.0	38.01	104.48	53.37	10.0	20.4	13.93	82.73	22.36	38.6	41.11	33.6	98.29	93.98	6.4	71.57	46.04	49.24	89.1	88.19	91.68	66.1	16.49	77.88	88.26	21.1	30.02	89.49	30.61	76.38	46.1	54.45	3.0	81.01	81.93	23.35	27.31	83.49	53.85	25.08	66.64	92.36	79.31	51.42	47.27	65.86	53.37	88.48	20.12	111.66	32.65	79.81	56.36	52.39	4.47	78.09	24.19	84.43	23.0	49.34	62.1	33.6	47.43	79.06	79.71	17.46	43.0	83.86	88.53	48.17	55.15	86.95	37.54	10.0	29.27	69.46	94.67	58.18	45.88	24.0	43.84	90.43	5.0	71.31	60.02	63.01	61.4	60.88	55.08	41.05	92.18	84.88	80.65	78.92	80.06	72.37	43.0	78.57	34.13	63.69	55.36	88.75	13.93	28.23	80.62	35.23	98.47	25.0	75.29	31.06	85.7	30.08	84.12	93.01	55.44	55.47	64.03	12.17	75.66	28.16	89.9	77.2	38.9	95.88	30.68	92.59	29.07	55.58	91.3	52.77	103.39	20.88	82.98	27.51	11.4	16.4	85.59	83.1	28.3	63.35	71.31	55.23	36.88	51.87	74.53	17.46	42.15	9.06	9.22	45.79	64.66	4.47	70.24	56.6	24.21	20.62	69.46	61.19	88.06	58.86	89.44	18.38	90.74	25.06	17.09	12.21	24.84	113.85	30.81	26.4	43.1	29.7	35.69	92.85	84.2	82.73	19.92	60.17	34.66	91.07	96.52	60.83	15.81	39.2	60.22	67.88	71.59	101.36	50.7	70.58	37.44	23.43	55.54	38.29	75.11	26.42	22.47	27.78	55.54	
60.14	52.63	33.11	60.01	113.88	5.1	73.54	19.65	99.93	77.18	32.8	57.31	78.23	30.02	46.96	79.56	91.09	47.93	23.0	70.0	48.51	19.72	71.78	27.07	21.47	41.63	32.02	0.0	86.31	51.97	55.32	25.0	65.8	115.55	34.54	33.84	16.76	38.59	71.69	46.1	62.65	9.22	45.54	106.89	89.38	25.81	65.86	63.29	73.55	97.94	88.73	103.25	43.29	25.63	55.15	83.63	18.44	11.66	83.87	1.41	86.54	49.19	83.49	33.97	97.86	57.08	42.19	47.13	111.83	84.17	49.03	40.2	106.61	72.01	47.63	40.36	77.79	83.38	102.49	50.99	116.25	1.0	109.93	59.17	83.73	36.4	68.51	51.87	79.4	20.1	72.17	41.0	8.6	64.38	55.0	100.24	44.94	33.97	112.64	99.01	76.84	66.76	88.24	69.53	40.31	24.33	59.08	109.9	61.4	26.83	52.92	12.53	102.53	27.02	69.43	84.48	90.03	68.45	40.26	81.79	34.21	69.01	99.04	56.04	98.51	76.38	96.19	70.88	86.76	54.04	62.63	32.56	91.61	30.81	9.06	105.48	32.65	111.95	56.57	82.3	18.97	80.81	55.32	60.01	69.03	84.43	29.02	42.95	39.41	85.62	17.26	107.69	90.8	8.25	96.43	61.77	92.02	6.32	84.76	91.44	82.28	113.16	44.28	74.63	34.53	39.81	39.29	73.82	69.35	35.01	93.05	94.02	81.39	8.06	74.06	98.13	29.15	64.12	38.95	37.01	64.12	72.5	31.38	71.61	61.72	40.01	52.15	94.76	54.49	65.03	83.6	68.59	49.93	105.77	13.15	19.42	20.59	44.18	121.8	62.24	41.98	70.09	4.12	23.43	103.47	106.04	92.2	19.03	83.1	5.1	92.46	110.37	85.59	46.1	7.21	75.5	78.19	83.49	102.07	47.8	99.33	11.7	39.29	79.31	70.29	101.27	38.12	54.41	59.64	50.99	
48.55	76.42	84.06	95.29	44.92	86.58	46.24	86.93	18.87	31.4	65.92	49.24	22.14	57.28	43.42	35.9	19.92	41.19	85.38	59.41	37.85	81.54	41.63	96.61	70.58	56.86	69.46	86.31	0.0	34.37	82.76	61.85	40.5	37.44	73.98	78.77	85.8	80.8	67.9	47.17	33.24	91.35	40.79	35.44	59.48	70.68	53.26	23.77	26.83	28.16	45.31	25.5	84.76	85.42	90.34	56.6	87.46	75.54	59.36	85.51	18.68	41.59	42.43	71.02	11.7	97.51	47.01	92.96	49.65	49.65	44.65	92.44	23.35	58.69	50.29	56.29	14.21	47.68	19.85	73.55	52.95	86.15	58.52	37.16	57.27	67.12	63.03	48.17	55.8	90.08	23.85	80.01	80.4	22.47	93.94	17.0	53.01	60.53	52.33	24.74	40.8	21.38	43.08	68.0	61.03	97.17	62.13	25.24	35.78	73.55	50.21	91.09	23.71	71.55	45.28	24.02	34.13	26.93	78.75	32.39	58.31	99.86	16.4	96.18	13.93	51.22	23.71	38.91	24.04	35.36	43.27	80.81	40.52	59.24	89.29	32.02	56.0	29.7	71.06	25.94	96.8	56.04	41.11	97.06	102.4	42.3	87.13	80.65	77.8	18.97	93.64	21.38	11.18	87.28	49.48	54.64	49.98	80.06	43.29	47.76	44.72	38.01	85.91	62.29	51.79	58.52	53.24	70.71	73.76	97.75	48.04	19.24	30.41	84.29	21.1	23.85	58.82	28.32	61.29	76.03	23.71	24.21	65.76	38.18	32.7	47.76	59.41	28.46	54.12	96.9	25.08	92.66	60.11	21.4	73.16	68.68	71.51	45.19	49.66	73.24	94.4	36.24	82.2	67.0	27.86	24.19	23.02	67.91	19.1	84.59	44.92	27.59	25.0	74.33	91.66	11.0	17.69	13.42	52.61	49.04	45.12	81.1	91.84	22.8	67.54	34.44	48.51	62.37	60.8	50.7	
