90
0.0	26.4	10.44	54.45	30.07	36.77	6.32	51.09	25.24	25.08	12.81	10.44	27.73	45.34	31.14	39.2	38.28	23.41	40.05	7.62	31.14	48.83	15.56	33.12	35.13	11.7	17.8	23.09	30.59	33.53	3.61	33.14	3.16	21.54	44.72	18.79	35.69	17.03	17.0	34.93	30.41	27.89	27.02	39.81	16.12	36.77	10.0	26.08	5.0	15.3	26.48	49.82	37.05	39.01	38.9	36.89	23.26	19.24	20.62	41.0	43.28	32.8	10.3	34.53	22.02	29.97	30.15	36.24	50.45	8.54	49.04	31.4	35.69	41.76	36.24	20.4	29.73	31.24	48.92	55.9	34.44	25.96	30.07	28.6	9.49	12.37	41.63	42.06	25.5	32.89	
26.4	0.0	16.12	30.89	29.07	25.08	20.12	26.63	4.24	9.06	16.03	19.8	18.44	21.47	12.37	14.76	21.21	3.61	38.95	27.29	10.05	23.35	13.0	7.07	13.6	20.0	13.34	13.04	7.81	25.24	26.08	30.41	29.55	18.36	29.27	7.62	11.7	11.0	9.49	8.54	8.49	5.0	12.21	13.42	12.04	15.13	17.8	9.22	24.41	21.38	6.32	28.86	15.81	37.54	28.64	20.4	17.2	9.43	8.25	38.42	19.24	9.22	19.1	11.18	12.17	19.42	28.32	10.0	25.81	21.21	27.89	14.87	29.41	16.03	12.65	21.93	9.22	9.0	24.7	33.11	8.06	4.12	14.32	13.89	27.07	21.02	15.23	31.02	10.63	7.0	
10.44	16.12	0.0	45.45	28.16	31.26	4.12	41.73	15.56	15.03	7.28	6.0	22.09	36.12	22.83	29.7	31.02	13.0	38.9	13.6	22.2	39.05	8.06	23.02	25.0	10.0	11.05	13.93	20.22	29.0	10.0	30.81	13.6	17.12	38.33	8.6	25.32	8.54	7.07	24.6	20.1	17.46	19.31	29.53	6.08	28.02	3.0	16.03	8.49	13.89	16.12	41.68	27.02	37.64	34.06	29.73	18.0	9.0	11.66	39.29	33.97	23.35	7.81	24.19	12.65	24.19	27.89	26.08	41.01	8.6	40.82	23.77	32.14	31.32	26.91	18.03	20.81	22.02	39.62	47.2	24.19	15.52	20.62	21.19	14.32	11.4	31.3	37.12	17.46	22.47	
54.45	30.89	45.45	0.0	37.85	25.32	48.84	5.0	30.0	38.63	41.77	50.22	29.97	9.43	23.43	16.12	18.97	34.48	41.05	52.2	23.35	10.05	38.9	24.17	35.23	44.2	36.88	43.08	33.24	29.61	55.23	36.35	57.31	35.85	19.1	37.2	31.26	37.48	38.42	25.0	34.21	33.24	27.8	21.21	42.72	17.69	47.8	38.28	53.91	42.72	35.47	8.06	36.06	40.01	27.02	20.25	33.62	40.31	33.97	39.12	11.66	22.2	44.69	32.39	42.54	28.23	36.88	22.14	6.0	46.86	8.0	23.85	32.14	26.02	18.6	39.36	24.76	23.43	6.32	3.16	24.35	34.01	41.0	26.63	51.04	44.41	21.02	26.08	29.07	28.16	
30.07	29.07	28.16	37.85	0.0	12.65	28.28	37.12	24.84	36.24	20.88	33.96	11.18	32.0	20.25	29.61	19.1	29.73	10.77	23.54	22.85	38.05	21.02	30.41	42.64	19.1	18.36	38.28	36.88	8.25	33.0	3.16	31.4	11.66	20.59	26.63	40.22	21.95	25.55	34.0	37.54	33.97	17.49	36.4	31.3	24.33	31.05	36.88	33.06	15.03	34.66	30.36	44.82	9.49	12.21	18.03	12.04	31.91	22.02	11.18	31.06	26.0	21.21	40.0	36.89	11.4	1.0	32.7	37.05	22.02	30.08	17.72	7.07	42.05	26.93	10.2	22.36	24.17	35.06	37.64	32.65	32.53	42.52	16.55	21.59	18.03	38.28	14.87	18.6	34.67	
36.77	25.08	31.26	25.32	12.65	0.0	32.98	25.02	21.19	33.84	24.74	37.22	9.22	20.4	13.04	19.72	7.28	27.2	17.09	31.91	15.81	26.68	23.19	23.43	37.44	25.08	20.22	37.11	32.25	4.47	38.9	11.05	38.91	15.23	8.49	26.17	34.21	23.02	26.02	26.91	33.12	29.97	13.34	27.8	32.06	14.42	34.23	34.18	38.33	21.95	31.38	17.72	39.41	15.81	3.61	6.71	13.6	31.4	21.1	15.65	19.92	18.44	26.57	34.41	35.9	7.07	11.7	24.76	25.08	28.23	17.46	10.3	7.07	34.06	17.8	17.2	16.12	17.2	23.09	25.0	25.5	29.15	39.4	11.4	30.23	24.6	29.41	6.08	15.3	28.6	
6.32	20.12	4.12	48.84	28.28	32.98	0.0	45.28	19.21	19.0	8.25	6.4	23.77	39.6	25.81	33.3	33.54	17.09	38.83	10.3	25.5	42.8	10.3	26.93	29.02	9.22	13.0	17.46	24.33	30.27	6.4	31.14	9.49	18.11	40.5	12.53	29.43	11.4	10.82	28.64	24.19	21.59	21.95	33.54	10.0	31.24	4.47	20.0	5.39	13.34	20.22	44.65	31.0	37.66	35.51	32.2	19.42	13.04	14.87	39.46	37.48	26.91	7.07	28.28	16.28	25.96	28.16	30.02	44.6	6.71	43.83	26.42	33.02	35.44	30.41	18.11	24.08	25.46	43.14	50.45	28.18	19.65	24.33	23.71	11.4	10.44	35.34	38.64	20.25	26.57	
51.09	26.63	41.73	5.0	37.12	25.02	45.28	0.0	26.17	34.01	38.6	46.23	28.16	5.83	20.59	12.04	18.03	30.23	41.59	49.4	20.0	5.1	35.61	19.72	30.27	41.34	33.84	38.48	28.46	29.02	51.62	36.0	54.04	33.62	20.25	33.3	26.31	34.06	34.66	20.25	29.41	28.64	25.06	16.28	38.6	14.76	43.93	33.62	50.21	40.25	30.87	10.0	31.06	40.45	27.29	19.1	31.38	36.06	30.48	39.81	7.81	18.38	41.62	27.46	38.01	26.68	36.12	17.46	1.0	43.83	9.43	21.54	32.06	21.02	14.87	37.34	21.4	19.85	2.24	8.06	19.7	29.53	36.14	24.17	48.37	41.68	16.03	26.93	26.08	23.41	
25.24	4.24	15.56	30.0	24.84	21.19	19.21	26.17	0.0	12.65	13.6	20.25	14.21	20.62	9.0	14.14	18.0	6.08	34.71	25.0	7.28	23.6	10.44	8.25	17.8	17.26	10.0	16.12	12.04	21.1	25.5	26.17	28.3	14.32	26.02	7.21	15.65	8.54	8.49	11.0	12.73	9.22	8.06	15.3	13.0	13.0	17.8	13.0	24.04	18.03	10.3	26.93	20.0	33.3	24.7	17.03	13.04	11.18	5.1	34.21	18.44	7.81	16.76	15.26	15.03	15.26	24.08	11.4	25.46	18.97	26.0	11.18	25.24	19.1	11.4	18.03	6.08	6.71	24.08	31.91	10.05	8.06	18.36	9.85	24.52	18.11	17.26	27.2	6.4	10.44	
25.08	9.06	15.03	38.63	36.24	33.84	19.0	34.01	12.65	0.0	18.79	15.81	26.42	29.41	21.38	22.8	30.27	6.71	46.62	28.44	19.1	30.02	16.64	14.56	10.05	22.85	18.44	4.47	6.4	33.54	23.54	38.01	28.16	24.76	38.33	10.0	11.18	15.0	11.66	13.89	5.83	5.39	20.62	18.6	9.0	24.02	15.13	1.0	21.59	25.55	3.16	37.48	12.0	45.22	37.34	29.43	24.21	6.08	14.21	46.32	27.2	18.03	21.19	9.85	4.24	27.73	35.61	16.55	33.11	22.8	36.5	23.77	37.59	18.03	21.21	27.66	18.25	18.03	32.31	41.11	14.32	5.0	6.4	22.47	28.86	24.17	19.85	39.85	18.79	10.82	
12.81	16.03	7.28	41.77	20.88	24.74	8.25	38.6	13.6	18.79	0.0	13.15	15.52	32.8	18.38	26.93	25.55	14.14	31.62	11.4	18.6	36.72	3.16	21.84	27.89	4.12	5.0	19.21	22.36	22.09	14.32	23.54	15.56	10.0	32.31	9.22	27.17	5.1	7.28	24.33	22.56	19.24	14.21	28.86	11.31	24.08	10.2	19.7	13.6	7.07	18.68	37.01	30.08	30.36	27.29	24.19	11.18	13.04	8.54	32.02	30.81	20.59	3.16	26.31	17.8	17.72	20.62	25.0	38.01	5.39	36.24	18.6	25.02	32.06	23.85	10.77	17.2	18.87	36.4	43.14	23.54	17.26	25.06	15.81	11.05	5.39	30.81	30.41	12.73	23.02	
10.44	19.8	6.0	50.22	33.96	37.22	6.4	46.23	20.25	15.81	13.15	0.0	28.07	40.8	28.23	34.21	36.69	16.28	44.64	16.4	27.29	43.14	14.04	26.87	25.71	15.23	17.03	13.04	21.93	35.0	8.0	36.67	13.15	23.09	44.15	13.04	26.93	14.32	12.08	27.8	21.54	19.72	25.0	32.8	7.81	33.12	3.0	16.76	6.0	19.31	17.89	46.96	27.46	43.42	40.05	35.44	24.0	10.82	17.09	45.12	38.6	28.02	13.0	25.63	12.17	30.15	33.73	29.73	45.45	13.04	46.07	29.41	38.12	33.54	31.62	23.77	25.94	26.93	44.2	52.15	27.66	18.03	20.02	26.93	17.69	16.55	34.41	43.1	23.09	25.24	
27.73	18.44	22.09	29.97	11.18	9.22	23.77	28.16	14.21	26.42	15.52	28.07	0.0	22.56	9.22	19.03	11.4	19.72	20.52	23.43	11.7	28.16	14.04	19.24	31.83	16.12	11.05	29.15	26.17	7.28	29.73	12.04	30.02	6.4	17.0	17.72	29.21	14.04	17.26	22.83	26.91	23.43	6.4	25.3	23.35	14.04	25.08	26.93	29.12	13.45	24.41	23.6	33.97	19.1	12.0	10.0	4.47	23.09	12.65	20.0	21.21	14.87	17.46	29.07	27.86	2.24	10.3	21.54	27.89	19.24	23.02	7.0	11.18	30.87	16.12	9.43	11.18	13.0	25.96	30.53	21.47	22.2	32.45	5.39	21.93	15.81	27.2	15.03	7.81	23.6	
45.34	21.47	36.12	9.43	32.0	20.4	39.6	5.83	20.62	29.41	32.8	40.8	22.56	0.0	14.76	6.71	13.15	25.06	37.36	43.57	14.21	6.32	29.83	14.87	27.02	35.51	28.02	33.84	24.33	24.08	45.97	31.14	48.27	27.86	17.2	27.8	23.02	28.32	29.07	16.12	25.32	24.04	19.24	13.15	33.29	8.94	38.42	29.12	44.6	34.44	26.25	9.49	28.16	36.14	23.09	14.04	25.63	30.89	24.76	35.74	2.24	12.81	35.81	24.0	33.24	21.21	31.0	13.15	5.39	38.01	8.54	15.81	27.46	18.97	9.22	31.62	15.62	14.14	3.61	11.7	15.3	24.7	32.25	18.38	42.54	35.85	13.6	23.26	20.25	19.24	
31.14	12.37	22.83	23.43	20.25	13.04	25.81	20.59	9.0	21.38	18.38	28.23	9.22	14.76	0.0	10.05	9.0	15.03	28.6	28.84	2.83	19.65	15.62	10.63	24.41	20.81	13.45	25.08	19.24	14.21	32.2	20.59	33.94	13.34	17.03	15.52	21.26	14.42	16.16	14.21	20.12	17.09	4.47	16.16	21.59	5.83	25.5	21.59	31.06	19.7	18.68	18.87	26.4	27.2	16.64	8.06	11.18	20.1	11.18	27.66	13.0	5.83	21.26	21.4	24.02	8.94	19.31	12.53	20.12	23.43	18.03	2.83	18.44	21.95	7.0	17.26	3.16	4.24	18.36	24.76	12.81	16.49	26.57	4.0	27.78	21.1	18.03	18.79	5.66	15.62	
39.2	14.76	29.7	16.12	29.61	19.72	33.3	12.04	14.14	22.8	26.93	34.21	19.03	6.71	10.05	0.0	12.81	18.36	36.67	38.01	8.54	9.85	23.85	8.25	21.38	29.97	22.36	27.2	18.03	22.47	39.62	29.41	42.2	23.35	19.42	21.26	17.46	22.2	22.63	10.05	19.03	17.46	14.32	8.6	26.63	5.39	31.89	22.56	38.18	29.41	19.65	15.0	22.8	35.34	23.02	13.04	21.21	24.19	18.6	35.36	4.47	6.4	30.02	18.25	26.57	18.25	28.64	7.07	11.31	32.25	14.0	12.04	26.4	15.0	3.16	27.29	9.85	8.06	10.0	18.38	9.0	18.03	26.02	14.04	37.16	30.46	9.9	24.08	14.87	13.0	
38.28	21.21	31.02	18.97	19.1	7.28	33.54	18.03	18.0	30.27	25.55	36.69	11.4	13.15	9.0	12.81	0.0	24.02	24.35	34.66	11.18	19.42	23.26	17.89	32.2	27.02	20.59	34.06	27.51	11.0	39.82	18.03	40.8	17.69	8.06	24.33	28.65	22.47	24.74	21.1	28.46	25.71	11.7	21.21	30.41	7.81	33.84	30.41	38.91	24.76	27.46	12.21	34.0	23.09	10.3	1.41	15.56	29.07	19.65	22.85	12.65	13.0	28.02	29.07	33.02	9.43	18.11	18.6	18.0	30.0	11.66	7.28	14.32	27.59	11.4	20.81	12.04	12.37	16.0	19.24	19.72	25.32	35.17	9.85	33.24	26.91	22.67	11.31	13.6	23.26	
23.41	3.61	13.0	34.48	29.73	27.2	17.09	30.23	6.08	6.71	14.14	16.28	19.72	25.06	15.03	18.36	24.02	0.0	40.0	25.02	13.04	26.91	11.4	10.63	13.93	18.25	12.53	10.05	8.25	26.83	22.83	31.4	26.57	18.44	32.06	5.0	13.04	9.49	7.0	11.66	8.54	5.1	13.93	16.64	8.49	18.44	14.42	7.21	21.1	20.25	5.0	32.28	16.16	38.6	30.68	23.09	17.69	5.83	7.81	39.66	22.83	12.65	17.03	12.17	9.0	21.02	29.07	13.45	29.41	19.0	31.32	17.26	30.89	18.44	16.16	21.63	12.0	12.17	28.3	36.67	11.4	3.16	12.81	15.81	25.02	19.42	18.36	33.24	12.08	9.49	
40.05	38.95	38.9	41.05	10.77	17.09	38.83	41.59	34.71	46.62	31.62	44.64	20.52	37.36	28.6	36.67	24.35	40.0	0.0	33.02	31.4	43.68	31.78	39.2	52.33	29.61	29.07	48.88	46.69	14.42	43.19	8.6	41.01	22.36	22.0	37.22	49.58	32.65	36.24	42.8	47.42	43.93	26.87	44.42	42.05	31.3	41.76	47.2	43.42	25.5	44.82	33.02	54.45	1.41	14.32	23.77	22.47	42.54	32.45	2.24	37.0	34.41	31.78	49.52	47.51	19.85	11.18	41.05	41.77	32.39	33.06	25.81	10.3	50.48	34.48	20.88	31.24	32.8	39.81	40.01	41.4	42.64	52.8	25.5	31.02	28.44	46.14	15.0	28.32	43.93	
7.62	27.29	13.6	52.2	23.54	31.91	10.3	49.4	25.0	28.44	11.4	16.4	23.43	43.57	28.84	38.01	34.66	25.02	33.02	0.0	29.53	47.85	14.56	33.24	38.21	8.06	15.65	27.51	33.02	28.18	11.18	26.68	8.0	17.03	40.22	20.02	38.0	16.49	18.03	35.69	33.06	30.0	24.41	40.26	19.65	34.67	14.76	29.43	12.21	10.0	29.07	46.69	40.31	32.06	33.54	33.24	19.1	22.36	19.92	34.13	41.68	31.78	8.25	37.01	26.25	25.61	23.77	36.4	48.88	6.08	46.01	28.43	29.73	43.29	34.89	14.76	28.18	29.97	47.17	53.26	34.93	28.0	34.21	25.61	2.0	7.81	42.2	36.67	23.32	34.23	
31.14	10.05	22.2	23.35	22.85	15.81	25.5	20.0	7.28	19.1	18.6	27.29	11.7	14.21	2.83	8.54	11.18	13.04	31.4	29.53	0.0	18.38	15.62	7.81	21.63	21.47	13.89	23.0	16.55	17.03	31.89	23.32	34.06	15.03	19.24	14.32	18.44	14.14	15.26	11.4	17.46	14.56	6.0	13.6	20.25	5.83	24.7	19.24	30.61	20.88	16.28	19.7	23.6	30.0	19.42	10.44	13.0	18.44	10.63	30.48	12.21	3.16	21.63	18.6	22.02	11.66	21.93	9.85	19.42	23.85	18.79	5.66	21.26	19.24	5.39	19.03	1.41	1.41	17.8	25.0	10.0	14.14	24.04	6.32	28.64	21.93	15.52	21.47	6.32	12.81	
48.83	23.35	39.05	10.05	38.05	26.68	42.8	5.1	23.6	30.02	36.72	43.14	28.16	6.32	19.65	9.85	19.42	26.91	43.68	47.85	18.38	0.0	33.62	16.28	25.5	39.81	32.2	34.48	24.17	30.27	49.04	37.34	51.87	32.98	23.32	30.48	21.59	31.91	32.02	16.12	25.08	24.7	24.04	11.7	35.38	14.14	41.04	29.53	47.51	39.22	26.93	14.21	26.17	42.45	29.41	20.22	30.81	32.65	28.3	42.06	7.0	16.12	39.82	22.8	34.13	27.02	37.05	13.6	4.12	42.06	13.45	21.21	33.73	16.0	13.0	36.88	19.7	17.89	5.0	13.15	15.81	25.81	31.62	23.54	47.01	40.31	11.18	29.55	24.7	19.24	
15.56	13.0	8.06	38.9	21.02	23.19	10.3	35.61	10.44	16.64	3.16	14.04	14.04	29.83	15.62	23.85	23.26	11.4	31.78	14.56	15.62	33.62	0.0	18.68	25.3	7.0	3.0	17.69	19.65	21.02	16.64	23.41	18.44	9.49	30.36	6.71	24.33	2.0	5.0	21.21	19.92	16.49	11.66	25.71	10.3	21.21	11.05	17.49	15.65	8.94	16.16	34.41	27.51	30.46	26.02	21.93	10.05	11.31	5.39	31.95	27.8	17.49	6.32	23.54	16.28	16.12	20.62	21.84	35.0	8.54	33.6	16.12	24.33	29.02	20.81	11.4	14.21	15.81	33.42	40.36	20.4	14.56	23.02	13.42	14.14	8.06	27.66	29.07	10.0	20.0	
33.12	7.07	23.02	24.17	30.41	23.43	26.93	19.72	8.25	14.56	21.84	26.87	19.24	14.87	10.63	8.25	17.89	10.63	39.2	33.24	7.81	16.28	18.68	0.0	14.32	25.5	18.11	18.97	10.05	24.84	33.02	31.06	36.24	21.38	25.63	14.42	10.82	16.76	16.12	3.61	11.05	9.22	13.0	7.07	19.1	10.44	24.84	14.32	31.4	26.02	11.4	23.09	16.12	37.8	27.02	17.49	19.65	16.4	13.34	38.29	12.65	5.0	25.0	11.18	18.38	19.42	29.53	3.16	18.87	27.2	22.09	13.45	29.07	11.7	7.07	25.32	8.06	6.4	17.89	26.57	2.24	9.85	18.03	13.89	32.76	26.31	9.06	28.84	12.37	5.39	
35.13	13.6	25.0	35.23	42.64	37.44	29.02	30.27	17.8	10.05	27.89	25.71	31.83	27.02	24.41	21.38	32.2	13.93	52.33	38.21	21.63	25.5	25.3	14.32	0.0	32.02	26.4	13.0	5.83	38.29	33.54	43.86	38.21	31.91	39.92	18.68	4.0	23.41	20.62	11.4	5.39	8.94	25.46	14.04	19.03	24.7	25.18	9.06	31.58	34.18	9.22	36.22	2.24	50.91	41.05	31.76	30.81	16.0	21.47	51.66	25.08	19.24	30.59	3.16	13.6	32.56	41.87	14.32	29.27	32.39	35.23	27.2	42.52	10.3	21.19	35.36	21.4	20.25	29.07	38.12	12.65	10.77	7.07	26.91	38.47	33.24	14.32	43.05	24.08	8.94	
11.7	20.0	10.0	44.2	19.1	25.08	9.22	41.34	17.26	22.85	4.12	15.23	16.12	35.51	20.81	29.97	27.02	18.25	29.61	8.06	21.47	39.81	7.0	25.5	32.02	0.0	7.62	23.02	26.48	21.84	14.14	22.02	13.89	9.85	33.12	13.34	31.26	9.0	11.4	28.16	26.68	23.35	16.4	32.56	15.0	26.63	12.53	23.77	14.0	4.12	22.8	38.9	34.21	28.44	27.2	25.61	11.66	17.0	12.17	30.27	33.62	23.77	2.24	30.41	21.63	18.36	19.03	28.64	40.82	3.16	38.18	20.52	24.19	36.01	26.83	9.0	20.12	21.93	39.12	45.34	27.29	21.38	29.07	17.69	7.28	1.41	34.53	30.36	15.26	27.0	
17.8	13.34	11.05	36.88	18.36	20.22	13.0	33.84	10.0	18.44	5.0	17.03	11.05	28.02	13.45	22.36	20.59	12.53	29.07	15.65	13.89	32.2	3.0	18.11	26.4	7.62	0.0	20.0	20.62	18.03	19.24	20.62	20.52	6.71	27.51	8.49	25.0	3.61	7.21	21.0	21.02	17.46	9.22	25.18	13.0	19.21	14.04	19.21	18.38	8.06	17.49	32.02	28.64	27.73	23.02	19.24	7.07	13.6	5.1	29.15	26.08	16.16	7.81	24.35	18.6	13.15	17.89	21.21	33.29	10.0	31.24	13.6	21.38	29.07	19.24	9.22	12.53	14.32	31.62	38.18	20.02	15.65	24.84	10.82	14.87	8.25	27.17	26.08	7.81	20.22	
23.09	13.04	13.93	43.08	38.28	37.11	17.46	38.48	16.12	4.47	19.21	13.04	29.15	33.84	25.08	27.2	34.06	10.05	48.88	27.51	23.0	34.48	17.69	18.97	13.0	23.02	20.0	0.0	10.63	36.4	21.02	40.31	26.02	26.63	42.11	11.66	15.0	16.4	12.81	18.36	9.9	9.85	23.77	23.02	8.06	28.16	13.15	5.0	19.03	26.25	7.62	41.77	14.56	47.51	40.52	33.14	26.42	6.4	16.55	48.76	31.62	22.2	21.1	13.6	1.41	30.68	37.74	21.02	37.58	22.36	40.79	27.29	40.31	22.02	25.5	29.07	22.02	22.02	36.77	45.54	18.79	9.22	7.0	25.71	28.23	24.41	24.21	43.17	21.84	15.26	
30.59	7.81	20.22	33.24	36.88	32.25	24.33	28.46	12.04	6.4	22.36	21.93	26.17	24.33	19.24	18.03	27.51	8.25	46.69	33.02	16.55	24.17	19.65	10.05	5.83	26.48	20.62	10.63	0.0	32.8	29.41	38.18	33.73	26.08	35.44	13.15	5.1	17.72	15.13	8.25	1.0	3.16	19.85	12.53	14.56	20.4	20.88	5.66	27.51	28.46	4.12	33.02	8.06	45.28	35.85	26.93	25.0	11.4	15.65	46.1	22.2	14.56	25.18	4.0	10.63	27.02	36.12	11.18	27.51	27.07	32.02	21.95	37.01	11.66	17.12	29.53	16.12	15.23	26.93	35.9	9.06	5.1	8.0	21.4	33.14	27.66	13.6	38.01	18.38	5.1	
33.53	25.24	29.0	29.61	8.25	4.47	30.27	29.02	21.1	33.54	22.09	35.0	7.28	24.08	14.21	22.47	11.0	26.83	14.42	28.18	17.03	30.27	21.02	24.84	38.29	21.84	18.03	36.4	32.8	0.0	35.9	7.07	35.47	12.17	12.81	25.0	35.36	21.21	24.52	28.43	33.6	30.23	13.04	30.02	30.59	17.09	32.0	34.0	35.51	18.38	31.38	22.14	40.36	13.04	5.39	10.05	11.0	30.36	19.92	13.45	23.35	20.0	23.54	35.38	35.11	5.83	7.28	26.63	29.0	25.0	21.84	11.4	4.24	36.06	20.12	13.42	16.97	18.44	27.0	29.41	27.02	29.15	39.45	11.4	26.42	21.19	31.76	8.54	14.76	29.7	
3.61	26.08	10.0	55.23	33.0	38.9	6.4	51.62	25.5	23.54	14.32	8.0	29.73	45.97	32.2	39.62	39.82	22.83	43.19	11.18	31.89	49.04	16.64	33.02	33.54	14.14	19.24	21.02	29.41	35.9	0.0	36.01	5.39	23.77	46.62	18.6	34.48	17.8	17.03	34.48	29.12	26.93	28.3	39.45	14.87	37.64	8.54	24.52	2.0	18.03	25.3	51.04	35.36	42.11	41.23	38.47	25.3	18.03	21.26	44.05	43.84	33.24	12.37	33.24	20.1	31.95	33.02	36.06	50.93	11.05	50.22	32.76	38.33	40.85	36.77	23.09	30.48	31.83	49.5	56.85	34.13	25.08	28.02	30.02	13.0	15.03	41.18	44.38	26.63	32.2	
33.14	30.41	30.81	36.35	3.16	11.05	31.14	36.0	26.17	38.01	23.54	36.67	12.04	31.14	20.59	29.41	18.03	31.4	8.6	26.68	23.32	37.34	23.41	31.06	43.86	22.02	20.62	40.31	38.18	7.07	36.01	0.0	34.53	13.93	18.38	28.65	41.23	24.17	27.73	34.67	38.9	35.38	18.44	36.67	33.62	24.04	33.73	38.6	36.01	18.0	36.24	28.64	46.01	7.21	9.85	17.12	13.89	34.0	23.85	8.54	30.41	26.42	24.08	41.11	38.95	11.66	3.0	33.12	36.01	25.0	28.44	17.89	4.47	42.54	26.93	13.04	23.02	24.7	34.01	35.9	33.29	34.06	44.2	17.2	24.74	21.0	38.48	12.21	19.8	35.61	
3.16	29.55	13.6	57.31	31.4	38.91	9.49	54.04	28.3	28.16	15.56	13.15	30.02	48.27	33.94	42.2	40.8	26.57	41.01	8.0	34.06	51.87	18.44	36.24	38.21	13.89	20.52	26.02	33.73	35.47	5.39	34.53	0.0	23.71	47.01	21.93	38.83	20.0	20.12	38.08	33.54	31.05	29.73	42.95	19.24	39.62	13.04	29.15	7.28	17.09	29.61	52.5	40.11	40.05	40.85	39.41	25.55	22.36	23.6	42.11	46.23	35.81	12.81	37.66	25.0	32.25	31.58	39.36	53.41	10.82	51.74	34.06	37.36	44.92	39.2	22.14	32.65	34.21	51.86	58.69	37.58	29.12	33.02	31.24	10.0	14.32	44.78	44.01	28.28	36.06	
21.54	18.36	17.12	35.85	11.66	15.23	18.11	33.62	14.32	24.76	10.0	23.09	6.4	27.86	13.34	23.35	17.69	18.44	22.36	17.03	15.03	32.98	9.49	21.38	31.91	9.85	6.71	26.63	26.08	12.17	23.77	13.93	23.71	0.0	23.32	15.0	29.97	10.3	13.89	24.74	26.63	23.02	9.06	28.16	19.7	18.97	20.1	25.46	23.35	7.07	23.43	29.83	34.13	21.02	17.46	16.28	2.24	20.25	10.63	22.47	26.25	18.0	11.4	29.53	25.24	8.6	11.18	24.19	33.24	13.0	29.21	12.08	15.03	32.98	20.22	4.0	14.0	16.0	31.38	36.62	23.54	21.4	31.11	9.49	15.56	9.43	30.15	20.62	9.06	24.7	
44.72	29.27	38.33	19.1	20.59	8.49	40.5	20.25	26.02	38.33	32.31	44.15	17.0	17.2	17.03	19.42	8.06	32.06	22.0	40.22	19.24	23.32	30.36	25.63	39.92	33.12	27.51	42.11	35.44	12.81	46.62	18.38	47.01	23.32	0.0	32.14	36.25	29.83	32.39	28.64	36.4	33.73	19.24	28.02	38.21	15.23	41.23	38.47	45.88	30.23	35.51	11.05	41.63	21.02	8.54	9.0	21.47	37.01	27.29	20.02	17.69	20.88	34.44	36.77	41.05	14.76	19.72	25.94	20.62	36.24	11.18	15.03	13.93	34.41	18.79	25.61	20.1	20.4	18.79	18.03	27.31	33.38	43.17	17.26	38.6	32.76	29.21	7.0	21.21	31.02	
18.79	7.62	8.6	37.2	26.63	26.17	12.53	33.3	7.21	10.0	9.22	13.04	17.72	27.8	15.52	21.26	24.33	5.0	37.22	20.02	14.32	30.48	6.71	14.42	18.68	13.34	8.49	11.66	13.15	25.0	18.6	28.65	21.93	15.0	32.14	0.0	18.03	5.0	2.0	16.16	13.34	10.05	13.0	21.02	6.08	20.12	10.63	10.82	17.03	15.65	9.49	34.01	20.88	35.85	29.43	23.19	14.76	5.39	5.1	37.12	25.61	15.0	12.04	17.12	10.3	19.42	26.08	17.49	32.56	14.0	33.11	17.12	28.79	23.35	18.6	17.69	13.0	13.89	31.24	39.12	15.65	8.06	16.4	15.0	20.02	14.56	22.85	32.25	11.0	14.32	
35.69	11.7	25.32	31.26	40.22	34.21	29.43	26.31	15.65	11.18	27.17	26.93	29.21	23.02	21.26	17.46	28.65	13.04	49.58	38.0	18.44	21.59	24.33	10.82	4.0	31.26	25.0	15.0	5.1	35.36	34.48	41.23	38.83	29.97	36.25	18.03	0.0	22.36	20.02	7.62	5.39	8.0	22.8	10.05	19.65	21.02	25.96	10.3	32.57	32.98	9.22	32.25	5.39	48.17	37.8	28.3	28.65	16.49	19.92	48.8	21.1	15.81	30.07	1.41	15.26	29.73	39.41	10.44	25.32	32.02	31.26	24.08	39.6	7.07	17.46	33.62	18.38	17.03	25.08	34.13	8.94	10.0	10.3	24.08	38.05	32.39	10.44	39.66	21.63	5.66	
17.03	11.0	8.54	37.48	21.95	23.02	11.4	34.06	8.54	15.0	5.1	14.32	14.04	28.32	14.42	22.2	22.47	9.49	32.65	16.49	14.14	31.91	2.0	16.76	23.41	9.0	3.61	16.4	17.72	21.21	17.8	24.17	20.0	10.3	29.83	5.0	22.36	0.0	3.61	19.24	18.03	14.56	10.77	23.77	9.49	19.85	11.4	15.81	16.64	10.77	14.32	33.29	25.63	31.3	26.02	21.19	10.44	10.0	3.61	32.7	26.25	15.81	8.25	21.59	15.0	16.0	21.47	19.92	33.42	10.44	32.45	15.23	24.74	27.02	19.21	12.73	12.73	14.21	31.89	39.05	18.44	12.65	21.4	12.65	16.12	10.05	25.71	29.0	8.94	18.0	
17.0	9.49	7.07	38.42	25.55	26.02	10.82	34.66	8.49	11.66	7.28	12.08	17.26	29.07	16.16	22.63	24.74	7.0	36.24	18.03	15.26	32.02	5.0	16.12	20.62	11.4	7.21	12.81	15.13	24.52	17.03	27.73	20.12	13.89	32.39	2.0	20.02	3.61	0.0	18.03	15.3	12.04	13.15	22.85	6.08	21.1	9.43	12.53	15.56	13.89	11.4	34.89	22.8	34.89	29.15	23.54	13.93	6.4	5.1	36.25	26.91	16.28	10.05	19.1	11.4	19.1	25.06	19.24	33.94	12.0	34.0	17.46	28.16	25.32	19.85	16.28	13.89	15.0	32.56	40.22	17.46	10.05	18.03	15.13	18.03	12.65	24.7	32.06	11.18	16.28	
34.93	8.54	24.6	25.0	34.0	26.91	28.64	20.25	11.0	13.89	24.33	27.8	22.83	16.12	14.21	10.05	21.1	11.66	42.8	35.69	11.4	16.12	21.21	3.61	11.4	28.16	21.0	18.36	8.25	28.43	34.48	34.67	38.08	24.74	28.64	16.16	7.62	19.24	18.03	0.0	9.22	8.6	16.55	5.0	20.0	13.42	26.08	13.42	32.76	29.02	10.82	25.02	13.0	41.4	30.48	20.81	23.09	17.03	16.03	41.87	14.04	8.49	27.46	8.25	18.03	23.02	33.12	3.0	19.31	29.61	24.02	17.03	32.65	8.25	9.85	28.64	11.66	10.0	18.68	27.66	1.41	9.9	16.12	17.49	35.36	29.07	6.71	32.2	15.81	3.16	
30.41	8.49	20.1	34.21	37.54	33.12	24.19	29.41	12.73	5.83	22.56	21.54	26.91	25.32	20.12	19.03	28.46	8.54	47.42	33.06	17.46	25.08	19.92	11.05	5.39	26.68	21.02	9.9	1.0	33.6	29.12	38.9	33.54	26.63	36.4	13.34	5.39	18.03	15.3	9.22	0.0	3.61	20.62	13.42	14.32	21.38	20.62	5.0	27.2	28.79	4.0	34.01	7.62	46.01	36.72	27.86	25.61	11.18	16.12	46.86	23.19	15.52	25.32	4.12	10.0	27.8	36.8	12.17	28.46	27.17	33.02	22.83	37.8	12.21	18.11	30.02	17.0	16.16	27.89	36.88	10.05	5.39	7.0	22.2	33.24	27.89	14.42	38.91	19.1	6.08	
27.89	5.0	17.46	33.24	33.97	29.97	21.59	28.64	9.22	5.39	19.24	19.72	23.43	24.04	17.09	17.46	25.71	5.1	43.93	30.0	14.56	24.7	16.49	9.22	8.94	23.35	17.46	9.85	3.16	30.23	26.93	35.38	31.05	23.02	33.73	10.05	8.0	14.56	12.04	8.6	3.61	0.0	17.2	13.45	12.08	19.03	18.38	5.1	25.08	25.3	2.24	32.25	11.18	42.52	33.54	25.0	22.02	8.94	12.53	43.42	21.84	13.04	22.09	7.07	9.43	24.41	33.24	11.18	27.73	24.02	31.26	19.7	34.41	13.93	16.03	26.42	13.93	13.34	26.93	35.74	8.94	2.0	9.49	18.87	30.07	24.52	14.87	35.85	15.62	5.66	
27.02	12.21	19.31	27.8	17.49	13.34	21.95	25.06	8.06	20.62	14.21	25.0	6.4	19.24	4.47	14.32	11.7	13.93	26.87	24.41	6.0	24.04	11.66	13.0	25.46	16.4	9.22	23.77	19.85	13.04	28.3	18.44	29.73	9.06	19.24	13.0	22.8	10.77	13.15	16.55	20.62	17.2	0.0	19.42	19.03	10.3	22.14	21.02	27.29	15.23	18.36	22.8	27.59	25.46	16.76	10.44	7.0	18.11	8.06	26.25	17.46	9.06	16.97	22.67	22.56	7.21	16.64	15.52	24.6	19.1	22.02	4.47	17.2	24.7	11.18	13.04	5.1	7.07	22.83	29.0	15.23	16.12	26.42	2.0	23.32	16.64	21.38	19.42	2.0	17.2	
39.81	13.42	29.53	21.21	36.4	27.8	33.54	16.28	15.3	18.6	28.86	32.8	25.3	13.15	16.16	8.6	21.21	16.64	44.42	40.26	13.6	11.7	25.71	7.07	14.04	32.56	25.18	23.02	12.53	30.02	39.45	36.67	42.95	28.16	28.02	21.02	10.05	23.77	22.85	5.0	13.42	13.45	19.42	0.0	25.0	13.45	31.06	18.03	37.74	33.06	15.62	22.56	15.03	43.05	31.24	21.26	26.31	22.02	20.4	43.27	11.4	10.44	32.02	11.18	22.8	25.08	35.47	4.0	15.3	34.21	21.59	18.79	34.13	6.4	10.0	32.14	14.32	12.37	15.03	24.08	5.39	14.87	19.92	19.92	39.81	33.38	2.0	32.53	19.1	7.81	
16.12	12.04	6.08	42.72	31.3	32.06	10.0	38.6	13.0	9.0	11.31	7.81	23.35	33.29	21.59	26.63	30.41	8.49	42.05	19.65	20.25	35.38	10.3	19.1	19.03	15.0	13.0	8.06	14.56	30.59	14.87	33.62	19.24	19.7	38.21	6.08	19.65	9.49	6.08	20.0	14.32	12.08	19.03	25.0	0.0	26.0	6.32	10.0	13.0	18.38	10.44	39.92	21.0	40.72	35.23	29.27	19.92	3.16	11.0	42.15	31.06	20.59	13.04	18.44	6.71	25.18	30.87	21.93	37.8	14.32	39.0	23.19	34.21	26.0	24.19	21.63	18.97	19.7	36.62	44.78	19.85	10.3	14.56	21.02	20.25	16.4	26.63	38.12	17.03	17.49	
36.77	15.13	28.02	17.69	24.33	14.42	31.24	14.76	13.0	24.02	24.08	33.12	14.04	8.94	5.83	5.39	7.81	18.44	31.3	34.67	5.83	14.14	21.21	10.44	24.7	26.63	19.21	28.16	20.4	17.09	37.64	24.04	39.62	18.97	15.23	20.12	21.02	19.85	21.1	13.42	21.38	19.03	10.3	13.45	26.0	0.0	30.53	24.0	36.4	25.5	21.0	13.93	26.4	29.97	17.8	7.81	16.76	24.04	16.4	30.02	7.28	6.0	27.02	21.54	27.29	13.04	23.35	10.82	14.32	29.21	13.0	7.07	21.02	19.8	3.61	22.8	7.21	6.32	12.53	19.21	12.08	19.03	28.28	9.49	33.62	26.93	15.0	19.1	11.4	15.81	
10.0	17.8	3.0	47.8	31.05	34.23	4.47	43.93	17.8	15.13	10.2	3.0	25.08	38.42	25.5	31.89	33.84	14.42	41.76	14.76	24.7	41.04	11.05	24.84	25.18	12.53	14.04	13.15	20.88	32.0	8.54	33.73	13.04	20.1	41.23	10.63	25.96	11.4	9.43	26.08	20.62	18.38	22.14	31.06	6.32	30.53	0.0	16.12	6.71	16.55	16.76	44.29	27.07	40.52	37.05	32.57	21.0	9.49	14.32	42.2	36.24	25.61	10.3	24.74	12.04	27.17	30.81	27.8	43.19	10.63	43.42	26.57	35.13	32.31	29.21	20.88	23.32	24.41	41.87	49.65	25.81	16.55	20.1	24.04	15.81	13.89	32.76	40.11	20.25	23.71	
26.08	9.22	16.03	38.28	36.88	34.18	20.0	33.62	13.0	1.0	19.7	16.76	26.93	29.12	21.59	22.56	30.41	7.21	47.2	29.43	19.24	29.53	17.49	14.32	9.06	23.77	19.21	5.0	5.66	34.0	24.52	38.6	29.15	25.46	38.47	10.82	10.3	15.81	12.53	13.42	5.0	5.1	21.02	18.03	10.0	24.0	16.12	0.0	22.56	26.42	3.0	37.34	11.0	45.8	37.7	29.61	24.84	7.07	14.87	46.87	26.93	18.0	22.14	8.94	5.0	28.18	36.24	16.16	32.7	23.77	36.35	24.04	38.08	17.2	21.1	28.43	18.44	18.11	31.95	40.8	13.93	5.1	5.66	22.85	29.83	25.08	19.21	40.16	19.24	10.3	
5.0	24.41	8.49	53.91	33.06	38.33	5.39	50.21	24.04	21.59	13.6	6.0	29.12	44.6	31.06	38.18	38.91	21.1	43.42	12.21	30.61	47.51	15.65	31.4	31.58	14.0	18.38	19.03	27.51	35.51	2.0	36.01	7.28	23.35	45.88	17.03	32.57	16.64	15.56	32.76	27.2	25.08	27.29	37.74	13.0	36.4	6.71	22.56	0.0	18.03	23.41	49.93	33.38	42.3	40.79	37.58	24.74	16.16	20.0	44.18	42.45	31.83	12.04	31.32	18.11	31.32	33.02	34.41	49.5	11.05	49.09	31.76	38.12	39.0	35.38	23.0	29.21	30.48	48.1	55.61	32.45	23.26	26.02	29.07	13.89	15.03	39.45	43.93	25.55	30.41	
15.3	21.38	13.89	42.72	15.03	21.95	13.34	40.25	18.03	25.55	7.07	19.31	13.45	34.44	19.7	29.41	24.76	20.25	25.5	10.0	20.88	39.22	8.94	26.02	34.18	4.12	8.06	26.25	28.46	18.38	18.03	18.0	17.09	7.07	30.23	15.65	32.98	10.77	13.89	29.02	28.79	25.3	15.23	33.06	18.38	25.5	16.55	26.42	18.03	0.0	25.08	36.88	36.4	24.33	23.77	23.35	9.22	20.0	13.15	26.17	32.7	23.54	6.32	32.28	24.84	15.62	15.0	29.07	39.81	7.0	36.24	18.87	20.4	37.12	26.25	5.1	19.65	21.59	38.01	43.6	28.0	23.41	31.91	16.12	8.49	3.0	35.06	26.93	14.56	28.28	
26.48	6.32	16.12	35.47	34.66	31.38	20.22	30.87	10.3	3.16	18.68	17.89	24.41	26.25	18.68	19.65	27.46	5.0	44.82	29.07	16.28	26.93	16.16	11.4	9.22	22.8	17.49	7.62	4.12	31.38	25.3	36.24	29.61	23.43	35.51	9.49	9.22	14.32	11.4	10.82	4.0	2.24	18.36	15.62	10.44	21.0	16.76	3.0	23.41	25.08	0.0	34.37	11.4	43.42	34.93	26.68	22.63	7.28	12.81	44.41	24.04	15.0	21.38	8.06	7.21	25.55	33.97	13.42	29.97	23.19	33.38	21.19	35.51	15.65	18.11	26.63	15.52	15.13	29.15	37.95	11.18	2.24	8.06	20.12	29.27	24.04	16.97	37.34	16.64	7.81	
49.82	28.86	41.68	8.06	30.36	17.72	44.65	10.0	26.93	37.48	37.01	46.96	23.6	9.49	18.87	15.0	12.21	32.28	33.02	46.69	19.7	14.21	34.41	23.09	36.22	38.9	32.02	41.77	33.02	22.14	51.04	28.64	52.5	29.83	11.05	34.01	32.25	33.29	34.89	25.02	34.01	32.25	22.8	22.56	39.92	13.93	44.29	37.34	49.93	36.88	34.37	0.0	37.48	32.0	19.1	13.6	27.66	37.95	30.02	31.06	11.18	19.65	39.7	33.14	41.0	21.63	29.41	22.02	10.63	41.77	1.0	18.44	24.33	28.46	16.28	33.02	21.02	20.25	9.22	7.28	24.0	32.56	41.01	21.26	45.34	38.9	23.09	18.03	24.41	28.0	
37.05	15.81	27.02	36.06	44.82	39.41	31.0	31.06	20.0	12.0	30.08	27.46	33.97	28.16	26.4	22.8	34.0	16.16	54.45	40.31	23.6	26.17	27.51	16.12	2.24	34.21	28.64	14.56	8.06	40.36	35.36	46.01	40.11	34.13	41.63	20.88	5.39	25.63	22.8	13.0	7.62	11.18	27.59	15.03	21.0	26.4	27.07	11.0	33.38	36.4	11.4	37.48	0.0	53.04	43.01	33.62	33.02	18.03	23.71	53.76	26.31	21.1	32.76	5.0	15.3	34.66	44.05	15.81	30.07	34.53	36.5	29.21	44.6	10.44	22.85	37.59	23.43	22.2	30.0	39.01	14.32	13.0	8.06	29.0	40.61	35.44	15.03	44.94	26.25	10.82	
39.01	37.54	37.64	40.01	9.49	15.81	37.66	40.45	33.3	45.22	30.36	43.42	19.1	36.14	27.2	35.34	23.09	38.6	1.41	32.06	30.0	42.45	30.46	37.8	50.91	28.44	27.73	47.51	45.28	13.04	42.11	7.21	40.05	21.02	21.02	35.85	48.17	31.3	34.89	41.4	46.01	42.52	25.46	43.05	40.72	29.97	40.52	45.8	42.3	24.33	43.42	32.0	53.04	0.0	13.15	22.47	21.1	41.18	31.06	2.24	35.74	33.02	30.59	48.1	46.14	18.44	9.85	39.66	40.61	31.26	32.02	24.41	8.94	49.09	33.12	19.65	29.83	31.4	38.64	39.05	40.0	41.23	51.4	24.08	30.07	27.29	44.78	14.04	26.91	42.52	
38.9	28.64	34.06	27.02	12.21	3.61	35.51	27.29	24.7	37.34	27.29	40.05	12.0	23.09	16.64	23.02	10.3	30.68	14.32	33.54	19.42	29.41	26.02	27.02	41.05	27.2	23.02	40.52	35.85	5.39	41.23	9.85	40.85	17.46	8.54	29.43	37.8	26.02	29.15	30.48	36.72	33.54	16.76	31.24	35.23	17.8	37.05	37.7	40.79	23.77	34.93	19.1	43.01	13.15	0.0	10.0	16.12	34.71	24.33	12.65	22.85	22.02	28.86	38.01	39.29	10.05	11.4	28.28	27.46	30.36	19.03	13.89	5.39	37.54	21.26	18.79	19.72	20.81	25.5	26.31	29.07	32.7	42.95	14.87	31.76	26.57	32.8	3.16	18.68	32.2	
36.89	20.4	29.73	20.25	18.03	6.71	32.2	19.1	17.03	29.43	24.19	35.44	10.0	14.04	8.06	13.04	1.41	23.09	23.77	33.24	10.44	20.22	21.93	17.49	31.76	25.61	19.24	33.14	26.93	10.05	38.47	17.12	39.41	16.28	9.0	23.19	28.3	21.19	23.54	20.81	27.86	25.0	10.44	21.26	29.27	7.81	32.57	29.61	37.58	23.35	26.68	13.6	33.62	22.47	10.0	0.0	14.14	28.02	18.44	22.36	13.34	12.53	26.63	28.65	32.06	8.06	17.03	18.44	19.03	28.6	13.04	6.08	13.6	27.59	11.31	19.42	11.18	11.7	17.03	20.59	19.42	24.52	34.48	8.54	31.83	25.5	22.8	11.4	12.37	22.83	
23.26	17.2	18.0	33.62	12.04	13.6	19.42	31.38	13.04	24.21	11.18	24.0	4.47	25.63	11.18	21.21	15.56	17.69	22.47	19.1	13.0	30.81	10.05	19.65	30.81	11.66	7.07	26.42	25.0	11.0	25.3	13.89	25.55	2.24	21.47	14.76	28.65	10.44	13.93	23.09	25.61	22.02	7.0	26.31	19.92	16.76	21.0	24.84	24.74	9.22	22.63	27.66	33.02	21.1	16.12	14.14	0.0	20.12	10.0	22.36	24.04	16.03	13.0	28.3	25.06	6.71	11.4	22.36	31.02	14.76	27.02	9.85	14.32	31.32	18.11	6.08	12.04	14.04	29.15	34.41	21.84	20.52	30.48	7.28	17.69	11.4	28.28	19.24	7.28	23.26	
19.24	9.43	9.0	40.31	31.91	31.4	13.04	36.06	11.18	6.08	13.04	10.82	23.09	30.89	20.1	24.19	29.07	5.83	42.54	22.36	18.44	32.65	11.31	16.4	16.0	17.0	13.6	6.4	11.4	30.36	18.03	34.0	22.36	20.25	37.01	5.39	16.49	10.0	6.4	17.03	11.18	8.94	18.11	22.02	3.16	24.04	9.49	7.07	16.16	20.0	7.28	37.95	18.03	41.18	34.71	28.02	20.12	0.0	10.44	42.49	28.65	18.38	15.23	15.3	5.0	24.74	31.38	19.1	35.23	16.76	37.0	22.0	34.18	22.85	21.93	22.67	17.26	17.72	34.13	42.49	16.97	7.21	12.08	20.1	22.8	18.36	23.6	37.48	16.12	14.42	
20.62	8.25	11.66	33.97	22.02	21.1	14.87	30.48	5.1	14.21	8.54	17.09	12.65	24.76	11.18	18.6	19.65	7.81	32.45	19.92	10.63	28.3	5.39	13.34	21.47	12.17	5.1	16.55	15.65	19.92	21.26	23.85	23.6	10.63	27.29	5.1	19.92	3.61	5.1	16.03	16.12	12.53	8.06	20.4	11.0	16.4	14.32	14.87	20.0	13.15	12.81	30.02	23.71	31.06	24.33	18.44	10.0	10.44	0.0	32.25	22.67	12.21	11.7	19.31	15.23	14.32	21.4	16.49	29.83	13.93	29.15	12.37	23.77	24.02	15.62	13.89	9.22	10.63	28.32	35.61	15.13	10.82	20.52	10.05	19.42	13.04	22.36	27.17	6.08	15.13	
41.0	38.42	39.29	39.12	11.18	15.65	39.46	39.81	34.21	46.32	32.02	45.12	20.0	35.74	27.66	35.36	22.85	39.66	2.24	34.13	30.48	42.06	31.95	38.29	51.66	30.27	29.15	48.76	46.1	13.45	44.05	8.54	42.11	22.47	20.02	37.12	48.8	32.7	36.25	41.87	46.86	43.42	26.25	43.27	42.15	30.02	42.2	46.87	44.18	26.17	44.41	31.06	53.76	2.24	12.65	22.36	22.36	42.49	32.25	0.0	35.47	33.42	32.39	48.8	47.41	19.1	11.4	40.0	40.02	33.14	31.14	24.84	9.22	49.41	33.29	21.38	30.41	31.89	38.08	38.0	40.46	42.2	52.43	24.76	32.14	29.15	44.94	13.04	27.8	43.14	
43.28	19.24	33.97	11.66	31.06	19.92	37.48	7.81	18.44	27.2	30.81	38.6	21.21	2.24	13.0	4.47	12.65	22.83	37.0	41.68	12.21	7.0	27.8	12.65	25.08	33.62	26.08	31.62	22.2	23.35	43.84	30.41	46.23	26.25	17.69	25.61	21.1	26.25	26.91	14.04	23.19	21.84	17.46	11.4	31.06	7.28	36.24	26.93	42.45	32.7	24.04	11.18	26.31	35.74	22.85	13.34	24.04	28.65	22.67	35.47	0.0	10.63	33.84	22.02	31.02	20.02	30.07	11.05	7.21	36.06	10.2	14.32	26.93	17.46	7.07	30.08	13.6	12.04	5.66	13.93	13.15	22.47	30.15	16.76	40.71	34.0	12.08	23.32	18.36	17.12	
32.8	9.22	23.35	22.2	26.0	18.44	26.91	18.38	7.81	18.03	20.59	28.02	14.87	12.81	5.83	6.4	13.0	12.65	34.41	31.78	3.16	16.12	17.49	5.0	19.24	23.77	16.16	22.2	14.56	20.0	33.24	26.42	35.81	18.0	20.88	15.0	15.81	15.81	16.28	8.49	15.52	13.04	9.06	10.44	20.59	6.0	25.61	18.0	31.83	23.54	15.0	19.65	21.1	33.02	22.02	12.53	16.03	18.38	12.21	33.42	10.63	0.0	23.71	16.12	21.38	14.76	25.08	6.71	17.69	25.94	18.68	8.6	24.21	16.12	3.61	22.0	4.0	2.0	16.28	24.19	7.07	13.04	22.36	9.49	31.02	24.35	12.37	23.85	9.06	10.3	
10.3	19.1	7.81	44.69	21.21	26.57	7.07	41.62	16.76	21.19	3.16	13.0	17.46	35.81	21.26	30.02	28.02	17.03	31.78	8.25	21.63	39.82	6.32	25.0	30.59	2.24	7.81	21.1	25.18	23.54	12.37	24.08	12.81	11.4	34.44	12.04	30.07	8.25	10.05	27.46	25.32	22.09	16.97	32.02	13.04	27.02	10.3	22.14	12.04	6.32	21.38	39.7	32.76	30.59	28.86	26.63	13.0	15.23	11.7	32.39	33.84	23.71	0.0	29.15	19.72	19.7	21.1	28.16	41.05	2.24	38.95	21.26	26.08	35.13	26.93	11.05	20.25	21.95	39.41	45.97	26.68	20.1	27.31	18.44	8.0	3.61	33.96	32.02	15.62	26.08	
34.53	11.18	24.19	32.39	40.0	34.41	28.28	27.46	15.26	9.85	26.31	25.63	29.07	24.0	21.4	18.25	29.07	12.17	49.52	37.01	18.6	22.8	23.54	11.18	3.16	30.41	24.35	13.6	4.0	35.38	33.24	41.11	37.66	29.53	36.77	17.12	1.41	21.59	19.1	8.25	4.12	7.07	22.67	11.18	18.44	21.54	24.74	8.94	31.32	32.28	8.06	33.14	5.0	48.1	38.01	28.65	28.3	15.3	19.31	48.8	22.02	16.12	29.15	0.0	13.89	29.7	39.2	11.18	26.48	31.06	32.14	24.21	39.62	8.49	18.03	33.11	18.44	17.2	26.17	35.23	9.49	9.06	8.94	24.04	37.12	31.58	11.7	39.96	21.4	5.83	
22.02	12.17	12.65	42.54	36.89	35.9	16.28	38.01	15.03	4.24	17.8	12.17	27.86	33.24	24.02	26.57	33.02	9.0	47.51	26.25	22.02	34.13	16.28	18.38	13.6	21.63	18.6	1.41	10.63	35.11	20.1	38.95	25.0	25.24	41.05	10.3	15.26	15.0	11.4	18.03	10.0	9.43	22.56	22.8	6.71	27.29	12.04	5.0	18.11	24.84	7.21	41.0	15.3	46.14	39.29	32.06	25.06	5.0	15.23	47.41	31.02	21.38	19.72	13.89	0.0	29.41	36.36	20.59	37.12	21.02	40.02	26.17	39.0	22.2	24.74	27.66	21.0	21.1	36.25	44.94	18.36	8.54	8.06	24.52	26.93	23.02	24.08	41.98	20.62	15.0	
29.97	19.42	24.19	28.23	11.4	7.07	25.96	26.68	15.26	27.73	17.72	30.15	2.24	21.21	8.94	18.25	9.43	21.02	19.85	25.61	11.66	27.02	16.12	19.42	32.56	18.36	13.15	30.68	27.02	5.83	31.95	11.66	32.25	8.6	14.76	19.42	29.73	16.0	19.1	23.02	27.8	24.41	7.21	25.08	25.18	13.04	27.17	28.18	31.32	15.62	25.55	21.63	34.66	18.44	10.05	8.06	6.71	24.74	14.32	19.1	20.02	14.76	19.7	29.7	29.41	0.0	10.44	21.47	26.48	21.47	21.1	6.32	10.0	30.89	15.52	11.4	11.4	13.04	24.52	28.65	21.63	23.32	33.62	5.66	24.08	18.03	26.93	13.0	8.94	24.08	
30.15	28.32	27.89	36.88	1.0	11.7	28.16	36.12	24.08	35.61	20.62	33.73	10.3	31.0	19.31	28.64	18.11	29.07	11.18	23.77	21.93	37.05	20.62	29.53	41.87	19.03	17.89	37.74	36.12	7.28	33.02	3.0	31.58	11.18	19.72	26.08	39.41	21.47	25.06	33.12	36.8	33.24	16.64	35.47	30.87	23.35	30.81	36.24	33.02	15.0	33.97	29.41	44.05	9.85	11.4	17.03	11.4	31.38	21.4	11.4	30.07	25.08	21.1	39.2	36.36	10.44	0.0	31.78	36.06	22.0	29.12	16.76	6.4	41.15	25.96	10.05	21.47	23.26	34.06	36.69	31.76	31.83	41.87	15.65	21.84	18.0	37.34	14.14	17.8	33.84	
36.24	10.0	26.08	22.14	32.7	24.76	30.02	17.46	11.4	16.55	25.0	29.73	21.54	13.15	12.53	7.07	18.6	13.45	41.05	36.4	9.85	13.6	21.84	3.16	14.32	28.64	21.21	21.02	11.18	26.63	36.06	33.12	39.36	24.19	25.94	17.49	10.44	19.92	19.24	3.0	12.17	11.18	15.52	4.0	21.93	10.82	27.8	16.16	34.41	29.07	13.42	22.02	15.81	39.66	28.28	18.44	22.36	19.1	16.49	40.0	11.05	6.71	28.16	11.18	20.59	21.47	31.78	0.0	16.55	30.36	21.02	15.26	30.81	9.43	7.21	28.16	10.44	8.54	15.81	24.74	2.24	12.21	19.1	16.16	35.9	29.43	6.0	29.83	15.13	6.08	
50.45	25.81	41.01	6.0	37.05	25.08	44.6	1.0	25.46	33.11	38.01	45.45	27.89	5.39	20.12	11.31	18.0	29.41	41.77	48.88	19.42	4.12	35.0	18.87	29.27	40.82	33.29	37.58	27.51	29.0	50.93	36.01	53.41	33.24	20.62	32.56	25.32	33.42	33.94	19.31	28.46	27.73	24.6	15.3	37.8	14.32	43.19	32.7	49.5	39.81	29.97	10.63	30.07	40.61	27.46	19.03	31.02	35.23	29.83	40.02	7.21	17.69	41.05	26.48	37.12	26.48	36.06	16.55	0.0	43.27	10.0	21.19	32.14	20.02	14.21	37.0	20.81	19.21	2.0	9.06	18.79	28.65	35.17	23.77	47.89	41.18	15.03	27.2	25.55	22.47	
8.54	21.21	8.6	46.86	22.02	28.23	6.71	43.83	18.97	22.8	5.39	13.04	19.24	38.01	23.43	32.25	30.0	19.0	32.39	6.08	23.85	42.06	8.54	27.2	32.39	3.16	10.0	22.36	27.07	25.0	11.05	25.0	10.82	13.0	36.24	14.0	32.02	10.44	12.0	29.61	27.17	24.02	19.1	34.21	14.32	29.21	10.63	23.77	11.05	7.0	23.19	41.77	34.53	31.26	30.36	28.6	14.76	16.76	13.93	33.14	36.06	25.94	2.24	31.06	21.02	21.47	22.0	30.36	43.27	0.0	41.04	23.35	27.29	37.22	29.15	12.04	22.47	24.19	41.62	48.1	28.86	22.02	28.79	20.52	6.08	4.0	36.14	33.53	17.8	28.16	
49.04	27.89	40.82	8.0	30.08	17.46	43.83	9.43	26.0	36.5	36.24	46.07	23.02	8.54	18.03	14.0	11.66	31.32	33.06	46.01	18.79	13.45	33.6	22.09	35.23	38.18	31.24	40.79	32.02	21.84	50.22	28.44	51.74	29.21	11.18	33.11	31.26	32.45	34.0	24.02	33.02	31.26	22.02	21.59	39.0	13.0	43.42	36.35	49.09	36.24	33.38	1.0	36.5	32.02	19.03	13.04	27.02	37.0	29.15	31.14	10.2	18.68	38.95	32.14	40.02	21.1	29.12	21.02	10.0	41.04	0.0	17.69	24.19	27.51	15.3	32.45	20.12	19.31	8.49	7.62	23.0	31.58	40.01	20.52	44.69	38.21	22.14	18.11	23.6	27.0	
31.4	14.87	23.77	23.85	17.72	10.3	26.42	21.54	11.18	23.77	18.6	29.41	7.0	15.81	2.83	12.04	7.28	17.26	25.81	28.43	5.66	21.21	16.12	13.45	27.2	20.52	13.6	27.29	21.95	11.4	32.76	17.89	34.06	12.08	15.03	17.12	24.08	15.23	17.46	17.03	22.83	19.7	4.47	18.79	23.19	7.07	26.57	24.04	31.76	18.87	21.19	18.44	29.21	24.41	13.89	6.08	9.85	22.0	12.37	24.84	14.32	8.6	21.26	24.21	26.17	6.32	16.76	15.26	21.19	23.35	17.69	0.0	15.62	24.7	9.22	15.81	5.83	7.07	19.31	24.84	15.62	18.97	29.15	2.83	27.2	20.62	20.62	16.16	6.32	18.44	
35.69	29.41	32.14	32.14	7.07	7.07	33.02	32.06	25.24	37.59	25.02	38.12	11.18	27.46	18.44	26.4	14.32	30.89	10.3	29.73	21.26	33.73	24.33	29.07	42.52	24.19	21.38	40.31	37.01	4.24	38.33	4.47	37.36	15.03	13.93	28.79	39.6	24.74	28.16	32.65	37.8	34.41	17.2	34.13	34.21	21.02	35.13	38.08	38.12	20.4	35.51	24.33	44.6	8.94	5.39	13.6	14.32	34.18	23.77	9.22	26.93	24.21	26.08	39.62	39.0	10.0	6.4	30.81	32.14	27.29	24.19	15.62	0.0	40.22	24.19	15.3	21.21	22.67	30.15	31.58	31.24	33.29	43.57	15.62	27.86	23.35	35.85	7.81	18.87	33.94	
41.76	16.03	31.32	26.02	42.05	34.06	35.44	21.02	19.1	18.03	32.06	33.54	30.87	18.97	21.95	15.0	27.59	18.44	50.48	43.29	19.24	16.0	29.02	11.7	10.3	36.01	29.07	22.02	11.66	36.06	40.85	42.54	44.92	32.98	34.41	23.35	7.07	27.02	25.32	8.25	12.21	13.93	24.7	6.4	26.0	19.8	32.31	17.2	39.0	37.12	15.65	28.46	10.44	49.09	37.54	27.59	31.32	22.85	24.02	49.41	17.46	16.12	35.13	8.49	22.2	30.89	41.15	9.43	20.02	37.22	27.51	24.7	40.22	0.0	16.28	36.88	19.7	17.89	20.22	29.07	9.49	15.81	17.2	25.5	43.1	37.0	5.39	38.9	24.04	9.06	
36.24	12.65	26.91	18.6	26.93	17.8	30.41	14.87	11.4	21.21	23.85	31.62	16.12	9.22	7.0	3.16	11.4	16.16	34.48	34.89	5.39	13.0	20.81	7.07	21.19	26.83	19.24	25.5	17.12	20.12	36.77	26.93	39.2	20.22	18.79	18.6	17.46	19.21	19.85	9.85	18.11	16.03	11.18	10.0	24.19	3.61	29.21	21.1	35.38	26.25	18.11	16.28	22.85	33.12	21.26	11.31	18.11	21.93	15.62	33.29	7.07	3.61	26.93	18.03	24.74	15.52	25.96	7.21	14.21	29.15	15.3	9.22	24.19	16.28	0.0	24.19	6.71	5.0	12.73	20.59	8.54	16.28	25.08	11.0	34.01	27.31	11.66	22.67	11.7	12.37	
20.4	21.93	18.03	39.36	10.2	17.2	18.11	37.34	18.03	27.66	10.77	23.77	9.43	31.62	17.26	27.29	20.81	21.63	20.88	14.76	19.03	36.88	11.4	25.32	35.36	9.0	9.22	29.07	29.53	13.42	23.09	13.04	22.14	4.0	25.61	17.69	33.62	12.73	16.28	28.64	30.02	26.42	13.04	32.14	21.63	22.8	20.88	28.43	23.0	5.1	26.63	33.02	37.59	19.65	18.79	19.42	6.08	22.67	13.89	21.38	30.08	22.0	11.05	33.11	27.66	11.4	10.05	28.16	37.0	12.04	32.45	15.81	15.3	36.88	24.19	0.0	18.0	20.0	35.11	39.96	27.46	24.7	34.06	13.34	13.04	8.06	34.13	21.93	13.04	28.46	
29.73	9.22	20.81	24.76	22.36	16.12	24.08	21.4	6.08	18.25	17.2	25.94	11.18	15.62	3.16	9.85	12.04	12.0	31.24	28.18	1.41	19.7	14.21	8.06	21.4	20.12	12.53	22.02	16.12	16.97	30.48	23.02	32.65	14.0	20.1	13.0	18.38	12.73	13.89	11.66	17.0	13.93	5.1	14.32	18.97	7.21	23.32	18.44	29.21	19.65	15.52	21.02	23.43	29.83	19.72	11.18	12.04	17.26	9.22	30.41	13.6	4.0	20.25	18.44	21.0	11.4	21.47	10.44	20.81	22.47	20.12	5.83	21.21	19.7	6.71	18.0	0.0	2.0	19.21	26.4	10.3	13.34	23.41	5.83	27.31	20.62	16.28	21.93	5.1	12.73	
31.24	9.0	22.02	23.43	24.17	17.2	25.46	19.85	6.71	18.03	18.87	26.93	13.0	14.14	4.24	8.06	12.37	12.17	32.8	29.97	1.41	17.89	15.81	6.4	20.25	21.93	14.32	22.02	15.23	18.44	31.83	24.7	34.21	16.0	20.4	13.89	17.03	14.21	15.0	10.0	16.16	13.34	7.07	12.37	19.7	6.32	24.41	18.11	30.48	21.59	15.13	20.25	22.2	31.4	20.81	11.7	14.04	17.72	10.63	31.89	12.04	2.0	21.95	17.2	21.1	13.04	23.26	8.54	19.21	24.19	19.31	7.07	22.67	17.89	5.0	20.0	2.0	0.0	17.69	25.24	8.6	13.04	22.8	7.62	29.15	22.47	14.32	22.83	7.07	11.4	
