90
0.0	36.35	7.0	36.62	36.5	9.06	19.03	29.15	20.62	25.61	23.0	27.02	28.86	19.31	13.15	30.81	28.6	31.38	5.0	33.24	9.43	29.83	19.21	19.8	12.04	12.81	18.0	35.81	3.16	41.63	18.44	39.45	44.69	28.43	18.79	4.12	22.02	46.67	8.54	14.32	21.59	15.81	14.42	37.16	29.02	6.4	8.6	14.56	3.16	45.0	20.81	42.19	4.0	21.54	13.34	38.01	32.76	12.81	37.0	23.02	22.56	1.0	19.42	29.7	2.24	20.0	50.25	38.08	7.62	8.06	21.54	38.64	30.46	28.02	22.47	25.5	16.0	32.76	31.0	19.42	7.0	32.25	9.22	28.86	23.02	21.02	30.27	13.04	5.0	30.41	
36.35	0.0	37.95	17.09	11.0	27.66	37.7	45.79	21.4	25.0	13.93	41.34	37.01	21.63	34.93	13.42	26.17	9.9	40.02	48.83	43.01	37.64	22.14	23.77	24.74	29.07	18.68	28.3	39.2	12.17	20.12	33.12	29.83	24.76	19.24	32.56	38.91	28.16	41.11	40.02	44.01	28.16	24.19	35.81	44.1	40.0	29.0	23.77	37.05	22.0	26.83	17.0	32.39	20.62	39.81	17.72	14.42	26.17	5.1	39.36	14.0	36.5	42.38	21.93	34.53	16.76	29.02	14.32	29.07	40.05	16.28	2.83	33.24	10.0	19.85	23.6	37.64	29.83	7.07	27.31	36.06	30.48	31.02	8.25	18.79	15.52	10.82	27.73	36.0	21.26	
7.0	37.95	0.0	41.04	36.01	10.82	26.02	36.12	19.03	31.38	24.04	34.01	35.69	18.0	20.1	30.0	34.48	34.67	4.24	40.2	5.1	36.67	24.21	25.24	13.42	10.05	19.31	41.68	8.54	44.94	18.25	45.62	50.22	34.13	22.67	7.21	29.02	51.86	3.16	21.21	28.44	21.93	19.21	43.66	36.01	12.65	13.89	14.32	10.05	49.52	26.83	46.23	8.06	20.02	20.22	42.45	36.88	18.03	37.66	30.02	25.06	6.0	26.31	35.0	6.32	21.19	55.23	42.01	12.21	14.56	25.0	40.5	37.0	28.64	21.02	31.06	23.0	38.91	31.78	25.5	14.0	38.48	7.07	31.3	27.59	22.47	30.15	11.0	12.0	35.61	
36.62	17.09	41.04	0.0	27.66	30.41	29.07	33.96	31.02	14.04	22.14	29.61	24.04	30.46	29.12	28.0	13.15	9.06	41.4	36.06	45.45	24.35	17.49	17.46	28.43	35.23	24.19	12.04	38.59	8.94	27.73	16.4	13.04	12.04	18.38	34.06	29.02	12.37	43.93	33.73	35.0	22.47	22.2	19.85	32.02	37.58	28.02	29.68	35.85	8.49	18.44	6.08	33.42	30.68	33.96	1.41	4.47	23.85	22.14	29.07	17.89	37.2	34.06	9.0	35.61	23.26	14.76	3.61	29.21	36.77	16.4	16.12	19.31	22.09	30.36	13.15	30.41	14.76	21.02	19.65	33.11	15.65	35.47	14.14	13.6	21.93	25.0	33.84	34.0	8.0	
36.5	11.0	36.01	27.66	0.0	27.46	43.01	52.4	17.12	32.8	14.32	48.1	44.69	18.03	38.95	6.08	34.67	19.31	39.05	55.87	41.05	45.45	27.66	29.73	24.52	26.08	18.97	38.08	39.62	23.09	18.11	43.08	40.61	33.29	23.6	32.39	44.82	39.12	39.05	43.83	49.09	33.02	27.78	45.18	50.93	41.48	31.02	22.09	38.08	33.0	33.24	28.0	32.56	16.12	43.38	28.44	24.35	29.53	6.08	45.45	17.8	36.35	47.17	30.89	34.37	17.09	40.01	25.18	30.36	42.06	21.26	13.15	41.62	9.43	15.13	31.4	42.19	38.95	7.81	33.3	38.28	39.45	29.0	15.26	25.5	16.55	6.32	25.02	37.64	30.41	
9.06	27.66	10.82	30.41	27.46	0.0	21.54	32.31	12.21	22.14	14.04	29.12	29.07	10.82	15.65	21.84	25.3	23.85	12.37	36.4	15.65	30.07	14.32	15.81	3.0	7.07	9.06	32.31	12.17	34.13	9.49	36.69	40.31	24.7	12.04	5.0	24.35	41.62	13.89	19.21	26.08	14.0	9.49	35.51	31.62	14.32	6.32	5.83	10.77	38.9	18.25	35.47	5.1	13.04	18.44	31.83	26.17	9.06	28.02	25.3	14.32	9.0	23.85	25.06	7.0	11.05	44.82	31.24	4.47	15.26	14.21	30.08	29.15	19.0	13.89	21.54	19.24	30.08	22.02	17.12	12.04	29.83	5.39	20.62	17.2	12.17	21.21	6.32	10.82	25.55	
19.03	37.7	26.02	29.07	43.01	21.54	0.0	10.77	32.45	15.03	29.07	8.0	10.82	31.06	6.08	38.95	16.49	28.86	23.35	14.87	27.66	11.66	15.65	13.93	22.83	28.46	25.5	22.36	18.44	37.05	28.6	24.21	31.76	17.26	19.42	20.22	3.0	34.93	27.29	6.4	6.32	10.0	15.56	20.52	10.2	14.87	15.23	26.42	16.12	35.9	11.18	35.13	19.24	33.02	7.21	30.15	27.07	14.21	40.71	4.0	25.24	20.02	5.0	20.1	20.02	26.87	39.0	32.0	17.09	13.0	21.95	38.9	14.21	33.6	33.6	16.0	3.16	18.36	35.51	10.44	12.04	17.49	25.71	29.55	18.97	26.91	37.01	27.86	14.04	21.1	
29.15	45.79	36.12	33.96	52.4	32.31	10.77	0.0	43.05	21.02	38.95	4.47	10.05	41.68	16.76	48.84	20.88	36.24	33.0	4.12	37.05	10.0	24.76	22.67	33.54	39.22	35.81	24.0	28.0	42.72	39.12	23.54	32.39	22.14	29.0	30.81	8.06	36.22	37.0	15.0	8.25	20.0	25.81	18.68	2.0	24.02	26.0	37.12	26.08	39.05	19.21	39.62	29.83	43.57	16.0	34.71	33.24	24.7	49.41	7.21	34.66	30.15	10.05	25.3	30.41	37.01	40.31	37.36	27.86	22.02	31.14	46.53	15.03	43.14	44.1	22.36	13.34	20.02	44.69	19.1	22.2	19.03	36.4	38.01	27.2	36.88	46.67	38.63	24.19	26.25	
20.62	21.4	19.03	31.02	17.12	12.21	32.45	43.05	0.0	28.16	8.94	39.36	37.95	1.41	27.02	11.05	31.06	22.36	22.36	47.01	24.0	38.9	20.4	22.56	9.9	9.0	8.06	37.05	23.77	31.4	4.12	42.01	43.17	30.02	16.12	16.55	34.99	43.32	22.0	31.11	37.64	23.26	17.46	42.19	42.06	26.42	17.69	6.4	22.83	38.91	25.96	34.48	17.0	1.0	30.41	32.31	26.57	18.36	19.7	35.85	13.34	20.25	35.47	29.07	18.38	8.06	45.69	30.41	16.28	27.46	16.03	24.21	36.67	11.4	2.0	27.07	30.61	36.06	14.42	25.3	24.21	36.12	12.17	17.49	21.0	9.22	11.7	8.06	23.02	29.15	
25.61	25.0	31.38	14.04	32.8	22.14	15.03	21.02	28.16	0.0	21.19	16.55	12.04	27.07	15.65	30.41	3.16	15.26	30.61	23.85	35.0	12.73	8.06	6.32	21.38	28.64	20.1	10.3	26.87	22.2	24.08	14.56	19.1	2.83	12.04	24.19	15.13	21.4	33.84	19.92	21.02	9.9	12.65	14.04	19.24	25.0	17.49	24.08	24.04	21.19	5.0	20.1	23.32	28.28	20.25	15.13	12.37	13.42	29.0	15.3	16.16	26.4	20.02	5.1	25.24	20.4	25.24	17.03	19.24	23.85	12.65	25.55	8.94	24.19	28.44	1.41	16.49	8.06	25.0	6.4	20.62	8.0	27.51	17.69	7.62	19.65	27.78	27.46	21.93	6.08	
23.0	13.93	24.04	22.14	14.32	14.04	29.07	38.95	8.94	21.19	0.0	34.83	32.25	8.6	24.7	9.9	23.77	13.42	26.31	42.64	29.12	33.12	14.42	16.64	11.05	15.26	5.0	29.07	26.02	22.67	6.4	34.13	34.53	22.56	10.0	19.03	31.11	34.48	27.2	29.53	35.0	19.1	13.6	34.93	37.64	27.46	16.76	9.85	24.19	29.97	20.25	25.55	19.0	8.54	29.07	23.41	17.72	15.26	14.0	31.83	5.1	23.02	33.02	21.1	21.02	3.0	36.77	21.47	16.28	27.89	8.54	16.55	30.08	5.1	8.25	19.92	28.02	28.64	8.0	20.0	24.04	28.86	17.09	8.6	13.6	2.24	8.06	13.89	23.54	21.02	
27.02	41.34	34.01	29.61	48.1	29.12	8.0	4.47	39.36	16.55	34.83	0.0	6.08	38.01	14.04	44.69	16.49	31.76	31.26	7.81	35.51	6.32	20.52	18.38	30.08	36.14	31.91	20.1	26.31	38.33	35.36	20.25	28.86	17.72	24.84	28.16	5.0	32.56	35.23	13.6	8.49	16.12	21.95	15.65	2.83	22.56	22.8	33.62	24.08	35.0	14.87	35.36	27.17	39.82	14.56	30.41	28.79	21.02	45.0	4.0	30.41	28.02	9.43	20.88	28.02	33.02	36.67	32.98	24.74	20.62	26.87	42.06	11.05	38.9	40.31	17.89	11.05	16.03	40.36	14.87	20.02	15.03	33.54	33.6	22.8	32.8	42.45	35.44	22.02	21.84	
28.86	37.01	35.69	24.04	44.69	29.07	10.82	10.05	37.95	12.04	32.25	6.08	0.0	36.69	15.81	41.88	11.18	27.2	33.53	12.08	37.95	1.0	17.89	15.65	29.43	36.12	30.08	14.04	28.79	32.89	33.84	14.32	22.8	12.53	22.36	29.15	8.49	26.48	37.36	17.2	13.89	15.13	20.62	10.0	8.06	25.5	23.0	32.76	26.25	29.02	12.08	29.61	28.16	38.28	18.03	24.74	23.71	20.22	41.04	7.81	27.46	29.83	14.21	15.65	29.43	30.87	30.59	27.51	25.0	23.71	23.85	37.44	5.0	35.81	38.63	13.45	13.89	10.0	36.88	12.65	22.14	9.0	34.0	29.7	19.21	30.41	39.41	35.23	24.04	16.55	
19.31	21.63	18.0	30.46	18.03	10.82	31.06	41.68	1.41	27.07	8.6	38.01	36.69	0.0	25.61	12.0	30.02	21.95	21.21	45.65	23.02	37.64	19.24	21.38	8.49	8.06	7.0	36.12	22.47	31.24	3.0	41.05	42.45	29.0	15.03	15.23	33.62	42.72	21.02	29.7	36.24	21.93	16.16	41.11	40.71	25.06	16.28	5.0	21.47	38.47	24.74	34.13	15.65	2.24	29.0	31.78	26.0	17.0	20.25	34.48	12.65	18.97	34.06	28.16	17.09	7.28	45.19	30.02	14.87	26.08	15.13	24.41	35.51	11.66	3.16	26.02	29.21	35.01	14.76	24.04	22.8	35.06	11.05	17.2	20.02	8.54	12.37	7.0	21.63	28.28	
13.15	34.93	20.1	29.12	38.95	15.65	6.08	16.76	27.02	15.65	24.7	14.04	15.81	25.61	0.0	34.41	18.03	27.02	17.72	20.88	22.14	16.76	13.04	12.04	17.2	22.47	20.62	24.84	13.0	36.22	23.35	27.66	34.21	18.36	15.81	14.14	9.06	36.89	21.59	5.1	10.63	7.0	11.18	24.7	16.28	10.0	9.43	20.81	10.44	36.77	10.77	35.17	13.15	27.66	5.0	30.36	26.31	9.43	37.34	10.05	21.54	14.14	8.49	20.62	14.0	22.2	40.82	31.58	11.18	8.49	18.68	36.5	18.03	29.53	28.32	16.16	3.61	21.21	31.78	9.49	6.32	20.52	19.65	26.68	17.0	22.47	32.76	21.93	8.25	21.54	
30.81	13.42	30.0	28.0	6.08	21.84	38.95	48.84	11.05	30.41	9.9	44.69	41.88	12.0	34.41	0.0	32.7	19.03	33.14	52.5	35.01	42.72	24.21	26.4	18.97	20.02	13.89	37.11	33.96	25.3	12.37	42.2	41.01	31.38	19.85	26.68	41.01	40.11	33.02	39.12	44.82	29.0	23.43	43.66	47.51	36.06	25.94	16.28	32.57	34.53	30.0	29.61	26.93	10.05	38.59	29.02	24.08	25.0	9.9	41.73	14.42	30.59	42.8	29.41	28.64	12.21	41.59	26.17	25.08	36.77	18.03	16.12	39.36	6.32	9.06	29.07	37.8	37.34	7.07	29.83	33.11	37.7	23.02	14.14	22.83	12.04	3.0	19.0	32.31	29.12	
28.6	26.17	34.48	13.15	34.67	25.3	16.49	20.88	31.06	3.16	23.77	16.49	11.18	30.02	18.03	32.7	0.0	16.28	33.6	23.26	38.01	11.66	11.18	9.49	24.52	31.78	23.02	7.21	29.73	21.84	27.02	11.4	16.28	1.41	15.0	27.29	16.03	18.87	36.89	21.93	22.09	12.81	15.81	11.18	18.97	27.66	20.59	27.17	26.91	19.42	7.81	19.03	26.42	31.14	22.36	14.04	12.53	16.55	30.48	16.0	18.68	29.41	21.38	4.47	28.3	23.19	22.83	16.49	22.36	26.4	15.3	26.4	7.07	26.4	31.26	4.0	18.38	5.0	26.93	9.22	23.35	5.1	30.68	19.42	10.2	22.36	29.97	30.59	24.76	5.39	
31.38	9.9	34.67	9.06	19.31	23.85	28.86	36.24	22.36	15.26	13.42	31.76	27.2	21.95	27.02	19.03	16.28	0.0	35.78	39.12	39.45	27.8	14.0	15.13	21.4	27.59	16.28	18.79	33.84	10.3	19.42	23.77	22.0	14.87	12.65	28.18	29.73	21.38	37.74	32.06	35.17	20.02	17.46	26.08	34.48	33.73	23.09	21.93	31.32	16.55	17.72	12.21	27.73	21.93	32.02	10.2	5.1	19.42	14.42	30.08	9.9	31.78	33.73	12.04	29.97	15.0	23.41	8.06	23.77	33.38	9.85	10.3	23.35	13.04	21.54	13.89	29.27	20.0	12.17	18.44	29.43	20.62	28.43	5.1	10.05	13.6	16.03	26.17	29.83	11.4	
5.0	40.02	4.24	41.4	39.05	12.37	23.35	33.0	22.36	30.61	26.31	31.26	33.53	21.21	17.72	33.14	33.6	35.78	0.0	37.01	4.47	34.48	24.08	24.76	15.3	13.6	21.38	40.8	5.0	46.07	21.0	44.42	49.68	33.42	23.32	7.62	26.31	51.62	4.0	18.0	25.08	20.81	19.21	42.05	33.06	9.06	13.45	17.0	7.28	49.82	25.81	46.87	8.06	23.35	17.0	42.8	37.44	17.69	40.2	27.29	26.57	4.24	23.02	34.66	5.83	23.35	55.17	42.72	12.21	11.05	25.94	42.45	35.34	31.14	24.33	30.48	20.22	37.74	34.23	24.41	11.4	37.22	10.2	32.89	27.8	24.52	33.0	14.32	9.49	35.36	
33.24	48.83	40.2	36.06	55.87	36.4	14.87	4.12	47.01	23.85	42.64	7.81	12.08	45.65	20.88	52.5	23.26	39.12	37.01	0.0	41.01	11.7	28.32	26.17	37.58	43.32	39.66	25.32	32.02	44.94	43.05	24.02	33.02	24.6	32.65	34.93	12.08	37.0	41.01	19.03	12.04	23.85	29.68	19.03	5.0	28.0	30.08	41.15	30.15	40.45	22.63	41.48	33.96	47.51	20.02	36.69	35.78	28.65	52.63	11.18	38.21	34.23	14.0	27.73	34.53	40.8	41.01	39.56	31.95	26.0	34.66	49.4	16.76	46.69	48.02	25.24	17.46	21.59	48.1	22.67	26.31	20.62	40.52	41.23	30.48	40.61	50.25	42.72	28.28	28.64	
9.43	43.01	5.1	45.45	41.05	15.65	27.66	37.05	24.0	35.0	29.12	35.51	37.95	23.02	22.14	35.01	38.01	39.45	4.47	41.01	0.0	38.9	28.28	29.07	18.38	15.0	24.35	45.22	9.22	49.74	23.35	48.88	54.04	37.8	27.2	11.4	30.59	55.9	2.0	22.09	29.0	25.24	23.35	46.52	37.22	13.04	17.69	19.42	11.7	53.91	30.23	50.8	12.04	25.0	21.1	46.86	41.4	21.93	42.76	31.58	29.97	8.6	27.02	38.95	9.9	26.25	59.4	46.62	16.28	15.03	29.68	45.54	39.81	33.73	26.0	34.83	24.52	42.19	36.88	28.84	15.81	41.68	12.17	36.25	31.89	27.51	35.23	16.03	13.93	39.62	
29.83	37.64	36.67	24.35	45.45	30.07	11.66	10.0	38.9	12.73	33.12	6.32	1.0	37.64	16.76	42.72	11.66	27.8	34.48	11.7	38.9	0.0	18.79	16.55	30.41	37.12	31.02	14.0	29.73	33.24	34.79	13.93	22.56	13.04	23.26	30.15	9.22	26.31	38.33	18.03	14.42	16.12	21.59	9.43	8.0	26.4	24.0	33.73	27.2	29.07	13.0	29.83	29.15	39.22	18.87	25.0	24.19	21.21	41.73	8.49	28.3	30.81	14.87	16.12	30.41	31.78	30.41	27.86	26.0	24.6	24.7	38.01	5.1	36.62	39.56	14.14	14.76	10.05	37.64	13.6	23.09	9.06	35.0	30.41	20.0	31.3	40.22	36.22	25.0	17.0	
19.21	22.14	24.21	17.49	27.66	14.32	15.65	24.76	20.4	8.06	14.42	20.52	17.89	19.24	13.04	24.21	11.18	14.0	24.08	28.32	28.28	18.79	0.0	2.24	13.34	20.62	12.37	18.03	21.1	23.54	16.28	22.56	26.08	10.44	4.47	17.03	17.2	27.66	26.91	18.11	21.93	6.08	5.0	22.0	23.35	20.25	10.63	16.03	18.36	25.81	5.83	23.26	16.28	20.62	18.03	18.87	13.93	6.4	25.06	17.8	9.9	19.85	20.25	10.82	18.38	13.0	31.11	19.31	12.04	19.65	6.4	23.54	16.28	18.38	20.88	7.28	15.52	16.12	20.0	5.66	15.81	16.03	19.7	13.93	4.12	12.53	21.93	19.42	16.55	11.4	
19.8	23.77	25.24	17.46	29.73	15.81	13.93	22.67	22.56	6.32	16.64	18.38	15.65	21.38	12.04	26.4	9.49	15.13	24.76	26.17	29.07	16.55	2.24	0.0	15.13	22.36	14.56	16.55	21.4	24.19	18.44	20.88	25.0	8.94	6.71	18.03	15.26	26.87	27.8	17.0	20.25	5.1	6.32	20.02	21.21	20.12	11.4	18.0	18.6	25.55	3.61	23.41	17.2	22.8	17.03	18.79	14.32	7.21	26.93	15.81	12.04	20.52	18.68	9.9	19.21	15.23	30.48	19.65	13.04	19.31	8.49	25.0	14.14	20.52	23.09	5.83	14.14	14.32	22.02	3.61	15.65	14.14	21.19	15.65	5.1	14.76	24.08	21.21	16.64	10.63	
12.04	24.74	13.42	28.43	24.52	3.0	22.83	33.54	9.9	21.38	11.05	30.08	29.43	8.49	17.2	18.97	24.52	21.4	15.3	37.58	18.38	30.41	13.34	15.13	0.0	7.28	6.08	31.32	15.13	31.62	6.71	35.9	38.91	23.77	10.3	8.0	25.5	39.96	16.55	21.21	27.8	14.32	9.0	35.13	32.7	17.09	7.81	3.61	13.6	36.88	18.0	33.24	8.06	10.63	20.52	29.83	24.08	9.22	25.02	26.4	11.66	12.0	25.61	23.77	10.0	8.06	43.01	29.0	6.4	17.89	12.04	27.2	29.0	16.0	11.4	20.62	20.81	29.43	19.03	17.03	14.42	29.27	7.07	17.89	15.65	9.22	18.25	6.08	13.42	24.17	
12.81	29.07	10.05	35.23	26.08	7.07	28.46	39.22	9.0	28.64	15.26	36.14	36.12	8.06	22.47	20.02	31.78	27.59	13.6	43.32	15.0	37.12	20.62	22.36	7.28	0.0	11.31	38.6	15.81	37.54	8.94	43.17	46.1	31.05	17.46	9.22	31.32	47.01	13.0	25.55	32.65	21.02	16.12	42.3	38.6	19.1	13.34	5.66	15.56	43.6	25.08	39.7	10.0	10.0	24.7	36.62	30.81	16.0	28.16	32.28	17.69	12.21	30.41	31.02	10.63	12.81	49.93	35.47	11.4	20.52	18.87	31.76	36.06	19.31	11.0	27.89	26.0	36.67	22.47	24.02	18.03	36.5	3.61	23.43	22.85	14.21	20.4	1.41	16.4	31.38	
18.0	18.68	19.31	24.19	18.97	9.06	25.5	35.81	8.06	20.1	5.0	31.91	30.08	7.0	20.62	13.89	23.02	16.28	21.38	39.66	24.35	31.02	12.37	14.56	6.08	11.31	0.0	29.15	21.02	26.25	4.0	34.06	35.74	22.0	8.06	14.04	27.8	36.25	22.47	25.24	31.14	15.81	10.0	34.13	34.67	22.56	12.08	5.66	19.24	32.45	18.03	28.43	14.0	8.25	24.7	25.55	19.72	11.31	19.0	28.6	6.4	18.03	29.07	21.21	16.03	2.0	38.95	24.21	11.4	23.09	8.25	21.19	28.64	10.05	8.54	19.03	24.08	28.02	13.0	17.46	19.31	28.07	12.53	12.21	13.04	3.16	12.65	9.9	18.68	21.38	
35.81	28.3	41.68	12.04	38.08	32.31	22.36	24.0	37.05	10.3	29.07	20.1	14.04	36.12	24.84	37.11	7.21	18.79	40.8	25.32	45.22	14.0	18.03	16.55	31.32	38.6	29.15	0.0	36.88	20.81	33.14	5.1	9.43	7.62	21.38	34.48	21.19	12.65	44.1	28.3	27.2	20.0	22.85	7.81	22.0	34.66	27.78	33.73	34.06	15.13	15.0	16.55	33.62	37.01	28.84	12.21	13.89	23.71	33.12	20.88	24.02	36.62	26.93	8.0	35.51	29.02	16.76	15.62	29.53	33.3	21.02	27.8	9.06	30.81	37.0	10.77	24.7	4.12	30.68	16.4	30.41	5.1	37.7	23.09	16.12	28.0	34.21	37.36	31.89	8.06	
3.16	39.2	8.54	38.59	39.62	12.17	18.44	28.0	23.77	26.87	26.02	26.31	28.79	22.47	13.0	33.96	29.73	33.84	5.0	32.02	9.22	29.73	21.1	21.4	15.13	15.81	21.02	36.88	0.0	44.01	21.59	40.22	45.97	29.7	21.19	7.28	21.38	48.17	9.0	13.0	20.1	16.97	16.55	37.59	28.07	4.12	10.77	17.72	2.83	46.87	21.93	44.29	7.07	24.7	12.0	39.96	34.89	14.76	40.01	22.36	25.32	3.61	18.03	31.24	5.39	23.02	51.86	40.25	10.2	6.08	24.04	41.44	30.89	31.06	25.63	26.91	15.3	33.6	34.01	20.52	6.71	33.02	12.21	31.58	25.06	24.0	33.38	16.12	5.0	32.02	
41.63	12.17	44.94	8.94	23.09	34.13	37.05	42.72	31.4	22.2	22.67	38.33	32.89	31.24	36.22	25.3	21.84	10.3	46.07	44.94	49.74	33.24	23.54	24.19	31.62	37.54	26.25	20.81	44.01	0.0	29.0	24.76	19.24	20.62	22.85	38.47	37.34	16.76	48.02	41.11	43.19	29.27	27.51	28.6	40.8	43.68	33.24	31.89	41.44	10.2	26.0	5.39	38.01	30.81	41.19	8.6	10.0	29.41	17.03	37.48	20.0	42.05	42.05	17.46	40.25	24.76	17.03	5.39	34.01	43.17	20.12	10.0	28.23	20.59	30.23	21.1	38.01	23.71	18.38	27.02	39.29	24.6	38.6	14.14	19.42	23.35	22.47	36.12	39.85	16.49	
18.44	20.12	18.25	27.73	18.11	9.49	28.6	39.12	4.12	24.08	6.4	35.36	33.84	3.0	23.35	12.37	27.02	19.42	21.0	43.05	23.35	34.79	16.28	18.44	6.71	8.94	4.0	33.14	21.59	29.0	0.0	38.05	39.56	26.0	12.04	14.32	31.06	39.92	21.38	27.66	33.97	19.24	13.42	38.12	38.08	23.77	14.21	4.0	20.25	35.85	21.84	31.62	14.56	4.47	27.02	29.07	23.26	14.42	19.42	31.91	9.85	18.25	31.83	25.18	16.28	4.47	42.49	27.46	13.04	24.6	12.17	22.83	32.56	10.44	5.0	23.02	26.91	32.02	13.6	21.19	21.1	32.06	11.18	14.87	17.03	5.83	12.0	7.62	20.12	25.32	
39.45	33.12	45.62	16.4	43.08	36.69	24.21	23.54	42.01	14.56	34.13	20.25	14.32	41.05	27.66	42.2	11.4	23.77	44.42	24.02	48.88	13.93	22.56	20.88	35.9	43.17	34.06	5.1	40.22	24.76	38.05	0.0	9.0	12.17	26.17	38.48	22.47	13.04	47.89	30.48	28.18	23.71	27.2	5.0	21.59	37.64	31.78	38.47	37.44	17.46	18.79	20.0	37.58	42.0	31.14	16.28	18.79	27.86	38.01	21.95	29.07	40.31	28.3	13.04	39.36	34.0	17.0	19.85	33.62	36.12	26.0	32.45	10.0	35.9	42.01	15.3	26.91	6.71	35.74	20.12	33.6	7.21	42.06	28.16	21.02	33.02	39.29	41.98	35.23	13.15	
44.69	29.83	50.22	13.04	40.61	40.31	31.76	32.39	43.17	19.1	34.53	28.86	22.8	42.45	34.21	41.01	16.28	22.0	49.68	33.02	54.04	22.56	26.08	25.0	38.91	46.1	35.74	9.43	45.97	19.24	39.56	9.0	0.0	16.28	28.64	43.01	30.46	4.12	52.8	37.74	36.4	29.0	31.06	14.0	30.41	43.93	36.4	40.85	43.14	9.9	24.04	13.89	42.2	42.95	38.28	12.17	17.03	32.2	34.93	30.08	29.83	45.45	36.25	15.26	44.2	35.17	8.0	15.52	38.01	42.64	27.51	28.46	18.03	35.01	42.76	19.21	34.13	13.42	34.06	25.46	39.62	14.32	45.65	27.02	23.26	33.96	38.01	44.78	41.01	14.76	
28.43	24.76	34.13	12.04	33.29	24.7	17.26	22.14	30.02	2.83	22.56	17.72	12.53	29.0	18.36	31.38	1.41	14.87	33.42	24.6	37.8	13.04	10.44	8.94	23.77	31.05	22.0	7.62	29.7	20.62	26.0	12.17	16.28	0.0	14.04	26.93	17.0	18.6	36.62	22.47	23.02	12.73	15.23	12.37	20.25	27.8	20.25	26.31	26.87	18.68	7.81	18.0	26.08	30.07	22.85	13.0	11.18	16.12	29.07	17.03	17.46	29.21	22.2	3.16	28.02	22.09	22.47	15.3	21.95	26.63	14.14	25.0	8.49	25.08	30.15	3.16	18.97	6.08	25.55	9.22	23.43	6.32	30.08	18.03	9.06	21.21	28.64	29.83	24.76	4.12	
18.79	19.24	22.67	18.38	23.6	12.04	19.42	29.0	16.12	12.04	10.0	24.84	22.36	15.03	15.81	19.85	15.0	12.65	23.32	32.65	27.2	23.26	4.47	6.71	10.3	17.46	8.06	21.38	21.19	22.85	12.04	26.17	28.64	14.04	0.0	15.81	21.26	29.68	25.61	20.88	25.55	9.43	5.0	26.08	27.66	21.21	10.44	12.37	18.68	26.87	10.3	23.6	15.26	16.28	20.62	19.8	14.21	7.0	21.54	21.93	5.83	19.24	23.71	13.6	17.49	8.54	32.8	19.42	11.18	21.02	3.0	21.02	20.62	14.21	16.49	11.0	18.79	20.0	16.12	10.0	17.03	20.02	17.2	11.05	5.39	8.06	17.69	16.16	17.26	13.93	
4.12	32.56	7.21	34.06	32.39	5.0	20.22	30.81	16.55	24.19	19.03	28.16	29.15	15.23	14.14	26.68	27.29	28.18	7.62	34.93	11.4	30.15	17.03	18.03	8.0	9.22	14.04	34.48	7.28	38.47	14.32	38.48	43.01	26.93	15.81	0.0	23.19	44.69	9.9	16.55	23.77	14.87	12.04	36.69	30.41	10.0	6.71	10.44	6.4	42.52	19.7	39.41	1.0	17.46	15.65	35.47	30.0	10.82	33.02	24.19	18.97	4.0	21.54	27.8	2.0	16.03	48.1	35.23	5.0	11.31	18.36	34.93	30.08	24.0	18.38	23.85	17.46	31.78	27.02	18.38	8.94	31.38	5.83	25.3	20.52	17.12	26.17	9.22	7.21	28.43	
22.02	38.91	29.02	29.02	44.82	24.35	3.0	8.06	34.99	15.13	31.11	5.0	8.49	33.62	9.06	41.01	16.03	29.73	26.31	12.08	30.59	9.22	17.2	15.26	25.5	31.32	27.8	21.19	21.38	37.34	31.06	22.47	30.46	17.0	21.26	23.19	0.0	33.84	30.27	8.94	6.08	12.04	17.8	18.44	7.28	17.72	18.03	29.07	19.1	35.36	12.08	35.0	22.2	35.51	9.85	30.0	27.46	16.64	42.19	1.0	27.02	23.02	5.83	20.02	23.02	29.07	37.95	32.14	19.92	15.81	23.6	39.92	12.53	35.47	36.06	16.28	6.08	17.09	37.2	11.66	15.03	16.16	28.64	30.89	20.12	29.0	38.95	30.68	17.03	21.02	
46.67	28.16	51.86	12.37	39.12	41.62	34.93	36.22	43.32	21.4	34.48	32.56	26.48	42.72	36.89	40.11	18.87	21.38	51.62	37.0	55.9	26.31	27.66	26.87	39.96	47.01	36.25	12.65	48.17	16.76	39.92	13.04	4.12	18.6	29.68	44.69	33.84	0.0	54.56	40.71	39.85	31.24	32.65	18.03	34.23	46.4	38.21	41.59	45.34	6.71	26.4	11.4	43.93	43.01	41.18	11.18	16.76	33.97	33.24	33.53	30.08	47.38	39.56	16.97	46.01	35.47	4.12	14.0	39.7	45.22	28.18	26.48	21.59	34.37	42.72	21.26	37.12	16.76	33.06	27.8	42.01	17.72	46.87	26.48	24.41	34.18	37.12	45.65	43.28	16.28	
8.54	41.11	3.16	43.93	39.05	13.89	27.29	37.0	22.0	33.84	27.2	35.23	37.36	21.02	21.59	33.02	36.89	37.74	4.0	41.01	2.0	38.33	26.91	27.8	16.55	13.0	22.47	44.1	9.0	48.02	21.38	47.89	52.8	36.62	25.61	9.9	30.27	54.56	0.0	22.0	29.07	24.19	21.93	45.69	37.05	13.04	16.4	17.46	11.18	52.4	29.15	49.2	10.63	23.0	21.0	45.34	39.82	20.62	40.79	31.26	28.18	7.62	27.02	37.64	8.6	24.35	58.0	45.0	14.87	15.03	28.02	43.66	39.0	31.78	24.0	33.6	24.19	41.18	34.93	27.78	15.3	40.71	10.2	34.44	30.41	25.63	33.24	14.04	13.34	38.29	
14.32	40.02	21.21	33.73	43.83	19.21	6.4	15.0	31.11	19.92	29.53	13.6	17.2	29.7	5.1	39.12	21.93	32.06	18.0	19.03	22.09	18.03	18.11	17.0	21.21	25.55	25.24	28.3	13.0	41.11	27.66	30.48	37.74	22.47	20.88	16.55	8.94	40.71	22.0	0.0	7.28	12.04	16.16	26.91	15.13	9.06	13.45	24.76	11.18	41.11	15.3	39.81	15.65	31.83	1.0	34.93	31.14	14.32	42.38	9.85	26.57	15.3	5.1	25.0	15.81	26.93	44.72	36.35	14.87	7.07	23.77	41.59	20.52	34.44	32.56	20.62	3.61	24.41	36.77	14.14	7.62	23.6	22.36	31.78	22.02	27.29	37.59	25.24	9.49	25.96	
21.59	44.01	28.44	35.0	49.09	26.08	6.32	8.25	37.64	21.02	35.0	8.49	13.89	36.24	10.63	44.82	22.09	35.17	25.08	12.04	29.0	14.42	21.93	20.25	27.8	32.65	31.14	27.2	20.1	43.19	33.97	28.18	36.4	23.02	25.55	23.77	6.08	39.85	29.07	7.28	0.0	16.12	21.4	23.85	8.94	16.03	20.0	31.4	18.44	41.44	17.46	41.01	22.85	38.29	8.25	36.01	33.24	19.85	46.96	6.32	31.38	22.56	2.24	26.0	23.09	32.65	43.97	38.05	21.63	14.04	28.18	45.22	18.38	39.66	38.95	22.09	7.07	23.09	41.68	16.76	14.87	22.14	29.55	35.85	25.3	32.8	43.01	32.25	16.76	27.0	
15.81	28.16	21.93	22.47	33.02	14.0	10.0	20.0	23.26	9.9	19.1	16.12	15.13	21.93	7.0	29.0	12.81	20.02	20.81	23.85	25.24	16.12	6.08	5.1	14.32	21.02	15.81	20.0	16.97	29.27	19.24	23.71	29.0	12.73	9.43	14.87	12.04	31.24	24.19	12.04	16.12	0.0	5.83	21.84	18.87	15.26	8.25	17.72	14.14	30.41	5.0	28.46	13.93	23.71	12.0	23.77	19.42	5.1	30.87	12.81	15.26	16.64	14.32	14.42	15.65	17.03	35.0	24.74	10.2	14.32	12.08	29.61	15.3	23.6	24.19	10.0	9.49	17.0	25.55	3.61	10.82	16.55	19.1	19.92	10.0	16.97	27.02	20.1	12.04	15.26	
14.42	24.19	19.21	22.2	27.78	9.49	15.56	25.81	17.46	12.65	13.6	21.95	20.62	16.16	11.18	23.43	15.81	17.46	19.21	29.68	23.35	21.59	5.0	6.32	9.0	16.12	10.0	22.85	16.55	27.51	13.42	27.2	31.06	15.23	5.0	12.04	17.8	32.65	21.93	16.16	21.4	5.83	0.0	26.17	24.7	16.28	5.83	12.17	13.93	30.61	9.0	27.78	11.31	17.89	15.81	23.6	18.36	2.0	26.25	18.6	10.44	15.0	19.42	15.81	13.45	11.31	36.07	23.71	7.07	16.03	8.0	26.02	20.0	18.36	18.36	12.08	14.42	20.62	20.62	8.06	12.04	20.4	14.87	16.03	8.6	11.4	21.63	15.03	12.37	16.4	
37.16	35.81	43.66	19.85	45.18	35.51	20.52	18.68	42.19	14.04	34.93	15.65	10.0	41.11	24.7	43.66	11.18	26.08	42.05	19.03	46.52	9.43	22.0	20.02	35.13	42.3	34.13	7.81	37.59	28.6	38.12	5.0	14.0	12.37	26.08	36.69	18.44	18.03	45.69	26.91	23.85	21.84	26.17	0.0	16.76	34.67	30.08	38.01	34.89	22.14	17.26	24.19	35.74	42.3	27.66	20.0	21.4	26.48	40.5	17.8	29.83	38.08	24.21	14.32	37.34	34.37	22.0	23.43	32.02	33.02	26.48	35.47	6.71	37.34	42.43	15.13	23.43	6.32	37.58	18.44	30.89	6.08	40.79	29.97	21.38	33.54	40.85	41.19	32.65	14.76	
29.02	44.1	36.01	32.02	50.93	31.62	10.2	2.0	42.06	19.24	37.64	2.83	8.06	40.71	16.28	47.51	18.97	34.48	33.06	5.0	37.22	8.0	23.35	21.21	32.7	38.6	34.67	22.0	28.07	40.8	38.08	21.59	30.41	20.25	27.66	30.41	7.28	34.23	37.05	15.13	8.94	18.87	24.7	16.76	0.0	24.19	25.3	36.25	26.0	37.05	17.69	37.66	29.43	42.54	16.12	32.76	31.38	23.71	47.8	6.32	33.24	30.02	10.44	23.41	30.15	35.81	38.33	35.44	27.2	22.2	29.7	44.78	13.04	41.73	43.05	20.59	13.04	18.03	43.19	17.69	22.02	17.03	35.9	36.4	25.61	35.61	45.28	37.95	24.02	24.35	
6.4	40.0	12.65	37.58	41.48	14.32	14.87	24.02	26.42	25.0	27.46	22.56	25.5	25.06	10.0	36.06	27.66	33.73	9.06	28.0	13.04	26.4	20.25	20.12	17.09	19.1	22.56	34.66	4.12	43.68	23.77	37.64	43.93	27.8	21.21	10.0	17.72	46.4	13.04	9.06	16.03	15.26	16.28	34.67	24.19	0.0	11.0	20.12	3.61	45.65	20.0	43.46	9.43	27.29	8.06	38.91	34.18	14.32	41.3	18.68	26.0	7.21	14.0	29.68	8.49	24.52	50.22	39.56	11.18	2.0	24.19	42.05	28.02	32.56	28.18	25.24	11.7	31.14	35.36	18.6	4.47	30.48	15.56	32.06	24.35	25.32	35.17	19.21	4.0	30.53	
8.6	29.0	13.89	28.02	31.02	6.32	15.23	26.0	17.69	17.49	16.76	22.8	23.0	16.28	9.43	25.94	20.59	23.09	13.45	30.08	17.69	24.0	10.63	11.4	7.81	13.34	12.08	27.78	10.77	33.24	14.21	31.78	36.4	20.25	10.44	6.71	18.03	38.21	16.4	13.45	20.0	8.25	5.83	30.08	25.3	11.0	0.0	11.4	8.25	36.4	13.0	33.62	5.83	18.38	12.81	29.41	24.19	4.24	30.41	18.97	15.0	9.22	17.8	21.26	7.81	13.93	41.73	29.53	2.0	11.18	13.34	31.06	23.54	21.84	19.1	17.2	13.04	25.08	24.52	11.7	7.28	24.7	11.0	21.1	14.42	14.56	24.7	12.65	7.0	21.93	
14.56	23.77	14.32	29.68	22.09	5.83	26.42	37.12	6.4	24.08	9.85	33.62	32.76	5.0	20.81	16.28	27.17	21.93	17.0	41.15	19.42	33.73	16.03	18.0	3.61	5.66	5.66	33.73	17.72	31.89	4.0	38.47	40.85	26.31	12.37	10.44	29.07	41.59	17.46	24.76	31.4	17.72	12.17	38.01	36.25	20.12	11.4	0.0	16.55	38.01	21.1	34.06	10.77	7.21	24.04	31.06	25.24	12.65	23.35	29.97	12.04	14.32	29.21	25.96	12.37	7.21	44.42	29.83	9.9	21.1	13.42	26.4	32.06	14.32	8.06	23.19	24.41	32.14	17.46	20.22	17.8	32.06	7.28	17.8	17.72	8.6	16.0	4.24	16.64	26.25	
3.16	37.05	10.05	35.85	38.08	10.77	16.12	26.08	22.83	24.04	24.19	24.08	26.25	21.47	10.44	32.57	26.91	31.32	7.28	30.15	11.7	27.2	18.36	18.6	13.6	15.56	19.24	34.06	2.83	41.44	20.25	37.44	43.14	26.87	18.68	6.4	19.1	45.34	11.18	11.18	18.44	14.14	13.93	34.89	26.0	3.61	8.25	16.55	0.0	44.1	19.1	41.59	5.83	23.71	10.2	37.22	32.2	12.08	38.12	20.1	23.09	4.12	16.28	28.43	5.0	21.21	49.04	37.58	8.0	5.0	21.59	39.2	28.18	29.27	24.6	24.08	13.04	30.81	32.14	17.69	4.12	30.23	12.04	29.27	22.36	22.09	31.78	15.62	2.24	29.21	
45.0	22.0	49.52	8.49	33.0	38.9	35.9	39.05	38.91	21.19	29.97	35.0	29.02	38.47	36.77	34.53	19.42	16.55	49.82	40.45	53.91	29.07	25.81	25.55	36.88	43.6	32.45	15.13	46.87	10.2	35.85	17.46	9.9	18.68	26.87	42.52	35.36	6.71	52.4	41.11	41.44	30.41	30.61	22.14	37.05	45.65	36.4	38.01	44.1	0.0	26.0	5.0	41.87	38.48	41.44	7.07	12.81	32.2	27.02	35.23	26.08	45.61	40.79	16.16	44.05	31.38	7.07	8.54	37.64	44.72	24.84	20.1	24.02	29.12	38.08	20.62	37.64	19.03	27.46	27.31	41.18	20.02	43.93	21.54	22.02	30.02	31.58	42.2	42.19	15.23	
20.81	26.83	26.83	18.44	33.24	18.25	11.18	19.21	25.96	5.0	20.25	14.87	12.08	24.74	10.77	30.0	7.81	17.72	25.81	22.63	30.23	13.0	5.83	3.61	18.0	25.08	18.03	15.0	21.93	26.0	21.84	18.79	24.04	7.81	10.3	19.7	12.08	26.4	29.15	15.3	17.46	5.0	9.0	17.26	17.69	20.0	13.0	21.1	19.1	26.0	0.0	24.52	18.79	26.25	15.52	19.65	16.0	9.22	30.23	12.53	15.62	21.63	16.12	9.85	20.59	18.79	30.23	21.1	14.87	18.87	12.04	27.86	11.0	24.08	26.57	5.39	12.04	12.08	25.5	1.41	15.62	11.7	23.54	18.87	8.06	18.36	27.66	24.02	16.97	10.77	
42.19	17.0	46.23	6.08	28.0	35.47	35.13	39.62	34.48	20.1	25.55	35.36	29.61	34.13	35.17	29.61	19.03	12.21	46.87	41.48	50.8	29.83	23.26	23.41	33.24	39.7	28.43	16.55	44.29	5.39	31.62	20.0	13.89	18.0	23.6	39.41	35.0	11.4	49.2	39.81	41.01	28.46	27.78	24.19	37.66	43.46	33.62	34.06	41.59	5.0	24.52	0.0	38.83	34.0	40.02	5.0	9.43	29.53	22.02	35.01	22.02	42.72	40.11	15.03	41.05	27.2	12.04	4.24	34.67	42.72	21.26	15.13	24.74	24.35	33.54	19.24	36.5	19.92	22.56	25.71	39.0	20.88	40.31	17.0	19.24	25.81	26.68	38.29	39.81	14.04	
4.0	32.39	8.06	33.42	32.56	5.1	19.24	29.83	17.0	23.32	19.0	27.17	28.16	15.65	13.15	26.93	26.42	27.73	8.06	33.96	12.04	29.15	16.28	17.2	8.06	10.0	14.0	33.62	7.07	38.01	14.56	37.58	42.2	26.08	15.26	1.0	22.2	43.93	10.63	15.65	22.85	13.93	11.31	35.74	29.43	9.43	5.83	10.77	5.83	41.87	18.79	38.83	0.0	17.89	14.76	34.83	29.41	10.0	33.0	23.19	18.68	4.12	20.62	27.02	2.24	16.0	47.38	34.67	4.24	10.63	17.89	34.71	29.12	24.02	18.79	23.02	16.49	30.87	27.0	17.46	8.06	30.46	6.71	25.0	19.85	17.03	26.31	9.9	6.4	27.66	
21.54	20.62	20.02	30.68	16.12	13.04	33.02	43.57	1.0	28.28	8.54	39.82	38.28	2.24	27.66	10.05	31.14	21.93	23.35	47.51	25.0	39.22	20.62	22.8	10.63	10.0	8.25	37.01	24.7	30.81	4.47	42.0	42.95	30.07	16.28	17.46	35.51	43.01	23.0	31.83	38.29	23.71	17.89	42.3	42.54	27.29	18.38	7.21	23.71	38.48	26.25	34.0	17.89	0.0	31.14	31.95	26.25	18.87	18.79	36.36	13.15	21.19	36.12	29.02	19.31	8.0	45.31	29.97	17.03	28.3	16.0	23.43	36.88	10.63	1.0	27.17	31.24	36.12	13.6	25.63	25.0	36.22	13.15	17.0	21.02	9.06	10.77	9.06	23.85	29.07	
13.34	39.81	20.22	33.96	43.38	18.44	7.21	16.0	30.41	20.25	29.07	14.56	18.03	29.0	5.0	38.59	22.36	32.02	17.0	20.02	21.1	18.87	18.03	17.03	20.52	24.7	24.7	28.84	12.0	41.19	27.02	31.14	38.28	22.85	20.62	15.65	9.85	41.18	21.0	1.0	8.25	12.0	15.81	27.66	16.12	8.06	12.81	24.04	10.2	41.44	15.52	40.02	14.76	31.14	0.0	35.17	31.26	13.93	42.06	10.77	26.25	14.32	6.08	25.3	14.87	26.42	45.18	36.5	14.14	6.08	23.54	41.44	21.21	34.01	31.89	20.88	4.24	25.0	36.4	14.32	6.71	24.21	21.47	31.58	22.0	26.83	37.12	24.41	8.54	26.25	
38.01	17.72	42.45	1.41	28.44	31.83	30.15	34.71	32.31	15.13	23.41	30.41	24.74	31.78	30.36	29.02	14.04	10.2	42.8	36.69	46.86	25.0	18.87	18.79	29.83	36.62	25.55	12.21	39.96	8.6	29.07	16.28	12.17	13.0	19.8	35.47	30.0	11.18	45.34	34.93	36.01	23.77	23.6	20.0	32.76	38.91	29.41	31.06	37.22	7.07	19.65	5.0	34.83	31.95	35.17	0.0	5.83	25.24	22.8	30.02	19.24	38.6	35.13	10.05	37.01	24.6	13.42	3.61	30.61	38.08	17.8	16.55	19.92	23.19	31.62	14.32	31.58	15.23	22.0	20.88	34.44	16.16	36.88	15.3	15.0	23.26	26.02	35.23	35.36	9.06	
32.76	14.42	36.88	4.47	24.35	26.17	27.07	33.24	26.57	12.37	17.72	28.79	23.71	26.0	26.31	24.08	12.53	5.1	37.44	35.78	41.4	24.19	13.93	14.32	24.08	30.81	19.72	13.89	34.89	10.0	23.26	18.79	17.03	11.18	14.21	30.0	27.46	16.76	39.82	31.14	33.24	19.42	18.36	21.4	31.38	34.18	24.19	25.24	32.2	12.81	16.0	9.43	29.41	26.25	31.26	5.83	0.0	20.12	19.24	27.66	13.42	33.29	32.06	8.06	31.62	18.79	19.24	5.39	25.24	33.53	12.04	14.14	19.42	18.0	25.96	11.18	28.02	15.56	17.26	17.03	29.73	16.28	31.14	10.0	9.85	17.46	21.1	29.41	30.46	7.21	
12.81	26.17	18.03	23.85	29.53	9.06	14.21	24.7	18.36	13.42	15.26	21.02	20.22	17.0	9.43	25.0	16.55	19.42	17.69	28.65	21.93	21.21	6.4	7.21	9.22	16.0	11.31	23.71	14.76	29.41	14.42	27.86	32.2	16.12	7.0	10.82	16.64	33.97	20.62	14.32	19.85	5.1	2.0	26.48	23.71	14.32	4.24	12.65	12.08	32.2	9.22	29.53	10.0	18.87	13.93	25.24	20.12	0.0	28.16	17.49	12.37	13.45	17.8	17.03	12.04	12.81	37.48	25.5	5.83	14.04	10.0	28.02	20.1	20.12	19.42	13.04	12.81	21.19	22.47	8.06	10.05	20.88	14.32	18.03	10.3	13.04	23.32	15.03	10.44	17.69	
37.0	5.1	37.66	22.14	6.08	28.02	40.71	49.41	19.7	29.0	14.0	45.0	41.04	20.25	37.34	9.9	30.48	14.42	40.2	52.63	42.76	41.73	25.06	26.93	25.02	28.16	19.0	33.12	40.01	17.03	19.42	38.01	34.93	29.07	21.54	33.02	42.19	33.24	40.79	42.38	46.96	30.87	26.25	40.5	47.8	41.3	30.41	23.35	38.12	27.02	30.23	22.02	33.0	18.79	42.06	22.8	19.24	28.16	0.0	42.72	15.81	37.01	45.19	26.4	35.01	17.0	34.0	19.42	30.15	41.59	18.79	7.07	37.54	9.06	17.89	27.59	40.31	34.41	6.0	30.53	37.66	35.0	30.59	11.4	22.2	16.03	8.06	26.93	37.34	25.81	
23.02	39.36	30.02	29.07	45.45	25.3	4.0	7.21	35.85	15.3	31.83	4.0	7.81	34.48	10.05	41.73	16.0	30.08	27.29	11.18	31.58	8.49	17.8	15.81	26.4	32.28	28.6	20.88	22.36	37.48	31.91	21.95	30.08	17.03	21.93	24.19	1.0	33.53	31.26	9.85	6.32	12.81	18.6	17.8	6.32	18.68	18.97	29.97	20.1	35.23	12.53	35.01	23.19	36.36	10.77	30.02	27.66	17.49	42.72	0.0	27.66	24.02	6.4	20.1	24.02	29.83	37.64	32.25	20.88	16.76	24.21	40.31	12.08	36.12	36.89	16.49	7.07	16.76	37.8	12.21	16.03	15.81	29.61	31.38	20.59	29.73	39.62	31.62	18.03	21.1	
22.56	14.0	25.06	17.89	17.8	14.32	25.24	34.66	13.34	16.16	5.1	30.41	27.46	12.65	21.54	14.42	18.68	9.9	26.57	38.21	29.97	28.3	9.9	12.04	11.66	17.69	6.4	24.02	25.32	20.0	9.85	29.07	29.83	17.46	5.83	18.97	27.02	30.08	28.18	26.57	31.38	15.26	10.44	29.83	33.24	26.0	15.0	12.04	23.09	26.08	15.62	22.02	18.68	13.15	26.25	19.24	13.42	12.37	15.81	27.66	0.0	22.8	29.53	16.03	20.88	5.39	32.65	17.8	15.13	26.08	3.61	16.12	25.08	8.49	13.04	14.87	24.6	23.54	10.3	15.56	22.09	23.77	18.6	6.32	8.54	4.12	12.04	16.28	22.0	16.0	
1.0	36.5	6.0	37.2	36.35	9.0	20.02	30.15	20.25	26.4	23.02	28.02	29.83	18.97	14.14	30.59	29.41	31.78	4.24	34.23	8.6	30.81	19.85	20.52	12.0	12.21	18.03	36.62	3.61	42.05	18.25	40.31	45.45	29.21	19.24	4.0	23.02	47.38	7.62	15.3	22.56	16.64	15.0	38.08	30.02	7.21	9.22	14.32	4.12	45.61	21.63	42.72	4.12	21.19	14.32	38.6	33.29	13.45	37.01	24.02	22.8	0.0	20.4	30.41	2.0	20.02	50.93	38.59	8.06	8.94	21.93	38.83	31.38	28.0	22.14	26.25	17.0	33.62	31.02	20.25	8.0	33.12	8.6	29.12	23.6	21.1	30.15	12.53	6.0	31.11	
19.42	42.38	26.31	34.06	47.17	23.85	5.0	10.05	35.47	20.02	33.02	9.43	14.21	34.06	8.49	42.8	21.38	33.73	23.02	14.0	27.02	14.87	20.25	18.68	25.61	30.41	29.07	26.93	18.03	42.05	31.83	28.3	36.25	22.2	23.71	21.54	5.83	39.56	27.02	5.1	2.24	14.32	19.42	24.21	10.44	14.0	17.8	29.21	16.28	40.79	16.12	40.11	20.62	36.12	6.08	35.13	32.06	17.8	45.19	6.4	29.53	20.4	0.0	25.08	20.88	30.61	43.66	37.0	19.42	12.0	26.4	43.68	18.36	37.74	36.8	21.0	5.0	22.85	39.82	15.3	12.65	21.93	27.31	34.18	23.77	30.81	41.05	30.02	14.56	26.08	
29.7	21.93	35.0	9.0	30.89	25.06	20.1	25.3	29.07	5.1	21.1	20.88	15.65	28.16	20.62	29.41	4.47	12.04	34.66	27.73	38.95	16.12	10.82	9.9	23.77	31.02	21.21	8.0	31.24	17.46	25.18	13.04	15.26	3.16	13.6	27.8	20.02	16.97	37.64	25.0	26.0	14.42	15.81	14.32	23.41	29.68	21.26	25.96	28.43	16.16	9.85	15.03	27.02	29.02	25.3	10.05	8.06	17.03	26.4	20.1	16.03	30.41	25.08	0.0	29.07	21.02	20.62	12.17	22.8	28.65	13.04	22.02	11.4	23.09	29.0	4.47	21.59	8.06	23.26	11.18	25.24	8.6	30.41	15.65	8.25	20.0	26.57	29.73	26.4	1.0	
2.24	34.53	6.32	35.61	34.37	7.0	20.02	30.41	18.38	25.24	21.02	28.02	29.43	17.09	14.0	28.64	28.3	29.97	5.83	34.53	9.9	30.41	18.38	19.21	10.0	10.63	16.03	35.51	5.39	40.25	16.28	39.36	44.2	28.02	17.49	2.0	23.02	46.01	8.6	15.81	23.09	15.65	13.45	37.34	30.15	8.49	7.81	12.37	5.0	44.05	20.59	41.05	2.24	19.31	14.87	37.01	31.62	12.04	35.01	24.02	20.88	2.0	20.88	29.07	0.0	18.03	49.5	36.89	6.4	10.0	20.12	36.88	30.68	26.0	20.25	25.0	17.12	32.65	29.02	19.24	8.25	32.2	7.07	27.2	22.02	19.1	28.16	10.82	6.32	29.73	
20.0	16.76	21.19	23.26	17.09	11.05	26.87	37.01	8.06	20.4	3.0	33.02	30.87	7.28	22.2	12.21	23.19	15.0	23.35	40.8	26.25	31.78	13.0	15.23	8.06	12.81	2.0	29.02	23.02	24.76	4.47	34.0	35.17	22.09	8.54	16.03	29.07	35.47	24.35	26.93	32.65	17.03	11.31	34.37	35.81	24.52	13.93	7.21	21.21	31.38	18.79	27.2	16.0	8.0	26.42	24.6	18.79	12.81	17.0	29.83	5.39	20.02	30.61	21.02	18.03	0.0	38.01	23.02	13.34	25.0	8.0	19.31	29.12	8.06	8.06	19.24	25.61	28.16	11.0	18.36	21.19	28.28	14.32	10.63	13.04	1.41	10.77	11.4	20.62	21.1	
50.25	29.02	55.23	14.76	40.01	44.82	39.0	40.31	45.69	25.24	36.77	36.67	30.59	45.19	40.82	41.59	22.83	23.41	55.17	41.01	59.4	30.41	31.11	30.48	43.01	49.93	38.95	16.76	51.86	17.03	42.49	17.0	8.0	22.47	32.8	48.1	37.95	4.12	58.0	44.72	43.97	35.0	36.07	22.0	38.33	50.22	41.73	44.42	49.04	7.07	30.23	12.04	47.38	45.31	45.18	13.42	19.24	37.48	34.0	37.64	32.65	50.93	43.66	20.62	49.5	38.01	0.0	15.52	43.14	49.09	31.06	27.02	25.71	36.14	44.94	25.0	41.15	20.88	34.53	31.62	45.8	21.84	50.0	28.46	27.66	36.67	38.64	48.55	47.01	19.85	
38.08	14.32	42.01	3.61	25.18	31.24	32.0	37.36	30.41	17.03	21.47	32.98	27.51	30.02	31.58	26.17	16.49	8.06	42.72	39.56	46.62	27.86	19.31	19.65	29.0	35.47	24.21	15.62	40.25	5.39	27.46	19.85	15.52	15.3	19.42	35.23	32.14	14.0	45.0	36.35	38.05	24.74	23.71	23.43	35.44	39.56	29.53	29.83	37.58	8.54	21.1	4.24	34.67	29.97	36.5	3.61	5.39	25.5	19.42	32.25	17.8	38.59	37.0	12.17	36.89	23.02	15.52	0.0	30.53	38.9	17.03	13.0	22.85	20.62	29.55	16.0	33.14	18.36	19.1	22.2	35.11	19.24	36.07	13.0	15.23	21.63	23.19	34.06	35.85	11.18	
7.62	29.07	12.21	29.21	30.36	4.47	17.09	27.86	16.28	19.24	16.28	24.74	25.0	14.87	11.18	25.08	22.36	23.77	12.21	31.95	16.28	26.0	12.04	13.04	6.4	11.4	11.4	29.53	10.2	34.01	13.04	33.62	38.01	21.95	11.18	5.0	19.92	39.7	14.87	14.87	21.63	10.2	7.07	32.02	27.2	11.18	2.0	9.9	8.0	37.64	14.87	34.67	4.24	17.03	14.14	30.61	25.24	5.83	30.15	20.88	15.13	8.06	19.42	22.8	6.4	13.34	43.14	30.53	0.0	11.7	13.93	31.26	25.5	21.38	17.8	18.87	14.76	26.93	24.19	13.6	8.06	26.57	9.0	21.38	15.62	14.14	24.04	10.77	7.28	23.43	
8.06	40.05	14.56	36.77	42.06	15.26	13.0	22.02	27.46	23.85	27.89	20.62	23.71	26.08	8.49	36.77	26.4	33.38	11.05	26.0	15.03	24.6	19.65	19.31	17.89	20.52	23.09	33.3	6.08	43.17	24.6	36.12	42.64	26.63	21.02	11.31	15.81	45.22	15.03	7.07	14.04	14.32	16.03	33.02	22.2	2.0	11.18	21.1	5.0	44.72	18.87	42.72	10.63	28.3	6.08	38.08	33.53	14.04	41.59	16.76	26.08	8.94	12.0	28.65	10.0	25.0	49.09	38.9	11.7	0.0	24.02	42.0	26.4	32.98	29.15	24.19	9.85	29.7	35.69	17.49	4.0	29.0	17.03	32.0	23.77	25.71	35.74	20.52	4.47	29.53	
21.54	16.28	25.0	16.4	21.26	14.21	21.95	31.14	16.03	12.65	8.54	26.87	23.85	15.13	18.68	18.03	15.3	9.85	25.94	34.66	29.68	24.7	6.4	8.49	12.04	18.87	8.25	21.02	24.04	20.12	12.17	26.0	27.51	14.14	3.0	18.36	23.6	28.18	28.02	23.77	28.18	12.08	8.0	26.48	29.7	24.19	13.34	13.42	21.59	24.84	12.04	21.26	17.89	16.0	23.54	17.8	12.04	10.0	18.79	24.21	3.61	21.93	26.4	13.04	20.12	8.0	31.06	17.03	13.93	24.02	0.0	18.03	21.54	12.04	16.03	11.4	21.54	20.22	13.6	12.04	20.02	20.4	19.1	8.06	5.1	7.07	15.62	17.49	20.22	13.15	
38.64	2.83	40.5	16.12	13.15	30.08	38.9	46.53	24.21	25.55	16.55	42.06	37.44	24.41	36.5	16.12	26.4	10.3	42.45	49.4	45.54	38.01	23.54	25.0	27.2	31.76	21.19	27.8	41.44	10.0	22.83	32.45	28.46	25.0	21.02	34.93	39.92	26.48	43.66	41.59	45.22	29.61	26.02	35.47	44.78	42.05	31.06	26.4	39.2	20.1	27.86	15.13	34.71	23.43	41.44	16.55	14.14	28.02	7.07	40.31	16.12	38.83	43.68	22.02	36.88	19.31	27.02	13.0	31.26	42.0	18.03	0.0	33.42	12.81	22.67	24.19	39.05	29.7	9.9	28.46	38.0	30.41	33.62	10.0	19.92	18.03	13.6	30.41	38.05	21.26	
30.46	33.24	37.0	19.31	41.62	29.15	14.21	15.03	36.67	8.94	30.08	11.05	5.0	35.51	18.03	39.36	7.07	23.35	35.34	16.76	39.81	5.1	16.28	14.14	29.0	36.06	28.64	9.06	30.89	28.23	32.56	10.0	18.03	8.49	20.62	30.08	12.53	21.59	39.0	20.52	18.38	15.3	20.0	6.71	13.04	28.02	23.54	32.06	28.18	24.02	11.0	24.74	29.12	36.88	21.21	19.92	19.42	20.1	37.54	12.08	25.08	31.38	18.36	11.4	30.68	29.12	25.71	22.85	25.5	26.4	21.54	33.42	0.0	33.12	37.11	10.3	16.97	5.0	33.84	12.04	24.19	4.0	34.37	26.4	16.55	28.46	36.72	35.01	25.94	12.21	
28.02	10.0	28.64	22.09	9.43	19.0	33.6	43.14	11.4	24.19	5.1	38.9	35.81	11.66	29.53	6.32	26.4	13.04	31.14	46.69	33.73	36.62	18.38	20.52	16.0	19.31	10.05	30.81	31.06	20.59	10.44	35.9	35.01	25.08	14.21	24.0	35.47	34.37	31.78	34.44	39.66	23.6	18.36	37.34	41.73	32.56	21.84	14.32	29.27	29.12	24.08	24.35	24.02	10.63	34.01	23.19	18.0	20.12	9.06	36.12	8.49	28.0	37.74	23.09	26.0	8.06	36.14	20.62	21.38	32.98	12.04	12.81	33.12	0.0	9.9	22.83	32.76	31.02	3.16	24.04	29.12	31.38	21.59	8.0	16.64	7.28	3.61	18.03	28.64	22.8	
22.47	19.85	21.02	30.36	15.13	13.89	33.6	44.1	2.0	28.44	8.25	40.31	38.63	3.16	28.32	9.06	31.26	21.54	24.33	48.02	26.0	39.56	20.88	23.09	11.4	11.0	8.54	37.0	25.63	30.23	5.0	42.01	42.76	30.15	16.49	18.38	36.06	42.72	24.0	32.56	38.95	24.19	18.36	42.43	43.05	28.18	19.1	8.06	24.6	38.08	26.57	33.54	18.79	1.0	31.89	31.62	25.96	19.42	17.89	36.89	13.04	22.14	36.8	29.0	20.25	8.06	44.94	29.55	17.8	29.15	16.03	22.67	37.11	9.9	0.0	27.29	31.89	36.22	12.81	26.0	25.81	36.35	14.14	16.55	21.1	9.0	9.85	10.05	24.7	29.02	
25.5	23.6	31.06	13.15	31.4	21.54	16.0	22.36	27.07	1.41	19.92	17.89	13.45	26.02	16.16	29.07	4.0	13.89	30.48	25.24	34.83	14.14	7.28	5.83	20.62	27.89	19.03	10.77	26.91	21.1	23.02	15.3	19.21	3.16	11.0	23.85	16.28	21.26	33.6	20.62	22.09	10.0	12.08	15.13	20.59	25.24	17.2	23.19	24.08	20.62	5.39	19.24	23.02	27.17	20.88	14.32	11.18	13.04	27.59	16.49	14.87	26.25	21.0	4.47	25.0	19.24	25.0	16.0	18.87	24.19	11.4	24.19	10.3	22.83	27.29	0.0	17.26	9.0	23.6	6.71	20.81	9.06	26.93	16.28	6.32	18.44	26.42	26.68	22.02	5.39	
16.0	37.64	23.0	30.41	42.19	19.24	3.16	13.34	30.61	16.49	28.02	11.05	13.89	29.21	3.61	37.8	18.38	29.27	20.22	17.46	24.52	14.76	15.52	14.14	20.81	26.0	24.08	24.7	15.3	38.01	26.91	26.91	34.13	18.97	18.79	17.46	6.08	37.12	24.19	3.61	7.07	9.49	14.42	23.43	13.04	11.7	13.04	24.41	13.04	37.64	12.04	36.5	16.49	31.24	4.24	31.58	28.02	12.81	40.31	7.07	24.6	17.0	5.0	21.59	17.12	25.61	41.15	33.14	14.76	9.85	21.54	39.05	16.97	32.76	31.89	17.26	0.0	20.81	34.89	11.0	9.0	20.0	23.09	29.41	19.24	25.81	36.06	25.5	11.0	22.56	
32.76	29.83	38.91	14.76	38.95	30.08	18.36	20.02	36.06	8.06	28.64	16.03	10.0	35.01	21.21	37.34	5.0	20.0	37.74	21.59	42.19	10.05	16.12	14.32	29.43	36.67	28.02	4.12	33.6	23.71	32.02	6.71	13.42	6.08	20.0	31.78	17.09	16.76	41.18	24.41	23.09	17.0	20.62	6.32	18.03	31.14	25.08	32.14	30.81	19.03	12.08	19.92	30.87	36.12	25.0	15.23	15.56	21.19	34.41	16.76	23.54	33.62	22.85	8.06	32.65	28.16	20.88	18.36	26.93	29.7	20.22	29.7	5.0	31.02	36.22	9.0	20.81	0.0	31.3	13.42	27.02	1.0	35.44	23.71	15.13	27.29	34.54	35.51	28.6	8.6	
