95
0.0	29.27	4.0	14.32	24.41	9.0	18.36	24.19	8.94	20.0	30.59	17.2	29.41	19.7	19.72	21.63	37.58	6.71	14.14	20.25	15.23	37.59	18.44	8.06	22.2	8.06	21.93	34.21	13.42	34.71	30.08	39.82	7.62	27.51	19.03	13.6	5.39	15.65	26.87	15.0	11.05	31.3	5.0	25.96	39.96	16.12	18.36	22.14	6.08	26.4	26.02	27.73	12.37	10.05	23.77	16.28	34.23	37.58	35.47	24.19	22.36	36.07	22.02	14.42	36.06	12.04	4.12	21.54	13.0	37.44	31.14	33.94	8.49	21.54	26.68	30.41	18.38	14.87	13.93	25.06	6.4	33.62	19.31	25.3	13.42	27.0	34.13	15.3	16.28	12.08	12.65	31.24	32.14	28.84	12.37	
29.27	0.0	25.32	16.55	28.3	20.4	42.94	44.38	27.73	9.85	2.24	16.16	13.93	30.41	13.42	27.8	13.0	35.69	39.46	42.06	15.13	14.56	11.0	34.79	21.26	36.0	15.81	17.12	38.48	27.17	15.03	29.07	28.23	5.83	33.54	16.0	28.46	15.3	25.08	25.61	33.54	18.03	27.2	36.4	25.5	33.6	28.28	43.83	23.19	21.54	5.83	16.49	41.01	19.65	11.66	32.8	5.0	20.62	9.85	17.89	16.64	29.15	25.81	40.31	9.43	34.0	33.14	9.85	37.58	25.08	28.16	28.44	25.08	40.31	3.61	9.06	38.28	17.49	18.36	17.46	34.21	21.0	11.4	46.4	41.05	4.47	14.0	14.04	28.64	20.12	41.77	29.41	3.16	30.87	32.98	
4.0	25.32	0.0	10.44	22.36	5.0	20.62	26.4	8.0	16.0	26.68	14.14	26.25	18.44	16.4	19.7	34.0	10.44	17.2	22.67	11.66	34.13	14.56	10.63	20.12	11.7	18.36	31.14	15.62	31.83	26.4	36.8	7.07	23.77	19.65	9.85	5.39	12.21	24.21	13.0	12.08	27.78	4.12	25.18	36.62	16.12	16.76	23.71	2.24	23.35	22.02	24.19	16.28	6.08	19.92	16.03	30.27	34.0	31.78	20.81	18.87	33.3	19.72	16.97	32.31	13.0	8.06	17.89	15.0	34.21	28.6	31.24	6.32	23.32	22.8	26.48	20.25	11.18	10.3	21.63	9.43	30.23	15.65	26.83	17.09	23.0	30.81	11.4	16.03	8.6	16.49	28.84	28.16	26.83	13.89	
14.32	16.55	10.44	0.0	17.0	5.83	26.42	35.38	11.18	6.71	18.36	13.0	22.36	16.16	13.34	15.13	27.59	20.0	27.29	32.02	9.0	28.32	8.06	18.44	21.02	22.14	8.49	27.29	21.93	23.32	16.12	27.8	11.7	16.97	26.63	7.07	12.17	10.0	16.76	10.3	17.0	17.8	11.05	23.09	26.91	17.69	13.93	27.66	8.94	14.76	12.17	14.21	26.68	4.47	9.49	17.03	21.19	23.85	24.84	11.4	9.22	25.06	14.0	23.77	25.0	17.49	18.44	12.53	21.02	24.76	21.19	23.26	8.54	31.83	15.0	16.12	29.0	2.0	2.24	12.04	18.11	20.52	10.77	30.41	27.51	13.34	25.81	6.08	21.95	3.61	26.02	21.84	18.97	21.1	22.67	
24.41	28.3	22.36	17.0	0.0	20.62	23.35	48.55	15.62	20.88	30.53	30.0	38.33	6.32	30.15	2.83	41.18	26.25	38.42	44.65	26.0	42.49	24.33	22.2	38.01	31.89	12.53	43.01	21.54	12.37	16.64	17.72	17.03	31.38	41.79	24.02	19.21	27.0	5.1	9.43	17.49	15.23	19.42	8.6	20.02	12.65	6.4	21.02	22.47	8.06	22.47	13.6	34.71	19.42	16.64	11.7	31.24	20.4	38.08	10.63	11.66	13.0	3.0	23.41	37.74	17.0	27.66	28.64	20.62	17.03	7.62	10.77	16.12	45.65	28.64	21.93	42.54	15.0	15.03	11.31	23.43	15.3	27.29	22.36	36.77	23.85	40.85	23.02	37.64	15.3	30.53	7.21	29.21	4.47	36.24	
9.0	20.4	5.0	5.83	20.62	0.0	24.08	29.7	9.43	11.0	21.84	11.18	22.67	18.03	12.81	18.25	29.68	15.3	21.47	26.25	7.81	30.0	9.85	14.76	18.44	16.49	14.21	27.66	19.21	28.6	21.95	33.3	9.22	19.24	21.47	5.66	8.6	8.6	21.47	12.0	14.87	23.6	7.21	25.08	32.65	17.46	16.0	26.4	3.16	20.0	17.03	20.0	21.21	1.41	15.23	17.09	25.32	29.68	27.29	16.97	14.87	30.23	17.72	20.81	27.73	15.62	13.04	13.6	18.44	30.41	25.94	28.3	6.71	26.25	18.03	21.59	23.35	7.07	6.4	17.69	13.93	26.25	11.4	29.41	21.84	18.0	26.91	6.71	17.09	5.39	21.38	26.4	23.19	25.0	16.97	
18.36	42.94	20.62	26.42	23.35	24.08	0.0	37.12	15.26	33.12	44.78	34.71	46.67	17.12	36.77	21.1	53.6	13.34	26.02	33.06	31.83	54.04	33.6	10.3	40.5	20.1	29.83	51.62	5.0	35.69	37.34	41.0	15.0	43.01	35.9	29.73	15.56	32.53	28.16	18.44	9.43	37.05	16.97	18.36	43.29	11.0	18.0	5.39	22.67	30.0	38.08	34.23	19.24	24.21	33.53	12.0	47.42	43.0	51.04	30.27	29.61	36.14	23.02	4.12	51.31	8.94	17.72	37.64	5.66	40.31	30.81	33.96	18.03	36.01	41.34	40.52	33.06	25.5	24.6	31.26	12.08	38.01	35.47	8.06	22.2	39.4	50.99	30.61	34.18	22.83	12.37	30.08	45.19	26.25	28.64	
24.19	44.38	26.4	35.38	48.55	29.7	37.12	0.0	33.12	38.28	44.6	28.23	36.22	43.83	31.02	45.79	46.27	24.74	11.18	4.12	30.02	45.1	34.48	29.12	25.18	17.72	43.86	39.0	33.54	58.14	51.22	62.97	31.76	39.85	11.18	30.23	29.53	29.53	50.61	39.12	33.84	53.15	29.15	49.77	62.29	39.56	42.54	42.3	26.91	49.58	43.91	49.58	18.0	31.11	44.2	39.92	49.04	59.03	45.71	46.67	44.55	59.67	46.04	33.24	46.87	34.79	21.54	34.54	33.73	60.11	55.0	57.63	32.45	4.12	40.85	49.4	6.4	36.77	36.07	47.38	27.2	55.9	33.11	45.18	15.0	44.29	41.11	32.45	15.81	34.71	25.0	55.22	47.54	53.0	12.73	
8.94	27.73	8.0	11.18	15.62	9.43	15.26	33.12	0.0	17.89	29.53	20.59	32.02	10.77	22.2	12.81	38.42	11.18	22.8	29.15	17.2	38.95	18.44	8.06	27.51	16.28	16.03	37.01	10.77	26.63	24.19	31.91	1.41	27.8	27.46	15.0	3.61	18.03	18.6	6.4	5.83	24.74	4.12	17.26	32.7	8.25	9.43	17.03	9.22	18.79	23.09	21.38	19.42	9.22	19.1	8.06	32.31	31.05	35.81	17.46	16.12	27.8	13.45	12.65	36.06	6.4	12.04	22.63	9.85	29.97	22.67	25.61	2.83	30.46	26.08	26.17	27.31	10.44	9.49	18.44	8.54	26.57	20.52	20.0	21.26	24.35	36.07	15.56	24.02	7.62	16.49	22.63	30.08	20.0	21.19	
20.0	9.85	16.0	6.71	20.88	11.0	33.12	38.28	17.89	0.0	11.66	11.66	17.46	21.63	10.44	19.7	21.26	26.17	31.62	35.36	8.49	22.2	4.47	25.0	19.31	27.29	9.0	22.14	28.64	23.77	13.6	27.31	18.38	10.82	28.32	8.06	18.68	9.22	19.03	16.28	23.71	16.12	17.46	28.18	25.24	24.08	19.42	34.21	14.04	16.03	6.08	13.0	32.14	10.05	6.71	23.35	14.56	21.26	18.38	12.04	10.0	25.71	18.03	30.46	18.44	24.19	24.02	8.0	27.73	23.71	23.02	24.33	15.23	34.41	8.49	11.18	31.91	7.81	8.6	12.17	24.52	19.24	7.28	36.88	32.56	7.0	20.12	5.83	23.35	10.3	32.25	24.0	12.37	24.33	25.94	
30.59	2.24	26.68	18.36	30.53	21.84	44.78	44.6	29.53	11.66	0.0	16.49	12.53	32.56	13.6	30.0	10.77	37.11	40.2	42.45	16.0	12.37	12.17	36.4	20.81	37.05	18.03	15.3	40.25	29.27	17.12	31.02	29.97	5.0	33.62	17.12	30.08	16.03	27.31	27.66	35.36	20.1	28.79	38.6	27.29	35.61	30.41	45.8	24.52	23.77	8.06	18.68	42.11	21.19	13.89	34.83	4.47	22.36	7.62	20.12	18.87	31.26	28.02	42.05	7.21	35.85	34.37	10.2	39.36	27.02	30.36	30.59	26.83	40.5	4.0	11.0	38.6	19.42	20.25	19.7	35.74	23.02	12.04	48.41	42.0	6.71	12.04	15.3	28.79	21.95	43.17	31.62	3.61	33.11	33.54	
17.2	16.16	14.14	13.0	30.0	11.18	34.71	28.23	20.59	11.66	16.49	0.0	12.21	28.64	3.0	28.07	20.88	23.85	24.0	25.96	4.0	20.62	7.21	24.76	8.06	21.84	19.92	17.03	29.73	35.11	25.24	38.91	20.25	12.04	17.49	6.08	19.21	3.0	29.43	22.56	25.81	27.78	17.8	35.69	36.89	28.64	26.48	37.44	12.04	26.93	16.28	24.6	26.93	11.7	18.36	28.23	20.88	32.8	19.24	23.09	20.88	37.0	27.0	31.11	20.1	26.63	20.12	6.32	29.07	35.36	33.73	35.44	17.89	24.17	12.65	21.93	22.14	15.0	15.03	23.41	23.43	30.89	5.0	40.5	26.31	16.4	17.0	7.07	12.53	15.3	29.53	34.53	19.31	34.06	17.12	
29.41	13.93	26.25	22.36	38.33	22.67	46.67	36.22	32.02	17.46	12.53	12.21	0.0	38.48	9.9	37.0	10.05	36.06	34.71	35.0	14.87	9.06	14.32	36.88	11.05	33.62	26.31	5.0	41.73	40.05	28.28	42.58	31.89	8.25	25.08	17.03	31.11	14.14	36.35	32.65	37.54	31.26	29.7	45.31	39.29	39.66	36.25	49.04	24.08	33.14	18.11	29.02	38.63	22.8	23.02	39.12	16.4	34.48	9.85	29.15	27.29	42.05	35.44	43.19	11.18	38.29	32.25	9.85	41.01	38.64	40.11	41.0	29.21	32.14	11.18	22.8	31.0	24.17	24.6	29.07	35.61	34.37	11.66	52.01	37.64	17.26	5.1	16.64	21.02	25.55	41.68	41.19	16.12	41.77	27.46	
19.7	30.41	18.44	16.16	6.32	18.03	17.12	43.83	10.77	21.63	32.56	28.64	38.48	0.0	29.41	4.0	42.8	20.52	33.29	39.82	24.74	43.83	24.17	16.28	36.35	26.63	15.0	43.38	15.23	18.68	21.19	24.04	12.08	32.45	38.08	22.56	14.32	25.71	11.05	6.08	11.4	20.4	14.87	7.07	26.17	6.32	2.24	15.3	19.1	13.15	24.76	18.03	29.0	17.12	19.21	5.39	34.06	26.08	39.82	14.32	14.42	19.31	6.08	17.09	39.7	10.82	22.47	28.64	14.32	23.19	13.93	17.09	12.17	41.23	30.0	25.55	38.08	14.32	13.93	15.23	17.69	21.02	26.93	17.09	31.24	26.17	41.68	22.14	34.37	13.34	24.41	13.42	31.89	10.0	31.95	
19.72	13.42	16.4	13.34	30.15	12.81	36.77	31.02	22.2	10.44	13.6	3.0	9.9	29.41	0.0	28.44	18.03	26.42	27.0	28.86	5.0	17.89	6.08	27.02	8.94	24.74	19.24	14.87	31.83	34.21	23.71	37.7	22.02	9.06	20.12	7.21	21.21	4.24	29.07	23.41	27.66	26.4	19.8	36.4	35.36	30.02	27.2	39.2	14.21	26.31	14.21	23.41	29.83	13.04	17.09	29.53	18.03	31.06	16.28	22.36	20.22	36.14	27.17	33.3	17.12	28.43	22.85	3.61	31.11	34.01	33.24	34.71	19.42	26.93	9.85	19.85	25.0	15.3	15.52	22.56	25.81	29.55	3.16	42.2	29.27	14.14	14.42	7.28	15.23	16.16	32.2	34.13	16.55	34.01	20.1	
21.63	27.8	19.7	15.13	2.83	18.25	21.1	45.79	12.81	19.7	30.0	28.07	37.0	4.0	28.44	0.0	40.5	23.43	35.61	41.88	24.08	41.68	22.8	19.42	36.01	29.07	12.04	41.79	18.97	14.87	17.46	20.25	14.21	30.41	39.22	22.02	16.4	25.08	7.07	6.71	14.76	16.49	16.64	8.6	22.2	10.2	3.61	19.24	19.92	9.22	22.02	14.32	31.89	17.12	16.28	9.22	31.11	22.09	37.44	10.82	11.31	15.65	2.24	20.88	37.2	14.32	24.84	27.2	18.03	19.24	10.3	13.42	13.42	42.94	27.78	22.2	39.82	13.15	13.04	11.66	20.62	17.03	25.71	20.88	33.94	23.43	39.81	21.21	35.17	13.04	27.78	10.0	29.0	7.21	33.54	
37.58	13.0	34.0	27.59	41.18	29.68	53.6	46.27	38.42	21.26	10.77	20.88	10.05	42.8	18.03	40.5	0.0	44.28	44.41	45.01	22.36	2.24	20.0	44.42	21.1	42.72	28.65	8.6	48.83	39.81	27.66	41.11	38.6	10.63	35.13	24.19	38.28	21.93	38.08	37.54	44.2	30.59	36.89	49.09	37.0	45.25	40.61	55.23	31.76	34.54	18.79	29.41	47.8	29.41	24.6	44.55	12.0	32.0	3.16	30.87	29.53	41.77	38.59	50.48	4.0	44.82	40.85	16.12	48.01	37.12	41.11	41.23	35.61	42.19	12.81	21.38	41.01	29.0	29.7	30.46	43.42	33.38	18.36	58.0	47.07	17.46	5.39	23.02	31.0	31.14	50.16	42.38	13.15	43.86	37.22	
6.71	35.69	10.44	20.0	26.25	15.3	13.34	24.74	11.18	26.17	37.11	23.85	36.06	20.52	26.42	23.43	44.28	0.0	13.6	20.62	21.93	44.29	25.0	4.47	28.32	7.07	26.68	40.8	9.0	37.74	34.93	43.05	9.85	34.18	22.56	20.25	8.25	22.36	29.68	17.49	9.43	35.74	9.06	25.55	43.86	15.26	19.85	18.03	12.65	29.97	32.06	32.28	8.49	16.12	29.15	15.81	40.61	42.06	42.15	28.46	26.93	38.83	24.41	9.22	42.72	10.3	4.47	28.23	9.06	41.15	33.6	36.62	12.37	23.09	33.24	36.06	20.02	20.1	19.1	29.41	2.83	37.7	26.0	21.1	10.82	33.14	40.82	21.84	21.02	17.12	6.08	33.42	38.47	30.41	15.3	
14.14	39.46	17.2	27.29	38.42	21.47	26.02	11.18	22.8	31.62	40.2	24.0	34.71	33.29	27.0	35.61	44.41	13.6	0.0	7.07	24.33	43.74	28.64	18.03	24.35	6.71	35.51	38.6	22.36	48.84	43.42	53.91	21.4	36.01	12.73	23.77	19.21	24.19	41.01	29.07	22.85	44.94	19.1	38.91	53.82	28.64	32.2	31.14	18.36	40.46	37.64	41.34	7.28	22.83	36.67	29.07	44.41	51.11	43.1	38.01	36.06	50.21	36.12	22.09	44.05	23.77	10.82	30.07	22.56	51.4	45.28	48.08	22.63	10.2	36.22	42.72	7.62	28.3	27.46	38.83	16.16	47.43	28.16	34.06	4.47	38.33	39.81	25.96	14.32	25.81	14.14	45.34	42.58	42.8	7.28	
20.25	42.06	22.67	32.02	44.65	26.25	33.06	4.12	29.15	35.36	42.45	25.96	35.0	39.82	28.86	41.88	45.01	20.62	7.07	0.0	27.31	44.01	31.78	25.0	24.02	13.6	40.46	38.21	29.43	54.49	48.01	59.4	27.78	37.85	10.2	27.29	25.55	26.93	46.86	35.23	29.73	49.82	25.24	45.69	58.9	35.47	38.59	38.21	23.35	45.97	41.15	46.23	14.04	27.66	41.05	35.85	46.84	55.8	44.18	43.19	41.11	55.97	42.2	29.15	45.28	30.68	17.46	32.28	29.61	56.64	51.22	53.91	28.6	4.24	38.6	46.53	4.0	33.3	32.56	43.93	23.09	52.5	30.68	41.11	11.05	41.63	40.01	29.53	14.04	31.11	21.02	51.4	45.22	49.09	9.43	
15.23	15.13	11.66	9.0	26.0	7.81	31.83	30.02	17.2	8.49	16.0	4.0	14.87	24.74	5.0	24.08	22.36	21.93	24.33	27.31	0.0	22.47	4.47	22.2	12.04	21.1	16.16	19.85	26.91	31.38	22.02	35.36	17.03	12.37	19.85	2.24	16.28	1.0	25.5	18.68	22.67	24.41	14.87	31.78	33.6	25.06	22.56	34.21	9.43	23.09	13.89	21.1	26.17	8.06	15.0	24.6	20.1	29.73	20.25	19.31	17.09	33.24	23.0	28.43	20.88	23.43	18.68	6.32	26.17	31.91	29.83	31.62	14.42	26.08	12.0	19.42	23.71	11.0	11.05	19.7	21.1	27.46	4.12	37.2	26.0	14.32	19.21	3.16	14.87	11.4	27.86	30.59	18.25	30.07	18.03	
37.59	14.56	34.13	28.32	42.49	30.0	54.04	45.1	38.95	22.2	12.37	20.62	9.06	43.83	17.89	41.68	2.24	44.29	43.74	44.01	22.47	0.0	20.52	44.65	20.0	42.38	29.97	6.71	49.2	41.59	29.43	43.05	39.05	11.4	34.01	24.41	38.6	21.95	39.56	38.42	44.69	32.39	37.2	50.25	39.01	46.01	41.62	55.87	31.91	36.06	20.25	31.05	47.43	29.83	26.0	45.34	14.04	34.01	5.0	32.31	30.87	43.57	39.82	50.8	6.08	45.34	40.72	16.4	48.41	39.05	42.72	42.95	36.12	41.05	13.89	23.19	40.01	29.83	30.48	31.95	43.57	35.23	18.6	58.69	46.57	18.97	4.0	23.43	30.07	31.83	50.09	43.97	15.03	45.31	36.5	
18.44	11.0	14.56	8.06	24.33	9.85	33.6	34.48	18.44	4.47	12.17	7.21	14.32	24.17	6.08	22.8	20.0	25.0	28.64	31.78	4.47	20.52	0.0	24.6	14.87	25.0	13.15	19.24	28.84	28.16	18.03	31.78	18.6	9.43	24.21	5.0	18.36	5.0	23.02	18.36	24.21	20.59	17.0	31.02	29.68	25.61	21.93	35.36	12.37	20.22	9.43	17.46	30.02	9.43	11.18	25.0	16.0	25.61	17.49	16.28	14.14	30.08	21.38	30.53	17.89	24.84	22.2	4.47	28.02	28.18	27.17	28.64	15.62	30.53	8.25	15.0	28.18	9.85	10.3	16.49	23.77	23.71	3.0	38.21	30.07	9.85	17.8	3.16	19.21	11.4	31.05	28.07	14.04	28.07	22.47	
8.06	34.79	10.63	18.44	22.2	14.76	10.3	29.12	8.06	25.0	36.4	24.76	36.88	16.28	27.02	19.42	44.42	4.47	18.03	25.0	22.2	44.65	24.6	0.0	30.23	11.4	24.08	41.77	5.39	34.0	32.25	39.36	7.0	34.0	26.17	20.25	6.32	22.8	25.94	13.93	5.0	32.76	7.62	21.1	40.5	10.82	15.81	14.32	12.81	26.57	30.59	29.43	12.81	15.23	27.02	11.4	39.56	39.05	42.06	25.5	24.19	34.99	20.59	6.4	42.49	5.83	8.0	28.3	5.1	37.7	29.68	32.76	10.05	27.29	32.7	34.06	24.19	18.11	17.12	26.48	2.0	34.48	26.08	17.46	15.26	31.78	41.4	21.47	24.04	15.13	8.54	29.41	37.36	26.25	19.03	
22.2	21.26	20.12	21.02	38.01	18.44	40.5	25.18	27.51	19.31	20.81	8.06	11.05	36.35	8.94	36.01	21.1	28.32	24.35	24.02	12.04	20.0	14.87	30.23	0.0	24.41	27.89	14.32	35.51	43.01	32.65	46.62	26.93	15.81	14.04	14.0	25.5	11.05	37.48	30.27	32.2	35.34	24.17	43.42	44.29	35.74	34.23	43.83	18.38	34.93	23.02	32.31	29.15	19.24	26.0	35.44	25.24	39.96	20.62	31.05	28.86	44.92	35.01	36.62	21.84	33.11	24.04	12.21	34.99	42.95	41.77	43.42	25.0	21.1	17.69	28.6	20.02	23.02	23.0	31.32	28.6	38.48	12.08	46.96	27.73	22.8	16.0	15.13	10.2	23.09	33.3	42.58	24.21	42.11	17.09	
8.06	36.0	11.7	22.14	31.89	16.49	20.1	17.72	16.28	27.29	37.05	21.84	33.62	26.63	24.74	29.07	42.72	7.07	6.71	13.6	21.1	42.38	25.0	11.4	24.41	0.0	29.97	38.01	16.03	42.64	38.08	47.8	14.87	33.38	16.16	20.0	12.73	21.21	34.71	22.63	16.16	39.36	12.81	32.2	48.02	21.93	25.61	25.0	13.34	34.41	33.38	35.78	5.1	17.72	31.62	22.36	41.0	45.62	41.0	32.25	30.41	43.93	29.7	16.03	41.77	17.09	4.24	27.29	16.12	45.49	38.9	41.77	16.4	16.03	33.06	38.08	13.0	22.85	21.93	33.12	9.49	41.68	25.18	28.02	5.39	34.23	38.63	22.02	15.62	20.12	9.43	38.9	39.01	36.24	8.94	
21.93	15.81	18.36	8.49	12.53	14.21	29.83	43.86	16.03	9.0	18.03	19.92	26.31	15.0	19.24	12.04	28.65	26.68	35.51	40.46	16.16	29.97	13.15	24.08	27.89	29.97	0.0	30.81	26.17	15.23	8.25	19.42	17.12	18.97	35.0	14.76	18.44	17.09	10.05	11.4	21.1	9.43	17.72	20.62	18.44	19.31	13.04	29.55	17.2	7.07	10.0	5.83	34.18	12.81	4.24	18.38	19.1	15.65	25.55	3.16	1.0	17.09	10.0	28.16	25.24	21.21	26.0	17.0	25.18	16.28	14.04	15.52	14.32	40.31	16.16	10.77	37.48	7.21	8.06	3.61	24.33	12.04	16.12	31.76	35.34	11.4	28.46	13.0	30.23	9.85	32.39	15.0	16.97	15.52	31.14	
34.21	17.12	31.14	27.29	43.01	27.66	51.62	39.0	37.01	22.14	15.3	17.03	5.0	43.38	14.87	41.79	8.6	40.8	38.6	38.21	19.85	6.71	19.24	41.77	14.32	38.01	30.81	0.0	46.67	44.01	32.02	46.17	36.88	12.04	28.07	22.02	36.07	19.1	40.79	37.59	42.52	35.01	34.66	50.16	42.58	44.65	41.15	54.04	29.0	37.48	22.02	33.06	42.95	27.8	27.29	44.1	18.38	37.66	10.0	33.54	31.78	46.01	40.16	48.1	11.4	43.28	36.89	14.76	45.97	42.19	44.41	45.1	34.21	35.01	15.03	26.17	34.23	29.07	29.53	33.38	40.46	38.05	16.64	57.01	41.79	21.0	3.61	21.63	24.52	30.53	46.32	45.54	18.68	46.32	31.32	
13.42	38.48	15.62	21.93	21.54	19.21	5.0	33.54	10.77	28.64	40.25	29.73	41.73	15.23	31.83	18.97	48.83	9.0	22.36	29.43	26.91	49.2	28.84	5.39	35.51	16.03	26.17	46.67	0.0	33.84	34.01	39.22	10.3	38.28	31.4	24.84	10.63	27.59	25.96	15.0	5.1	34.06	12.04	18.38	41.0	8.94	15.52	9.06	17.69	27.29	33.84	31.0	16.16	19.42	29.61	9.85	43.08	40.2	46.32	27.0	26.08	34.54	20.62	2.0	46.65	5.0	13.15	32.8	1.0	38.08	29.15	32.31	13.42	32.06	36.72	36.67	29.02	21.19	20.25	28.0	7.28	35.36	30.61	12.17	18.97	35.11	46.1	25.81	29.41	18.38	10.0	28.64	40.85	25.06	24.19	
34.71	27.17	31.83	23.32	12.37	28.6	35.69	58.14	26.63	23.77	29.27	35.11	40.05	18.68	34.21	14.87	39.81	37.74	48.84	54.49	31.38	41.59	28.16	34.0	43.01	42.64	15.23	44.01	33.84	0.0	12.17	5.39	28.02	32.0	49.93	29.97	30.0	32.31	8.06	20.25	29.55	9.22	29.83	19.1	8.25	25.0	18.38	33.06	31.24	8.6	22.0	11.05	46.04	27.2	17.26	24.04	28.16	10.63	36.67	12.08	14.32	2.0	13.42	35.74	35.9	29.15	38.42	31.58	32.89	5.39	5.0	2.24	26.25	54.82	29.0	18.44	51.86	21.63	22.2	11.7	34.99	6.71	31.05	34.01	47.8	23.02	41.11	28.23	45.28	23.43	42.49	6.08	26.68	10.05	45.45	
30.08	15.03	26.4	16.12	16.64	21.95	37.34	51.22	24.19	13.6	17.12	25.24	28.28	21.19	23.71	17.46	27.66	34.93	43.42	48.01	22.02	29.43	18.03	32.25	32.65	38.08	8.25	32.02	34.01	12.17	0.0	14.32	25.32	20.1	41.73	21.21	26.68	22.8	12.04	19.03	29.0	3.0	25.96	25.24	11.66	26.48	19.65	36.4	25.06	8.6	10.2	3.16	42.38	20.59	7.07	25.5	16.16	7.81	24.52	7.07	8.06	14.14	15.23	36.01	23.77	29.02	34.18	20.62	33.02	10.44	13.89	13.6	22.56	47.51	17.12	6.32	44.82	15.23	16.16	6.08	32.56	6.08	20.59	38.28	43.46	11.05	29.02	19.1	36.8	18.03	40.61	15.26	14.56	17.69	38.6	
39.82	29.07	36.8	27.8	17.72	33.3	41.0	62.97	31.91	27.31	31.02	38.91	42.58	24.04	37.7	20.25	41.11	43.05	53.91	59.4	35.36	43.05	31.78	39.36	46.62	47.8	19.42	46.17	39.22	5.39	14.32	0.0	33.29	34.37	54.41	34.13	35.23	36.24	13.42	25.55	34.93	11.4	35.0	24.0	5.0	30.36	23.77	38.21	36.07	13.45	24.52	14.32	51.31	31.89	20.62	29.41	29.15	9.49	38.05	16.4	18.6	5.0	18.79	41.11	37.12	34.54	43.6	34.79	38.28	4.0	10.2	7.07	31.4	59.55	31.4	20.02	56.64	26.25	26.91	15.81	40.31	8.25	34.54	39.01	53.01	25.32	43.05	32.25	49.65	28.28	47.85	11.05	28.02	15.03	50.25	
7.62	28.23	7.07	11.7	17.03	9.22	15.0	31.76	1.41	18.38	29.97	20.25	31.89	12.08	22.02	14.21	38.6	9.85	21.4	27.78	17.03	39.05	18.6	7.0	26.93	14.87	17.12	36.88	10.3	28.02	25.32	33.29	0.0	28.02	26.31	14.87	2.24	17.8	20.0	7.81	5.66	25.96	3.0	18.44	34.01	9.06	10.82	17.2	8.54	20.12	23.77	22.56	18.03	9.22	20.02	9.0	32.89	32.28	36.06	18.68	17.26	29.21	14.87	12.08	36.36	6.4	10.63	22.67	9.43	31.3	24.08	27.02	3.16	29.15	26.42	27.07	26.0	11.18	10.2	19.65	7.28	27.86	20.52	20.25	19.85	25.0	36.07	15.62	23.0	8.25	15.3	24.04	30.68	21.4	19.92	
27.51	5.83	23.77	16.97	31.38	19.24	43.01	39.85	27.8	10.82	5.0	12.04	8.25	32.45	9.06	30.41	10.63	34.18	36.01	37.85	12.37	11.4	9.43	34.0	15.81	33.38	18.97	12.04	38.28	32.0	20.1	34.37	28.02	0.0	28.79	13.93	27.78	12.17	28.86	27.02	33.6	23.09	26.42	38.95	31.05	34.66	30.23	44.6	21.54	25.5	10.0	21.02	38.47	18.87	15.3	33.97	9.43	26.25	8.06	21.59	19.92	34.0	28.64	39.96	8.54	34.21	31.05	6.08	37.44	30.41	32.39	33.06	25.0	35.74	3.0	14.56	33.96	18.44	19.1	21.38	33.11	26.17	8.25	47.38	38.12	9.06	9.49	12.53	24.04	20.52	40.16	33.54	8.49	34.48	29.15	
19.03	33.54	19.65	26.63	41.79	21.47	35.9	11.18	27.46	28.32	33.62	17.49	25.08	38.08	20.12	39.22	35.13	22.56	12.73	10.2	19.85	34.01	24.21	26.17	14.04	16.16	35.0	28.07	31.4	49.93	41.73	54.41	26.31	28.79	0.0	20.52	24.19	19.21	42.94	32.57	30.0	43.93	23.35	44.72	53.15	35.13	36.4	40.45	19.31	41.34	33.6	40.46	19.42	22.83	34.66	35.23	38.08	49.5	34.53	38.01	35.81	51.62	39.0	31.78	35.69	31.0	18.25	23.71	31.26	51.22	47.41	49.74	25.96	7.07	29.97	39.2	6.32	28.3	27.78	38.6	24.19	46.86	22.47	43.57	17.03	33.84	30.02	22.63	5.0	26.83	25.5	47.85	36.67	46.24	7.28	
13.6	16.0	9.85	7.07	24.02	5.66	29.73	30.23	15.0	8.06	17.12	6.08	17.03	22.56	7.21	22.02	24.19	20.25	23.77	27.29	2.24	24.41	5.0	20.25	14.0	20.0	14.76	22.02	24.84	29.97	21.21	34.13	14.87	13.93	20.52	0.0	14.21	3.16	23.77	16.49	20.52	23.43	12.81	29.61	32.65	22.83	20.4	32.02	7.62	21.54	13.93	20.0	25.02	5.83	14.14	22.36	21.0	29.0	21.93	17.89	15.65	31.78	21.02	26.4	22.47	21.26	17.26	8.06	24.08	30.81	28.16	30.08	12.21	26.4	13.15	19.24	23.85	9.06	9.0	18.36	19.24	26.4	5.83	35.0	25.08	14.56	21.26	2.24	15.62	9.22	26.25	28.86	19.03	28.16	17.89	
5.39	28.46	5.39	12.17	19.21	8.6	15.56	29.53	3.61	18.68	30.08	19.21	31.11	14.32	21.21	16.4	38.28	8.25	19.21	25.55	16.28	38.6	18.36	6.32	25.5	12.73	18.44	36.07	10.63	30.0	26.68	35.23	2.24	27.78	24.19	14.21	0.0	16.97	22.02	9.9	6.71	27.51	1.41	20.62	35.78	11.0	13.04	18.36	7.21	21.95	24.33	24.04	16.12	8.94	21.02	11.05	33.24	33.84	35.85	20.25	18.68	31.24	16.97	12.21	36.24	7.62	8.49	22.2	9.9	33.12	26.17	29.07	4.12	26.93	26.4	28.0	23.77	12.0	11.0	21.19	6.0	29.55	20.0	21.47	17.8	25.5	35.47	15.26	21.02	9.0	14.04	26.17	31.05	23.6	17.72	
15.65	15.3	12.21	10.0	27.0	8.6	32.53	29.53	18.03	9.22	16.03	3.0	14.14	25.71	4.24	25.08	21.93	22.36	24.19	26.93	1.0	21.95	5.0	22.8	11.05	21.21	17.09	19.1	27.59	32.31	22.8	36.24	17.8	12.17	19.21	3.16	16.97	0.0	26.48	19.65	23.43	25.24	15.56	32.76	34.41	25.94	23.54	35.0	10.0	24.04	14.42	21.95	26.31	8.94	15.81	25.5	20.22	30.48	19.92	20.25	18.03	34.18	24.0	29.07	20.62	24.21	18.97	6.08	26.87	32.76	30.81	32.57	15.26	25.55	12.04	20.0	23.26	12.0	12.04	20.62	21.63	28.3	4.0	38.01	26.02	14.76	18.6	4.12	14.21	12.37	28.23	31.58	18.44	31.06	17.72	
26.87	25.08	24.21	16.76	5.1	21.47	28.16	50.61	18.6	19.03	27.31	29.43	36.35	11.05	29.07	7.07	38.08	29.68	41.01	46.86	25.5	39.56	23.02	25.94	37.48	34.71	10.05	40.79	25.96	8.06	12.04	13.42	20.0	28.86	42.94	23.77	22.02	26.48	0.0	12.21	21.54	10.3	21.93	13.42	15.13	17.26	10.44	26.08	23.85	3.61	19.31	9.22	38.01	20.12	13.6	16.28	27.46	15.3	34.93	7.28	9.06	9.22	5.39	27.89	34.44	21.19	30.48	27.02	25.0	12.17	4.47	7.07	18.38	47.43	25.96	17.8	44.41	14.87	15.23	7.62	26.93	10.2	26.02	27.46	39.82	20.62	38.33	22.36	38.48	16.12	34.44	5.1	25.55	5.83	38.01	
15.0	25.61	13.0	10.3	9.43	12.0	18.44	39.12	6.4	16.28	27.66	22.56	32.65	6.08	23.41	6.71	37.54	17.49	29.07	35.23	18.68	38.42	18.36	13.93	30.27	22.63	11.4	37.59	15.0	20.25	19.03	25.55	7.81	27.02	32.57	16.49	9.9	19.65	12.21	0.0	10.05	19.1	10.0	13.15	26.57	8.06	4.0	18.36	13.34	12.65	20.25	16.0	25.81	11.05	15.23	7.21	29.68	25.32	34.66	12.0	11.18	21.4	7.07	17.0	34.66	10.0	18.38	22.83	14.0	23.77	16.28	19.21	6.71	36.24	24.76	22.14	33.12	8.6	8.06	13.0	14.76	20.62	21.02	20.81	27.66	21.63	36.06	16.16	28.64	7.28	22.47	16.28	27.46	13.89	26.83	
11.05	33.54	12.08	17.0	17.49	14.87	9.43	33.84	5.83	23.71	35.36	25.81	37.54	11.4	27.66	14.76	44.2	9.43	22.85	29.73	22.67	44.69	24.21	5.0	32.2	16.16	21.1	42.52	5.1	29.55	29.0	34.93	5.66	33.6	30.0	20.52	6.71	23.43	21.54	10.05	0.0	29.15	8.06	16.12	36.4	5.83	11.18	11.66	13.89	22.56	28.79	26.02	17.8	14.87	24.52	6.4	38.08	35.36	41.62	22.02	21.02	30.41	16.16	7.07	41.88	1.0	12.37	28.32	4.12	33.53	25.06	28.18	8.6	31.78	31.91	31.58	28.64	16.16	15.23	23.02	6.71	30.59	26.17	14.76	20.25	30.08	41.73	21.26	27.29	13.42	13.04	24.7	35.85	21.4	23.09	
31.3	18.03	27.78	17.8	15.23	23.6	37.05	53.15	24.74	16.12	20.1	27.78	31.26	20.4	26.4	16.49	30.59	35.74	44.94	49.82	24.41	32.39	20.59	32.76	35.34	39.36	9.43	35.01	34.06	9.22	3.0	11.4	25.96	23.09	43.93	23.43	27.51	25.24	10.3	19.1	29.15	0.0	26.93	23.71	9.22	26.08	19.1	35.69	26.63	7.28	13.15	3.61	43.46	22.2	9.43	25.08	18.97	6.32	27.46	7.28	8.94	11.18	14.32	36.06	26.68	29.07	35.34	23.41	33.06	7.62	11.4	10.77	23.41	49.52	20.1	9.22	46.75	16.64	17.49	6.32	33.24	3.16	23.26	37.36	44.72	14.04	32.02	21.4	39.05	19.24	41.23	12.81	17.46	15.62	40.46	
5.0	27.2	4.12	11.05	19.42	7.21	16.97	29.15	4.12	17.46	28.79	17.8	29.7	14.87	19.8	16.64	36.89	9.06	19.1	25.24	14.87	37.2	17.0	7.62	24.17	12.81	17.72	34.66	12.04	29.83	25.96	35.0	3.0	26.42	23.35	12.81	1.41	15.56	21.93	10.0	8.06	26.93	0.0	21.38	35.36	12.04	13.42	19.72	5.83	21.63	23.19	23.41	16.55	7.62	20.1	12.0	32.02	33.24	34.48	19.7	18.03	31.14	17.03	13.6	34.89	8.94	8.6	20.81	11.31	32.76	26.17	29.0	3.61	26.4	25.08	27.02	23.26	11.05	10.05	20.62	7.07	29.07	18.6	22.83	18.03	24.33	34.06	13.89	20.0	8.06	15.0	26.25	29.83	23.85	17.09	
25.96	36.4	25.18	23.09	8.6	25.08	18.36	49.77	17.26	28.18	38.6	35.69	45.31	7.07	36.4	8.6	49.09	25.55	38.91	45.69	31.78	50.25	31.02	21.1	43.42	32.2	20.62	50.16	18.38	19.1	25.24	24.0	18.44	38.95	44.72	29.61	20.62	32.76	13.42	13.15	16.12	23.71	21.38	0.0	27.29	10.3	9.22	14.56	26.02	16.64	30.61	22.2	33.84	24.19	24.84	9.85	39.62	28.46	46.04	19.1	19.85	19.0	10.63	19.85	45.8	15.26	28.23	35.47	17.69	24.33	14.14	17.03	19.03	47.43	36.36	30.48	44.27	21.19	20.88	19.85	22.83	23.41	33.84	15.03	36.36	32.02	48.3	29.12	41.19	20.4	28.32	13.04	37.54	9.06	38.33	
39.96	25.5	36.62	26.91	20.02	32.65	43.29	62.29	32.7	25.24	27.29	36.89	39.29	26.17	35.36	22.2	37.0	43.86	53.82	58.9	33.6	39.01	29.68	40.5	44.29	48.02	18.44	42.58	41.0	8.25	11.66	5.0	34.01	31.05	53.15	32.65	35.78	34.41	15.13	26.57	36.4	9.22	35.36	27.29	0.0	32.39	25.5	41.0	35.61	13.93	21.54	12.73	51.88	31.24	18.6	31.4	25.0	5.0	34.01	15.81	17.8	8.94	20.4	42.95	33.0	36.14	43.91	32.2	40.02	3.0	13.15	10.44	31.76	58.69	28.16	16.49	55.9	25.61	26.4	15.0	41.23	6.4	32.25	42.11	53.34	22.14	39.32	30.61	48.27	28.02	49.04	14.32	24.08	18.25	49.58	
16.12	33.6	16.12	17.69	12.65	17.46	11.0	39.56	8.25	24.08	35.61	28.64	39.66	6.32	30.02	10.2	45.25	15.26	28.64	35.47	25.06	46.01	25.61	10.82	35.74	21.93	19.31	44.65	8.94	25.0	26.48	30.36	9.06	34.66	35.13	22.83	11.0	25.94	17.26	8.06	5.83	26.08	12.04	10.3	32.39	0.0	7.0	10.3	17.46	19.0	28.3	23.35	23.6	17.0	23.26	1.0	37.74	32.0	42.45	19.42	18.97	25.63	12.04	10.77	42.52	5.0	18.03	30.0	8.06	29.43	20.25	23.41	10.77	37.36	32.56	30.08	34.21	16.28	15.56	20.4	12.53	27.02	28.02	12.81	26.08	29.68	43.42	23.02	32.02	14.21	18.44	19.7	35.51	16.12	28.44	
18.36	28.28	16.76	13.93	6.4	16.0	18.0	42.54	9.43	19.42	30.41	26.48	36.25	2.24	27.2	3.61	40.61	19.85	32.2	38.59	22.56	41.62	21.93	15.81	34.23	25.61	13.04	41.15	15.52	18.38	19.65	23.77	10.82	30.23	36.4	20.4	13.04	23.54	10.44	4.0	11.18	19.1	13.42	9.22	25.5	7.0	0.0	16.76	17.26	12.0	22.67	16.49	28.32	15.03	17.2	6.0	32.02	25.0	37.64	12.65	12.53	19.24	5.1	17.46	37.54	10.77	21.4	26.4	14.56	22.56	13.89	17.0	10.44	39.81	27.8	23.71	36.67	12.08	11.7	13.6	17.03	20.02	24.7	18.79	30.41	24.08	39.45	19.92	32.56	11.18	24.19	13.6	29.83	10.63	30.46	
22.14	43.83	23.71	27.66	21.02	26.4	5.39	42.3	17.03	34.21	45.8	37.44	49.04	15.3	39.2	19.24	55.23	18.03	31.14	38.21	34.21	55.87	35.36	14.32	43.83	25.0	29.55	54.04	9.06	33.06	36.4	38.21	17.2	44.6	40.45	32.02	18.36	35.0	26.08	18.36	11.66	35.69	19.72	14.56	41.0	10.3	16.76	0.0	25.55	28.44	38.59	33.24	24.52	26.25	33.54	11.18	48.02	41.3	52.5	29.41	29.15	33.24	21.38	9.06	52.63	10.82	22.2	39.62	9.22	38.0	28.07	31.14	19.85	41.01	42.64	40.31	38.0	26.4	25.61	30.36	16.28	36.22	37.54	3.16	27.46	39.96	53.08	32.56	38.33	24.08	17.72	27.17	45.79	23.19	33.24	
6.08	23.19	2.24	8.94	22.47	3.16	22.67	26.91	9.22	14.04	24.52	12.04	24.08	19.1	14.21	19.92	31.76	12.65	18.36	23.35	9.43	31.91	12.37	12.81	18.38	13.34	17.2	29.0	17.69	31.24	25.06	36.07	8.54	21.54	19.31	7.62	7.21	10.0	23.85	13.34	13.89	26.63	5.83	26.02	35.61	17.46	17.26	25.55	0.0	22.67	20.1	23.02	18.11	4.47	18.38	17.26	28.16	32.76	29.55	19.85	17.8	32.8	19.7	19.1	30.08	14.76	10.0	15.65	17.03	33.3	28.3	30.81	7.0	23.6	20.62	24.74	20.62	10.0	9.22	20.62	11.66	29.21	13.42	28.65	18.68	21.02	28.6	9.22	15.3	7.81	18.68	28.65	26.08	26.93	14.21	
26.4	21.54	23.35	14.76	8.06	20.0	30.0	49.58	18.79	16.03	23.77	26.93	33.14	13.15	26.31	9.22	34.54	29.97	40.46	45.97	23.09	36.06	20.22	26.57	34.93	34.41	7.07	37.48	27.29	8.6	8.6	13.45	20.12	25.5	41.34	21.54	21.95	24.04	3.61	12.65	22.56	7.28	21.63	16.64	13.93	19.0	12.0	28.44	22.67	0.0	15.81	5.66	38.08	18.6	10.2	18.0	23.85	13.0	31.38	4.0	6.08	10.3	7.07	29.27	30.87	22.36	30.23	24.02	26.31	11.18	7.0	8.54	18.03	46.23	22.56	14.21	43.28	13.04	13.6	4.12	27.31	8.06	23.19	30.08	39.66	17.09	34.93	19.92	36.72	14.87	35.11	8.06	21.95	9.43	36.88	
26.02	5.83	22.02	12.17	22.47	17.03	38.08	43.91	23.09	6.08	8.06	16.28	18.11	24.76	14.21	22.02	18.79	32.06	37.64	41.15	13.89	20.25	9.43	30.59	23.02	33.38	10.0	22.02	33.84	22.0	10.2	24.52	23.77	10.0	33.6	13.93	24.33	14.42	19.31	20.25	28.79	13.15	23.19	30.61	21.54	28.3	22.67	38.59	20.1	15.81	0.0	11.05	38.21	16.0	5.83	27.46	9.43	17.0	15.65	12.08	10.82	24.0	20.0	35.74	15.26	29.15	30.07	10.82	32.89	20.62	22.56	23.09	20.62	39.96	7.0	5.66	37.59	12.65	13.6	11.7	30.27	16.28	11.31	41.05	38.64	1.41	19.24	11.7	28.6	15.52	38.12	23.77	7.21	25.08	31.78	
27.73	16.49	24.19	14.21	13.6	20.0	34.23	49.58	21.38	13.0	18.68	24.6	29.02	18.03	23.41	14.32	29.41	32.28	41.34	46.23	21.1	31.05	17.46	29.43	32.31	35.78	5.83	33.06	31.0	11.05	3.16	14.32	22.56	21.02	40.46	20.0	24.04	21.95	9.22	16.0	26.02	3.61	23.41	22.2	12.73	23.35	16.49	33.24	23.02	5.66	11.05	0.0	39.92	18.6	6.32	22.36	18.36	9.85	26.25	4.0	5.39	13.04	12.08	33.0	25.63	26.0	31.78	20.62	30.0	10.82	11.7	12.04	19.92	45.97	18.03	8.6	43.19	13.04	13.89	3.0	29.83	6.4	20.25	35.11	41.15	12.17	30.27	18.03	35.61	15.65	37.85	13.0	16.55	15.0	36.88	
12.37	41.01	16.28	26.68	34.71	21.21	19.24	18.0	19.42	32.14	42.11	26.93	38.63	29.0	29.83	31.89	47.8	8.49	7.28	14.04	26.17	47.43	30.02	12.81	29.15	5.1	34.18	42.95	16.16	46.04	42.38	51.31	18.03	38.47	19.42	25.02	16.12	26.31	38.01	25.81	17.8	43.46	16.55	33.84	51.88	23.6	28.32	24.52	18.11	38.08	38.21	39.92	0.0	22.36	36.14	24.21	46.01	49.77	46.1	36.25	34.54	47.2	32.8	15.52	46.87	18.6	8.25	32.39	16.55	49.24	42.01	45.0	20.12	17.46	38.12	42.76	14.87	27.2	26.25	37.16	11.31	45.62	30.27	27.29	3.0	39.12	43.66	27.0	19.85	24.35	7.0	41.87	44.0	38.9	12.73	
10.05	19.65	6.08	4.47	19.42	1.41	24.21	31.11	9.22	10.05	21.19	11.7	22.8	17.12	13.04	17.12	29.41	16.12	22.83	27.66	8.06	29.83	9.43	15.23	19.24	17.72	12.81	27.8	19.42	27.2	20.59	31.89	9.22	18.87	22.83	5.83	8.94	8.94	20.12	11.05	14.87	22.2	7.62	24.19	31.24	17.0	15.03	26.25	4.47	18.6	16.0	18.6	22.36	0.0	13.93	16.55	24.52	28.3	26.93	15.56	13.45	28.84	16.49	21.1	27.29	15.56	14.14	13.45	18.6	29.0	24.6	26.93	6.4	27.66	17.46	20.4	24.76	5.66	5.0	16.28	14.56	24.84	11.31	29.21	23.09	17.03	26.87	6.4	18.38	4.12	22.2	25.08	22.36	23.77	18.38	
23.77	11.66	19.92	9.49	16.64	15.23	33.53	44.2	19.1	6.71	13.89	18.36	23.02	19.21	17.09	16.28	24.6	29.15	36.67	41.05	15.0	26.0	11.18	27.02	26.0	31.62	4.24	27.29	29.61	17.26	7.07	20.62	20.02	15.3	34.66	14.14	21.02	15.81	13.6	15.23	24.52	9.43	20.1	24.84	18.6	23.26	17.2	33.54	18.38	10.2	5.83	6.32	36.14	13.93	0.0	22.36	14.87	14.87	21.47	6.32	5.0	19.24	14.21	31.58	21.1	24.74	27.89	14.32	28.64	17.0	17.12	18.03	17.0	40.46	12.37	7.07	37.8	9.06	10.05	6.08	27.02	12.53	13.93	35.85	37.0	7.21	24.74	12.04	29.73	12.04	35.06	18.25	12.73	19.31	31.62	
16.28	32.8	16.03	17.03	11.7	17.09	12.0	39.92	8.06	23.35	34.83	28.23	39.12	5.39	29.53	9.22	44.55	15.81	29.07	35.85	24.6	45.34	25.0	11.4	35.44	22.36	18.38	44.1	9.85	24.04	25.5	29.41	9.0	33.97	35.23	22.36	11.05	25.5	16.28	7.21	6.4	25.08	12.0	9.85	31.4	1.0	6.0	11.18	17.26	18.0	27.46	22.36	24.21	16.55	22.36	0.0	36.89	31.0	41.73	18.44	18.03	24.7	11.05	11.7	41.77	5.66	18.38	29.41	8.94	28.44	19.31	22.47	10.44	37.64	31.83	29.15	34.48	15.56	14.87	19.42	13.04	26.02	27.46	13.6	26.63	28.84	42.8	22.47	32.0	13.6	19.21	18.79	34.67	15.26	28.64	
34.23	5.0	30.27	21.19	31.24	25.32	47.42	49.04	32.31	14.56	4.47	20.88	16.4	34.06	18.03	31.11	12.0	40.61	44.41	46.84	20.1	14.04	16.0	39.56	25.24	41.0	19.1	18.38	43.08	28.16	16.16	29.15	32.89	9.43	38.08	21.0	33.24	20.22	27.46	29.68	38.08	18.97	32.02	39.62	25.0	37.74	32.02	48.02	28.16	23.85	9.43	18.36	46.01	24.52	14.87	36.89	0.0	20.0	9.06	20.62	19.8	30.08	29.0	44.94	8.0	38.48	38.12	14.56	42.15	25.18	29.97	29.73	29.73	44.94	8.25	9.85	43.01	21.93	22.85	20.0	39.05	21.59	16.28	50.48	46.04	8.06	14.87	19.03	33.24	24.7	46.69	31.3	2.24	33.29	37.85	
37.58	20.62	34.0	23.85	20.4	29.68	43.0	59.03	31.05	21.26	22.36	32.8	34.48	26.08	31.06	22.09	32.0	42.06	51.11	55.8	29.73	34.01	25.61	39.05	39.96	45.62	15.65	37.66	40.2	10.63	7.81	9.49	32.28	26.25	49.5	29.0	33.84	30.48	15.3	25.32	35.36	6.32	33.24	28.46	5.0	32.0	25.0	41.3	32.76	13.0	17.0	9.85	49.77	28.3	14.87	31.0	20.0	0.0	29.02	13.6	15.23	12.04	20.02	42.19	28.0	35.23	41.63	27.78	39.2	5.83	14.76	12.81	29.73	55.32	23.41	11.7	52.63	22.83	23.71	12.65	39.56	5.1	28.02	42.76	50.99	17.46	34.37	26.87	44.55	25.5	47.54	16.12	19.1	19.7	46.4	
35.47	9.85	31.78	24.84	38.08	27.29	51.04	45.71	35.81	18.38	7.62	19.24	9.85	39.82	16.28	37.44	3.16	42.15	43.1	44.18	20.25	5.0	17.49	42.06	20.62	41.0	25.55	10.0	46.32	36.67	24.52	38.05	36.06	8.06	34.53	21.93	35.85	19.92	34.93	34.66	41.62	27.46	34.48	46.04	34.01	42.45	37.64	52.5	29.55	31.38	15.65	26.25	46.1	26.93	21.47	41.73	9.06	29.02	0.0	27.73	26.42	38.64	35.51	48.02	1.41	42.2	38.9	13.93	45.49	34.06	37.95	38.08	33.02	41.59	9.9	18.25	40.2	26.17	26.91	27.31	41.15	30.27	16.16	55.23	45.54	14.32	6.4	20.59	30.15	28.43	48.1	39.22	10.05	40.72	36.01	
24.19	17.89	20.81	11.4	10.63	16.97	30.27	46.67	17.46	12.04	20.12	23.09	29.15	14.32	22.36	10.82	30.87	28.46	38.01	43.19	19.31	32.31	16.28	25.5	31.05	32.25	3.16	33.54	27.0	12.08	7.07	16.4	18.68	21.59	38.01	17.89	20.25	20.25	7.28	12.0	22.02	7.28	19.7	19.1	15.81	19.42	12.65	29.41	19.85	4.0	12.08	4.0	36.25	15.56	6.32	18.44	20.62	13.6	27.73	0.0	2.24	13.93	8.6	29.0	27.29	22.0	28.18	20.02	26.0	13.45	11.0	12.37	16.16	43.19	18.68	11.4	40.31	9.9	10.63	1.0	25.96	9.43	19.24	31.38	37.59	13.42	31.05	16.16	33.29	12.21	33.96	12.04	18.6	13.0	33.94	
22.36	16.64	18.87	9.22	11.66	14.87	29.61	44.55	16.12	10.0	18.87	20.88	27.29	14.42	20.22	11.31	29.53	26.93	36.06	41.11	17.09	30.87	14.14	24.19	28.86	30.41	1.0	31.78	26.08	14.32	8.06	18.6	17.26	19.92	35.81	15.65	18.68	18.03	9.06	11.18	21.02	8.94	18.03	19.85	17.8	18.97	12.53	29.15	17.8	6.08	10.82	5.39	34.54	13.45	5.0	18.03	19.8	15.23	26.42	2.24	0.0	16.16	9.22	28.07	26.08	21.1	26.4	18.0	25.08	15.56	13.04	14.56	14.56	41.04	17.09	11.18	38.18	7.81	8.6	2.83	24.52	11.4	17.12	31.3	35.78	12.21	29.41	13.93	31.06	10.3	32.56	14.0	17.69	14.56	31.83	
36.07	29.15	33.3	25.06	13.0	30.23	36.14	59.67	27.8	25.71	31.26	37.0	42.05	19.31	36.14	15.65	41.77	38.83	50.21	55.97	33.24	43.57	30.08	34.99	44.92	43.93	17.09	46.01	34.54	2.0	14.14	5.0	29.21	34.0	51.62	31.78	31.24	34.18	9.22	21.4	30.41	11.18	31.14	19.0	8.94	25.63	19.24	33.24	32.8	10.3	24.0	13.04	47.2	28.84	19.24	24.7	30.08	12.04	38.64	13.93	16.16	0.0	14.42	36.4	37.85	29.97	39.7	33.54	33.62	6.4	5.39	2.24	27.59	56.4	31.0	20.4	53.41	23.32	23.85	13.6	36.06	8.54	32.98	34.01	49.04	25.02	43.1	30.08	47.01	25.0	43.42	6.08	28.64	10.05	47.01	
22.02	25.81	19.72	14.0	3.0	17.72	23.02	46.04	13.45	18.03	28.02	27.0	35.44	6.08	27.17	2.24	38.59	24.41	36.12	42.2	23.0	39.82	21.38	20.59	35.01	29.7	10.0	40.16	20.62	13.42	15.23	18.79	14.87	28.64	39.0	21.02	16.97	24.0	5.39	7.07	16.16	14.32	17.03	10.63	20.4	12.04	5.1	21.38	19.7	7.07	20.0	12.08	32.8	16.49	14.21	11.05	29.0	20.02	35.51	8.6	9.22	14.42	0.0	22.56	35.23	15.81	25.46	25.71	19.65	17.46	9.22	12.21	13.6	43.05	25.94	20.0	39.96	12.0	12.04	9.43	21.63	15.0	24.33	23.09	34.71	21.4	38.08	20.02	34.79	12.37	29.07	9.22	26.91	7.28	33.62	
14.42	40.31	16.97	23.77	23.41	20.81	4.12	33.24	12.65	30.46	42.05	31.11	43.19	17.09	33.3	20.88	50.48	9.22	22.09	29.15	28.43	50.8	30.53	6.4	36.62	16.03	28.16	48.1	2.0	35.74	36.01	41.11	12.08	39.96	31.78	26.4	12.21	29.07	27.89	17.0	7.07	36.06	13.6	19.85	42.95	10.77	17.46	9.06	19.1	29.27	35.74	33.0	15.52	21.1	31.58	11.7	44.94	42.19	48.02	29.0	28.07	36.4	22.56	0.0	48.37	7.0	13.6	34.41	3.0	40.02	31.02	34.18	15.23	32.0	38.47	38.64	29.02	23.09	22.14	30.0	8.06	37.34	32.2	12.0	18.44	37.0	47.63	27.46	30.08	20.25	8.94	30.46	42.72	26.83	24.52	
36.06	9.43	32.31	25.0	37.74	27.73	51.31	46.87	36.06	18.44	7.21	20.1	11.18	39.7	17.12	37.2	4.0	42.72	44.05	45.28	20.88	6.08	17.89	42.49	21.84	41.77	25.24	11.4	46.65	35.9	23.77	37.12	36.36	8.54	35.69	22.47	36.24	20.62	34.44	34.66	41.88	26.68	34.89	45.8	33.0	42.52	37.54	52.63	30.08	30.87	15.26	25.63	46.87	27.29	21.1	41.77	8.0	28.0	1.41	27.29	26.08	37.85	35.23	48.37	0.0	42.44	39.56	14.56	45.79	33.14	37.34	37.36	33.29	42.76	10.0	17.46	41.3	26.25	27.02	26.83	41.63	29.43	16.76	55.32	46.39	13.89	7.81	21.02	31.26	28.6	48.7	38.63	9.22	40.25	37.0	
12.04	34.0	13.0	17.49	17.0	15.62	8.94	34.79	6.4	24.19	35.85	26.63	38.29	10.82	28.43	14.32	44.82	10.3	23.77	30.68	23.43	45.34	24.84	5.83	33.11	17.09	21.21	43.28	5.0	29.15	29.02	34.54	6.4	34.21	31.0	21.26	7.62	24.21	21.19	10.0	1.0	29.07	8.94	15.26	36.14	5.0	10.77	10.82	14.76	22.36	29.15	26.0	18.6	15.56	24.74	5.66	38.48	35.23	42.2	22.0	21.1	29.97	15.81	7.0	42.44	0.0	13.34	29.0	4.0	33.24	24.6	27.73	9.22	32.76	32.45	31.78	29.61	16.55	15.65	23.0	7.62	30.41	26.87	13.89	21.1	30.46	42.43	21.93	28.28	13.89	13.6	24.19	36.25	20.81	24.08	
4.12	33.14	8.06	18.44	27.66	13.04	17.72	21.54	12.04	24.02	34.37	20.12	32.25	22.47	22.85	24.84	40.85	4.47	10.82	17.46	18.68	40.72	22.2	8.0	24.04	4.24	26.0	36.89	13.15	38.42	34.18	43.6	10.63	31.05	18.25	17.26	8.49	18.97	30.48	18.38	12.37	35.34	8.6	28.23	43.91	18.03	21.4	22.2	10.0	30.23	30.07	31.78	8.25	14.14	27.89	18.38	38.12	41.63	38.9	28.18	26.4	39.7	25.46	13.6	39.56	13.34	0.0	25.0	13.04	41.34	34.66	37.54	12.21	19.42	30.41	34.53	16.28	18.97	18.03	29.07	6.0	37.59	22.8	25.32	9.43	31.02	37.12	19.1	16.55	16.16	9.43	34.66	36.06	32.02	11.05	
21.54	9.85	17.89	12.53	28.64	13.6	37.64	34.54	22.63	8.0	10.2	6.32	9.85	28.64	3.61	27.2	16.12	28.23	30.07	32.28	6.32	16.4	4.47	28.3	12.21	27.29	17.0	14.76	32.8	31.58	20.62	34.79	22.67	6.08	23.71	8.06	22.2	6.08	27.02	22.83	28.32	23.41	20.81	35.47	32.2	30.0	26.4	39.62	15.65	24.02	10.82	20.62	32.39	13.45	14.32	29.41	14.56	27.78	13.93	20.02	18.0	33.54	25.71	34.41	14.56	29.0	25.0	0.0	32.02	31.02	31.02	32.25	19.8	30.46	6.32	16.4	28.46	14.32	14.76	20.1	27.29	26.57	2.24	42.52	32.06	10.63	13.45	7.07	18.79	15.81	34.18	32.0	13.0	32.25	23.35	
13.0	37.58	15.0	21.02	20.62	18.44	5.66	33.73	9.85	27.73	39.36	29.07	41.01	14.32	31.11	18.03	48.01	9.06	22.56	29.61	26.17	48.41	28.02	5.1	34.99	16.12	25.18	45.97	1.0	32.89	33.02	38.28	9.43	37.44	31.26	24.08	9.9	26.87	25.0	14.0	4.12	33.06	11.31	17.69	40.02	8.06	14.56	9.22	17.03	26.31	32.89	30.0	16.55	18.6	28.64	8.94	42.15	39.2	45.49	26.0	25.08	33.62	19.65	3.0	45.79	4.0	13.04	32.02	0.0	37.11	28.23	31.38	12.53	32.14	35.85	35.69	29.07	20.25	19.31	27.0	7.07	34.37	29.83	12.37	19.31	34.18	45.34	25.0	29.12	17.46	10.63	27.73	39.92	24.19	24.08	
37.44	25.08	34.21	24.76	17.03	30.41	40.31	60.11	29.97	23.71	27.02	35.36	38.64	23.19	34.01	19.24	37.12	41.15	51.4	56.64	31.91	39.05	28.18	37.7	42.95	45.49	16.28	42.19	38.08	5.39	10.44	4.0	31.3	30.41	51.22	30.81	33.12	32.76	12.17	23.77	33.53	7.62	32.76	24.33	3.0	29.43	22.56	38.0	33.3	11.18	20.62	10.82	49.24	29.0	17.0	28.44	25.18	5.83	34.06	13.45	15.56	6.4	17.46	40.02	33.14	33.24	41.34	31.02	37.11	0.0	10.2	7.62	29.15	56.59	27.46	16.03	53.74	23.35	24.08	12.73	38.48	4.47	30.87	39.12	50.77	21.38	39.05	28.84	46.4	25.61	46.24	11.4	24.02	15.3	47.38	
31.14	28.16	28.6	21.19	7.62	25.94	30.81	55.0	22.67	23.02	30.36	33.73	40.11	13.93	33.24	10.3	41.11	33.6	45.28	51.22	29.83	42.72	27.17	29.68	41.77	38.9	14.04	44.41	29.15	5.0	13.89	10.2	24.08	32.39	47.41	28.16	26.17	30.81	4.47	16.28	25.06	11.4	26.17	14.14	13.15	20.25	13.89	28.07	28.3	7.0	22.56	11.7	42.01	24.6	17.12	19.31	29.97	14.76	37.95	11.0	13.04	5.39	9.22	31.02	37.34	24.6	34.66	31.02	28.23	10.2	0.0	3.16	22.67	51.87	29.43	20.12	48.83	19.31	19.7	11.05	30.81	10.0	30.15	29.02	43.93	23.77	41.77	26.68	42.95	20.59	38.08	1.41	28.23	5.1	42.44	
33.94	28.44	31.24	23.26	10.77	28.3	33.96	57.63	25.61	24.33	30.59	35.44	41.0	17.09	34.71	13.42	41.23	36.62	48.08	53.91	31.62	42.95	28.64	32.76	43.42	41.77	15.52	45.1	32.31	2.24	13.6	7.07	27.02	33.06	49.74	30.08	29.07	32.57	7.07	19.21	28.18	10.77	29.0	17.03	10.44	23.41	17.0	31.14	30.81	8.54	23.09	12.04	45.0	26.93	18.03	22.47	29.73	12.81	38.08	12.37	14.56	2.24	12.21	34.18	37.36	27.73	37.54	32.25	31.38	7.62	3.16	0.0	25.46	54.41	30.07	19.92	51.4	21.47	21.95	12.17	33.84	8.6	31.58	32.0	46.86	24.19	42.3	28.46	45.18	23.02	41.18	4.0	28.16	8.0	45.0	
8.49	25.08	6.32	8.54	16.12	6.71	18.03	32.45	2.83	15.23	26.83	17.89	29.21	12.17	19.42	13.42	35.61	12.37	22.63	28.6	14.42	36.12	15.62	10.05	25.0	16.4	14.32	34.21	13.42	26.25	22.56	31.4	3.16	25.0	25.96	12.21	4.12	15.26	18.38	6.71	8.6	23.41	3.61	19.03	31.76	10.77	10.44	19.85	7.0	18.03	20.62	19.92	20.12	6.4	17.0	10.44	29.73	29.73	33.02	16.16	14.56	27.59	13.6	15.23	33.29	9.22	12.21	19.8	12.53	29.15	22.67	25.46	0.0	29.53	23.32	24.02	26.42	8.06	7.07	17.09	10.05	25.5	17.69	22.8	21.63	21.84	33.24	12.73	22.2	5.1	18.11	22.8	27.51	20.59	20.12	
21.54	40.31	23.32	31.83	45.65	26.25	36.01	4.12	30.46	34.41	40.5	24.17	32.14	41.23	26.93	42.94	42.19	23.09	10.2	4.24	26.08	41.05	30.53	27.29	21.1	16.03	40.31	35.01	32.06	54.82	47.51	59.55	29.15	35.74	7.07	26.4	26.93	25.55	47.43	36.24	31.78	49.52	26.4	47.43	58.69	37.36	39.81	41.01	23.6	46.23	39.96	45.97	17.46	27.66	40.46	37.64	44.94	55.32	41.59	43.19	41.04	56.4	43.05	32.0	42.76	32.76	19.42	30.46	32.14	56.59	51.87	54.41	29.53	0.0	36.77	45.49	3.16	33.3	32.65	43.86	25.32	52.33	29.07	44.0	14.56	40.31	37.05	28.6	11.7	31.4	24.33	52.15	43.46	50.12	9.43	
